InfoStructure_PAR_start_ms,InfoStructure_PAR_end_ms,InfoStructure_PAR_duration,Buffer_ms,Tier,Value,Begin_ms,End_ms,Duration,Overlap_time,Overlap_ratio,Diff_start,Diff_end
7660,8010,350,0,GE-Phrase,203,7612,9471,1859,350,1.0,48,-1461
7660,8010,350,0,GE-Phase,preparation,7612,8445,833,350,1.0,48,-435
12059,14017,1958,0,GE-Phrase,205,13467,16449,2982,550,0.281,-1408,-2432
12059,14017,1958,0,GE-Phase,preparation,13467,14334,867,550,0.281,-1408,-317
23185,24876,1691,0,GE-Phrase,209,23217,24642,1425,1425,0.843,-32,234
23185,24876,1691,0,GE-Phrase,210,24642,25844,1202,234,0.138,-1457,-968
23185,24876,1691,0,GE-Phase,preparation,23217,23638,421,421,0.249,-32,1238
23185,24876,1691,0,GE-Phase,stroke,23638,24372,734,734,0.434,-453,504
23185,24876,1691,0,GE-Phase,retraction,24372,24642,270,270,0.16,-1187,234
23185,24876,1691,0,GE-Phase,preparation,24642,25190,548,234,0.138,-1457,-314
73497,74483,986,0,GE-Phrase,222,72217,74052,1835,555,0.563,1280,431
73497,74483,986,0,GE-Phase,retraction,73497,74052,555,555,0.563,0,431
89400,90328,928,0,GE-Phrase,224,88270,90113,1843,713,0.768,1130,215
89400,90328,928,0,GE-Phrase,225,90113,92132,2019,215,0.232,-713,-1804
89400,90328,928,0,GE-Phase,retraction,89371,90113,742,713,0.768,29,215
89400,90328,928,0,GE-Phase,preparation,90113,90446,333,215,0.232,-713,-118
111080,111933,853,0,GE-Phrase,233,110395,111156,761,76,0.089,685,777
111080,111933,853,0,GE-Phrase,234,111156,111929,773,773,0.906,-76,4
111080,111933,853,0,GE-Phrase,235,111929,112681,752,4,0.005,-849,-748
111080,111933,853,0,GE-Phase,stroke,110561,111156,595,76,0.089,519,777
111080,111933,853,0,GE-Phase,preparation,111156,111611,455,455,0.533,-76,322
111080,111933,853,0,GE-Phase,stroke,111611,111929,318,318,0.373,-531,4
111080,111933,853,0,GE-Phase,stroke hold,111929,112471,542,4,0.005,-849,-538
7660,8010,350,0,GE-Phrase,203,7612,9471,1859,350,1.0,48,-1461
7660,8010,350,0,GE-Phase,preparation,7612,8445,833,350,1.0,48,-435
12059,14017,1958,0,GE-Phrase,205,13467,16449,2982,550,0.281,-1408,-2432
12059,14017,1958,0,GE-Phase,preparation,13467,14334,867,550,0.281,-1408,-317
23185,24876,1691,0,GE-Phrase,209,23217,24642,1425,1425,0.843,-32,234
23185,24876,1691,0,GE-Phrase,210,24642,25844,1202,234,0.138,-1457,-968
23185,24876,1691,0,GE-Phase,preparation,23217,23638,421,421,0.249,-32,1238
23185,24876,1691,0,GE-Phase,stroke,23638,24372,734,734,0.434,-453,504
23185,24876,1691,0,GE-Phase,retraction,24372,24642,270,270,0.16,-1187,234
23185,24876,1691,0,GE-Phase,preparation,24642,25190,548,234,0.138,-1457,-314
73497,74483,986,0,GE-Phrase,222,72217,74052,1835,555,0.563,1280,431
73497,74483,986,0,GE-Phase,retraction,73497,74052,555,555,0.563,0,431
89400,90328,928,0,GE-Phrase,224,88270,90113,1843,713,0.768,1130,215
89400,90328,928,0,GE-Phrase,225,90113,92132,2019,215,0.232,-713,-1804
89400,90328,928,0,GE-Phase,retraction,89371,90113,742,713,0.768,29,215
89400,90328,928,0,GE-Phase,preparation,90113,90446,333,215,0.232,-713,-118
111080,111933,853,0,GE-Phrase,233,110395,111156,761,76,0.089,685,777
111080,111933,853,0,GE-Phrase,234,111156,111929,773,773,0.906,-76,4
111080,111933,853,0,GE-Phrase,235,111929,112681,752,4,0.005,-849,-748
111080,111933,853,0,GE-Phase,stroke,110561,111156,595,76,0.089,519,777
111080,111933,853,0,GE-Phase,preparation,111156,111611,455,455,0.533,-76,322
111080,111933,853,0,GE-Phase,stroke,111611,111929,318,318,0.373,-531,4
111080,111933,853,0,GE-Phase,stroke hold,111929,112471,542,4,0.005,-849,-538
7660,8010,350,0,GE-Phrase,203,7612,9471,1859,350,1.0,48,-1461
7660,8010,350,0,GE-Phase,preparation,7612,8445,833,350,1.0,48,-435
12059,14017,1958,0,GE-Phrase,205,13467,16449,2982,550,0.281,-1408,-2432
12059,14017,1958,0,GE-Phase,preparation,13467,14334,867,550,0.281,-1408,-317
23185,24876,1691,0,GE-Phrase,209,23217,24642,1425,1425,0.843,-32,234
23185,24876,1691,0,GE-Phrase,210,24642,25844,1202,234,0.138,-1457,-968
23185,24876,1691,0,GE-Phase,preparation,23217,23638,421,421,0.249,-32,1238
23185,24876,1691,0,GE-Phase,stroke,23638,24372,734,734,0.434,-453,504
23185,24876,1691,0,GE-Phase,retraction,24372,24642,270,270,0.16,-1187,234
23185,24876,1691,0,GE-Phase,preparation,24642,25190,548,234,0.138,-1457,-314
73497,74483,986,0,GE-Phrase,222,72217,74052,1835,555,0.563,1280,431
73497,74483,986,0,GE-Phase,retraction,73497,74052,555,555,0.563,0,431
89400,90328,928,0,GE-Phrase,224,88270,90113,1843,713,0.768,1130,215
89400,90328,928,0,GE-Phrase,225,90113,92132,2019,215,0.232,-713,-1804
89400,90328,928,0,GE-Phase,retraction,89371,90113,742,713,0.768,29,215
89400,90328,928,0,GE-Phase,preparation,90113,90446,333,215,0.232,-713,-118
111080,111933,853,0,GE-Phrase,233,110395,111156,761,76,0.089,685,777
111080,111933,853,0,GE-Phrase,234,111156,111929,773,773,0.906,-76,4
111080,111933,853,0,GE-Phrase,235,111929,112681,752,4,0.005,-849,-748
111080,111933,853,0,GE-Phase,stroke,110561,111156,595,76,0.089,519,777
111080,111933,853,0,GE-Phase,preparation,111156,111611,455,455,0.533,-76,322
111080,111933,853,0,GE-Phase,stroke,111611,111929,318,318,0.373,-531,4
111080,111933,853,0,GE-Phase,stroke hold,111929,112471,542,4,0.005,-849,-538
7660,8010,350,0,GE-Phrase,203,7612,9471,1859,350,1.0,48,-1461
7660,8010,350,0,GE-Phase,preparation,7612,8445,833,350,1.0,48,-435
12059,14017,1958,0,GE-Phrase,205,13467,16449,2982,550,0.281,-1408,-2432
12059,14017,1958,0,GE-Phase,preparation,13467,14334,867,550,0.281,-1408,-317
23185,24876,1691,0,GE-Phrase,209,23217,24642,1425,1425,0.843,-32,234
23185,24876,1691,0,GE-Phrase,210,24642,25844,1202,234,0.138,-1457,-968
23185,24876,1691,0,GE-Phase,preparation,23217,23638,421,421,0.249,-32,1238
23185,24876,1691,0,GE-Phase,stroke,23638,24372,734,734,0.434,-453,504
23185,24876,1691,0,GE-Phase,retraction,24372,24642,270,270,0.16,-1187,234
23185,24876,1691,0,GE-Phase,preparation,24642,25190,548,234,0.138,-1457,-314
73497,74483,986,0,GE-Phrase,222,72217,74052,1835,555,0.563,1280,431
73497,74483,986,0,GE-Phase,retraction,73497,74052,555,555,0.563,0,431
89400,90328,928,0,GE-Phrase,224,88270,90113,1843,713,0.768,1130,215
89400,90328,928,0,GE-Phrase,225,90113,92132,2019,215,0.232,-713,-1804
89400,90328,928,0,GE-Phase,retraction,89371,90113,742,713,0.768,29,215
89400,90328,928,0,GE-Phase,preparation,90113,90446,333,215,0.232,-713,-118
111080,111933,853,0,GE-Phrase,233,110395,111156,761,76,0.089,685,777
111080,111933,853,0,GE-Phrase,234,111156,111929,773,773,0.906,-76,4
111080,111933,853,0,GE-Phrase,235,111929,112681,752,4,0.005,-849,-748
111080,111933,853,0,GE-Phase,stroke,110561,111156,595,76,0.089,519,777
111080,111933,853,0,GE-Phase,preparation,111156,111611,455,455,0.533,-76,322
111080,111933,853,0,GE-Phase,stroke,111611,111929,318,318,0.373,-531,4
111080,111933,853,0,GE-Phase,stroke hold,111929,112471,542,4,0.005,-849,-538
7660,8010,350,0,GE-Phrase,203,7612,9471,1859,350,1.0,48,-1461
7660,8010,350,0,GE-Phase,preparation,7612,8445,833,350,1.0,48,-435
12059,14017,1958,0,GE-Phrase,205,13467,16449,2982,550,0.281,-1408,-2432
12059,14017,1958,0,GE-Phase,preparation,13467,14334,867,550,0.281,-1408,-317
23185,24876,1691,0,GE-Phrase,209,23217,24642,1425,1425,0.843,-32,234
23185,24876,1691,0,GE-Phrase,210,24642,25844,1202,234,0.138,-1457,-968
23185,24876,1691,0,GE-Phase,preparation,23217,23638,421,421,0.249,-32,1238
23185,24876,1691,0,GE-Phase,stroke,23638,24372,734,734,0.434,-453,504
23185,24876,1691,0,GE-Phase,retraction,24372,24642,270,270,0.16,-1187,234
23185,24876,1691,0,GE-Phase,preparation,24642,25190,548,234,0.138,-1457,-314
73497,74483,986,0,GE-Phrase,222,72217,74052,1835,555,0.563,1280,431
73497,74483,986,0,GE-Phase,retraction,73497,74052,555,555,0.563,0,431
89400,90328,928,0,GE-Phrase,224,88270,90113,1843,713,0.768,1130,215
89400,90328,928,0,GE-Phrase,225,90113,92132,2019,215,0.232,-713,-1804
89400,90328,928,0,GE-Phase,retraction,89371,90113,742,713,0.768,29,215
89400,90328,928,0,GE-Phase,preparation,90113,90446,333,215,0.232,-713,-118
111080,111933,853,0,GE-Phrase,233,110395,111156,761,76,0.089,685,777
111080,111933,853,0,GE-Phrase,234,111156,111929,773,773,0.906,-76,4
111080,111933,853,0,GE-Phrase,235,111929,112681,752,4,0.005,-849,-748
111080,111933,853,0,GE-Phase,stroke,110561,111156,595,76,0.089,519,777
111080,111933,853,0,GE-Phase,preparation,111156,111611,455,455,0.533,-76,322
111080,111933,853,0,GE-Phase,stroke,111611,111929,318,318,0.373,-531,4
111080,111933,853,0,GE-Phase,stroke hold,111929,112471,542,4,0.005,-849,-538
7660,8010,350,0,GE-Phrase,203,7612,9471,1859,350,1.0,48,-1461
7660,8010,350,0,GE-Phase,preparation,7612,8445,833,350,1.0,48,-435
12059,14017,1958,0,GE-Phrase,205,13467,16449,2982,550,0.281,-1408,-2432
12059,14017,1958,0,GE-Phase,preparation,13467,14334,867,550,0.281,-1408,-317
23185,24876,1691,0,GE-Phrase,209,23217,24642,1425,1425,0.843,-32,234
23185,24876,1691,0,GE-Phrase,210,24642,25844,1202,234,0.138,-1457,-968
23185,24876,1691,0,GE-Phase,preparation,23217,23638,421,421,0.249,-32,1238
23185,24876,1691,0,GE-Phase,stroke,23638,24372,734,734,0.434,-453,504
23185,24876,1691,0,GE-Phase,retraction,24372,24642,270,270,0.16,-1187,234
23185,24876,1691,0,GE-Phase,preparation,24642,25190,548,234,0.138,-1457,-314
73497,74483,986,0,GE-Phrase,222,72217,74052,1835,555,0.563,1280,431
73497,74483,986,0,GE-Phase,retraction,73497,74052,555,555,0.563,0,431
89400,90328,928,0,GE-Phrase,224,88270,90113,1843,713,0.768,1130,215
89400,90328,928,0,GE-Phrase,225,90113,92132,2019,215,0.232,-713,-1804
89400,90328,928,0,GE-Phase,retraction,89371,90113,742,713,0.768,29,215
89400,90328,928,0,GE-Phase,preparation,90113,90446,333,215,0.232,-713,-118
111080,111933,853,0,GE-Phrase,233,110395,111156,761,76,0.089,685,777
111080,111933,853,0,GE-Phrase,234,111156,111929,773,773,0.906,-76,4
111080,111933,853,0,GE-Phrase,235,111929,112681,752,4,0.005,-849,-748
111080,111933,853,0,GE-Phase,stroke,110561,111156,595,76,0.089,519,777
111080,111933,853,0,GE-Phase,preparation,111156,111611,455,455,0.533,-76,322
111080,111933,853,0,GE-Phase,stroke,111611,111929,318,318,0.373,-531,4
111080,111933,853,0,GE-Phase,stroke hold,111929,112471,542,4,0.005,-849,-538
7660,8010,350,0,GE-Phrase,203,7612,9471,1859,350,1.0,48,-1461
7660,8010,350,0,GE-Phase,preparation,7612,8445,833,350,1.0,48,-435
12059,14017,1958,0,GE-Phrase,205,13467,16449,2982,550,0.281,-1408,-2432
12059,14017,1958,0,GE-Phase,preparation,13467,14334,867,550,0.281,-1408,-317
23185,24876,1691,0,GE-Phrase,209,23217,24642,1425,1425,0.843,-32,234
23185,24876,1691,0,GE-Phrase,210,24642,25844,1202,234,0.138,-1457,-968
23185,24876,1691,0,GE-Phase,preparation,23217,23638,421,421,0.249,-32,1238
23185,24876,1691,0,GE-Phase,stroke,23638,24372,734,734,0.434,-453,504
23185,24876,1691,0,GE-Phase,retraction,24372,24642,270,270,0.16,-1187,234
23185,24876,1691,0,GE-Phase,preparation,24642,25190,548,234,0.138,-1457,-314
73497,74483,986,0,GE-Phrase,222,72217,74052,1835,555,0.563,1280,431
73497,74483,986,0,GE-Phase,retraction,73497,74052,555,555,0.563,0,431
89400,90328,928,0,GE-Phrase,224,88270,90113,1843,713,0.768,1130,215
89400,90328,928,0,GE-Phrase,225,90113,92132,2019,215,0.232,-713,-1804
89400,90328,928,0,GE-Phase,retraction,89371,90113,742,713,0.768,29,215
89400,90328,928,0,GE-Phase,preparation,90113,90446,333,215,0.232,-713,-118
111080,111933,853,0,GE-Phrase,233,110395,111156,761,76,0.089,685,777
111080,111933,853,0,GE-Phrase,234,111156,111929,773,773,0.906,-76,4
111080,111933,853,0,GE-Phrase,235,111929,112681,752,4,0.005,-849,-748
111080,111933,853,0,GE-Phase,stroke,110561,111156,595,76,0.089,519,777
111080,111933,853,0,GE-Phase,preparation,111156,111611,455,455,0.533,-76,322
111080,111933,853,0,GE-Phase,stroke,111611,111929,318,318,0.373,-531,4
111080,111933,853,0,GE-Phase,stroke hold,111929,112471,542,4,0.005,-849,-538
7660,8010,350,0,GE-Phrase,203,7612,9471,1859,350,1.0,48,-1461
7660,8010,350,0,GE-Phase,preparation,7612,8445,833,350,1.0,48,-435
12059,14017,1958,0,GE-Phrase,205,13467,16449,2982,550,0.281,-1408,-2432
12059,14017,1958,0,GE-Phase,preparation,13467,14334,867,550,0.281,-1408,-317
23185,24876,1691,0,GE-Phrase,209,23217,24642,1425,1425,0.843,-32,234
23185,24876,1691,0,GE-Phrase,210,24642,25844,1202,234,0.138,-1457,-968
23185,24876,1691,0,GE-Phase,preparation,23217,23638,421,421,0.249,-32,1238
23185,24876,1691,0,GE-Phase,stroke,23638,24372,734,734,0.434,-453,504
23185,24876,1691,0,GE-Phase,retraction,24372,24642,270,270,0.16,-1187,234
23185,24876,1691,0,GE-Phase,preparation,24642,25190,548,234,0.138,-1457,-314
73497,74483,986,0,GE-Phrase,222,72217,74052,1835,555,0.563,1280,431
73497,74483,986,0,GE-Phase,retraction,73497,74052,555,555,0.563,0,431
89400,90328,928,0,GE-Phrase,224,88270,90113,1843,713,0.768,1130,215
89400,90328,928,0,GE-Phrase,225,90113,92132,2019,215,0.232,-713,-1804
89400,90328,928,0,GE-Phase,retraction,89371,90113,742,713,0.768,29,215
89400,90328,928,0,GE-Phase,preparation,90113,90446,333,215,0.232,-713,-118
111080,111933,853,0,GE-Phrase,233,110395,111156,761,76,0.089,685,777
111080,111933,853,0,GE-Phrase,234,111156,111929,773,773,0.906,-76,4
111080,111933,853,0,GE-Phrase,235,111929,112681,752,4,0.005,-849,-748
111080,111933,853,0,GE-Phase,stroke,110561,111156,595,76,0.089,519,777
111080,111933,853,0,GE-Phase,preparation,111156,111611,455,455,0.533,-76,322
111080,111933,853,0,GE-Phase,stroke,111611,111929,318,318,0.373,-531,4
111080,111933,853,0,GE-Phase,stroke hold,111929,112471,542,4,0.005,-849,-538
7660,8010,350,0,GE-Phrase,203,7612,9471,1859,350,1.0,48,-1461
7660,8010,350,0,GE-Phase,preparation,7612,8445,833,350,1.0,48,-435
12059,14017,1958,0,GE-Phrase,205,13467,16449,2982,550,0.281,-1408,-2432
12059,14017,1958,0,GE-Phase,preparation,13467,14334,867,550,0.281,-1408,-317
23185,24876,1691,0,GE-Phrase,209,23217,24642,1425,1425,0.843,-32,234
23185,24876,1691,0,GE-Phrase,210,24642,25844,1202,234,0.138,-1457,-968
23185,24876,1691,0,GE-Phase,preparation,23217,23638,421,421,0.249,-32,1238
23185,24876,1691,0,GE-Phase,stroke,23638,24372,734,734,0.434,-453,504
23185,24876,1691,0,GE-Phase,retraction,24372,24642,270,270,0.16,-1187,234
23185,24876,1691,0,GE-Phase,preparation,24642,25190,548,234,0.138,-1457,-314
73497,74483,986,0,GE-Phrase,222,72217,74052,1835,555,0.563,1280,431
73497,74483,986,0,GE-Phase,retraction,73497,74052,555,555,0.563,0,431
89400,90328,928,0,GE-Phrase,224,88270,90113,1843,713,0.768,1130,215
89400,90328,928,0,GE-Phrase,225,90113,92132,2019,215,0.232,-713,-1804
89400,90328,928,0,GE-Phase,retraction,89371,90113,742,713,0.768,29,215
89400,90328,928,0,GE-Phase,preparation,90113,90446,333,215,0.232,-713,-118
111080,111933,853,0,GE-Phrase,233,110395,111156,761,76,0.089,685,777
111080,111933,853,0,GE-Phrase,234,111156,111929,773,773,0.906,-76,4
111080,111933,853,0,GE-Phrase,235,111929,112681,752,4,0.005,-849,-748
111080,111933,853,0,GE-Phase,stroke,110561,111156,595,76,0.089,519,777
111080,111933,853,0,GE-Phase,preparation,111156,111611,455,455,0.533,-76,322
111080,111933,853,0,GE-Phase,stroke,111611,111929,318,318,0.373,-531,4
111080,111933,853,0,GE-Phase,stroke hold,111929,112471,542,4,0.005,-849,-538
7660,8010,350,0,GE-Phrase,203,7612,9471,1859,350,1.0,48,-1461
7660,8010,350,0,GE-Phase,preparation,7612,8445,833,350,1.0,48,-435
12059,14017,1958,0,GE-Phrase,205,13467,16449,2982,550,0.281,-1408,-2432
12059,14017,1958,0,GE-Phase,preparation,13467,14334,867,550,0.281,-1408,-317
23185,24876,1691,0,GE-Phrase,209,23217,24642,1425,1425,0.843,-32,234
23185,24876,1691,0,GE-Phrase,210,24642,25844,1202,234,0.138,-1457,-968
23185,24876,1691,0,GE-Phase,preparation,23217,23638,421,421,0.249,-32,1238
23185,24876,1691,0,GE-Phase,stroke,23638,24372,734,734,0.434,-453,504
23185,24876,1691,0,GE-Phase,retraction,24372,24642,270,270,0.16,-1187,234
23185,24876,1691,0,GE-Phase,preparation,24642,25190,548,234,0.138,-1457,-314
73497,74483,986,0,GE-Phrase,222,72217,74052,1835,555,0.563,1280,431
73497,74483,986,0,GE-Phase,retraction,73497,74052,555,555,0.563,0,431
89400,90328,928,0,GE-Phrase,224,88270,90113,1843,713,0.768,1130,215
89400,90328,928,0,GE-Phrase,225,90113,92132,2019,215,0.232,-713,-1804
89400,90328,928,0,GE-Phase,retraction,89371,90113,742,713,0.768,29,215
89400,90328,928,0,GE-Phase,preparation,90113,90446,333,215,0.232,-713,-118
111080,111933,853,0,GE-Phrase,233,110395,111156,761,76,0.089,685,777
111080,111933,853,0,GE-Phrase,234,111156,111929,773,773,0.906,-76,4
111080,111933,853,0,GE-Phrase,235,111929,112681,752,4,0.005,-849,-748
111080,111933,853,0,GE-Phase,stroke,110561,111156,595,76,0.089,519,777
111080,111933,853,0,GE-Phase,preparation,111156,111611,455,455,0.533,-76,322
111080,111933,853,0,GE-Phase,stroke,111611,111929,318,318,0.373,-531,4
111080,111933,853,0,GE-Phase,stroke hold,111929,112471,542,4,0.005,-849,-538
7660,8010,350,0,GE-Phrase,203,7612,9471,1859,350,1.0,48,-1461
7660,8010,350,0,GE-Phase,preparation,7612,8445,833,350,1.0,48,-435
12059,14017,1958,0,GE-Phrase,205,13467,16449,2982,550,0.281,-1408,-2432
12059,14017,1958,0,GE-Phase,preparation,13467,14334,867,550,0.281,-1408,-317
23185,24876,1691,0,GE-Phrase,209,23217,24642,1425,1425,0.843,-32,234
23185,24876,1691,0,GE-Phrase,210,24642,25844,1202,234,0.138,-1457,-968
23185,24876,1691,0,GE-Phase,preparation,23217,23638,421,421,0.249,-32,1238
23185,24876,1691,0,GE-Phase,stroke,23638,24372,734,734,0.434,-453,504
23185,24876,1691,0,GE-Phase,retraction,24372,24642,270,270,0.16,-1187,234
23185,24876,1691,0,GE-Phase,preparation,24642,25190,548,234,0.138,-1457,-314
73497,74483,986,0,GE-Phrase,222,72217,74052,1835,555,0.563,1280,431
73497,74483,986,0,GE-Phase,retraction,73497,74052,555,555,0.563,0,431
89400,90328,928,0,GE-Phrase,224,88270,90113,1843,713,0.768,1130,215
89400,90328,928,0,GE-Phrase,225,90113,92132,2019,215,0.232,-713,-1804
89400,90328,928,0,GE-Phase,retraction,89371,90113,742,713,0.768,29,215
89400,90328,928,0,GE-Phase,preparation,90113,90446,333,215,0.232,-713,-118
111080,111933,853,0,GE-Phrase,233,110395,111156,761,76,0.089,685,777
111080,111933,853,0,GE-Phrase,234,111156,111929,773,773,0.906,-76,4
111080,111933,853,0,GE-Phrase,235,111929,112681,752,4,0.005,-849,-748
111080,111933,853,0,GE-Phase,stroke,110561,111156,595,76,0.089,519,777
111080,111933,853,0,GE-Phase,preparation,111156,111611,455,455,0.533,-76,322
111080,111933,853,0,GE-Phase,stroke,111611,111929,318,318,0.373,-531,4
111080,111933,853,0,GE-Phase,stroke hold,111929,112471,542,4,0.005,-849,-538
7660,8010,350,0,GE-Phrase,203,7612,9471,1859,350,1.0,48,-1461
7660,8010,350,0,GE-Phase,preparation,7612,8445,833,350,1.0,48,-435
12059,14017,1958,0,GE-Phrase,205,13467,16449,2982,550,0.281,-1408,-2432
12059,14017,1958,0,GE-Phase,preparation,13467,14334,867,550,0.281,-1408,-317
23185,24876,1691,0,GE-Phrase,209,23217,24642,1425,1425,0.843,-32,234
23185,24876,1691,0,GE-Phrase,210,24642,25844,1202,234,0.138,-1457,-968
23185,24876,1691,0,GE-Phase,preparation,23217,23638,421,421,0.249,-32,1238
23185,24876,1691,0,GE-Phase,stroke,23638,24372,734,734,0.434,-453,504
23185,24876,1691,0,GE-Phase,retraction,24372,24642,270,270,0.16,-1187,234
23185,24876,1691,0,GE-Phase,preparation,24642,25190,548,234,0.138,-1457,-314
73497,74483,986,0,GE-Phrase,222,72217,74052,1835,555,0.563,1280,431
73497,74483,986,0,GE-Phase,retraction,73497,74052,555,555,0.563,0,431
89400,90328,928,0,GE-Phrase,224,88270,90113,1843,713,0.768,1130,215
89400,90328,928,0,GE-Phrase,225,90113,92132,2019,215,0.232,-713,-1804
89400,90328,928,0,GE-Phase,retraction,89371,90113,742,713,0.768,29,215
89400,90328,928,0,GE-Phase,preparation,90113,90446,333,215,0.232,-713,-118
111080,111933,853,0,GE-Phrase,233,110395,111156,761,76,0.089,685,777
111080,111933,853,0,GE-Phrase,234,111156,111929,773,773,0.906,-76,4
111080,111933,853,0,GE-Phrase,235,111929,112681,752,4,0.005,-849,-748
111080,111933,853,0,GE-Phase,stroke,110561,111156,595,76,0.089,519,777
111080,111933,853,0,GE-Phase,preparation,111156,111611,455,455,0.533,-76,322
111080,111933,853,0,GE-Phase,stroke,111611,111929,318,318,0.373,-531,4
111080,111933,853,0,GE-Phase,stroke hold,111929,112471,542,4,0.005,-849,-538
7660,8010,350,0,GE-Phrase,203,7612,9471,1859,350,1.0,48,-1461
7660,8010,350,0,GE-Phase,preparation,7612,8445,833,350,1.0,48,-435
12059,14017,1958,0,GE-Phrase,205,13467,16449,2982,550,0.281,-1408,-2432
12059,14017,1958,0,GE-Phase,preparation,13467,14334,867,550,0.281,-1408,-317
23185,24876,1691,0,GE-Phrase,209,23217,24642,1425,1425,0.843,-32,234
23185,24876,1691,0,GE-Phrase,210,24642,25844,1202,234,0.138,-1457,-968
23185,24876,1691,0,GE-Phase,preparation,23217,23638,421,421,0.249,-32,1238
23185,24876,1691,0,GE-Phase,stroke,23638,24372,734,734,0.434,-453,504
23185,24876,1691,0,GE-Phase,retraction,24372,24642,270,270,0.16,-1187,234
23185,24876,1691,0,GE-Phase,preparation,24642,25190,548,234,0.138,-1457,-314
73497,74483,986,0,GE-Phrase,222,72217,74052,1835,555,0.563,1280,431
73497,74483,986,0,GE-Phase,retraction,73497,74052,555,555,0.563,0,431
89400,90328,928,0,GE-Phrase,224,88270,90113,1843,713,0.768,1130,215
89400,90328,928,0,GE-Phrase,225,90113,92132,2019,215,0.232,-713,-1804
89400,90328,928,0,GE-Phase,retraction,89371,90113,742,713,0.768,29,215
89400,90328,928,0,GE-Phase,preparation,90113,90446,333,215,0.232,-713,-118
111080,111933,853,0,GE-Phrase,233,110395,111156,761,76,0.089,685,777
111080,111933,853,0,GE-Phrase,234,111156,111929,773,773,0.906,-76,4
111080,111933,853,0,GE-Phrase,235,111929,112681,752,4,0.005,-849,-748
111080,111933,853,0,GE-Phase,stroke,110561,111156,595,76,0.089,519,777
111080,111933,853,0,GE-Phase,preparation,111156,111611,455,455,0.533,-76,322
111080,111933,853,0,GE-Phase,stroke,111611,111929,318,318,0.373,-531,4
111080,111933,853,0,GE-Phase,stroke hold,111929,112471,542,4,0.005,-849,-538
7660,8010,350,0,GE-Phrase,203,7612,9471,1859,350,1.0,48,-1461
7660,8010,350,0,GE-Phase,preparation,7612,8445,833,350,1.0,48,-435
12059,14017,1958,0,GE-Phrase,205,13467,16449,2982,550,0.281,-1408,-2432
12059,14017,1958,0,GE-Phase,preparation,13467,14334,867,550,0.281,-1408,-317
23185,24876,1691,0,GE-Phrase,209,23217,24642,1425,1425,0.843,-32,234
23185,24876,1691,0,GE-Phrase,210,24642,25844,1202,234,0.138,-1457,-968
23185,24876,1691,0,GE-Phase,preparation,23217,23638,421,421,0.249,-32,1238
23185,24876,1691,0,GE-Phase,stroke,23638,24372,734,734,0.434,-453,504
23185,24876,1691,0,GE-Phase,retraction,24372,24642,270,270,0.16,-1187,234
23185,24876,1691,0,GE-Phase,preparation,24642,25190,548,234,0.138,-1457,-314
73497,74483,986,0,GE-Phrase,222,72217,74052,1835,555,0.563,1280,431
73497,74483,986,0,GE-Phase,retraction,73497,74052,555,555,0.563,0,431
89400,90328,928,0,GE-Phrase,224,88270,90113,1843,713,0.768,1130,215
89400,90328,928,0,GE-Phrase,225,90113,92132,2019,215,0.232,-713,-1804
89400,90328,928,0,GE-Phase,retraction,89371,90113,742,713,0.768,29,215
89400,90328,928,0,GE-Phase,preparation,90113,90446,333,215,0.232,-713,-118
111080,111933,853,0,GE-Phrase,233,110395,111156,761,76,0.089,685,777
111080,111933,853,0,GE-Phrase,234,111156,111929,773,773,0.906,-76,4
111080,111933,853,0,GE-Phrase,235,111929,112681,752,4,0.005,-849,-748
111080,111933,853,0,GE-Phase,stroke,110561,111156,595,76,0.089,519,777
111080,111933,853,0,GE-Phase,preparation,111156,111611,455,455,0.533,-76,322
111080,111933,853,0,GE-Phase,stroke,111611,111929,318,318,0.373,-531,4
111080,111933,853,0,GE-Phase,stroke hold,111929,112471,542,4,0.005,-849,-538
7660,8010,350,0,GE-Phrase,203,7612,9471,1859,350,1.0,48,-1461
7660,8010,350,0,GE-Phase,preparation,7612,8445,833,350,1.0,48,-435
12059,14017,1958,0,GE-Phrase,205,13467,16449,2982,550,0.281,-1408,-2432
12059,14017,1958,0,GE-Phase,preparation,13467,14334,867,550,0.281,-1408,-317
23185,24876,1691,0,GE-Phrase,209,23217,24642,1425,1425,0.843,-32,234
23185,24876,1691,0,GE-Phrase,210,24642,25844,1202,234,0.138,-1457,-968
23185,24876,1691,0,GE-Phase,preparation,23217,23638,421,421,0.249,-32,1238
23185,24876,1691,0,GE-Phase,stroke,23638,24372,734,734,0.434,-453,504
23185,24876,1691,0,GE-Phase,retraction,24372,24642,270,270,0.16,-1187,234
23185,24876,1691,0,GE-Phase,preparation,24642,25190,548,234,0.138,-1457,-314
73497,74483,986,0,GE-Phrase,222,72217,74052,1835,555,0.563,1280,431
73497,74483,986,0,GE-Phase,retraction,73497,74052,555,555,0.563,0,431
89400,90328,928,0,GE-Phrase,224,88270,90113,1843,713,0.768,1130,215
89400,90328,928,0,GE-Phrase,225,90113,92132,2019,215,0.232,-713,-1804
89400,90328,928,0,GE-Phase,retraction,89371,90113,742,713,0.768,29,215
89400,90328,928,0,GE-Phase,preparation,90113,90446,333,215,0.232,-713,-118
111080,111933,853,0,GE-Phrase,233,110395,111156,761,76,0.089,685,777
111080,111933,853,0,GE-Phrase,234,111156,111929,773,773,0.906,-76,4
111080,111933,853,0,GE-Phrase,235,111929,112681,752,4,0.005,-849,-748
111080,111933,853,0,GE-Phase,stroke,110561,111156,595,76,0.089,519,777
111080,111933,853,0,GE-Phase,preparation,111156,111611,455,455,0.533,-76,322
111080,111933,853,0,GE-Phase,stroke,111611,111929,318,318,0.373,-531,4
111080,111933,853,0,GE-Phase,stroke hold,111929,112471,542,4,0.005,-849,-538
7660,8010,350,0,GE-Phrase,203,7612,9471,1859,350,1.0,48,-1461
7660,8010,350,0,GE-Phase,preparation,7612,8445,833,350,1.0,48,-435
12059,14017,1958,0,GE-Phrase,205,13467,16449,2982,550,0.281,-1408,-2432
12059,14017,1958,0,GE-Phase,preparation,13467,14334,867,550,0.281,-1408,-317
23185,24876,1691,0,GE-Phrase,209,23217,24642,1425,1425,0.843,-32,234
23185,24876,1691,0,GE-Phrase,210,24642,25844,1202,234,0.138,-1457,-968
23185,24876,1691,0,GE-Phase,preparation,23217,23638,421,421,0.249,-32,1238
23185,24876,1691,0,GE-Phase,stroke,23638,24372,734,734,0.434,-453,504
23185,24876,1691,0,GE-Phase,retraction,24372,24642,270,270,0.16,-1187,234
23185,24876,1691,0,GE-Phase,preparation,24642,25190,548,234,0.138,-1457,-314
73497,74483,986,0,GE-Phrase,222,72217,74052,1835,555,0.563,1280,431
73497,74483,986,0,GE-Phase,retraction,73497,74052,555,555,0.563,0,431
89400,90328,928,0,GE-Phrase,224,88270,90113,1843,713,0.768,1130,215
89400,90328,928,0,GE-Phrase,225,90113,92132,2019,215,0.232,-713,-1804
89400,90328,928,0,GE-Phase,retraction,89371,90113,742,713,0.768,29,215
89400,90328,928,0,GE-Phase,preparation,90113,90446,333,215,0.232,-713,-118
111080,111933,853,0,GE-Phrase,233,110395,111156,761,76,0.089,685,777
111080,111933,853,0,GE-Phrase,234,111156,111929,773,773,0.906,-76,4
111080,111933,853,0,GE-Phrase,235,111929,112681,752,4,0.005,-849,-748
111080,111933,853,0,GE-Phase,stroke,110561,111156,595,76,0.089,519,777
111080,111933,853,0,GE-Phase,preparation,111156,111611,455,455,0.533,-76,322
111080,111933,853,0,GE-Phase,stroke,111611,111929,318,318,0.373,-531,4
111080,111933,853,0,GE-Phase,stroke hold,111929,112471,542,4,0.005,-849,-538
7660,8010,350,0,GE-Phrase,203,7612,9471,1859,350,1.0,48,-1461
7660,8010,350,0,GE-Phase,preparation,7612,8445,833,350,1.0,48,-435
12059,14017,1958,0,GE-Phrase,205,13467,16449,2982,550,0.281,-1408,-2432
12059,14017,1958,0,GE-Phase,preparation,13467,14334,867,550,0.281,-1408,-317
23185,24876,1691,0,GE-Phrase,209,23217,24642,1425,1425,0.843,-32,234
23185,24876,1691,0,GE-Phrase,210,24642,25844,1202,234,0.138,-1457,-968
23185,24876,1691,0,GE-Phase,preparation,23217,23638,421,421,0.249,-32,1238
23185,24876,1691,0,GE-Phase,stroke,23638,24372,734,734,0.434,-453,504
23185,24876,1691,0,GE-Phase,retraction,24372,24642,270,270,0.16,-1187,234
23185,24876,1691,0,GE-Phase,preparation,24642,25190,548,234,0.138,-1457,-314
73497,74483,986,0,GE-Phrase,222,72217,74052,1835,555,0.563,1280,431
73497,74483,986,0,GE-Phase,retraction,73497,74052,555,555,0.563,0,431
89400,90328,928,0,GE-Phrase,224,88270,90113,1843,713,0.768,1130,215
89400,90328,928,0,GE-Phrase,225,90113,92132,2019,215,0.232,-713,-1804
89400,90328,928,0,GE-Phase,retraction,89371,90113,742,713,0.768,29,215
89400,90328,928,0,GE-Phase,preparation,90113,90446,333,215,0.232,-713,-118
111080,111933,853,0,GE-Phrase,233,110395,111156,761,76,0.089,685,777
111080,111933,853,0,GE-Phrase,234,111156,111929,773,773,0.906,-76,4
111080,111933,853,0,GE-Phrase,235,111929,112681,752,4,0.005,-849,-748
111080,111933,853,0,GE-Phase,stroke,110561,111156,595,76,0.089,519,777
111080,111933,853,0,GE-Phase,preparation,111156,111611,455,455,0.533,-76,322
111080,111933,853,0,GE-Phase,stroke,111611,111929,318,318,0.373,-531,4
111080,111933,853,0,GE-Phase,stroke hold,111929,112471,542,4,0.005,-849,-538
7660,8010,350,0,GE-Phrase,203,7612,9471,1859,350,1.0,48,-1461
7660,8010,350,0,GE-Phase,preparation,7612,8445,833,350,1.0,48,-435
12059,14017,1958,0,GE-Phrase,205,13467,16449,2982,550,0.281,-1408,-2432
12059,14017,1958,0,GE-Phase,preparation,13467,14334,867,550,0.281,-1408,-317
23185,24876,1691,0,GE-Phrase,209,23217,24642,1425,1425,0.843,-32,234
23185,24876,1691,0,GE-Phrase,210,24642,25844,1202,234,0.138,-1457,-968
23185,24876,1691,0,GE-Phase,preparation,23217,23638,421,421,0.249,-32,1238
23185,24876,1691,0,GE-Phase,stroke,23638,24372,734,734,0.434,-453,504
23185,24876,1691,0,GE-Phase,retraction,24372,24642,270,270,0.16,-1187,234
23185,24876,1691,0,GE-Phase,preparation,24642,25190,548,234,0.138,-1457,-314
73497,74483,986,0,GE-Phrase,222,72217,74052,1835,555,0.563,1280,431
73497,74483,986,0,GE-Phase,retraction,73497,74052,555,555,0.563,0,431
89400,90328,928,0,GE-Phrase,224,88270,90113,1843,713,0.768,1130,215
89400,90328,928,0,GE-Phrase,225,90113,92132,2019,215,0.232,-713,-1804
89400,90328,928,0,GE-Phase,retraction,89371,90113,742,713,0.768,29,215
89400,90328,928,0,GE-Phase,preparation,90113,90446,333,215,0.232,-713,-118
111080,111933,853,0,GE-Phrase,233,110395,111156,761,76,0.089,685,777
111080,111933,853,0,GE-Phrase,234,111156,111929,773,773,0.906,-76,4
111080,111933,853,0,GE-Phrase,235,111929,112681,752,4,0.005,-849,-748
111080,111933,853,0,GE-Phase,stroke,110561,111156,595,76,0.089,519,777
111080,111933,853,0,GE-Phase,preparation,111156,111611,455,455,0.533,-76,322
111080,111933,853,0,GE-Phase,stroke,111611,111929,318,318,0.373,-531,4
111080,111933,853,0,GE-Phase,stroke hold,111929,112471,542,4,0.005,-849,-538
7660,8010,350,0,GE-Phrase,203,7612,9471,1859,350,1.0,48,-1461
7660,8010,350,0,GE-Phase,preparation,7612,8445,833,350,1.0,48,-435
12059,14017,1958,0,GE-Phrase,205,13467,16449,2982,550,0.281,-1408,-2432
12059,14017,1958,0,GE-Phase,preparation,13467,14334,867,550,0.281,-1408,-317
23185,24876,1691,0,GE-Phrase,209,23217,24642,1425,1425,0.843,-32,234
23185,24876,1691,0,GE-Phrase,210,24642,25844,1202,234,0.138,-1457,-968
23185,24876,1691,0,GE-Phase,preparation,23217,23638,421,421,0.249,-32,1238
23185,24876,1691,0,GE-Phase,stroke,23638,24372,734,734,0.434,-453,504
23185,24876,1691,0,GE-Phase,retraction,24372,24642,270,270,0.16,-1187,234
23185,24876,1691,0,GE-Phase,preparation,24642,25190,548,234,0.138,-1457,-314
73497,74483,986,0,GE-Phrase,222,72217,74052,1835,555,0.563,1280,431
73497,74483,986,0,GE-Phase,retraction,73497,74052,555,555,0.563,0,431
89400,90328,928,0,GE-Phrase,224,88270,90113,1843,713,0.768,1130,215
89400,90328,928,0,GE-Phrase,225,90113,92132,2019,215,0.232,-713,-1804
89400,90328,928,0,GE-Phase,retraction,89371,90113,742,713,0.768,29,215
89400,90328,928,0,GE-Phase,preparation,90113,90446,333,215,0.232,-713,-118
111080,111933,853,0,GE-Phrase,233,110395,111156,761,76,0.089,685,777
111080,111933,853,0,GE-Phrase,234,111156,111929,773,773,0.906,-76,4
111080,111933,853,0,GE-Phrase,235,111929,112681,752,4,0.005,-849,-748
111080,111933,853,0,GE-Phase,stroke,110561,111156,595,76,0.089,519,777
111080,111933,853,0,GE-Phase,preparation,111156,111611,455,455,0.533,-76,322
111080,111933,853,0,GE-Phase,stroke,111611,111929,318,318,0.373,-531,4
111080,111933,853,0,GE-Phase,stroke hold,111929,112471,542,4,0.005,-849,-538
7660,8010,350,0,GE-Phrase,203,7612,9471,1859,350,1.0,48,-1461
7660,8010,350,0,GE-Phase,preparation,7612,8445,833,350,1.0,48,-435
12059,14017,1958,0,GE-Phrase,205,13467,16449,2982,550,0.281,-1408,-2432
12059,14017,1958,0,GE-Phase,preparation,13467,14334,867,550,0.281,-1408,-317
23185,24876,1691,0,GE-Phrase,209,23217,24642,1425,1425,0.843,-32,234
23185,24876,1691,0,GE-Phrase,210,24642,25844,1202,234,0.138,-1457,-968
23185,24876,1691,0,GE-Phase,preparation,23217,23638,421,421,0.249,-32,1238
23185,24876,1691,0,GE-Phase,stroke,23638,24372,734,734,0.434,-453,504
23185,24876,1691,0,GE-Phase,retraction,24372,24642,270,270,0.16,-1187,234
23185,24876,1691,0,GE-Phase,preparation,24642,25190,548,234,0.138,-1457,-314
73497,74483,986,0,GE-Phrase,222,72217,74052,1835,555,0.563,1280,431
73497,74483,986,0,GE-Phase,retraction,73497,74052,555,555,0.563,0,431
89400,90328,928,0,GE-Phrase,224,88270,90113,1843,713,0.768,1130,215
89400,90328,928,0,GE-Phrase,225,90113,92132,2019,215,0.232,-713,-1804
89400,90328,928,0,GE-Phase,retraction,89371,90113,742,713,0.768,29,215
89400,90328,928,0,GE-Phase,preparation,90113,90446,333,215,0.232,-713,-118
111080,111933,853,0,GE-Phrase,233,110395,111156,761,76,0.089,685,777
111080,111933,853,0,GE-Phrase,234,111156,111929,773,773,0.906,-76,4
111080,111933,853,0,GE-Phrase,235,111929,112681,752,4,0.005,-849,-748
111080,111933,853,0,GE-Phase,stroke,110561,111156,595,76,0.089,519,777
111080,111933,853,0,GE-Phase,preparation,111156,111611,455,455,0.533,-76,322
111080,111933,853,0,GE-Phase,stroke,111611,111929,318,318,0.373,-531,4
111080,111933,853,0,GE-Phase,stroke hold,111929,112471,542,4,0.005,-849,-538
7660,8010,350,0,GE-Phrase,203,7612,9471,1859,350,1.0,48,-1461
7660,8010,350,0,GE-Phase,preparation,7612,8445,833,350,1.0,48,-435
12059,14017,1958,0,GE-Phrase,205,13467,16449,2982,550,0.281,-1408,-2432
12059,14017,1958,0,GE-Phase,preparation,13467,14334,867,550,0.281,-1408,-317
23185,24876,1691,0,GE-Phrase,209,23217,24642,1425,1425,0.843,-32,234
23185,24876,1691,0,GE-Phrase,210,24642,25844,1202,234,0.138,-1457,-968
23185,24876,1691,0,GE-Phase,preparation,23217,23638,421,421,0.249,-32,1238
23185,24876,1691,0,GE-Phase,stroke,23638,24372,734,734,0.434,-453,504
23185,24876,1691,0,GE-Phase,retraction,24372,24642,270,270,0.16,-1187,234
23185,24876,1691,0,GE-Phase,preparation,24642,25190,548,234,0.138,-1457,-314
73497,74483,986,0,GE-Phrase,222,72217,74052,1835,555,0.563,1280,431
73497,74483,986,0,GE-Phase,retraction,73497,74052,555,555,0.563,0,431
89400,90328,928,0,GE-Phrase,224,88270,90113,1843,713,0.768,1130,215
89400,90328,928,0,GE-Phrase,225,90113,92132,2019,215,0.232,-713,-1804
89400,90328,928,0,GE-Phase,retraction,89371,90113,742,713,0.768,29,215
89400,90328,928,0,GE-Phase,preparation,90113,90446,333,215,0.232,-713,-118
111080,111933,853,0,GE-Phrase,233,110395,111156,761,76,0.089,685,777
111080,111933,853,0,GE-Phrase,234,111156,111929,773,773,0.906,-76,4
111080,111933,853,0,GE-Phrase,235,111929,112681,752,4,0.005,-849,-748
111080,111933,853,0,GE-Phase,stroke,110561,111156,595,76,0.089,519,777
111080,111933,853,0,GE-Phase,preparation,111156,111611,455,455,0.533,-76,322
111080,111933,853,0,GE-Phase,stroke,111611,111929,318,318,0.373,-531,4
111080,111933,853,0,GE-Phase,stroke hold,111929,112471,542,4,0.005,-849,-538
7660,8010,350,0,GE-Phrase,203,7612,9471,1859,350,1.0,48,-1461
7660,8010,350,0,GE-Phase,preparation,7612,8445,833,350,1.0,48,-435
12059,14017,1958,0,GE-Phrase,205,13467,16449,2982,550,0.281,-1408,-2432
12059,14017,1958,0,GE-Phase,preparation,13467,14334,867,550,0.281,-1408,-317
23185,24876,1691,0,GE-Phrase,209,23217,24642,1425,1425,0.843,-32,234
23185,24876,1691,0,GE-Phrase,210,24642,25844,1202,234,0.138,-1457,-968
23185,24876,1691,0,GE-Phase,preparation,23217,23638,421,421,0.249,-32,1238
23185,24876,1691,0,GE-Phase,stroke,23638,24372,734,734,0.434,-453,504
23185,24876,1691,0,GE-Phase,retraction,24372,24642,270,270,0.16,-1187,234
23185,24876,1691,0,GE-Phase,preparation,24642,25190,548,234,0.138,-1457,-314
73497,74483,986,0,GE-Phrase,222,72217,74052,1835,555,0.563,1280,431
73497,74483,986,0,GE-Phase,retraction,73497,74052,555,555,0.563,0,431
89400,90328,928,0,GE-Phrase,224,88270,90113,1843,713,0.768,1130,215
89400,90328,928,0,GE-Phrase,225,90113,92132,2019,215,0.232,-713,-1804
89400,90328,928,0,GE-Phase,retraction,89371,90113,742,713,0.768,29,215
89400,90328,928,0,GE-Phase,preparation,90113,90446,333,215,0.232,-713,-118
111080,111933,853,0,GE-Phrase,233,110395,111156,761,76,0.089,685,777
111080,111933,853,0,GE-Phrase,234,111156,111929,773,773,0.906,-76,4
111080,111933,853,0,GE-Phrase,235,111929,112681,752,4,0.005,-849,-748
111080,111933,853,0,GE-Phase,stroke,110561,111156,595,76,0.089,519,777
111080,111933,853,0,GE-Phase,preparation,111156,111611,455,455,0.533,-76,322
111080,111933,853,0,GE-Phase,stroke,111611,111929,318,318,0.373,-531,4
111080,111933,853,0,GE-Phase,stroke hold,111929,112471,542,4,0.005,-849,-538
7660,8010,350,0,GE-Phrase,203,7612,9471,1859,350,1.0,48,-1461
7660,8010,350,0,GE-Phase,preparation,7612,8445,833,350,1.0,48,-435
12059,14017,1958,0,GE-Phrase,205,13467,16449,2982,550,0.281,-1408,-2432
12059,14017,1958,0,GE-Phase,preparation,13467,14334,867,550,0.281,-1408,-317
23185,24876,1691,0,GE-Phrase,209,23217,24642,1425,1425,0.843,-32,234
23185,24876,1691,0,GE-Phrase,210,24642,25844,1202,234,0.138,-1457,-968
23185,24876,1691,0,GE-Phase,preparation,23217,23638,421,421,0.249,-32,1238
23185,24876,1691,0,GE-Phase,stroke,23638,24372,734,734,0.434,-453,504
23185,24876,1691,0,GE-Phase,retraction,24372,24642,270,270,0.16,-1187,234
23185,24876,1691,0,GE-Phase,preparation,24642,25190,548,234,0.138,-1457,-314
73497,74483,986,0,GE-Phrase,222,72217,74052,1835,555,0.563,1280,431
73497,74483,986,0,GE-Phase,retraction,73497,74052,555,555,0.563,0,431
89400,90328,928,0,GE-Phrase,224,88270,90113,1843,713,0.768,1130,215
89400,90328,928,0,GE-Phrase,225,90113,92132,2019,215,0.232,-713,-1804
89400,90328,928,0,GE-Phase,retraction,89371,90113,742,713,0.768,29,215
89400,90328,928,0,GE-Phase,preparation,90113,90446,333,215,0.232,-713,-118
111080,111933,853,0,GE-Phrase,233,110395,111156,761,76,0.089,685,777
111080,111933,853,0,GE-Phrase,234,111156,111929,773,773,0.906,-76,4
111080,111933,853,0,GE-Phrase,235,111929,112681,752,4,0.005,-849,-748
111080,111933,853,0,GE-Phase,stroke,110561,111156,595,76,0.089,519,777
111080,111933,853,0,GE-Phase,preparation,111156,111611,455,455,0.533,-76,322
111080,111933,853,0,GE-Phase,stroke,111611,111929,318,318,0.373,-531,4
111080,111933,853,0,GE-Phase,stroke hold,111929,112471,542,4,0.005,-849,-538
7660,8010,350,0,GE-Phrase,203,7612,9471,1859,350,1.0,48,-1461
7660,8010,350,0,GE-Phase,preparation,7612,8445,833,350,1.0,48,-435
12059,14017,1958,0,GE-Phrase,205,13467,16449,2982,550,0.281,-1408,-2432
12059,14017,1958,0,GE-Phase,preparation,13467,14334,867,550,0.281,-1408,-317
23185,24876,1691,0,GE-Phrase,209,23217,24642,1425,1425,0.843,-32,234
23185,24876,1691,0,GE-Phrase,210,24642,25844,1202,234,0.138,-1457,-968
23185,24876,1691,0,GE-Phase,preparation,23217,23638,421,421,0.249,-32,1238
23185,24876,1691,0,GE-Phase,stroke,23638,24372,734,734,0.434,-453,504
23185,24876,1691,0,GE-Phase,retraction,24372,24642,270,270,0.16,-1187,234
23185,24876,1691,0,GE-Phase,preparation,24642,25190,548,234,0.138,-1457,-314
73497,74483,986,0,GE-Phrase,222,72217,74052,1835,555,0.563,1280,431
73497,74483,986,0,GE-Phase,retraction,73497,74052,555,555,0.563,0,431
89400,90328,928,0,GE-Phrase,224,88270,90113,1843,713,0.768,1130,215
89400,90328,928,0,GE-Phrase,225,90113,92132,2019,215,0.232,-713,-1804
89400,90328,928,0,GE-Phase,retraction,89371,90113,742,713,0.768,29,215
89400,90328,928,0,GE-Phase,preparation,90113,90446,333,215,0.232,-713,-118
111080,111933,853,0,GE-Phrase,233,110395,111156,761,76,0.089,685,777
111080,111933,853,0,GE-Phrase,234,111156,111929,773,773,0.906,-76,4
111080,111933,853,0,GE-Phrase,235,111929,112681,752,4,0.005,-849,-748
111080,111933,853,0,GE-Phase,stroke,110561,111156,595,76,0.089,519,777
111080,111933,853,0,GE-Phase,preparation,111156,111611,455,455,0.533,-76,322
111080,111933,853,0,GE-Phase,stroke,111611,111929,318,318,0.373,-531,4
111080,111933,853,0,GE-Phase,stroke hold,111929,112471,542,4,0.005,-849,-538
7660,8010,350,0,GE-Phrase,203,7612,9471,1859,350,1.0,48,-1461
7660,8010,350,0,GE-Phase,preparation,7612,8445,833,350,1.0,48,-435
12059,14017,1958,0,GE-Phrase,205,13467,16449,2982,550,0.281,-1408,-2432
12059,14017,1958,0,GE-Phase,preparation,13467,14334,867,550,0.281,-1408,-317
23185,24876,1691,0,GE-Phrase,209,23217,24642,1425,1425,0.843,-32,234
23185,24876,1691,0,GE-Phrase,210,24642,25844,1202,234,0.138,-1457,-968
23185,24876,1691,0,GE-Phase,preparation,23217,23638,421,421,0.249,-32,1238
23185,24876,1691,0,GE-Phase,stroke,23638,24372,734,734,0.434,-453,504
23185,24876,1691,0,GE-Phase,retraction,24372,24642,270,270,0.16,-1187,234
23185,24876,1691,0,GE-Phase,preparation,24642,25190,548,234,0.138,-1457,-314
73497,74483,986,0,GE-Phrase,222,72217,74052,1835,555,0.563,1280,431
73497,74483,986,0,GE-Phase,retraction,73497,74052,555,555,0.563,0,431
89400,90328,928,0,GE-Phrase,224,88270,90113,1843,713,0.768,1130,215
89400,90328,928,0,GE-Phrase,225,90113,92132,2019,215,0.232,-713,-1804
89400,90328,928,0,GE-Phase,retraction,89371,90113,742,713,0.768,29,215
89400,90328,928,0,GE-Phase,preparation,90113,90446,333,215,0.232,-713,-118
111080,111933,853,0,GE-Phrase,233,110395,111156,761,76,0.089,685,777
111080,111933,853,0,GE-Phrase,234,111156,111929,773,773,0.906,-76,4
111080,111933,853,0,GE-Phrase,235,111929,112681,752,4,0.005,-849,-748
111080,111933,853,0,GE-Phase,stroke,110561,111156,595,76,0.089,519,777
111080,111933,853,0,GE-Phase,preparation,111156,111611,455,455,0.533,-76,322
111080,111933,853,0,GE-Phase,stroke,111611,111929,318,318,0.373,-531,4
111080,111933,853,0,GE-Phase,stroke hold,111929,112471,542,4,0.005,-849,-538
7660,8010,350,0,GE-Phrase,203,7612,9471,1859,350,1.0,48,-1461
7660,8010,350,0,GE-Phase,preparation,7612,8445,833,350,1.0,48,-435
12059,14017,1958,0,GE-Phrase,205,13467,16449,2982,550,0.281,-1408,-2432
12059,14017,1958,0,GE-Phase,preparation,13467,14334,867,550,0.281,-1408,-317
23185,24876,1691,0,GE-Phrase,209,23217,24642,1425,1425,0.843,-32,234
23185,24876,1691,0,GE-Phrase,210,24642,25844,1202,234,0.138,-1457,-968
23185,24876,1691,0,GE-Phase,preparation,23217,23638,421,421,0.249,-32,1238
23185,24876,1691,0,GE-Phase,stroke,23638,24372,734,734,0.434,-453,504
23185,24876,1691,0,GE-Phase,retraction,24372,24642,270,270,0.16,-1187,234
23185,24876,1691,0,GE-Phase,preparation,24642,25190,548,234,0.138,-1457,-314
73497,74483,986,0,GE-Phrase,222,72217,74052,1835,555,0.563,1280,431
73497,74483,986,0,GE-Phase,retraction,73497,74052,555,555,0.563,0,431
89400,90328,928,0,GE-Phrase,224,88270,90113,1843,713,0.768,1130,215
89400,90328,928,0,GE-Phrase,225,90113,92132,2019,215,0.232,-713,-1804
89400,90328,928,0,GE-Phase,retraction,89371,90113,742,713,0.768,29,215
89400,90328,928,0,GE-Phase,preparation,90113,90446,333,215,0.232,-713,-118
111080,111933,853,0,GE-Phrase,233,110395,111156,761,76,0.089,685,777
111080,111933,853,0,GE-Phrase,234,111156,111929,773,773,0.906,-76,4
111080,111933,853,0,GE-Phrase,235,111929,112681,752,4,0.005,-849,-748
111080,111933,853,0,GE-Phase,stroke,110561,111156,595,76,0.089,519,777
111080,111933,853,0,GE-Phase,preparation,111156,111611,455,455,0.533,-76,322
111080,111933,853,0,GE-Phase,stroke,111611,111929,318,318,0.373,-531,4
111080,111933,853,0,GE-Phase,stroke hold,111929,112471,542,4,0.005,-849,-538
7660,8010,350,0,GE-Phrase,203,7612,9471,1859,350,1.0,48,-1461
7660,8010,350,0,GE-Phase,preparation,7612,8445,833,350,1.0,48,-435
12059,14017,1958,0,GE-Phrase,205,13467,16449,2982,550,0.281,-1408,-2432
12059,14017,1958,0,GE-Phase,preparation,13467,14334,867,550,0.281,-1408,-317
23185,24876,1691,0,GE-Phrase,209,23217,24642,1425,1425,0.843,-32,234
23185,24876,1691,0,GE-Phrase,210,24642,25844,1202,234,0.138,-1457,-968
23185,24876,1691,0,GE-Phase,preparation,23217,23638,421,421,0.249,-32,1238
23185,24876,1691,0,GE-Phase,stroke,23638,24372,734,734,0.434,-453,504
23185,24876,1691,0,GE-Phase,retraction,24372,24642,270,270,0.16,-1187,234
23185,24876,1691,0,GE-Phase,preparation,24642,25190,548,234,0.138,-1457,-314
73497,74483,986,0,GE-Phrase,222,72217,74052,1835,555,0.563,1280,431
73497,74483,986,0,GE-Phase,retraction,73497,74052,555,555,0.563,0,431
89400,90328,928,0,GE-Phrase,224,88270,90113,1843,713,0.768,1130,215
89400,90328,928,0,GE-Phrase,225,90113,92132,2019,215,0.232,-713,-1804
89400,90328,928,0,GE-Phase,retraction,89371,90113,742,713,0.768,29,215
89400,90328,928,0,GE-Phase,preparation,90113,90446,333,215,0.232,-713,-118
111080,111933,853,0,GE-Phrase,233,110395,111156,761,76,0.089,685,777
111080,111933,853,0,GE-Phrase,234,111156,111929,773,773,0.906,-76,4
111080,111933,853,0,GE-Phrase,235,111929,112681,752,4,0.005,-849,-748
111080,111933,853,0,GE-Phase,stroke,110561,111156,595,76,0.089,519,777
111080,111933,853,0,GE-Phase,preparation,111156,111611,455,455,0.533,-76,322
111080,111933,853,0,GE-Phase,stroke,111611,111929,318,318,0.373,-531,4
111080,111933,853,0,GE-Phase,stroke hold,111929,112471,542,4,0.005,-849,-538
7660,8010,350,0,GE-Phrase,203,7612,9471,1859,350,1.0,48,-1461
7660,8010,350,0,GE-Phase,preparation,7612,8445,833,350,1.0,48,-435
12059,14017,1958,0,GE-Phrase,205,13467,16449,2982,550,0.281,-1408,-2432
12059,14017,1958,0,GE-Phase,preparation,13467,14334,867,550,0.281,-1408,-317
23185,24876,1691,0,GE-Phrase,209,23217,24642,1425,1425,0.843,-32,234
23185,24876,1691,0,GE-Phrase,210,24642,25844,1202,234,0.138,-1457,-968
23185,24876,1691,0,GE-Phase,preparation,23217,23638,421,421,0.249,-32,1238
23185,24876,1691,0,GE-Phase,stroke,23638,24372,734,734,0.434,-453,504
23185,24876,1691,0,GE-Phase,retraction,24372,24642,270,270,0.16,-1187,234
23185,24876,1691,0,GE-Phase,preparation,24642,25190,548,234,0.138,-1457,-314
73497,74483,986,0,GE-Phrase,222,72217,74052,1835,555,0.563,1280,431
73497,74483,986,0,GE-Phase,retraction,73497,74052,555,555,0.563,0,431
89400,90328,928,0,GE-Phrase,224,88270,90113,1843,713,0.768,1130,215
89400,90328,928,0,GE-Phrase,225,90113,92132,2019,215,0.232,-713,-1804
89400,90328,928,0,GE-Phase,retraction,89371,90113,742,713,0.768,29,215
89400,90328,928,0,GE-Phase,preparation,90113,90446,333,215,0.232,-713,-118
111080,111933,853,0,GE-Phrase,233,110395,111156,761,76,0.089,685,777
111080,111933,853,0,GE-Phrase,234,111156,111929,773,773,0.906,-76,4
111080,111933,853,0,GE-Phrase,235,111929,112681,752,4,0.005,-849,-748
111080,111933,853,0,GE-Phase,stroke,110561,111156,595,76,0.089,519,777
111080,111933,853,0,GE-Phase,preparation,111156,111611,455,455,0.533,-76,322
111080,111933,853,0,GE-Phase,stroke,111611,111929,318,318,0.373,-531,4
111080,111933,853,0,GE-Phase,stroke hold,111929,112471,542,4,0.005,-849,-538
7660,8010,350,0,GE-Phrase,203,7612,9471,1859,350,1.0,48,-1461
7660,8010,350,0,GE-Phase,preparation,7612,8445,833,350,1.0,48,-435
12059,14017,1958,0,GE-Phrase,205,13467,16449,2982,550,0.281,-1408,-2432
12059,14017,1958,0,GE-Phase,preparation,13467,14334,867,550,0.281,-1408,-317
23185,24876,1691,0,GE-Phrase,209,23217,24642,1425,1425,0.843,-32,234
23185,24876,1691,0,GE-Phrase,210,24642,25844,1202,234,0.138,-1457,-968
23185,24876,1691,0,GE-Phase,preparation,23217,23638,421,421,0.249,-32,1238
23185,24876,1691,0,GE-Phase,stroke,23638,24372,734,734,0.434,-453,504
23185,24876,1691,0,GE-Phase,retraction,24372,24642,270,270,0.16,-1187,234
23185,24876,1691,0,GE-Phase,preparation,24642,25190,548,234,0.138,-1457,-314
73497,74483,986,0,GE-Phrase,222,72217,74052,1835,555,0.563,1280,431
73497,74483,986,0,GE-Phase,retraction,73497,74052,555,555,0.563,0,431
89400,90328,928,0,GE-Phrase,224,88270,90113,1843,713,0.768,1130,215
89400,90328,928,0,GE-Phrase,225,90113,92132,2019,215,0.232,-713,-1804
89400,90328,928,0,GE-Phase,retraction,89371,90113,742,713,0.768,29,215
89400,90328,928,0,GE-Phase,preparation,90113,90446,333,215,0.232,-713,-118
111080,111933,853,0,GE-Phrase,233,110395,111156,761,76,0.089,685,777
111080,111933,853,0,GE-Phrase,234,111156,111929,773,773,0.906,-76,4
111080,111933,853,0,GE-Phrase,235,111929,112681,752,4,0.005,-849,-748
111080,111933,853,0,GE-Phase,stroke,110561,111156,595,76,0.089,519,777
111080,111933,853,0,GE-Phase,preparation,111156,111611,455,455,0.533,-76,322
111080,111933,853,0,GE-Phase,stroke,111611,111929,318,318,0.373,-531,4
111080,111933,853,0,GE-Phase,stroke hold,111929,112471,542,4,0.005,-849,-538
7660,8010,350,0,GE-Phrase,203,7612,9471,1859,350,1.0,48,-1461
7660,8010,350,0,GE-Phase,preparation,7612,8445,833,350,1.0,48,-435
12059,14017,1958,0,GE-Phrase,205,13467,16449,2982,550,0.281,-1408,-2432
12059,14017,1958,0,GE-Phase,preparation,13467,14334,867,550,0.281,-1408,-317
23185,24876,1691,0,GE-Phrase,209,23217,24642,1425,1425,0.843,-32,234
23185,24876,1691,0,GE-Phrase,210,24642,25844,1202,234,0.138,-1457,-968
23185,24876,1691,0,GE-Phase,preparation,23217,23638,421,421,0.249,-32,1238
23185,24876,1691,0,GE-Phase,stroke,23638,24372,734,734,0.434,-453,504
23185,24876,1691,0,GE-Phase,retraction,24372,24642,270,270,0.16,-1187,234
23185,24876,1691,0,GE-Phase,preparation,24642,25190,548,234,0.138,-1457,-314
73497,74483,986,0,GE-Phrase,222,72217,74052,1835,555,0.563,1280,431
73497,74483,986,0,GE-Phase,retraction,73497,74052,555,555,0.563,0,431
89400,90328,928,0,GE-Phrase,224,88270,90113,1843,713,0.768,1130,215
89400,90328,928,0,GE-Phrase,225,90113,92132,2019,215,0.232,-713,-1804
89400,90328,928,0,GE-Phase,retraction,89371,90113,742,713,0.768,29,215
89400,90328,928,0,GE-Phase,preparation,90113,90446,333,215,0.232,-713,-118
111080,111933,853,0,GE-Phrase,233,110395,111156,761,76,0.089,685,777
111080,111933,853,0,GE-Phrase,234,111156,111929,773,773,0.906,-76,4
111080,111933,853,0,GE-Phrase,235,111929,112681,752,4,0.005,-849,-748
111080,111933,853,0,GE-Phase,stroke,110561,111156,595,76,0.089,519,777
111080,111933,853,0,GE-Phase,preparation,111156,111611,455,455,0.533,-76,322
111080,111933,853,0,GE-Phase,stroke,111611,111929,318,318,0.373,-531,4
111080,111933,853,0,GE-Phase,stroke hold,111929,112471,542,4,0.005,-849,-538
7660,8010,350,0,GE-Phrase,203,7612,9471,1859,350,1.0,48,-1461
7660,8010,350,0,GE-Phase,preparation,7612,8445,833,350,1.0,48,-435
12059,14017,1958,0,GE-Phrase,205,13467,16449,2982,550,0.281,-1408,-2432
12059,14017,1958,0,GE-Phase,preparation,13467,14334,867,550,0.281,-1408,-317
23185,24876,1691,0,GE-Phrase,209,23217,24642,1425,1425,0.843,-32,234
23185,24876,1691,0,GE-Phrase,210,24642,25844,1202,234,0.138,-1457,-968
23185,24876,1691,0,GE-Phase,preparation,23217,23638,421,421,0.249,-32,1238
23185,24876,1691,0,GE-Phase,stroke,23638,24372,734,734,0.434,-453,504
23185,24876,1691,0,GE-Phase,retraction,24372,24642,270,270,0.16,-1187,234
23185,24876,1691,0,GE-Phase,preparation,24642,25190,548,234,0.138,-1457,-314
73497,74483,986,0,GE-Phrase,222,72217,74052,1835,555,0.563,1280,431
73497,74483,986,0,GE-Phase,retraction,73497,74052,555,555,0.563,0,431
89400,90328,928,0,GE-Phrase,224,88270,90113,1843,713,0.768,1130,215
89400,90328,928,0,GE-Phrase,225,90113,92132,2019,215,0.232,-713,-1804
89400,90328,928,0,GE-Phase,retraction,89371,90113,742,713,0.768,29,215
89400,90328,928,0,GE-Phase,preparation,90113,90446,333,215,0.232,-713,-118
111080,111933,853,0,GE-Phrase,233,110395,111156,761,76,0.089,685,777
111080,111933,853,0,GE-Phrase,234,111156,111929,773,773,0.906,-76,4
111080,111933,853,0,GE-Phrase,235,111929,112681,752,4,0.005,-849,-748
111080,111933,853,0,GE-Phase,stroke,110561,111156,595,76,0.089,519,777
111080,111933,853,0,GE-Phase,preparation,111156,111611,455,455,0.533,-76,322
111080,111933,853,0,GE-Phase,stroke,111611,111929,318,318,0.373,-531,4
111080,111933,853,0,GE-Phase,stroke hold,111929,112471,542,4,0.005,-849,-538
7660,8010,350,0,GE-Phrase,203,7612,9471,1859,350,1.0,48,-1461
7660,8010,350,0,GE-Phase,preparation,7612,8445,833,350,1.0,48,-435
12059,14017,1958,0,GE-Phrase,205,13467,16449,2982,550,0.281,-1408,-2432
12059,14017,1958,0,GE-Phase,preparation,13467,14334,867,550,0.281,-1408,-317
23185,24876,1691,0,GE-Phrase,209,23217,24642,1425,1425,0.843,-32,234
23185,24876,1691,0,GE-Phrase,210,24642,25844,1202,234,0.138,-1457,-968
23185,24876,1691,0,GE-Phase,preparation,23217,23638,421,421,0.249,-32,1238
23185,24876,1691,0,GE-Phase,stroke,23638,24372,734,734,0.434,-453,504
23185,24876,1691,0,GE-Phase,retraction,24372,24642,270,270,0.16,-1187,234
23185,24876,1691,0,GE-Phase,preparation,24642,25190,548,234,0.138,-1457,-314
73497,74483,986,0,GE-Phrase,222,72217,74052,1835,555,0.563,1280,431
73497,74483,986,0,GE-Phase,retraction,73497,74052,555,555,0.563,0,431
89400,90328,928,0,GE-Phrase,224,88270,90113,1843,713,0.768,1130,215
89400,90328,928,0,GE-Phrase,225,90113,92132,2019,215,0.232,-713,-1804
89400,90328,928,0,GE-Phase,retraction,89371,90113,742,713,0.768,29,215
89400,90328,928,0,GE-Phase,preparation,90113,90446,333,215,0.232,-713,-118
111080,111933,853,0,GE-Phrase,233,110395,111156,761,76,0.089,685,777
111080,111933,853,0,GE-Phrase,234,111156,111929,773,773,0.906,-76,4
111080,111933,853,0,GE-Phrase,235,111929,112681,752,4,0.005,-849,-748
111080,111933,853,0,GE-Phase,stroke,110561,111156,595,76,0.089,519,777
111080,111933,853,0,GE-Phase,preparation,111156,111611,455,455,0.533,-76,322
111080,111933,853,0,GE-Phase,stroke,111611,111929,318,318,0.373,-531,4
111080,111933,853,0,GE-Phase,stroke hold,111929,112471,542,4,0.005,-849,-538
7660,8010,350,0,GE-Phrase,203,7612,9471,1859,350,1.0,48,-1461
7660,8010,350,0,GE-Phase,preparation,7612,8445,833,350,1.0,48,-435
12059,14017,1958,0,GE-Phrase,205,13467,16449,2982,550,0.281,-1408,-2432
12059,14017,1958,0,GE-Phase,preparation,13467,14334,867,550,0.281,-1408,-317
23185,24876,1691,0,GE-Phrase,209,23217,24642,1425,1425,0.843,-32,234
23185,24876,1691,0,GE-Phrase,210,24642,25844,1202,234,0.138,-1457,-968
23185,24876,1691,0,GE-Phase,preparation,23217,23638,421,421,0.249,-32,1238
23185,24876,1691,0,GE-Phase,stroke,23638,24372,734,734,0.434,-453,504
23185,24876,1691,0,GE-Phase,retraction,24372,24642,270,270,0.16,-1187,234
23185,24876,1691,0,GE-Phase,preparation,24642,25190,548,234,0.138,-1457,-314
73497,74483,986,0,GE-Phrase,222,72217,74052,1835,555,0.563,1280,431
73497,74483,986,0,GE-Phase,retraction,73497,74052,555,555,0.563,0,431
89400,90328,928,0,GE-Phrase,224,88270,90113,1843,713,0.768,1130,215
89400,90328,928,0,GE-Phrase,225,90113,92132,2019,215,0.232,-713,-1804
89400,90328,928,0,GE-Phase,retraction,89371,90113,742,713,0.768,29,215
89400,90328,928,0,GE-Phase,preparation,90113,90446,333,215,0.232,-713,-118
111080,111933,853,0,GE-Phrase,233,110395,111156,761,76,0.089,685,777
111080,111933,853,0,GE-Phrase,234,111156,111929,773,773,0.906,-76,4
111080,111933,853,0,GE-Phrase,235,111929,112681,752,4,0.005,-849,-748
111080,111933,853,0,GE-Phase,stroke,110561,111156,595,76,0.089,519,777
111080,111933,853,0,GE-Phase,preparation,111156,111611,455,455,0.533,-76,322
111080,111933,853,0,GE-Phase,stroke,111611,111929,318,318,0.373,-531,4
111080,111933,853,0,GE-Phase,stroke hold,111929,112471,542,4,0.005,-849,-538
7660,8010,350,0,GE-Phrase,203,7612,9471,1859,350,1.0,48,-1461
7660,8010,350,0,GE-Phase,preparation,7612,8445,833,350,1.0,48,-435
12059,14017,1958,0,GE-Phrase,205,13467,16449,2982,550,0.281,-1408,-2432
12059,14017,1958,0,GE-Phase,preparation,13467,14334,867,550,0.281,-1408,-317
23185,24876,1691,0,GE-Phrase,209,23217,24642,1425,1425,0.843,-32,234
23185,24876,1691,0,GE-Phrase,210,24642,25844,1202,234,0.138,-1457,-968
23185,24876,1691,0,GE-Phase,preparation,23217,23638,421,421,0.249,-32,1238
23185,24876,1691,0,GE-Phase,stroke,23638,24372,734,734,0.434,-453,504
23185,24876,1691,0,GE-Phase,retraction,24372,24642,270,270,0.16,-1187,234
23185,24876,1691,0,GE-Phase,preparation,24642,25190,548,234,0.138,-1457,-314
73497,74483,986,0,GE-Phrase,222,72217,74052,1835,555,0.563,1280,431
73497,74483,986,0,GE-Phase,retraction,73497,74052,555,555,0.563,0,431
89400,90328,928,0,GE-Phrase,224,88270,90113,1843,713,0.768,1130,215
89400,90328,928,0,GE-Phrase,225,90113,92132,2019,215,0.232,-713,-1804
89400,90328,928,0,GE-Phase,retraction,89371,90113,742,713,0.768,29,215
89400,90328,928,0,GE-Phase,preparation,90113,90446,333,215,0.232,-713,-118
111080,111933,853,0,GE-Phrase,233,110395,111156,761,76,0.089,685,777
111080,111933,853,0,GE-Phrase,234,111156,111929,773,773,0.906,-76,4
111080,111933,853,0,GE-Phrase,235,111929,112681,752,4,0.005,-849,-748
111080,111933,853,0,GE-Phase,stroke,110561,111156,595,76,0.089,519,777
111080,111933,853,0,GE-Phase,preparation,111156,111611,455,455,0.533,-76,322
111080,111933,853,0,GE-Phase,stroke,111611,111929,318,318,0.373,-531,4
111080,111933,853,0,GE-Phase,stroke hold,111929,112471,542,4,0.005,-849,-538
7660,8010,350,0,GE-Phrase,203,7612,9471,1859,350,1.0,48,-1461
7660,8010,350,0,GE-Phase,preparation,7612,8445,833,350,1.0,48,-435
12059,14017,1958,0,GE-Phrase,205,13467,16449,2982,550,0.281,-1408,-2432
12059,14017,1958,0,GE-Phase,preparation,13467,14334,867,550,0.281,-1408,-317
23185,24876,1691,0,GE-Phrase,209,23217,24642,1425,1425,0.843,-32,234
23185,24876,1691,0,GE-Phrase,210,24642,25844,1202,234,0.138,-1457,-968
23185,24876,1691,0,GE-Phase,preparation,23217,23638,421,421,0.249,-32,1238
23185,24876,1691,0,GE-Phase,stroke,23638,24372,734,734,0.434,-453,504
23185,24876,1691,0,GE-Phase,retraction,24372,24642,270,270,0.16,-1187,234
23185,24876,1691,0,GE-Phase,preparation,24642,25190,548,234,0.138,-1457,-314
73497,74483,986,0,GE-Phrase,222,72217,74052,1835,555,0.563,1280,431
73497,74483,986,0,GE-Phase,retraction,73497,74052,555,555,0.563,0,431
89400,90328,928,0,GE-Phrase,224,88270,90113,1843,713,0.768,1130,215
89400,90328,928,0,GE-Phrase,225,90113,92132,2019,215,0.232,-713,-1804
89400,90328,928,0,GE-Phase,retraction,89371,90113,742,713,0.768,29,215
89400,90328,928,0,GE-Phase,preparation,90113,90446,333,215,0.232,-713,-118
111080,111933,853,0,GE-Phrase,233,110395,111156,761,76,0.089,685,777
111080,111933,853,0,GE-Phrase,234,111156,111929,773,773,0.906,-76,4
111080,111933,853,0,GE-Phrase,235,111929,112681,752,4,0.005,-849,-748
111080,111933,853,0,GE-Phase,stroke,110561,111156,595,76,0.089,519,777
111080,111933,853,0,GE-Phase,preparation,111156,111611,455,455,0.533,-76,322
111080,111933,853,0,GE-Phase,stroke,111611,111929,318,318,0.373,-531,4
111080,111933,853,0,GE-Phase,stroke hold,111929,112471,542,4,0.005,-849,-538
7660,8010,350,0,GE-Phrase,203,7612,9471,1859,350,1.0,48,-1461
7660,8010,350,0,GE-Phase,preparation,7612,8445,833,350,1.0,48,-435
12059,14017,1958,0,GE-Phrase,205,13467,16449,2982,550,0.281,-1408,-2432
12059,14017,1958,0,GE-Phase,preparation,13467,14334,867,550,0.281,-1408,-317
23185,24876,1691,0,GE-Phrase,209,23217,24642,1425,1425,0.843,-32,234
23185,24876,1691,0,GE-Phrase,210,24642,25844,1202,234,0.138,-1457,-968
23185,24876,1691,0,GE-Phase,preparation,23217,23638,421,421,0.249,-32,1238
23185,24876,1691,0,GE-Phase,stroke,23638,24372,734,734,0.434,-453,504
23185,24876,1691,0,GE-Phase,retraction,24372,24642,270,270,0.16,-1187,234
23185,24876,1691,0,GE-Phase,preparation,24642,25190,548,234,0.138,-1457,-314
73497,74483,986,0,GE-Phrase,222,72217,74052,1835,555,0.563,1280,431
73497,74483,986,0,GE-Phase,retraction,73497,74052,555,555,0.563,0,431
89400,90328,928,0,GE-Phrase,224,88270,90113,1843,713,0.768,1130,215
89400,90328,928,0,GE-Phrase,225,90113,92132,2019,215,0.232,-713,-1804
89400,90328,928,0,GE-Phase,retraction,89371,90113,742,713,0.768,29,215
89400,90328,928,0,GE-Phase,preparation,90113,90446,333,215,0.232,-713,-118
111080,111933,853,0,GE-Phrase,233,110395,111156,761,76,0.089,685,777
111080,111933,853,0,GE-Phrase,234,111156,111929,773,773,0.906,-76,4
111080,111933,853,0,GE-Phrase,235,111929,112681,752,4,0.005,-849,-748
111080,111933,853,0,GE-Phase,stroke,110561,111156,595,76,0.089,519,777
111080,111933,853,0,GE-Phase,preparation,111156,111611,455,455,0.533,-76,322
111080,111933,853,0,GE-Phase,stroke,111611,111929,318,318,0.373,-531,4
111080,111933,853,0,GE-Phase,stroke hold,111929,112471,542,4,0.005,-849,-538
7660,8010,350,0,GE-Phrase,203,7612,9471,1859,350,1.0,48,-1461
7660,8010,350,0,GE-Phase,preparation,7612,8445,833,350,1.0,48,-435
12059,14017,1958,0,GE-Phrase,205,13467,16449,2982,550,0.281,-1408,-2432
12059,14017,1958,0,GE-Phase,preparation,13467,14334,867,550,0.281,-1408,-317
23185,24876,1691,0,GE-Phrase,209,23217,24642,1425,1425,0.843,-32,234
23185,24876,1691,0,GE-Phrase,210,24642,25844,1202,234,0.138,-1457,-968
23185,24876,1691,0,GE-Phase,preparation,23217,23638,421,421,0.249,-32,1238
23185,24876,1691,0,GE-Phase,stroke,23638,24372,734,734,0.434,-453,504
23185,24876,1691,0,GE-Phase,retraction,24372,24642,270,270,0.16,-1187,234
23185,24876,1691,0,GE-Phase,preparation,24642,25190,548,234,0.138,-1457,-314
73497,74483,986,0,GE-Phrase,222,72217,74052,1835,555,0.563,1280,431
73497,74483,986,0,GE-Phase,retraction,73497,74052,555,555,0.563,0,431
89400,90328,928,0,GE-Phrase,224,88270,90113,1843,713,0.768,1130,215
89400,90328,928,0,GE-Phrase,225,90113,92132,2019,215,0.232,-713,-1804
89400,90328,928,0,GE-Phase,retraction,89371,90113,742,713,0.768,29,215
89400,90328,928,0,GE-Phase,preparation,90113,90446,333,215,0.232,-713,-118
111080,111933,853,0,GE-Phrase,233,110395,111156,761,76,0.089,685,777
111080,111933,853,0,GE-Phrase,234,111156,111929,773,773,0.906,-76,4
111080,111933,853,0,GE-Phrase,235,111929,112681,752,4,0.005,-849,-748
111080,111933,853,0,GE-Phase,stroke,110561,111156,595,76,0.089,519,777
111080,111933,853,0,GE-Phase,preparation,111156,111611,455,455,0.533,-76,322
111080,111933,853,0,GE-Phase,stroke,111611,111929,318,318,0.373,-531,4
111080,111933,853,0,GE-Phase,stroke hold,111929,112471,542,4,0.005,-849,-538
7660,8010,350,0,GE-Phrase,203,7612,9471,1859,350,1.0,48,-1461
7660,8010,350,0,GE-Phase,preparation,7612,8445,833,350,1.0,48,-435
12059,14017,1958,0,GE-Phrase,205,13467,16449,2982,550,0.281,-1408,-2432
12059,14017,1958,0,GE-Phase,preparation,13467,14334,867,550,0.281,-1408,-317
23185,24876,1691,0,GE-Phrase,209,23217,24642,1425,1425,0.843,-32,234
23185,24876,1691,0,GE-Phrase,210,24642,25844,1202,234,0.138,-1457,-968
23185,24876,1691,0,GE-Phase,preparation,23217,23638,421,421,0.249,-32,1238
23185,24876,1691,0,GE-Phase,stroke,23638,24372,734,734,0.434,-453,504
23185,24876,1691,0,GE-Phase,retraction,24372,24642,270,270,0.16,-1187,234
23185,24876,1691,0,GE-Phase,preparation,24642,25190,548,234,0.138,-1457,-314
73497,74483,986,0,GE-Phrase,222,72217,74052,1835,555,0.563,1280,431
73497,74483,986,0,GE-Phase,retraction,73497,74052,555,555,0.563,0,431
89400,90328,928,0,GE-Phrase,224,88270,90113,1843,713,0.768,1130,215
89400,90328,928,0,GE-Phrase,225,90113,92132,2019,215,0.232,-713,-1804
89400,90328,928,0,GE-Phase,retraction,89371,90113,742,713,0.768,29,215
89400,90328,928,0,GE-Phase,preparation,90113,90446,333,215,0.232,-713,-118
111080,111933,853,0,GE-Phrase,233,110395,111156,761,76,0.089,685,777
111080,111933,853,0,GE-Phrase,234,111156,111929,773,773,0.906,-76,4
111080,111933,853,0,GE-Phrase,235,111929,112681,752,4,0.005,-849,-748
111080,111933,853,0,GE-Phase,stroke,110561,111156,595,76,0.089,519,777
111080,111933,853,0,GE-Phase,preparation,111156,111611,455,455,0.533,-76,322
111080,111933,853,0,GE-Phase,stroke,111611,111929,318,318,0.373,-531,4
111080,111933,853,0,GE-Phase,stroke hold,111929,112471,542,4,0.005,-849,-538
7660,8010,350,0,GE-Phrase,203,7612,9471,1859,350,1.0,48,-1461
7660,8010,350,0,GE-Phase,preparation,7612,8445,833,350,1.0,48,-435
12059,14017,1958,0,GE-Phrase,205,13467,16449,2982,550,0.281,-1408,-2432
12059,14017,1958,0,GE-Phase,preparation,13467,14334,867,550,0.281,-1408,-317
23185,24876,1691,0,GE-Phrase,209,23217,24642,1425,1425,0.843,-32,234
23185,24876,1691,0,GE-Phrase,210,24642,25844,1202,234,0.138,-1457,-968
23185,24876,1691,0,GE-Phase,preparation,23217,23638,421,421,0.249,-32,1238
23185,24876,1691,0,GE-Phase,stroke,23638,24372,734,734,0.434,-453,504
23185,24876,1691,0,GE-Phase,retraction,24372,24642,270,270,0.16,-1187,234
23185,24876,1691,0,GE-Phase,preparation,24642,25190,548,234,0.138,-1457,-314
73497,74483,986,0,GE-Phrase,222,72217,74052,1835,555,0.563,1280,431
73497,74483,986,0,GE-Phase,retraction,73497,74052,555,555,0.563,0,431
89400,90328,928,0,GE-Phrase,224,88270,90113,1843,713,0.768,1130,215
89400,90328,928,0,GE-Phrase,225,90113,92132,2019,215,0.232,-713,-1804
89400,90328,928,0,GE-Phase,retraction,89371,90113,742,713,0.768,29,215
89400,90328,928,0,GE-Phase,preparation,90113,90446,333,215,0.232,-713,-118
111080,111933,853,0,GE-Phrase,233,110395,111156,761,76,0.089,685,777
111080,111933,853,0,GE-Phrase,234,111156,111929,773,773,0.906,-76,4
111080,111933,853,0,GE-Phrase,235,111929,112681,752,4,0.005,-849,-748
111080,111933,853,0,GE-Phase,stroke,110561,111156,595,76,0.089,519,777
111080,111933,853,0,GE-Phase,preparation,111156,111611,455,455,0.533,-76,322
111080,111933,853,0,GE-Phase,stroke,111611,111929,318,318,0.373,-531,4
111080,111933,853,0,GE-Phase,stroke hold,111929,112471,542,4,0.005,-849,-538
7660,8010,350,0,GE-Phrase,203,7612,9471,1859,350,1.0,48,-1461
7660,8010,350,0,GE-Phase,preparation,7612,8445,833,350,1.0,48,-435
12059,14017,1958,0,GE-Phrase,205,13467,16449,2982,550,0.281,-1408,-2432
12059,14017,1958,0,GE-Phase,preparation,13467,14334,867,550,0.281,-1408,-317
23185,24876,1691,0,GE-Phrase,209,23217,24642,1425,1425,0.843,-32,234
23185,24876,1691,0,GE-Phrase,210,24642,25844,1202,234,0.138,-1457,-968
23185,24876,1691,0,GE-Phase,preparation,23217,23638,421,421,0.249,-32,1238
23185,24876,1691,0,GE-Phase,stroke,23638,24372,734,734,0.434,-453,504
23185,24876,1691,0,GE-Phase,retraction,24372,24642,270,270,0.16,-1187,234
23185,24876,1691,0,GE-Phase,preparation,24642,25190,548,234,0.138,-1457,-314
73497,74483,986,0,GE-Phrase,222,72217,74052,1835,555,0.563,1280,431
73497,74483,986,0,GE-Phase,retraction,73497,74052,555,555,0.563,0,431
89400,90328,928,0,GE-Phrase,224,88270,90113,1843,713,0.768,1130,215
89400,90328,928,0,GE-Phrase,225,90113,92132,2019,215,0.232,-713,-1804
89400,90328,928,0,GE-Phase,retraction,89371,90113,742,713,0.768,29,215
89400,90328,928,0,GE-Phase,preparation,90113,90446,333,215,0.232,-713,-118
111080,111933,853,0,GE-Phrase,233,110395,111156,761,76,0.089,685,777
111080,111933,853,0,GE-Phrase,234,111156,111929,773,773,0.906,-76,4
111080,111933,853,0,GE-Phrase,235,111929,112681,752,4,0.005,-849,-748
111080,111933,853,0,GE-Phase,stroke,110561,111156,595,76,0.089,519,777
111080,111933,853,0,GE-Phase,preparation,111156,111611,455,455,0.533,-76,322
111080,111933,853,0,GE-Phase,stroke,111611,111929,318,318,0.373,-531,4
111080,111933,853,0,GE-Phase,stroke hold,111929,112471,542,4,0.005,-849,-538
7660,8010,350,0,GE-Phrase,203,7612,9471,1859,350,1.0,48,-1461
7660,8010,350,0,GE-Phase,preparation,7612,8445,833,350,1.0,48,-435
12059,14017,1958,0,GE-Phrase,205,13467,16449,2982,550,0.281,-1408,-2432
12059,14017,1958,0,GE-Phase,preparation,13467,14334,867,550,0.281,-1408,-317
23185,24876,1691,0,GE-Phrase,209,23217,24642,1425,1425,0.843,-32,234
23185,24876,1691,0,GE-Phrase,210,24642,25844,1202,234,0.138,-1457,-968
23185,24876,1691,0,GE-Phase,preparation,23217,23638,421,421,0.249,-32,1238
23185,24876,1691,0,GE-Phase,stroke,23638,24372,734,734,0.434,-453,504
23185,24876,1691,0,GE-Phase,retraction,24372,24642,270,270,0.16,-1187,234
23185,24876,1691,0,GE-Phase,preparation,24642,25190,548,234,0.138,-1457,-314
73497,74483,986,0,GE-Phrase,222,72217,74052,1835,555,0.563,1280,431
73497,74483,986,0,GE-Phase,retraction,73497,74052,555,555,0.563,0,431
89400,90328,928,0,GE-Phrase,224,88270,90113,1843,713,0.768,1130,215
89400,90328,928,0,GE-Phrase,225,90113,92132,2019,215,0.232,-713,-1804
89400,90328,928,0,GE-Phase,retraction,89371,90113,742,713,0.768,29,215
89400,90328,928,0,GE-Phase,preparation,90113,90446,333,215,0.232,-713,-118
111080,111933,853,0,GE-Phrase,233,110395,111156,761,76,0.089,685,777
111080,111933,853,0,GE-Phrase,234,111156,111929,773,773,0.906,-76,4
111080,111933,853,0,GE-Phrase,235,111929,112681,752,4,0.005,-849,-748
111080,111933,853,0,GE-Phase,stroke,110561,111156,595,76,0.089,519,777
111080,111933,853,0,GE-Phase,preparation,111156,111611,455,455,0.533,-76,322
111080,111933,853,0,GE-Phase,stroke,111611,111929,318,318,0.373,-531,4
111080,111933,853,0,GE-Phase,stroke hold,111929,112471,542,4,0.005,-849,-538
7660,8010,350,0,GE-Phrase,203,7612,9471,1859,350,1.0,48,-1461
7660,8010,350,0,GE-Phase,preparation,7612,8445,833,350,1.0,48,-435
12059,14017,1958,0,GE-Phrase,205,13467,16449,2982,550,0.281,-1408,-2432
12059,14017,1958,0,GE-Phase,preparation,13467,14334,867,550,0.281,-1408,-317
23185,24876,1691,0,GE-Phrase,209,23217,24642,1425,1425,0.843,-32,234
23185,24876,1691,0,GE-Phrase,210,24642,25844,1202,234,0.138,-1457,-968
23185,24876,1691,0,GE-Phase,preparation,23217,23638,421,421,0.249,-32,1238
23185,24876,1691,0,GE-Phase,stroke,23638,24372,734,734,0.434,-453,504
23185,24876,1691,0,GE-Phase,retraction,24372,24642,270,270,0.16,-1187,234
23185,24876,1691,0,GE-Phase,preparation,24642,25190,548,234,0.138,-1457,-314
73497,74483,986,0,GE-Phrase,222,72217,74052,1835,555,0.563,1280,431
73497,74483,986,0,GE-Phase,retraction,73497,74052,555,555,0.563,0,431
89400,90328,928,0,GE-Phrase,224,88270,90113,1843,713,0.768,1130,215
89400,90328,928,0,GE-Phrase,225,90113,92132,2019,215,0.232,-713,-1804
89400,90328,928,0,GE-Phase,retraction,89371,90113,742,713,0.768,29,215
89400,90328,928,0,GE-Phase,preparation,90113,90446,333,215,0.232,-713,-118
111080,111933,853,0,GE-Phrase,233,110395,111156,761,76,0.089,685,777
111080,111933,853,0,GE-Phrase,234,111156,111929,773,773,0.906,-76,4
111080,111933,853,0,GE-Phrase,235,111929,112681,752,4,0.005,-849,-748
111080,111933,853,0,GE-Phase,stroke,110561,111156,595,76,0.089,519,777
111080,111933,853,0,GE-Phase,preparation,111156,111611,455,455,0.533,-76,322
111080,111933,853,0,GE-Phase,stroke,111611,111929,318,318,0.373,-531,4
111080,111933,853,0,GE-Phase,stroke hold,111929,112471,542,4,0.005,-849,-538
7660,8010,350,0,GE-Phrase,203,7612,9471,1859,350,1.0,48,-1461
7660,8010,350,0,GE-Phase,preparation,7612,8445,833,350,1.0,48,-435
12059,14017,1958,0,GE-Phrase,205,13467,16449,2982,550,0.281,-1408,-2432
12059,14017,1958,0,GE-Phase,preparation,13467,14334,867,550,0.281,-1408,-317
23185,24876,1691,0,GE-Phrase,209,23217,24642,1425,1425,0.843,-32,234
23185,24876,1691,0,GE-Phrase,210,24642,25844,1202,234,0.138,-1457,-968
23185,24876,1691,0,GE-Phase,preparation,23217,23638,421,421,0.249,-32,1238
23185,24876,1691,0,GE-Phase,stroke,23638,24372,734,734,0.434,-453,504
23185,24876,1691,0,GE-Phase,retraction,24372,24642,270,270,0.16,-1187,234
23185,24876,1691,0,GE-Phase,preparation,24642,25190,548,234,0.138,-1457,-314
73497,74483,986,0,GE-Phrase,222,72217,74052,1835,555,0.563,1280,431
73497,74483,986,0,GE-Phase,retraction,73497,74052,555,555,0.563,0,431
89400,90328,928,0,GE-Phrase,224,88270,90113,1843,713,0.768,1130,215
89400,90328,928,0,GE-Phrase,225,90113,92132,2019,215,0.232,-713,-1804
89400,90328,928,0,GE-Phase,retraction,89371,90113,742,713,0.768,29,215
89400,90328,928,0,GE-Phase,preparation,90113,90446,333,215,0.232,-713,-118
111080,111933,853,0,GE-Phrase,233,110395,111156,761,76,0.089,685,777
111080,111933,853,0,GE-Phrase,234,111156,111929,773,773,0.906,-76,4
111080,111933,853,0,GE-Phrase,235,111929,112681,752,4,0.005,-849,-748
111080,111933,853,0,GE-Phase,stroke,110561,111156,595,76,0.089,519,777
111080,111933,853,0,GE-Phase,preparation,111156,111611,455,455,0.533,-76,322
111080,111933,853,0,GE-Phase,stroke,111611,111929,318,318,0.373,-531,4
111080,111933,853,0,GE-Phase,stroke hold,111929,112471,542,4,0.005,-849,-538
7660,8010,350,0,GE-Phrase,203,7612,9471,1859,350,1.0,48,-1461
7660,8010,350,0,GE-Phase,preparation,7612,8445,833,350,1.0,48,-435
12059,14017,1958,0,GE-Phrase,205,13467,16449,2982,550,0.281,-1408,-2432
12059,14017,1958,0,GE-Phase,preparation,13467,14334,867,550,0.281,-1408,-317
23185,24876,1691,0,GE-Phrase,209,23217,24642,1425,1425,0.843,-32,234
23185,24876,1691,0,GE-Phrase,210,24642,25844,1202,234,0.138,-1457,-968
23185,24876,1691,0,GE-Phase,preparation,23217,23638,421,421,0.249,-32,1238
23185,24876,1691,0,GE-Phase,stroke,23638,24372,734,734,0.434,-453,504
23185,24876,1691,0,GE-Phase,retraction,24372,24642,270,270,0.16,-1187,234
23185,24876,1691,0,GE-Phase,preparation,24642,25190,548,234,0.138,-1457,-314
73497,74483,986,0,GE-Phrase,222,72217,74052,1835,555,0.563,1280,431
73497,74483,986,0,GE-Phase,retraction,73497,74052,555,555,0.563,0,431
89400,90328,928,0,GE-Phrase,224,88270,90113,1843,713,0.768,1130,215
89400,90328,928,0,GE-Phrase,225,90113,92132,2019,215,0.232,-713,-1804
89400,90328,928,0,GE-Phase,retraction,89371,90113,742,713,0.768,29,215
89400,90328,928,0,GE-Phase,preparation,90113,90446,333,215,0.232,-713,-118
111080,111933,853,0,GE-Phrase,233,110395,111156,761,76,0.089,685,777
111080,111933,853,0,GE-Phrase,234,111156,111929,773,773,0.906,-76,4
111080,111933,853,0,GE-Phrase,235,111929,112681,752,4,0.005,-849,-748
111080,111933,853,0,GE-Phase,stroke,110561,111156,595,76,0.089,519,777
111080,111933,853,0,GE-Phase,preparation,111156,111611,455,455,0.533,-76,322
111080,111933,853,0,GE-Phase,stroke,111611,111929,318,318,0.373,-531,4
111080,111933,853,0,GE-Phase,stroke hold,111929,112471,542,4,0.005,-849,-538
7660,8010,350,0,GE-Phrase,203,7612,9471,1859,350,1.0,48,-1461
7660,8010,350,0,GE-Phase,preparation,7612,8445,833,350,1.0,48,-435
12059,14017,1958,0,GE-Phrase,205,13467,16449,2982,550,0.281,-1408,-2432
12059,14017,1958,0,GE-Phase,preparation,13467,14334,867,550,0.281,-1408,-317
23185,24876,1691,0,GE-Phrase,209,23217,24642,1425,1425,0.843,-32,234
23185,24876,1691,0,GE-Phrase,210,24642,25844,1202,234,0.138,-1457,-968
23185,24876,1691,0,GE-Phase,preparation,23217,23638,421,421,0.249,-32,1238
23185,24876,1691,0,GE-Phase,stroke,23638,24372,734,734,0.434,-453,504
23185,24876,1691,0,GE-Phase,retraction,24372,24642,270,270,0.16,-1187,234
23185,24876,1691,0,GE-Phase,preparation,24642,25190,548,234,0.138,-1457,-314
73497,74483,986,0,GE-Phrase,222,72217,74052,1835,555,0.563,1280,431
73497,74483,986,0,GE-Phase,retraction,73497,74052,555,555,0.563,0,431
89400,90328,928,0,GE-Phrase,224,88270,90113,1843,713,0.768,1130,215
89400,90328,928,0,GE-Phrase,225,90113,92132,2019,215,0.232,-713,-1804
89400,90328,928,0,GE-Phase,retraction,89371,90113,742,713,0.768,29,215
89400,90328,928,0,GE-Phase,preparation,90113,90446,333,215,0.232,-713,-118
111080,111933,853,0,GE-Phrase,233,110395,111156,761,76,0.089,685,777
111080,111933,853,0,GE-Phrase,234,111156,111929,773,773,0.906,-76,4
111080,111933,853,0,GE-Phrase,235,111929,112681,752,4,0.005,-849,-748
111080,111933,853,0,GE-Phase,stroke,110561,111156,595,76,0.089,519,777
111080,111933,853,0,GE-Phase,preparation,111156,111611,455,455,0.533,-76,322
111080,111933,853,0,GE-Phase,stroke,111611,111929,318,318,0.373,-531,4
111080,111933,853,0,GE-Phase,stroke hold,111929,112471,542,4,0.005,-849,-538
7660,8010,350,0,GE-Phrase,203,7612,9471,1859,350,1.0,48,-1461
7660,8010,350,0,GE-Phase,preparation,7612,8445,833,350,1.0,48,-435
12059,14017,1958,0,GE-Phrase,205,13467,16449,2982,550,0.281,-1408,-2432
12059,14017,1958,0,GE-Phase,preparation,13467,14334,867,550,0.281,-1408,-317
23185,24876,1691,0,GE-Phrase,209,23217,24642,1425,1425,0.843,-32,234
23185,24876,1691,0,GE-Phrase,210,24642,25844,1202,234,0.138,-1457,-968
23185,24876,1691,0,GE-Phase,preparation,23217,23638,421,421,0.249,-32,1238
23185,24876,1691,0,GE-Phase,stroke,23638,24372,734,734,0.434,-453,504
23185,24876,1691,0,GE-Phase,retraction,24372,24642,270,270,0.16,-1187,234
23185,24876,1691,0,GE-Phase,preparation,24642,25190,548,234,0.138,-1457,-314
73497,74483,986,0,GE-Phrase,222,72217,74052,1835,555,0.563,1280,431
73497,74483,986,0,GE-Phase,retraction,73497,74052,555,555,0.563,0,431
89400,90328,928,0,GE-Phrase,224,88270,90113,1843,713,0.768,1130,215
89400,90328,928,0,GE-Phrase,225,90113,92132,2019,215,0.232,-713,-1804
89400,90328,928,0,GE-Phase,retraction,89371,90113,742,713,0.768,29,215
89400,90328,928,0,GE-Phase,preparation,90113,90446,333,215,0.232,-713,-118
111080,111933,853,0,GE-Phrase,233,110395,111156,761,76,0.089,685,777
111080,111933,853,0,GE-Phrase,234,111156,111929,773,773,0.906,-76,4
111080,111933,853,0,GE-Phrase,235,111929,112681,752,4,0.005,-849,-748
111080,111933,853,0,GE-Phase,stroke,110561,111156,595,76,0.089,519,777
111080,111933,853,0,GE-Phase,preparation,111156,111611,455,455,0.533,-76,322
111080,111933,853,0,GE-Phase,stroke,111611,111929,318,318,0.373,-531,4
111080,111933,853,0,GE-Phase,stroke hold,111929,112471,542,4,0.005,-849,-538
7660,8010,350,0,GE-Phrase,203,7612,9471,1859,350,1.0,48,-1461
7660,8010,350,0,GE-Phase,preparation,7612,8445,833,350,1.0,48,-435
12059,14017,1958,0,GE-Phrase,205,13467,16449,2982,550,0.281,-1408,-2432
12059,14017,1958,0,GE-Phase,preparation,13467,14334,867,550,0.281,-1408,-317
23185,24876,1691,0,GE-Phrase,209,23217,24642,1425,1425,0.843,-32,234
23185,24876,1691,0,GE-Phrase,210,24642,25844,1202,234,0.138,-1457,-968
23185,24876,1691,0,GE-Phase,preparation,23217,23638,421,421,0.249,-32,1238
23185,24876,1691,0,GE-Phase,stroke,23638,24372,734,734,0.434,-453,504
23185,24876,1691,0,GE-Phase,retraction,24372,24642,270,270,0.16,-1187,234
23185,24876,1691,0,GE-Phase,preparation,24642,25190,548,234,0.138,-1457,-314
73497,74483,986,0,GE-Phrase,222,72217,74052,1835,555,0.563,1280,431
73497,74483,986,0,GE-Phase,retraction,73497,74052,555,555,0.563,0,431
89400,90328,928,0,GE-Phrase,224,88270,90113,1843,713,0.768,1130,215
89400,90328,928,0,GE-Phrase,225,90113,92132,2019,215,0.232,-713,-1804
89400,90328,928,0,GE-Phase,retraction,89371,90113,742,713,0.768,29,215
89400,90328,928,0,GE-Phase,preparation,90113,90446,333,215,0.232,-713,-118
111080,111933,853,0,GE-Phrase,233,110395,111156,761,76,0.089,685,777
111080,111933,853,0,GE-Phrase,234,111156,111929,773,773,0.906,-76,4
111080,111933,853,0,GE-Phrase,235,111929,112681,752,4,0.005,-849,-748
111080,111933,853,0,GE-Phase,stroke,110561,111156,595,76,0.089,519,777
111080,111933,853,0,GE-Phase,preparation,111156,111611,455,455,0.533,-76,322
111080,111933,853,0,GE-Phase,stroke,111611,111929,318,318,0.373,-531,4
111080,111933,853,0,GE-Phase,stroke hold,111929,112471,542,4,0.005,-849,-538
7660,8010,350,0,GE-Phrase,203,7612,9471,1859,350,1.0,48,-1461
7660,8010,350,0,GE-Phase,preparation,7612,8445,833,350,1.0,48,-435
12059,14017,1958,0,GE-Phrase,205,13467,16449,2982,550,0.281,-1408,-2432
12059,14017,1958,0,GE-Phase,preparation,13467,14334,867,550,0.281,-1408,-317
23185,24876,1691,0,GE-Phrase,209,23217,24642,1425,1425,0.843,-32,234
23185,24876,1691,0,GE-Phrase,210,24642,25844,1202,234,0.138,-1457,-968
23185,24876,1691,0,GE-Phase,preparation,23217,23638,421,421,0.249,-32,1238
23185,24876,1691,0,GE-Phase,stroke,23638,24372,734,734,0.434,-453,504
23185,24876,1691,0,GE-Phase,retraction,24372,24642,270,270,0.16,-1187,234
23185,24876,1691,0,GE-Phase,preparation,24642,25190,548,234,0.138,-1457,-314
73497,74483,986,0,GE-Phrase,222,72217,74052,1835,555,0.563,1280,431
73497,74483,986,0,GE-Phase,retraction,73497,74052,555,555,0.563,0,431
89400,90328,928,0,GE-Phrase,224,88270,90113,1843,713,0.768,1130,215
89400,90328,928,0,GE-Phrase,225,90113,92132,2019,215,0.232,-713,-1804
89400,90328,928,0,GE-Phase,retraction,89371,90113,742,713,0.768,29,215
89400,90328,928,0,GE-Phase,preparation,90113,90446,333,215,0.232,-713,-118
111080,111933,853,0,GE-Phrase,233,110395,111156,761,76,0.089,685,777
111080,111933,853,0,GE-Phrase,234,111156,111929,773,773,0.906,-76,4
111080,111933,853,0,GE-Phrase,235,111929,112681,752,4,0.005,-849,-748
111080,111933,853,0,GE-Phase,stroke,110561,111156,595,76,0.089,519,777
111080,111933,853,0,GE-Phase,preparation,111156,111611,455,455,0.533,-76,322
111080,111933,853,0,GE-Phase,stroke,111611,111929,318,318,0.373,-531,4
111080,111933,853,0,GE-Phase,stroke hold,111929,112471,542,4,0.005,-849,-538
7660,8010,350,0,GE-Phrase,203,7612,9471,1859,350,1.0,48,-1461
7660,8010,350,0,GE-Phase,preparation,7612,8445,833,350,1.0,48,-435
12059,14017,1958,0,GE-Phrase,205,13467,16449,2982,550,0.281,-1408,-2432
12059,14017,1958,0,GE-Phase,preparation,13467,14334,867,550,0.281,-1408,-317
23185,24876,1691,0,GE-Phrase,209,23217,24642,1425,1425,0.843,-32,234
23185,24876,1691,0,GE-Phrase,210,24642,25844,1202,234,0.138,-1457,-968
23185,24876,1691,0,GE-Phase,preparation,23217,23638,421,421,0.249,-32,1238
23185,24876,1691,0,GE-Phase,stroke,23638,24372,734,734,0.434,-453,504
23185,24876,1691,0,GE-Phase,retraction,24372,24642,270,270,0.16,-1187,234
23185,24876,1691,0,GE-Phase,preparation,24642,25190,548,234,0.138,-1457,-314
73497,74483,986,0,GE-Phrase,222,72217,74052,1835,555,0.563,1280,431
73497,74483,986,0,GE-Phase,retraction,73497,74052,555,555,0.563,0,431
89400,90328,928,0,GE-Phrase,224,88270,90113,1843,713,0.768,1130,215
89400,90328,928,0,GE-Phrase,225,90113,92132,2019,215,0.232,-713,-1804
89400,90328,928,0,GE-Phase,retraction,89371,90113,742,713,0.768,29,215
89400,90328,928,0,GE-Phase,preparation,90113,90446,333,215,0.232,-713,-118
111080,111933,853,0,GE-Phrase,233,110395,111156,761,76,0.089,685,777
111080,111933,853,0,GE-Phrase,234,111156,111929,773,773,0.906,-76,4
111080,111933,853,0,GE-Phrase,235,111929,112681,752,4,0.005,-849,-748
111080,111933,853,0,GE-Phase,stroke,110561,111156,595,76,0.089,519,777
111080,111933,853,0,GE-Phase,preparation,111156,111611,455,455,0.533,-76,322
111080,111933,853,0,GE-Phase,stroke,111611,111929,318,318,0.373,-531,4
111080,111933,853,0,GE-Phase,stroke hold,111929,112471,542,4,0.005,-849,-538
7660,8010,350,0,GE-Phrase,203,7612,9471,1859,350,1.0,48,-1461
7660,8010,350,0,GE-Phase,preparation,7612,8445,833,350,1.0,48,-435
12059,14017,1958,0,GE-Phrase,205,13467,16449,2982,550,0.281,-1408,-2432
12059,14017,1958,0,GE-Phase,preparation,13467,14334,867,550,0.281,-1408,-317
23185,24876,1691,0,GE-Phrase,209,23217,24642,1425,1425,0.843,-32,234
23185,24876,1691,0,GE-Phrase,210,24642,25844,1202,234,0.138,-1457,-968
23185,24876,1691,0,GE-Phase,preparation,23217,23638,421,421,0.249,-32,1238
23185,24876,1691,0,GE-Phase,stroke,23638,24372,734,734,0.434,-453,504
23185,24876,1691,0,GE-Phase,retraction,24372,24642,270,270,0.16,-1187,234
23185,24876,1691,0,GE-Phase,preparation,24642,25190,548,234,0.138,-1457,-314
73497,74483,986,0,GE-Phrase,222,72217,74052,1835,555,0.563,1280,431
73497,74483,986,0,GE-Phase,retraction,73497,74052,555,555,0.563,0,431
89400,90328,928,0,GE-Phrase,224,88270,90113,1843,713,0.768,1130,215
89400,90328,928,0,GE-Phrase,225,90113,92132,2019,215,0.232,-713,-1804
89400,90328,928,0,GE-Phase,retraction,89371,90113,742,713,0.768,29,215
89400,90328,928,0,GE-Phase,preparation,90113,90446,333,215,0.232,-713,-118
111080,111933,853,0,GE-Phrase,233,110395,111156,761,76,0.089,685,777
111080,111933,853,0,GE-Phrase,234,111156,111929,773,773,0.906,-76,4
111080,111933,853,0,GE-Phrase,235,111929,112681,752,4,0.005,-849,-748
111080,111933,853,0,GE-Phase,stroke,110561,111156,595,76,0.089,519,777
111080,111933,853,0,GE-Phase,preparation,111156,111611,455,455,0.533,-76,322
111080,111933,853,0,GE-Phase,stroke,111611,111929,318,318,0.373,-531,4
111080,111933,853,0,GE-Phase,stroke hold,111929,112471,542,4,0.005,-849,-538
7660,8010,350,0,GE-Phrase,203,7612,9471,1859,350,1.0,48,-1461
7660,8010,350,0,GE-Phase,preparation,7612,8445,833,350,1.0,48,-435
12059,14017,1958,0,GE-Phrase,205,13467,16449,2982,550,0.281,-1408,-2432
12059,14017,1958,0,GE-Phase,preparation,13467,14334,867,550,0.281,-1408,-317
23185,24876,1691,0,GE-Phrase,209,23217,24642,1425,1425,0.843,-32,234
23185,24876,1691,0,GE-Phrase,210,24642,25844,1202,234,0.138,-1457,-968
23185,24876,1691,0,GE-Phase,preparation,23217,23638,421,421,0.249,-32,1238
23185,24876,1691,0,GE-Phase,stroke,23638,24372,734,734,0.434,-453,504
23185,24876,1691,0,GE-Phase,retraction,24372,24642,270,270,0.16,-1187,234
23185,24876,1691,0,GE-Phase,preparation,24642,25190,548,234,0.138,-1457,-314
73497,74483,986,0,GE-Phrase,222,72217,74052,1835,555,0.563,1280,431
73497,74483,986,0,GE-Phase,retraction,73497,74052,555,555,0.563,0,431
89400,90328,928,0,GE-Phrase,224,88270,90113,1843,713,0.768,1130,215
89400,90328,928,0,GE-Phrase,225,90113,92132,2019,215,0.232,-713,-1804
89400,90328,928,0,GE-Phase,retraction,89371,90113,742,713,0.768,29,215
89400,90328,928,0,GE-Phase,preparation,90113,90446,333,215,0.232,-713,-118
111080,111933,853,0,GE-Phrase,233,110395,111156,761,76,0.089,685,777
111080,111933,853,0,GE-Phrase,234,111156,111929,773,773,0.906,-76,4
111080,111933,853,0,GE-Phrase,235,111929,112681,752,4,0.005,-849,-748
111080,111933,853,0,GE-Phase,stroke,110561,111156,595,76,0.089,519,777
111080,111933,853,0,GE-Phase,preparation,111156,111611,455,455,0.533,-76,322
111080,111933,853,0,GE-Phase,stroke,111611,111929,318,318,0.373,-531,4
111080,111933,853,0,GE-Phase,stroke hold,111929,112471,542,4,0.005,-849,-538
7660,8010,350,0,GE-Phrase,203,7612,9471,1859,350,1.0,48,-1461
7660,8010,350,0,GE-Phase,preparation,7612,8445,833,350,1.0,48,-435
12059,14017,1958,0,GE-Phrase,205,13467,16449,2982,550,0.281,-1408,-2432
12059,14017,1958,0,GE-Phase,preparation,13467,14334,867,550,0.281,-1408,-317
23185,24876,1691,0,GE-Phrase,209,23217,24642,1425,1425,0.843,-32,234
23185,24876,1691,0,GE-Phrase,210,24642,25844,1202,234,0.138,-1457,-968
23185,24876,1691,0,GE-Phase,preparation,23217,23638,421,421,0.249,-32,1238
23185,24876,1691,0,GE-Phase,stroke,23638,24372,734,734,0.434,-453,504
23185,24876,1691,0,GE-Phase,retraction,24372,24642,270,270,0.16,-1187,234
23185,24876,1691,0,GE-Phase,preparation,24642,25190,548,234,0.138,-1457,-314
73497,74483,986,0,GE-Phrase,222,72217,74052,1835,555,0.563,1280,431
73497,74483,986,0,GE-Phase,retraction,73497,74052,555,555,0.563,0,431
89400,90328,928,0,GE-Phrase,224,88270,90113,1843,713,0.768,1130,215
89400,90328,928,0,GE-Phrase,225,90113,92132,2019,215,0.232,-713,-1804
89400,90328,928,0,GE-Phase,retraction,89371,90113,742,713,0.768,29,215
89400,90328,928,0,GE-Phase,preparation,90113,90446,333,215,0.232,-713,-118
111080,111933,853,0,GE-Phrase,233,110395,111156,761,76,0.089,685,777
111080,111933,853,0,GE-Phrase,234,111156,111929,773,773,0.906,-76,4
111080,111933,853,0,GE-Phrase,235,111929,112681,752,4,0.005,-849,-748
111080,111933,853,0,GE-Phase,stroke,110561,111156,595,76,0.089,519,777
111080,111933,853,0,GE-Phase,preparation,111156,111611,455,455,0.533,-76,322
111080,111933,853,0,GE-Phase,stroke,111611,111929,318,318,0.373,-531,4
111080,111933,853,0,GE-Phase,stroke hold,111929,112471,542,4,0.005,-849,-538
7660,8010,350,0,GE-Phrase,203,7612,9471,1859,350,1.0,48,-1461
7660,8010,350,0,GE-Phase,preparation,7612,8445,833,350,1.0,48,-435
12059,14017,1958,0,GE-Phrase,205,13467,16449,2982,550,0.281,-1408,-2432
12059,14017,1958,0,GE-Phase,preparation,13467,14334,867,550,0.281,-1408,-317
23185,24876,1691,0,GE-Phrase,209,23217,24642,1425,1425,0.843,-32,234
23185,24876,1691,0,GE-Phrase,210,24642,25844,1202,234,0.138,-1457,-968
23185,24876,1691,0,GE-Phase,preparation,23217,23638,421,421,0.249,-32,1238
23185,24876,1691,0,GE-Phase,stroke,23638,24372,734,734,0.434,-453,504
23185,24876,1691,0,GE-Phase,retraction,24372,24642,270,270,0.16,-1187,234
23185,24876,1691,0,GE-Phase,preparation,24642,25190,548,234,0.138,-1457,-314
73497,74483,986,0,GE-Phrase,222,72217,74052,1835,555,0.563,1280,431
73497,74483,986,0,GE-Phase,retraction,73497,74052,555,555,0.563,0,431
89400,90328,928,0,GE-Phrase,224,88270,90113,1843,713,0.768,1130,215
89400,90328,928,0,GE-Phrase,225,90113,92132,2019,215,0.232,-713,-1804
89400,90328,928,0,GE-Phase,retraction,89371,90113,742,713,0.768,29,215
89400,90328,928,0,GE-Phase,preparation,90113,90446,333,215,0.232,-713,-118
111080,111933,853,0,GE-Phrase,233,110395,111156,761,76,0.089,685,777
111080,111933,853,0,GE-Phrase,234,111156,111929,773,773,0.906,-76,4
111080,111933,853,0,GE-Phrase,235,111929,112681,752,4,0.005,-849,-748
111080,111933,853,0,GE-Phase,stroke,110561,111156,595,76,0.089,519,777
111080,111933,853,0,GE-Phase,preparation,111156,111611,455,455,0.533,-76,322
111080,111933,853,0,GE-Phase,stroke,111611,111929,318,318,0.373,-531,4
111080,111933,853,0,GE-Phase,stroke hold,111929,112471,542,4,0.005,-849,-538
7660,8010,350,0,GE-Phrase,203,7612,9471,1859,350,1.0,48,-1461
7660,8010,350,0,GE-Phase,preparation,7612,8445,833,350,1.0,48,-435
12059,14017,1958,0,GE-Phrase,205,13467,16449,2982,550,0.281,-1408,-2432
12059,14017,1958,0,GE-Phase,preparation,13467,14334,867,550,0.281,-1408,-317
23185,24876,1691,0,GE-Phrase,209,23217,24642,1425,1425,0.843,-32,234
23185,24876,1691,0,GE-Phrase,210,24642,25844,1202,234,0.138,-1457,-968
23185,24876,1691,0,GE-Phase,preparation,23217,23638,421,421,0.249,-32,1238
23185,24876,1691,0,GE-Phase,stroke,23638,24372,734,734,0.434,-453,504
23185,24876,1691,0,GE-Phase,retraction,24372,24642,270,270,0.16,-1187,234
23185,24876,1691,0,GE-Phase,preparation,24642,25190,548,234,0.138,-1457,-314
73497,74483,986,0,GE-Phrase,222,72217,74052,1835,555,0.563,1280,431
73497,74483,986,0,GE-Phase,retraction,73497,74052,555,555,0.563,0,431
89400,90328,928,0,GE-Phrase,224,88270,90113,1843,713,0.768,1130,215
89400,90328,928,0,GE-Phrase,225,90113,92132,2019,215,0.232,-713,-1804
89400,90328,928,0,GE-Phase,retraction,89371,90113,742,713,0.768,29,215
89400,90328,928,0,GE-Phase,preparation,90113,90446,333,215,0.232,-713,-118
111080,111933,853,0,GE-Phrase,233,110395,111156,761,76,0.089,685,777
111080,111933,853,0,GE-Phrase,234,111156,111929,773,773,0.906,-76,4
111080,111933,853,0,GE-Phrase,235,111929,112681,752,4,0.005,-849,-748
111080,111933,853,0,GE-Phase,stroke,110561,111156,595,76,0.089,519,777
111080,111933,853,0,GE-Phase,preparation,111156,111611,455,455,0.533,-76,322
111080,111933,853,0,GE-Phase,stroke,111611,111929,318,318,0.373,-531,4
111080,111933,853,0,GE-Phase,stroke hold,111929,112471,542,4,0.005,-849,-538
7660,8010,350,0,GE-Phrase,203,7612,9471,1859,350,1.0,48,-1461
7660,8010,350,0,GE-Phase,preparation,7612,8445,833,350,1.0,48,-435
12059,14017,1958,0,GE-Phrase,205,13467,16449,2982,550,0.281,-1408,-2432
12059,14017,1958,0,GE-Phase,preparation,13467,14334,867,550,0.281,-1408,-317
23185,24876,1691,0,GE-Phrase,209,23217,24642,1425,1425,0.843,-32,234
23185,24876,1691,0,GE-Phrase,210,24642,25844,1202,234,0.138,-1457,-968
23185,24876,1691,0,GE-Phase,preparation,23217,23638,421,421,0.249,-32,1238
23185,24876,1691,0,GE-Phase,stroke,23638,24372,734,734,0.434,-453,504
23185,24876,1691,0,GE-Phase,retraction,24372,24642,270,270,0.16,-1187,234
23185,24876,1691,0,GE-Phase,preparation,24642,25190,548,234,0.138,-1457,-314
73497,74483,986,0,GE-Phrase,222,72217,74052,1835,555,0.563,1280,431
73497,74483,986,0,GE-Phase,retraction,73497,74052,555,555,0.563,0,431
89400,90328,928,0,GE-Phrase,224,88270,90113,1843,713,0.768,1130,215
89400,90328,928,0,GE-Phrase,225,90113,92132,2019,215,0.232,-713,-1804
89400,90328,928,0,GE-Phase,retraction,89371,90113,742,713,0.768,29,215
89400,90328,928,0,GE-Phase,preparation,90113,90446,333,215,0.232,-713,-118
111080,111933,853,0,GE-Phrase,233,110395,111156,761,76,0.089,685,777
111080,111933,853,0,GE-Phrase,234,111156,111929,773,773,0.906,-76,4
111080,111933,853,0,GE-Phrase,235,111929,112681,752,4,0.005,-849,-748
111080,111933,853,0,GE-Phase,stroke,110561,111156,595,76,0.089,519,777
111080,111933,853,0,GE-Phase,preparation,111156,111611,455,455,0.533,-76,322
111080,111933,853,0,GE-Phase,stroke,111611,111929,318,318,0.373,-531,4
111080,111933,853,0,GE-Phase,stroke hold,111929,112471,542,4,0.005,-849,-538
7660,8010,350,0,GE-Phrase,203,7612,9471,1859,350,1.0,48,-1461
7660,8010,350,0,GE-Phase,preparation,7612,8445,833,350,1.0,48,-435
12059,14017,1958,0,GE-Phrase,205,13467,16449,2982,550,0.281,-1408,-2432
12059,14017,1958,0,GE-Phase,preparation,13467,14334,867,550,0.281,-1408,-317
23185,24876,1691,0,GE-Phrase,209,23217,24642,1425,1425,0.843,-32,234
23185,24876,1691,0,GE-Phrase,210,24642,25844,1202,234,0.138,-1457,-968
23185,24876,1691,0,GE-Phase,preparation,23217,23638,421,421,0.249,-32,1238
23185,24876,1691,0,GE-Phase,stroke,23638,24372,734,734,0.434,-453,504
23185,24876,1691,0,GE-Phase,retraction,24372,24642,270,270,0.16,-1187,234
23185,24876,1691,0,GE-Phase,preparation,24642,25190,548,234,0.138,-1457,-314
73497,74483,986,0,GE-Phrase,222,72217,74052,1835,555,0.563,1280,431
73497,74483,986,0,GE-Phase,retraction,73497,74052,555,555,0.563,0,431
89400,90328,928,0,GE-Phrase,224,88270,90113,1843,713,0.768,1130,215
89400,90328,928,0,GE-Phrase,225,90113,92132,2019,215,0.232,-713,-1804
89400,90328,928,0,GE-Phase,retraction,89371,90113,742,713,0.768,29,215
89400,90328,928,0,GE-Phase,preparation,90113,90446,333,215,0.232,-713,-118
111080,111933,853,0,GE-Phrase,233,110395,111156,761,76,0.089,685,777
111080,111933,853,0,GE-Phrase,234,111156,111929,773,773,0.906,-76,4
111080,111933,853,0,GE-Phrase,235,111929,112681,752,4,0.005,-849,-748
111080,111933,853,0,GE-Phase,stroke,110561,111156,595,76,0.089,519,777
111080,111933,853,0,GE-Phase,preparation,111156,111611,455,455,0.533,-76,322
111080,111933,853,0,GE-Phase,stroke,111611,111929,318,318,0.373,-531,4
111080,111933,853,0,GE-Phase,stroke hold,111929,112471,542,4,0.005,-849,-538
7660,8010,350,0,GE-Phrase,203,7612,9471,1859,350,1.0,48,-1461
7660,8010,350,0,GE-Phase,preparation,7612,8445,833,350,1.0,48,-435
12059,14017,1958,0,GE-Phrase,205,13467,16449,2982,550,0.281,-1408,-2432
12059,14017,1958,0,GE-Phase,preparation,13467,14334,867,550,0.281,-1408,-317
23185,24876,1691,0,GE-Phrase,209,23217,24642,1425,1425,0.843,-32,234
23185,24876,1691,0,GE-Phrase,210,24642,25844,1202,234,0.138,-1457,-968
23185,24876,1691,0,GE-Phase,preparation,23217,23638,421,421,0.249,-32,1238
23185,24876,1691,0,GE-Phase,stroke,23638,24372,734,734,0.434,-453,504
23185,24876,1691,0,GE-Phase,retraction,24372,24642,270,270,0.16,-1187,234
23185,24876,1691,0,GE-Phase,preparation,24642,25190,548,234,0.138,-1457,-314
73497,74483,986,0,GE-Phrase,222,72217,74052,1835,555,0.563,1280,431
73497,74483,986,0,GE-Phase,retraction,73497,74052,555,555,0.563,0,431
89400,90328,928,0,GE-Phrase,224,88270,90113,1843,713,0.768,1130,215
89400,90328,928,0,GE-Phrase,225,90113,92132,2019,215,0.232,-713,-1804
89400,90328,928,0,GE-Phase,retraction,89371,90113,742,713,0.768,29,215
89400,90328,928,0,GE-Phase,preparation,90113,90446,333,215,0.232,-713,-118
111080,111933,853,0,GE-Phrase,233,110395,111156,761,76,0.089,685,777
111080,111933,853,0,GE-Phrase,234,111156,111929,773,773,0.906,-76,4
111080,111933,853,0,GE-Phrase,235,111929,112681,752,4,0.005,-849,-748
111080,111933,853,0,GE-Phase,stroke,110561,111156,595,76,0.089,519,777
111080,111933,853,0,GE-Phase,preparation,111156,111611,455,455,0.533,-76,322
111080,111933,853,0,GE-Phase,stroke,111611,111929,318,318,0.373,-531,4
111080,111933,853,0,GE-Phase,stroke hold,111929,112471,542,4,0.005,-849,-538
7660,8010,350,0,GE-Phrase,203,7612,9471,1859,350,1.0,48,-1461
7660,8010,350,0,GE-Phase,preparation,7612,8445,833,350,1.0,48,-435
12059,14017,1958,0,GE-Phrase,205,13467,16449,2982,550,0.281,-1408,-2432
12059,14017,1958,0,GE-Phase,preparation,13467,14334,867,550,0.281,-1408,-317
23185,24876,1691,0,GE-Phrase,209,23217,24642,1425,1425,0.843,-32,234
23185,24876,1691,0,GE-Phrase,210,24642,25844,1202,234,0.138,-1457,-968
23185,24876,1691,0,GE-Phase,preparation,23217,23638,421,421,0.249,-32,1238
23185,24876,1691,0,GE-Phase,stroke,23638,24372,734,734,0.434,-453,504
23185,24876,1691,0,GE-Phase,retraction,24372,24642,270,270,0.16,-1187,234
23185,24876,1691,0,GE-Phase,preparation,24642,25190,548,234,0.138,-1457,-314
73497,74483,986,0,GE-Phrase,222,72217,74052,1835,555,0.563,1280,431
73497,74483,986,0,GE-Phase,retraction,73497,74052,555,555,0.563,0,431
89400,90328,928,0,GE-Phrase,224,88270,90113,1843,713,0.768,1130,215
89400,90328,928,0,GE-Phrase,225,90113,92132,2019,215,0.232,-713,-1804
89400,90328,928,0,GE-Phase,retraction,89371,90113,742,713,0.768,29,215
89400,90328,928,0,GE-Phase,preparation,90113,90446,333,215,0.232,-713,-118
111080,111933,853,0,GE-Phrase,233,110395,111156,761,76,0.089,685,777
111080,111933,853,0,GE-Phrase,234,111156,111929,773,773,0.906,-76,4
111080,111933,853,0,GE-Phrase,235,111929,112681,752,4,0.005,-849,-748
111080,111933,853,0,GE-Phase,stroke,110561,111156,595,76,0.089,519,777
111080,111933,853,0,GE-Phase,preparation,111156,111611,455,455,0.533,-76,322
111080,111933,853,0,GE-Phase,stroke,111611,111929,318,318,0.373,-531,4
111080,111933,853,0,GE-Phase,stroke hold,111929,112471,542,4,0.005,-849,-538
7660,8010,350,0,GE-Phrase,203,7612,9471,1859,350,1.0,48,-1461
7660,8010,350,0,GE-Phase,preparation,7612,8445,833,350,1.0,48,-435
12059,14017,1958,0,GE-Phrase,205,13467,16449,2982,550,0.281,-1408,-2432
12059,14017,1958,0,GE-Phase,preparation,13467,14334,867,550,0.281,-1408,-317
23185,24876,1691,0,GE-Phrase,209,23217,24642,1425,1425,0.843,-32,234
23185,24876,1691,0,GE-Phrase,210,24642,25844,1202,234,0.138,-1457,-968
23185,24876,1691,0,GE-Phase,preparation,23217,23638,421,421,0.249,-32,1238
23185,24876,1691,0,GE-Phase,stroke,23638,24372,734,734,0.434,-453,504
23185,24876,1691,0,GE-Phase,retraction,24372,24642,270,270,0.16,-1187,234
23185,24876,1691,0,GE-Phase,preparation,24642,25190,548,234,0.138,-1457,-314
73497,74483,986,0,GE-Phrase,222,72217,74052,1835,555,0.563,1280,431
73497,74483,986,0,GE-Phase,retraction,73497,74052,555,555,0.563,0,431
89400,90328,928,0,GE-Phrase,224,88270,90113,1843,713,0.768,1130,215
89400,90328,928,0,GE-Phrase,225,90113,92132,2019,215,0.232,-713,-1804
89400,90328,928,0,GE-Phase,retraction,89371,90113,742,713,0.768,29,215
89400,90328,928,0,GE-Phase,preparation,90113,90446,333,215,0.232,-713,-118
111080,111933,853,0,GE-Phrase,233,110395,111156,761,76,0.089,685,777
111080,111933,853,0,GE-Phrase,234,111156,111929,773,773,0.906,-76,4
111080,111933,853,0,GE-Phrase,235,111929,112681,752,4,0.005,-849,-748
111080,111933,853,0,GE-Phase,stroke,110561,111156,595,76,0.089,519,777
111080,111933,853,0,GE-Phase,preparation,111156,111611,455,455,0.533,-76,322
111080,111933,853,0,GE-Phase,stroke,111611,111929,318,318,0.373,-531,4
111080,111933,853,0,GE-Phase,stroke hold,111929,112471,542,4,0.005,-849,-538
7660,8010,350,0,GE-Phrase,203,7612,9471,1859,350,1.0,48,-1461
7660,8010,350,0,GE-Phase,preparation,7612,8445,833,350,1.0,48,-435
12059,14017,1958,0,GE-Phrase,205,13467,16449,2982,550,0.281,-1408,-2432
12059,14017,1958,0,GE-Phase,preparation,13467,14334,867,550,0.281,-1408,-317
23185,24876,1691,0,GE-Phrase,209,23217,24642,1425,1425,0.843,-32,234
23185,24876,1691,0,GE-Phrase,210,24642,25844,1202,234,0.138,-1457,-968
23185,24876,1691,0,GE-Phase,preparation,23217,23638,421,421,0.249,-32,1238
23185,24876,1691,0,GE-Phase,stroke,23638,24372,734,734,0.434,-453,504
23185,24876,1691,0,GE-Phase,retraction,24372,24642,270,270,0.16,-1187,234
23185,24876,1691,0,GE-Phase,preparation,24642,25190,548,234,0.138,-1457,-314
73497,74483,986,0,GE-Phrase,222,72217,74052,1835,555,0.563,1280,431
73497,74483,986,0,GE-Phase,retraction,73497,74052,555,555,0.563,0,431
89400,90328,928,0,GE-Phrase,224,88270,90113,1843,713,0.768,1130,215
89400,90328,928,0,GE-Phrase,225,90113,92132,2019,215,0.232,-713,-1804
89400,90328,928,0,GE-Phase,retraction,89371,90113,742,713,0.768,29,215
89400,90328,928,0,GE-Phase,preparation,90113,90446,333,215,0.232,-713,-118
111080,111933,853,0,GE-Phrase,233,110395,111156,761,76,0.089,685,777
111080,111933,853,0,GE-Phrase,234,111156,111929,773,773,0.906,-76,4
111080,111933,853,0,GE-Phrase,235,111929,112681,752,4,0.005,-849,-748
111080,111933,853,0,GE-Phase,stroke,110561,111156,595,76,0.089,519,777
111080,111933,853,0,GE-Phase,preparation,111156,111611,455,455,0.533,-76,322
111080,111933,853,0,GE-Phase,stroke,111611,111929,318,318,0.373,-531,4
111080,111933,853,0,GE-Phase,stroke hold,111929,112471,542,4,0.005,-849,-538
7660,8010,350,0,GE-Phrase,203,7612,9471,1859,350,1.0,48,-1461
7660,8010,350,0,GE-Phase,preparation,7612,8445,833,350,1.0,48,-435
12059,14017,1958,0,GE-Phrase,205,13467,16449,2982,550,0.281,-1408,-2432
12059,14017,1958,0,GE-Phase,preparation,13467,14334,867,550,0.281,-1408,-317
23185,24876,1691,0,GE-Phrase,209,23217,24642,1425,1425,0.843,-32,234
23185,24876,1691,0,GE-Phrase,210,24642,25844,1202,234,0.138,-1457,-968
23185,24876,1691,0,GE-Phase,preparation,23217,23638,421,421,0.249,-32,1238
23185,24876,1691,0,GE-Phase,stroke,23638,24372,734,734,0.434,-453,504
23185,24876,1691,0,GE-Phase,retraction,24372,24642,270,270,0.16,-1187,234
23185,24876,1691,0,GE-Phase,preparation,24642,25190,548,234,0.138,-1457,-314
73497,74483,986,0,GE-Phrase,222,72217,74052,1835,555,0.563,1280,431
73497,74483,986,0,GE-Phase,retraction,73497,74052,555,555,0.563,0,431
89400,90328,928,0,GE-Phrase,224,88270,90113,1843,713,0.768,1130,215
89400,90328,928,0,GE-Phrase,225,90113,92132,2019,215,0.232,-713,-1804
89400,90328,928,0,GE-Phase,retraction,89371,90113,742,713,0.768,29,215
89400,90328,928,0,GE-Phase,preparation,90113,90446,333,215,0.232,-713,-118
111080,111933,853,0,GE-Phrase,233,110395,111156,761,76,0.089,685,777
111080,111933,853,0,GE-Phrase,234,111156,111929,773,773,0.906,-76,4
111080,111933,853,0,GE-Phrase,235,111929,112681,752,4,0.005,-849,-748
111080,111933,853,0,GE-Phase,stroke,110561,111156,595,76,0.089,519,777
111080,111933,853,0,GE-Phase,preparation,111156,111611,455,455,0.533,-76,322
111080,111933,853,0,GE-Phase,stroke,111611,111929,318,318,0.373,-531,4
111080,111933,853,0,GE-Phase,stroke hold,111929,112471,542,4,0.005,-849,-538
7660,8010,350,0,GE-Phrase,203,7612,9471,1859,350,1.0,48,-1461
7660,8010,350,0,GE-Phase,preparation,7612,8445,833,350,1.0,48,-435
12059,14017,1958,0,GE-Phrase,205,13467,16449,2982,550,0.281,-1408,-2432
12059,14017,1958,0,GE-Phase,preparation,13467,14334,867,550,0.281,-1408,-317
23185,24876,1691,0,GE-Phrase,209,23217,24642,1425,1425,0.843,-32,234
23185,24876,1691,0,GE-Phrase,210,24642,25844,1202,234,0.138,-1457,-968
23185,24876,1691,0,GE-Phase,preparation,23217,23638,421,421,0.249,-32,1238
23185,24876,1691,0,GE-Phase,stroke,23638,24372,734,734,0.434,-453,504
23185,24876,1691,0,GE-Phase,retraction,24372,24642,270,270,0.16,-1187,234
23185,24876,1691,0,GE-Phase,preparation,24642,25190,548,234,0.138,-1457,-314
73497,74483,986,0,GE-Phrase,222,72217,74052,1835,555,0.563,1280,431
73497,74483,986,0,GE-Phase,retraction,73497,74052,555,555,0.563,0,431
89400,90328,928,0,GE-Phrase,224,88270,90113,1843,713,0.768,1130,215
89400,90328,928,0,GE-Phrase,225,90113,92132,2019,215,0.232,-713,-1804
89400,90328,928,0,GE-Phase,retraction,89371,90113,742,713,0.768,29,215
89400,90328,928,0,GE-Phase,preparation,90113,90446,333,215,0.232,-713,-118
111080,111933,853,0,GE-Phrase,233,110395,111156,761,76,0.089,685,777
111080,111933,853,0,GE-Phrase,234,111156,111929,773,773,0.906,-76,4
111080,111933,853,0,GE-Phrase,235,111929,112681,752,4,0.005,-849,-748
111080,111933,853,0,GE-Phase,stroke,110561,111156,595,76,0.089,519,777
111080,111933,853,0,GE-Phase,preparation,111156,111611,455,455,0.533,-76,322
111080,111933,853,0,GE-Phase,stroke,111611,111929,318,318,0.373,-531,4
111080,111933,853,0,GE-Phase,stroke hold,111929,112471,542,4,0.005,-849,-538
7660,8010,350,0,GE-Phrase,203,7612,9471,1859,350,1.0,48,-1461
7660,8010,350,0,GE-Phase,preparation,7612,8445,833,350,1.0,48,-435
12059,14017,1958,0,GE-Phrase,205,13467,16449,2982,550,0.281,-1408,-2432
12059,14017,1958,0,GE-Phase,preparation,13467,14334,867,550,0.281,-1408,-317
23185,24876,1691,0,GE-Phrase,209,23217,24642,1425,1425,0.843,-32,234
23185,24876,1691,0,GE-Phrase,210,24642,25844,1202,234,0.138,-1457,-968
23185,24876,1691,0,GE-Phase,preparation,23217,23638,421,421,0.249,-32,1238
23185,24876,1691,0,GE-Phase,stroke,23638,24372,734,734,0.434,-453,504
23185,24876,1691,0,GE-Phase,retraction,24372,24642,270,270,0.16,-1187,234
23185,24876,1691,0,GE-Phase,preparation,24642,25190,548,234,0.138,-1457,-314
73497,74483,986,0,GE-Phrase,222,72217,74052,1835,555,0.563,1280,431
73497,74483,986,0,GE-Phase,retraction,73497,74052,555,555,0.563,0,431
89400,90328,928,0,GE-Phrase,224,88270,90113,1843,713,0.768,1130,215
89400,90328,928,0,GE-Phrase,225,90113,92132,2019,215,0.232,-713,-1804
89400,90328,928,0,GE-Phase,retraction,89371,90113,742,713,0.768,29,215
89400,90328,928,0,GE-Phase,preparation,90113,90446,333,215,0.232,-713,-118
111080,111933,853,0,GE-Phrase,233,110395,111156,761,76,0.089,685,777
111080,111933,853,0,GE-Phrase,234,111156,111929,773,773,0.906,-76,4
111080,111933,853,0,GE-Phrase,235,111929,112681,752,4,0.005,-849,-748
111080,111933,853,0,GE-Phase,stroke,110561,111156,595,76,0.089,519,777
111080,111933,853,0,GE-Phase,preparation,111156,111611,455,455,0.533,-76,322
111080,111933,853,0,GE-Phase,stroke,111611,111929,318,318,0.373,-531,4
111080,111933,853,0,GE-Phase,stroke hold,111929,112471,542,4,0.005,-849,-538
7660,8010,350,0,GE-Phrase,203,7612,9471,1859,350,1.0,48,-1461
7660,8010,350,0,GE-Phase,preparation,7612,8445,833,350,1.0,48,-435
12059,14017,1958,0,GE-Phrase,205,13467,16449,2982,550,0.281,-1408,-2432
12059,14017,1958,0,GE-Phase,preparation,13467,14334,867,550,0.281,-1408,-317
23185,24876,1691,0,GE-Phrase,209,23217,24642,1425,1425,0.843,-32,234
23185,24876,1691,0,GE-Phrase,210,24642,25844,1202,234,0.138,-1457,-968
23185,24876,1691,0,GE-Phase,preparation,23217,23638,421,421,0.249,-32,1238
23185,24876,1691,0,GE-Phase,stroke,23638,24372,734,734,0.434,-453,504
23185,24876,1691,0,GE-Phase,retraction,24372,24642,270,270,0.16,-1187,234
23185,24876,1691,0,GE-Phase,preparation,24642,25190,548,234,0.138,-1457,-314
73497,74483,986,0,GE-Phrase,222,72217,74052,1835,555,0.563,1280,431
73497,74483,986,0,GE-Phase,retraction,73497,74052,555,555,0.563,0,431
89400,90328,928,0,GE-Phrase,224,88270,90113,1843,713,0.768,1130,215
89400,90328,928,0,GE-Phrase,225,90113,92132,2019,215,0.232,-713,-1804
89400,90328,928,0,GE-Phase,retraction,89371,90113,742,713,0.768,29,215
89400,90328,928,0,GE-Phase,preparation,90113,90446,333,215,0.232,-713,-118
111080,111933,853,0,GE-Phrase,233,110395,111156,761,76,0.089,685,777
111080,111933,853,0,GE-Phrase,234,111156,111929,773,773,0.906,-76,4
111080,111933,853,0,GE-Phrase,235,111929,112681,752,4,0.005,-849,-748
111080,111933,853,0,GE-Phase,stroke,110561,111156,595,76,0.089,519,777
111080,111933,853,0,GE-Phase,preparation,111156,111611,455,455,0.533,-76,322
111080,111933,853,0,GE-Phase,stroke,111611,111929,318,318,0.373,-531,4
111080,111933,853,0,GE-Phase,stroke hold,111929,112471,542,4,0.005,-849,-538
7660,8010,350,0,GE-Phrase,203,7612,9471,1859,350,1.0,48,-1461
7660,8010,350,0,GE-Phase,preparation,7612,8445,833,350,1.0,48,-435
12059,14017,1958,0,GE-Phrase,205,13467,16449,2982,550,0.281,-1408,-2432
12059,14017,1958,0,GE-Phase,preparation,13467,14334,867,550,0.281,-1408,-317
23185,24876,1691,0,GE-Phrase,209,23217,24642,1425,1425,0.843,-32,234
23185,24876,1691,0,GE-Phrase,210,24642,25844,1202,234,0.138,-1457,-968
23185,24876,1691,0,GE-Phase,preparation,23217,23638,421,421,0.249,-32,1238
23185,24876,1691,0,GE-Phase,stroke,23638,24372,734,734,0.434,-453,504
23185,24876,1691,0,GE-Phase,retraction,24372,24642,270,270,0.16,-1187,234
23185,24876,1691,0,GE-Phase,preparation,24642,25190,548,234,0.138,-1457,-314
73497,74483,986,0,GE-Phrase,222,72217,74052,1835,555,0.563,1280,431
73497,74483,986,0,GE-Phase,retraction,73497,74052,555,555,0.563,0,431
89400,90328,928,0,GE-Phrase,224,88270,90113,1843,713,0.768,1130,215
89400,90328,928,0,GE-Phrase,225,90113,92132,2019,215,0.232,-713,-1804
89400,90328,928,0,GE-Phase,retraction,89371,90113,742,713,0.768,29,215
89400,90328,928,0,GE-Phase,preparation,90113,90446,333,215,0.232,-713,-118
111080,111933,853,0,GE-Phrase,233,110395,111156,761,76,0.089,685,777
111080,111933,853,0,GE-Phrase,234,111156,111929,773,773,0.906,-76,4
111080,111933,853,0,GE-Phrase,235,111929,112681,752,4,0.005,-849,-748
111080,111933,853,0,GE-Phase,stroke,110561,111156,595,76,0.089,519,777
111080,111933,853,0,GE-Phase,preparation,111156,111611,455,455,0.533,-76,322
111080,111933,853,0,GE-Phase,stroke,111611,111929,318,318,0.373,-531,4
111080,111933,853,0,GE-Phase,stroke hold,111929,112471,542,4,0.005,-849,-538
7660,8010,350,0,GE-Phrase,203,7612,9471,1859,350,1.0,48,-1461
7660,8010,350,0,GE-Phase,preparation,7612,8445,833,350,1.0,48,-435
12059,14017,1958,0,GE-Phrase,205,13467,16449,2982,550,0.281,-1408,-2432
12059,14017,1958,0,GE-Phase,preparation,13467,14334,867,550,0.281,-1408,-317
23185,24876,1691,0,GE-Phrase,209,23217,24642,1425,1425,0.843,-32,234
23185,24876,1691,0,GE-Phrase,210,24642,25844,1202,234,0.138,-1457,-968
23185,24876,1691,0,GE-Phase,preparation,23217,23638,421,421,0.249,-32,1238
23185,24876,1691,0,GE-Phase,stroke,23638,24372,734,734,0.434,-453,504
23185,24876,1691,0,GE-Phase,retraction,24372,24642,270,270,0.16,-1187,234
23185,24876,1691,0,GE-Phase,preparation,24642,25190,548,234,0.138,-1457,-314
73497,74483,986,0,GE-Phrase,222,72217,74052,1835,555,0.563,1280,431
73497,74483,986,0,GE-Phase,retraction,73497,74052,555,555,0.563,0,431
89400,90328,928,0,GE-Phrase,224,88270,90113,1843,713,0.768,1130,215
89400,90328,928,0,GE-Phrase,225,90113,92132,2019,215,0.232,-713,-1804
89400,90328,928,0,GE-Phase,retraction,89371,90113,742,713,0.768,29,215
89400,90328,928,0,GE-Phase,preparation,90113,90446,333,215,0.232,-713,-118
111080,111933,853,0,GE-Phrase,233,110395,111156,761,76,0.089,685,777
111080,111933,853,0,GE-Phrase,234,111156,111929,773,773,0.906,-76,4
111080,111933,853,0,GE-Phrase,235,111929,112681,752,4,0.005,-849,-748
111080,111933,853,0,GE-Phase,stroke,110561,111156,595,76,0.089,519,777
111080,111933,853,0,GE-Phase,preparation,111156,111611,455,455,0.533,-76,322
111080,111933,853,0,GE-Phase,stroke,111611,111929,318,318,0.373,-531,4
111080,111933,853,0,GE-Phase,stroke hold,111929,112471,542,4,0.005,-849,-538
7660,8010,350,0,GE-Phrase,203,7612,9471,1859,350,1.0,48,-1461
7660,8010,350,0,GE-Phase,preparation,7612,8445,833,350,1.0,48,-435
12059,14017,1958,0,GE-Phrase,205,13467,16449,2982,550,0.281,-1408,-2432
12059,14017,1958,0,GE-Phase,preparation,13467,14334,867,550,0.281,-1408,-317
23185,24876,1691,0,GE-Phrase,209,23217,24642,1425,1425,0.843,-32,234
23185,24876,1691,0,GE-Phrase,210,24642,25844,1202,234,0.138,-1457,-968
23185,24876,1691,0,GE-Phase,preparation,23217,23638,421,421,0.249,-32,1238
23185,24876,1691,0,GE-Phase,stroke,23638,24372,734,734,0.434,-453,504
23185,24876,1691,0,GE-Phase,retraction,24372,24642,270,270,0.16,-1187,234
23185,24876,1691,0,GE-Phase,preparation,24642,25190,548,234,0.138,-1457,-314
73497,74483,986,0,GE-Phrase,222,72217,74052,1835,555,0.563,1280,431
73497,74483,986,0,GE-Phase,retraction,73497,74052,555,555,0.563,0,431
89400,90328,928,0,GE-Phrase,224,88270,90113,1843,713,0.768,1130,215
89400,90328,928,0,GE-Phrase,225,90113,92132,2019,215,0.232,-713,-1804
89400,90328,928,0,GE-Phase,retraction,89371,90113,742,713,0.768,29,215
89400,90328,928,0,GE-Phase,preparation,90113,90446,333,215,0.232,-713,-118
111080,111933,853,0,GE-Phrase,233,110395,111156,761,76,0.089,685,777
111080,111933,853,0,GE-Phrase,234,111156,111929,773,773,0.906,-76,4
111080,111933,853,0,GE-Phrase,235,111929,112681,752,4,0.005,-849,-748
111080,111933,853,0,GE-Phase,stroke,110561,111156,595,76,0.089,519,777
111080,111933,853,0,GE-Phase,preparation,111156,111611,455,455,0.533,-76,322
111080,111933,853,0,GE-Phase,stroke,111611,111929,318,318,0.373,-531,4
111080,111933,853,0,GE-Phase,stroke hold,111929,112471,542,4,0.005,-849,-538
7660,8010,350,0,GE-Phrase,203,7612,9471,1859,350,1.0,48,-1461
7660,8010,350,0,GE-Phase,preparation,7612,8445,833,350,1.0,48,-435
12059,14017,1958,0,GE-Phrase,205,13467,16449,2982,550,0.281,-1408,-2432
12059,14017,1958,0,GE-Phase,preparation,13467,14334,867,550,0.281,-1408,-317
23185,24876,1691,0,GE-Phrase,209,23217,24642,1425,1425,0.843,-32,234
23185,24876,1691,0,GE-Phrase,210,24642,25844,1202,234,0.138,-1457,-968
23185,24876,1691,0,GE-Phase,preparation,23217,23638,421,421,0.249,-32,1238
23185,24876,1691,0,GE-Phase,stroke,23638,24372,734,734,0.434,-453,504
23185,24876,1691,0,GE-Phase,retraction,24372,24642,270,270,0.16,-1187,234
23185,24876,1691,0,GE-Phase,preparation,24642,25190,548,234,0.138,-1457,-314
73497,74483,986,0,GE-Phrase,222,72217,74052,1835,555,0.563,1280,431
73497,74483,986,0,GE-Phase,retraction,73497,74052,555,555,0.563,0,431
89400,90328,928,0,GE-Phrase,224,88270,90113,1843,713,0.768,1130,215
89400,90328,928,0,GE-Phrase,225,90113,92132,2019,215,0.232,-713,-1804
89400,90328,928,0,GE-Phase,retraction,89371,90113,742,713,0.768,29,215
89400,90328,928,0,GE-Phase,preparation,90113,90446,333,215,0.232,-713,-118
111080,111933,853,0,GE-Phrase,233,110395,111156,761,76,0.089,685,777
111080,111933,853,0,GE-Phrase,234,111156,111929,773,773,0.906,-76,4
111080,111933,853,0,GE-Phrase,235,111929,112681,752,4,0.005,-849,-748
111080,111933,853,0,GE-Phase,stroke,110561,111156,595,76,0.089,519,777
111080,111933,853,0,GE-Phase,preparation,111156,111611,455,455,0.533,-76,322
111080,111933,853,0,GE-Phase,stroke,111611,111929,318,318,0.373,-531,4
111080,111933,853,0,GE-Phase,stroke hold,111929,112471,542,4,0.005,-849,-538
7660,8010,350,0,GE-Phrase,203,7612,9471,1859,350,1.0,48,-1461
7660,8010,350,0,GE-Phase,preparation,7612,8445,833,350,1.0,48,-435
12059,14017,1958,0,GE-Phrase,205,13467,16449,2982,550,0.281,-1408,-2432
12059,14017,1958,0,GE-Phase,preparation,13467,14334,867,550,0.281,-1408,-317
23185,24876,1691,0,GE-Phrase,209,23217,24642,1425,1425,0.843,-32,234
23185,24876,1691,0,GE-Phrase,210,24642,25844,1202,234,0.138,-1457,-968
23185,24876,1691,0,GE-Phase,preparation,23217,23638,421,421,0.249,-32,1238
23185,24876,1691,0,GE-Phase,stroke,23638,24372,734,734,0.434,-453,504
23185,24876,1691,0,GE-Phase,retraction,24372,24642,270,270,0.16,-1187,234
23185,24876,1691,0,GE-Phase,preparation,24642,25190,548,234,0.138,-1457,-314
73497,74483,986,0,GE-Phrase,222,72217,74052,1835,555,0.563,1280,431
73497,74483,986,0,GE-Phase,retraction,73497,74052,555,555,0.563,0,431
89400,90328,928,0,GE-Phrase,224,88270,90113,1843,713,0.768,1130,215
89400,90328,928,0,GE-Phrase,225,90113,92132,2019,215,0.232,-713,-1804
89400,90328,928,0,GE-Phase,retraction,89371,90113,742,713,0.768,29,215
89400,90328,928,0,GE-Phase,preparation,90113,90446,333,215,0.232,-713,-118
111080,111933,853,0,GE-Phrase,233,110395,111156,761,76,0.089,685,777
111080,111933,853,0,GE-Phrase,234,111156,111929,773,773,0.906,-76,4
111080,111933,853,0,GE-Phrase,235,111929,112681,752,4,0.005,-849,-748
111080,111933,853,0,GE-Phase,stroke,110561,111156,595,76,0.089,519,777
111080,111933,853,0,GE-Phase,preparation,111156,111611,455,455,0.533,-76,322
111080,111933,853,0,GE-Phase,stroke,111611,111929,318,318,0.373,-531,4
111080,111933,853,0,GE-Phase,stroke hold,111929,112471,542,4,0.005,-849,-538
7660,8010,350,0,GE-Phrase,203,7612,9471,1859,350,1.0,48,-1461
7660,8010,350,0,GE-Phase,preparation,7612,8445,833,350,1.0,48,-435
12059,14017,1958,0,GE-Phrase,205,13467,16449,2982,550,0.281,-1408,-2432
12059,14017,1958,0,GE-Phase,preparation,13467,14334,867,550,0.281,-1408,-317
23185,24876,1691,0,GE-Phrase,209,23217,24642,1425,1425,0.843,-32,234
23185,24876,1691,0,GE-Phrase,210,24642,25844,1202,234,0.138,-1457,-968
23185,24876,1691,0,GE-Phase,preparation,23217,23638,421,421,0.249,-32,1238
23185,24876,1691,0,GE-Phase,stroke,23638,24372,734,734,0.434,-453,504
23185,24876,1691,0,GE-Phase,retraction,24372,24642,270,270,0.16,-1187,234
23185,24876,1691,0,GE-Phase,preparation,24642,25190,548,234,0.138,-1457,-314
73497,74483,986,0,GE-Phrase,222,72217,74052,1835,555,0.563,1280,431
73497,74483,986,0,GE-Phase,retraction,73497,74052,555,555,0.563,0,431
89400,90328,928,0,GE-Phrase,224,88270,90113,1843,713,0.768,1130,215
89400,90328,928,0,GE-Phrase,225,90113,92132,2019,215,0.232,-713,-1804
89400,90328,928,0,GE-Phase,retraction,89371,90113,742,713,0.768,29,215
89400,90328,928,0,GE-Phase,preparation,90113,90446,333,215,0.232,-713,-118
111080,111933,853,0,GE-Phrase,233,110395,111156,761,76,0.089,685,777
111080,111933,853,0,GE-Phrase,234,111156,111929,773,773,0.906,-76,4
111080,111933,853,0,GE-Phrase,235,111929,112681,752,4,0.005,-849,-748
111080,111933,853,0,GE-Phase,stroke,110561,111156,595,76,0.089,519,777
111080,111933,853,0,GE-Phase,preparation,111156,111611,455,455,0.533,-76,322
111080,111933,853,0,GE-Phase,stroke,111611,111929,318,318,0.373,-531,4
111080,111933,853,0,GE-Phase,stroke hold,111929,112471,542,4,0.005,-849,-538
7660,8010,350,0,GE-Phrase,203,7612,9471,1859,350,1.0,48,-1461
7660,8010,350,0,GE-Phase,preparation,7612,8445,833,350,1.0,48,-435
12059,14017,1958,0,GE-Phrase,205,13467,16449,2982,550,0.281,-1408,-2432
12059,14017,1958,0,GE-Phase,preparation,13467,14334,867,550,0.281,-1408,-317
23185,24876,1691,0,GE-Phrase,209,23217,24642,1425,1425,0.843,-32,234
23185,24876,1691,0,GE-Phrase,210,24642,25844,1202,234,0.138,-1457,-968
23185,24876,1691,0,GE-Phase,preparation,23217,23638,421,421,0.249,-32,1238
23185,24876,1691,0,GE-Phase,stroke,23638,24372,734,734,0.434,-453,504
23185,24876,1691,0,GE-Phase,retraction,24372,24642,270,270,0.16,-1187,234
23185,24876,1691,0,GE-Phase,preparation,24642,25190,548,234,0.138,-1457,-314
73497,74483,986,0,GE-Phrase,222,72217,74052,1835,555,0.563,1280,431
73497,74483,986,0,GE-Phase,retraction,73497,74052,555,555,0.563,0,431
89400,90328,928,0,GE-Phrase,224,88270,90113,1843,713,0.768,1130,215
89400,90328,928,0,GE-Phrase,225,90113,92132,2019,215,0.232,-713,-1804
89400,90328,928,0,GE-Phase,retraction,89371,90113,742,713,0.768,29,215
89400,90328,928,0,GE-Phase,preparation,90113,90446,333,215,0.232,-713,-118
111080,111933,853,0,GE-Phrase,233,110395,111156,761,76,0.089,685,777
111080,111933,853,0,GE-Phrase,234,111156,111929,773,773,0.906,-76,4
111080,111933,853,0,GE-Phrase,235,111929,112681,752,4,0.005,-849,-748
111080,111933,853,0,GE-Phase,stroke,110561,111156,595,76,0.089,519,777
111080,111933,853,0,GE-Phase,preparation,111156,111611,455,455,0.533,-76,322
111080,111933,853,0,GE-Phase,stroke,111611,111929,318,318,0.373,-531,4
111080,111933,853,0,GE-Phase,stroke hold,111929,112471,542,4,0.005,-849,-538
7660,8010,350,0,GE-Phrase,203,7612,9471,1859,350,1.0,48,-1461
7660,8010,350,0,GE-Phase,preparation,7612,8445,833,350,1.0,48,-435
12059,14017,1958,0,GE-Phrase,205,13467,16449,2982,550,0.281,-1408,-2432
12059,14017,1958,0,GE-Phase,preparation,13467,14334,867,550,0.281,-1408,-317
23185,24876,1691,0,GE-Phrase,209,23217,24642,1425,1425,0.843,-32,234
23185,24876,1691,0,GE-Phrase,210,24642,25844,1202,234,0.138,-1457,-968
23185,24876,1691,0,GE-Phase,preparation,23217,23638,421,421,0.249,-32,1238
23185,24876,1691,0,GE-Phase,stroke,23638,24372,734,734,0.434,-453,504
23185,24876,1691,0,GE-Phase,retraction,24372,24642,270,270,0.16,-1187,234
23185,24876,1691,0,GE-Phase,preparation,24642,25190,548,234,0.138,-1457,-314
73497,74483,986,0,GE-Phrase,222,72217,74052,1835,555,0.563,1280,431
73497,74483,986,0,GE-Phase,retraction,73497,74052,555,555,0.563,0,431
89400,90328,928,0,GE-Phrase,224,88270,90113,1843,713,0.768,1130,215
89400,90328,928,0,GE-Phrase,225,90113,92132,2019,215,0.232,-713,-1804
89400,90328,928,0,GE-Phase,retraction,89371,90113,742,713,0.768,29,215
89400,90328,928,0,GE-Phase,preparation,90113,90446,333,215,0.232,-713,-118
111080,111933,853,0,GE-Phrase,233,110395,111156,761,76,0.089,685,777
111080,111933,853,0,GE-Phrase,234,111156,111929,773,773,0.906,-76,4
111080,111933,853,0,GE-Phrase,235,111929,112681,752,4,0.005,-849,-748
111080,111933,853,0,GE-Phase,stroke,110561,111156,595,76,0.089,519,777
111080,111933,853,0,GE-Phase,preparation,111156,111611,455,455,0.533,-76,322
111080,111933,853,0,GE-Phase,stroke,111611,111929,318,318,0.373,-531,4
111080,111933,853,0,GE-Phase,stroke hold,111929,112471,542,4,0.005,-849,-538
7660,8010,350,0,GE-Phrase,203,7612,9471,1859,350,1.0,48,-1461
7660,8010,350,0,GE-Phase,preparation,7612,8445,833,350,1.0,48,-435
12059,14017,1958,0,GE-Phrase,205,13467,16449,2982,550,0.281,-1408,-2432
12059,14017,1958,0,GE-Phase,preparation,13467,14334,867,550,0.281,-1408,-317
23185,24876,1691,0,GE-Phrase,209,23217,24642,1425,1425,0.843,-32,234
23185,24876,1691,0,GE-Phrase,210,24642,25844,1202,234,0.138,-1457,-968
23185,24876,1691,0,GE-Phase,preparation,23217,23638,421,421,0.249,-32,1238
23185,24876,1691,0,GE-Phase,stroke,23638,24372,734,734,0.434,-453,504
23185,24876,1691,0,GE-Phase,retraction,24372,24642,270,270,0.16,-1187,234
23185,24876,1691,0,GE-Phase,preparation,24642,25190,548,234,0.138,-1457,-314
73497,74483,986,0,GE-Phrase,222,72217,74052,1835,555,0.563,1280,431
73497,74483,986,0,GE-Phase,retraction,73497,74052,555,555,0.563,0,431
89400,90328,928,0,GE-Phrase,224,88270,90113,1843,713,0.768,1130,215
89400,90328,928,0,GE-Phrase,225,90113,92132,2019,215,0.232,-713,-1804
89400,90328,928,0,GE-Phase,retraction,89371,90113,742,713,0.768,29,215
89400,90328,928,0,GE-Phase,preparation,90113,90446,333,215,0.232,-713,-118
111080,111933,853,0,GE-Phrase,233,110395,111156,761,76,0.089,685,777
111080,111933,853,0,GE-Phrase,234,111156,111929,773,773,0.906,-76,4
111080,111933,853,0,GE-Phrase,235,111929,112681,752,4,0.005,-849,-748
111080,111933,853,0,GE-Phase,stroke,110561,111156,595,76,0.089,519,777
111080,111933,853,0,GE-Phase,preparation,111156,111611,455,455,0.533,-76,322
111080,111933,853,0,GE-Phase,stroke,111611,111929,318,318,0.373,-531,4
111080,111933,853,0,GE-Phase,stroke hold,111929,112471,542,4,0.005,-849,-538
7660,8010,350,0,GE-Phrase,203,7612,9471,1859,350,1.0,48,-1461
7660,8010,350,0,GE-Phase,preparation,7612,8445,833,350,1.0,48,-435
12059,14017,1958,0,GE-Phrase,205,13467,16449,2982,550,0.281,-1408,-2432
12059,14017,1958,0,GE-Phase,preparation,13467,14334,867,550,0.281,-1408,-317
23185,24876,1691,0,GE-Phrase,209,23217,24642,1425,1425,0.843,-32,234
23185,24876,1691,0,GE-Phrase,210,24642,25844,1202,234,0.138,-1457,-968
23185,24876,1691,0,GE-Phase,preparation,23217,23638,421,421,0.249,-32,1238
23185,24876,1691,0,GE-Phase,stroke,23638,24372,734,734,0.434,-453,504
23185,24876,1691,0,GE-Phase,retraction,24372,24642,270,270,0.16,-1187,234
23185,24876,1691,0,GE-Phase,preparation,24642,25190,548,234,0.138,-1457,-314
73497,74483,986,0,GE-Phrase,222,72217,74052,1835,555,0.563,1280,431
73497,74483,986,0,GE-Phase,retraction,73497,74052,555,555,0.563,0,431
89400,90328,928,0,GE-Phrase,224,88270,90113,1843,713,0.768,1130,215
89400,90328,928,0,GE-Phrase,225,90113,92132,2019,215,0.232,-713,-1804
89400,90328,928,0,GE-Phase,retraction,89371,90113,742,713,0.768,29,215
89400,90328,928,0,GE-Phase,preparation,90113,90446,333,215,0.232,-713,-118
111080,111933,853,0,GE-Phrase,233,110395,111156,761,76,0.089,685,777
111080,111933,853,0,GE-Phrase,234,111156,111929,773,773,0.906,-76,4
111080,111933,853,0,GE-Phrase,235,111929,112681,752,4,0.005,-849,-748
111080,111933,853,0,GE-Phase,stroke,110561,111156,595,76,0.089,519,777
111080,111933,853,0,GE-Phase,preparation,111156,111611,455,455,0.533,-76,322
111080,111933,853,0,GE-Phase,stroke,111611,111929,318,318,0.373,-531,4
111080,111933,853,0,GE-Phase,stroke hold,111929,112471,542,4,0.005,-849,-538
7660,8010,350,0,GE-Phrase,203,7612,9471,1859,350,1.0,48,-1461
7660,8010,350,0,GE-Phase,preparation,7612,8445,833,350,1.0,48,-435
12059,14017,1958,0,GE-Phrase,205,13467,16449,2982,550,0.281,-1408,-2432
12059,14017,1958,0,GE-Phase,preparation,13467,14334,867,550,0.281,-1408,-317
23185,24876,1691,0,GE-Phrase,209,23217,24642,1425,1425,0.843,-32,234
23185,24876,1691,0,GE-Phrase,210,24642,25844,1202,234,0.138,-1457,-968
23185,24876,1691,0,GE-Phase,preparation,23217,23638,421,421,0.249,-32,1238
23185,24876,1691,0,GE-Phase,stroke,23638,24372,734,734,0.434,-453,504
23185,24876,1691,0,GE-Phase,retraction,24372,24642,270,270,0.16,-1187,234
23185,24876,1691,0,GE-Phase,preparation,24642,25190,548,234,0.138,-1457,-314
73497,74483,986,0,GE-Phrase,222,72217,74052,1835,555,0.563,1280,431
73497,74483,986,0,GE-Phase,retraction,73497,74052,555,555,0.563,0,431
89400,90328,928,0,GE-Phrase,224,88270,90113,1843,713,0.768,1130,215
89400,90328,928,0,GE-Phrase,225,90113,92132,2019,215,0.232,-713,-1804
89400,90328,928,0,GE-Phase,retraction,89371,90113,742,713,0.768,29,215
89400,90328,928,0,GE-Phase,preparation,90113,90446,333,215,0.232,-713,-118
111080,111933,853,0,GE-Phrase,233,110395,111156,761,76,0.089,685,777
111080,111933,853,0,GE-Phrase,234,111156,111929,773,773,0.906,-76,4
111080,111933,853,0,GE-Phrase,235,111929,112681,752,4,0.005,-849,-748
111080,111933,853,0,GE-Phase,stroke,110561,111156,595,76,0.089,519,777
111080,111933,853,0,GE-Phase,preparation,111156,111611,455,455,0.533,-76,322
111080,111933,853,0,GE-Phase,stroke,111611,111929,318,318,0.373,-531,4
111080,111933,853,0,GE-Phase,stroke hold,111929,112471,542,4,0.005,-849,-538
7660,8010,350,0,GE-Phrase,203,7612,9471,1859,350,1.0,48,-1461
7660,8010,350,0,GE-Phase,preparation,7612,8445,833,350,1.0,48,-435
12059,14017,1958,0,GE-Phrase,205,13467,16449,2982,550,0.281,-1408,-2432
12059,14017,1958,0,GE-Phase,preparation,13467,14334,867,550,0.281,-1408,-317
23185,24876,1691,0,GE-Phrase,209,23217,24642,1425,1425,0.843,-32,234
23185,24876,1691,0,GE-Phrase,210,24642,25844,1202,234,0.138,-1457,-968
23185,24876,1691,0,GE-Phase,preparation,23217,23638,421,421,0.249,-32,1238
23185,24876,1691,0,GE-Phase,stroke,23638,24372,734,734,0.434,-453,504
23185,24876,1691,0,GE-Phase,retraction,24372,24642,270,270,0.16,-1187,234
23185,24876,1691,0,GE-Phase,preparation,24642,25190,548,234,0.138,-1457,-314
73497,74483,986,0,GE-Phrase,222,72217,74052,1835,555,0.563,1280,431
73497,74483,986,0,GE-Phase,retraction,73497,74052,555,555,0.563,0,431
89400,90328,928,0,GE-Phrase,224,88270,90113,1843,713,0.768,1130,215
89400,90328,928,0,GE-Phrase,225,90113,92132,2019,215,0.232,-713,-1804
89400,90328,928,0,GE-Phase,retraction,89371,90113,742,713,0.768,29,215
89400,90328,928,0,GE-Phase,preparation,90113,90446,333,215,0.232,-713,-118
111080,111933,853,0,GE-Phrase,233,110395,111156,761,76,0.089,685,777
111080,111933,853,0,GE-Phrase,234,111156,111929,773,773,0.906,-76,4
111080,111933,853,0,GE-Phrase,235,111929,112681,752,4,0.005,-849,-748
111080,111933,853,0,GE-Phase,stroke,110561,111156,595,76,0.089,519,777
111080,111933,853,0,GE-Phase,preparation,111156,111611,455,455,0.533,-76,322
111080,111933,853,0,GE-Phase,stroke,111611,111929,318,318,0.373,-531,4
111080,111933,853,0,GE-Phase,stroke hold,111929,112471,542,4,0.005,-849,-538
7660,8010,350,0,GE-Phrase,203,7612,9471,1859,350,1.0,48,-1461
7660,8010,350,0,GE-Phase,preparation,7612,8445,833,350,1.0,48,-435
12059,14017,1958,0,GE-Phrase,205,13467,16449,2982,550,0.281,-1408,-2432
12059,14017,1958,0,GE-Phase,preparation,13467,14334,867,550,0.281,-1408,-317
23185,24876,1691,0,GE-Phrase,209,23217,24642,1425,1425,0.843,-32,234
23185,24876,1691,0,GE-Phrase,210,24642,25844,1202,234,0.138,-1457,-968
23185,24876,1691,0,GE-Phase,preparation,23217,23638,421,421,0.249,-32,1238
23185,24876,1691,0,GE-Phase,stroke,23638,24372,734,734,0.434,-453,504
23185,24876,1691,0,GE-Phase,retraction,24372,24642,270,270,0.16,-1187,234
23185,24876,1691,0,GE-Phase,preparation,24642,25190,548,234,0.138,-1457,-314
73497,74483,986,0,GE-Phrase,222,72217,74052,1835,555,0.563,1280,431
73497,74483,986,0,GE-Phase,retraction,73497,74052,555,555,0.563,0,431
89400,90328,928,0,GE-Phrase,224,88270,90113,1843,713,0.768,1130,215
89400,90328,928,0,GE-Phrase,225,90113,92132,2019,215,0.232,-713,-1804
89400,90328,928,0,GE-Phase,retraction,89371,90113,742,713,0.768,29,215
89400,90328,928,0,GE-Phase,preparation,90113,90446,333,215,0.232,-713,-118
111080,111933,853,0,GE-Phrase,233,110395,111156,761,76,0.089,685,777
111080,111933,853,0,GE-Phrase,234,111156,111929,773,773,0.906,-76,4
111080,111933,853,0,GE-Phrase,235,111929,112681,752,4,0.005,-849,-748
111080,111933,853,0,GE-Phase,stroke,110561,111156,595,76,0.089,519,777
111080,111933,853,0,GE-Phase,preparation,111156,111611,455,455,0.533,-76,322
111080,111933,853,0,GE-Phase,stroke,111611,111929,318,318,0.373,-531,4
111080,111933,853,0,GE-Phase,stroke hold,111929,112471,542,4,0.005,-849,-538
7660,8010,350,0,GE-Phrase,203,7612,9471,1859,350,1.0,48,-1461
7660,8010,350,0,GE-Phase,preparation,7612,8445,833,350,1.0,48,-435
12059,14017,1958,0,GE-Phrase,205,13467,16449,2982,550,0.281,-1408,-2432
12059,14017,1958,0,GE-Phase,preparation,13467,14334,867,550,0.281,-1408,-317
23185,24876,1691,0,GE-Phrase,209,23217,24642,1425,1425,0.843,-32,234
23185,24876,1691,0,GE-Phrase,210,24642,25844,1202,234,0.138,-1457,-968
23185,24876,1691,0,GE-Phase,preparation,23217,23638,421,421,0.249,-32,1238
23185,24876,1691,0,GE-Phase,stroke,23638,24372,734,734,0.434,-453,504
23185,24876,1691,0,GE-Phase,retraction,24372,24642,270,270,0.16,-1187,234
23185,24876,1691,0,GE-Phase,preparation,24642,25190,548,234,0.138,-1457,-314
73497,74483,986,0,GE-Phrase,222,72217,74052,1835,555,0.563,1280,431
73497,74483,986,0,GE-Phase,retraction,73497,74052,555,555,0.563,0,431
89400,90328,928,0,GE-Phrase,224,88270,90113,1843,713,0.768,1130,215
89400,90328,928,0,GE-Phrase,225,90113,92132,2019,215,0.232,-713,-1804
89400,90328,928,0,GE-Phase,retraction,89371,90113,742,713,0.768,29,215
89400,90328,928,0,GE-Phase,preparation,90113,90446,333,215,0.232,-713,-118
111080,111933,853,0,GE-Phrase,233,110395,111156,761,76,0.089,685,777
111080,111933,853,0,GE-Phrase,234,111156,111929,773,773,0.906,-76,4
111080,111933,853,0,GE-Phrase,235,111929,112681,752,4,0.005,-849,-748
111080,111933,853,0,GE-Phase,stroke,110561,111156,595,76,0.089,519,777
111080,111933,853,0,GE-Phase,preparation,111156,111611,455,455,0.533,-76,322
111080,111933,853,0,GE-Phase,stroke,111611,111929,318,318,0.373,-531,4
111080,111933,853,0,GE-Phase,stroke hold,111929,112471,542,4,0.005,-849,-538
7660,8010,350,0,GE-Phrase,203,7612,9471,1859,350,1.0,48,-1461
7660,8010,350,0,GE-Phase,preparation,7612,8445,833,350,1.0,48,-435
12059,14017,1958,0,GE-Phrase,205,13467,16449,2982,550,0.281,-1408,-2432
12059,14017,1958,0,GE-Phase,preparation,13467,14334,867,550,0.281,-1408,-317
23185,24876,1691,0,GE-Phrase,209,23217,24642,1425,1425,0.843,-32,234
23185,24876,1691,0,GE-Phrase,210,24642,25844,1202,234,0.138,-1457,-968
23185,24876,1691,0,GE-Phase,preparation,23217,23638,421,421,0.249,-32,1238
23185,24876,1691,0,GE-Phase,stroke,23638,24372,734,734,0.434,-453,504
23185,24876,1691,0,GE-Phase,retraction,24372,24642,270,270,0.16,-1187,234
23185,24876,1691,0,GE-Phase,preparation,24642,25190,548,234,0.138,-1457,-314
73497,74483,986,0,GE-Phrase,222,72217,74052,1835,555,0.563,1280,431
73497,74483,986,0,GE-Phase,retraction,73497,74052,555,555,0.563,0,431
89400,90328,928,0,GE-Phrase,224,88270,90113,1843,713,0.768,1130,215
89400,90328,928,0,GE-Phrase,225,90113,92132,2019,215,0.232,-713,-1804
89400,90328,928,0,GE-Phase,retraction,89371,90113,742,713,0.768,29,215
89400,90328,928,0,GE-Phase,preparation,90113,90446,333,215,0.232,-713,-118
111080,111933,853,0,GE-Phrase,233,110395,111156,761,76,0.089,685,777
111080,111933,853,0,GE-Phrase,234,111156,111929,773,773,0.906,-76,4
111080,111933,853,0,GE-Phrase,235,111929,112681,752,4,0.005,-849,-748
111080,111933,853,0,GE-Phase,stroke,110561,111156,595,76,0.089,519,777
111080,111933,853,0,GE-Phase,preparation,111156,111611,455,455,0.533,-76,322
111080,111933,853,0,GE-Phase,stroke,111611,111929,318,318,0.373,-531,4
111080,111933,853,0,GE-Phase,stroke hold,111929,112471,542,4,0.005,-849,-538
7660,8010,350,0,GE-Phrase,203,7612,9471,1859,350,1.0,48,-1461
7660,8010,350,0,GE-Phase,preparation,7612,8445,833,350,1.0,48,-435
12059,14017,1958,0,GE-Phrase,205,13467,16449,2982,550,0.281,-1408,-2432
12059,14017,1958,0,GE-Phase,preparation,13467,14334,867,550,0.281,-1408,-317
23185,24876,1691,0,GE-Phrase,209,23217,24642,1425,1425,0.843,-32,234
23185,24876,1691,0,GE-Phrase,210,24642,25844,1202,234,0.138,-1457,-968
23185,24876,1691,0,GE-Phase,preparation,23217,23638,421,421,0.249,-32,1238
23185,24876,1691,0,GE-Phase,stroke,23638,24372,734,734,0.434,-453,504
23185,24876,1691,0,GE-Phase,retraction,24372,24642,270,270,0.16,-1187,234
23185,24876,1691,0,GE-Phase,preparation,24642,25190,548,234,0.138,-1457,-314
73497,74483,986,0,GE-Phrase,222,72217,74052,1835,555,0.563,1280,431
73497,74483,986,0,GE-Phase,retraction,73497,74052,555,555,0.563,0,431
89400,90328,928,0,GE-Phrase,224,88270,90113,1843,713,0.768,1130,215
89400,90328,928,0,GE-Phrase,225,90113,92132,2019,215,0.232,-713,-1804
89400,90328,928,0,GE-Phase,retraction,89371,90113,742,713,0.768,29,215
89400,90328,928,0,GE-Phase,preparation,90113,90446,333,215,0.232,-713,-118
111080,111933,853,0,GE-Phrase,233,110395,111156,761,76,0.089,685,777
111080,111933,853,0,GE-Phrase,234,111156,111929,773,773,0.906,-76,4
111080,111933,853,0,GE-Phrase,235,111929,112681,752,4,0.005,-849,-748
111080,111933,853,0,GE-Phase,stroke,110561,111156,595,76,0.089,519,777
111080,111933,853,0,GE-Phase,preparation,111156,111611,455,455,0.533,-76,322
111080,111933,853,0,GE-Phase,stroke,111611,111929,318,318,0.373,-531,4
111080,111933,853,0,GE-Phase,stroke hold,111929,112471,542,4,0.005,-849,-538
7660,8010,350,0,GE-Phrase,203,7612,9471,1859,350,1.0,48,-1461
7660,8010,350,0,GE-Phase,preparation,7612,8445,833,350,1.0,48,-435
12059,14017,1958,0,GE-Phrase,205,13467,16449,2982,550,0.281,-1408,-2432
12059,14017,1958,0,GE-Phase,preparation,13467,14334,867,550,0.281,-1408,-317
23185,24876,1691,0,GE-Phrase,209,23217,24642,1425,1425,0.843,-32,234
23185,24876,1691,0,GE-Phrase,210,24642,25844,1202,234,0.138,-1457,-968
23185,24876,1691,0,GE-Phase,preparation,23217,23638,421,421,0.249,-32,1238
23185,24876,1691,0,GE-Phase,stroke,23638,24372,734,734,0.434,-453,504
23185,24876,1691,0,GE-Phase,retraction,24372,24642,270,270,0.16,-1187,234
23185,24876,1691,0,GE-Phase,preparation,24642,25190,548,234,0.138,-1457,-314
73497,74483,986,0,GE-Phrase,222,72217,74052,1835,555,0.563,1280,431
73497,74483,986,0,GE-Phase,retraction,73497,74052,555,555,0.563,0,431
89400,90328,928,0,GE-Phrase,224,88270,90113,1843,713,0.768,1130,215
89400,90328,928,0,GE-Phrase,225,90113,92132,2019,215,0.232,-713,-1804
89400,90328,928,0,GE-Phase,retraction,89371,90113,742,713,0.768,29,215
89400,90328,928,0,GE-Phase,preparation,90113,90446,333,215,0.232,-713,-118
111080,111933,853,0,GE-Phrase,233,110395,111156,761,76,0.089,685,777
111080,111933,853,0,GE-Phrase,234,111156,111929,773,773,0.906,-76,4
111080,111933,853,0,GE-Phrase,235,111929,112681,752,4,0.005,-849,-748
111080,111933,853,0,GE-Phase,stroke,110561,111156,595,76,0.089,519,777
111080,111933,853,0,GE-Phase,preparation,111156,111611,455,455,0.533,-76,322
111080,111933,853,0,GE-Phase,stroke,111611,111929,318,318,0.373,-531,4
111080,111933,853,0,GE-Phase,stroke hold,111929,112471,542,4,0.005,-849,-538
7660,8010,350,0,GE-Phrase,203,7612,9471,1859,350,1.0,48,-1461
7660,8010,350,0,GE-Phase,preparation,7612,8445,833,350,1.0,48,-435
12059,14017,1958,0,GE-Phrase,205,13467,16449,2982,550,0.281,-1408,-2432
12059,14017,1958,0,GE-Phase,preparation,13467,14334,867,550,0.281,-1408,-317
23185,24876,1691,0,GE-Phrase,209,23217,24642,1425,1425,0.843,-32,234
23185,24876,1691,0,GE-Phrase,210,24642,25844,1202,234,0.138,-1457,-968
23185,24876,1691,0,GE-Phase,preparation,23217,23638,421,421,0.249,-32,1238
23185,24876,1691,0,GE-Phase,stroke,23638,24372,734,734,0.434,-453,504
23185,24876,1691,0,GE-Phase,retraction,24372,24642,270,270,0.16,-1187,234
23185,24876,1691,0,GE-Phase,preparation,24642,25190,548,234,0.138,-1457,-314
73497,74483,986,0,GE-Phrase,222,72217,74052,1835,555,0.563,1280,431
73497,74483,986,0,GE-Phase,retraction,73497,74052,555,555,0.563,0,431
89400,90328,928,0,GE-Phrase,224,88270,90113,1843,713,0.768,1130,215
89400,90328,928,0,GE-Phrase,225,90113,92132,2019,215,0.232,-713,-1804
89400,90328,928,0,GE-Phase,retraction,89371,90113,742,713,0.768,29,215
89400,90328,928,0,GE-Phase,preparation,90113,90446,333,215,0.232,-713,-118
111080,111933,853,0,GE-Phrase,233,110395,111156,761,76,0.089,685,777
111080,111933,853,0,GE-Phrase,234,111156,111929,773,773,0.906,-76,4
111080,111933,853,0,GE-Phrase,235,111929,112681,752,4,0.005,-849,-748
111080,111933,853,0,GE-Phase,stroke,110561,111156,595,76,0.089,519,777
111080,111933,853,0,GE-Phase,preparation,111156,111611,455,455,0.533,-76,322
111080,111933,853,0,GE-Phase,stroke,111611,111929,318,318,0.373,-531,4
111080,111933,853,0,GE-Phase,stroke hold,111929,112471,542,4,0.005,-849,-538
7660,8010,350,0,GE-Phrase,203,7612,9471,1859,350,1.0,48,-1461
7660,8010,350,0,GE-Phase,preparation,7612,8445,833,350,1.0,48,-435
12059,14017,1958,0,GE-Phrase,205,13467,16449,2982,550,0.281,-1408,-2432
12059,14017,1958,0,GE-Phase,preparation,13467,14334,867,550,0.281,-1408,-317
23185,24876,1691,0,GE-Phrase,209,23217,24642,1425,1425,0.843,-32,234
23185,24876,1691,0,GE-Phrase,210,24642,25844,1202,234,0.138,-1457,-968
23185,24876,1691,0,GE-Phase,preparation,23217,23638,421,421,0.249,-32,1238
23185,24876,1691,0,GE-Phase,stroke,23638,24372,734,734,0.434,-453,504
23185,24876,1691,0,GE-Phase,retraction,24372,24642,270,270,0.16,-1187,234
23185,24876,1691,0,GE-Phase,preparation,24642,25190,548,234,0.138,-1457,-314
73497,74483,986,0,GE-Phrase,222,72217,74052,1835,555,0.563,1280,431
73497,74483,986,0,GE-Phase,retraction,73497,74052,555,555,0.563,0,431
89400,90328,928,0,GE-Phrase,224,88270,90113,1843,713,0.768,1130,215
89400,90328,928,0,GE-Phrase,225,90113,92132,2019,215,0.232,-713,-1804
89400,90328,928,0,GE-Phase,retraction,89371,90113,742,713,0.768,29,215
89400,90328,928,0,GE-Phase,preparation,90113,90446,333,215,0.232,-713,-118
111080,111933,853,0,GE-Phrase,233,110395,111156,761,76,0.089,685,777
111080,111933,853,0,GE-Phrase,234,111156,111929,773,773,0.906,-76,4
111080,111933,853,0,GE-Phrase,235,111929,112681,752,4,0.005,-849,-748
111080,111933,853,0,GE-Phase,stroke,110561,111156,595,76,0.089,519,777
111080,111933,853,0,GE-Phase,preparation,111156,111611,455,455,0.533,-76,322
111080,111933,853,0,GE-Phase,stroke,111611,111929,318,318,0.373,-531,4
111080,111933,853,0,GE-Phase,stroke hold,111929,112471,542,4,0.005,-849,-538
7660,8010,350,0,GE-Phrase,203,7612,9471,1859,350,1.0,48,-1461
7660,8010,350,0,GE-Phase,preparation,7612,8445,833,350,1.0,48,-435
12059,14017,1958,0,GE-Phrase,205,13467,16449,2982,550,0.281,-1408,-2432
12059,14017,1958,0,GE-Phase,preparation,13467,14334,867,550,0.281,-1408,-317
23185,24876,1691,0,GE-Phrase,209,23217,24642,1425,1425,0.843,-32,234
23185,24876,1691,0,GE-Phrase,210,24642,25844,1202,234,0.138,-1457,-968
23185,24876,1691,0,GE-Phase,preparation,23217,23638,421,421,0.249,-32,1238
23185,24876,1691,0,GE-Phase,stroke,23638,24372,734,734,0.434,-453,504
23185,24876,1691,0,GE-Phase,retraction,24372,24642,270,270,0.16,-1187,234
23185,24876,1691,0,GE-Phase,preparation,24642,25190,548,234,0.138,-1457,-314
73497,74483,986,0,GE-Phrase,222,72217,74052,1835,555,0.563,1280,431
73497,74483,986,0,GE-Phase,retraction,73497,74052,555,555,0.563,0,431
89400,90328,928,0,GE-Phrase,224,88270,90113,1843,713,0.768,1130,215
89400,90328,928,0,GE-Phrase,225,90113,92132,2019,215,0.232,-713,-1804
89400,90328,928,0,GE-Phase,retraction,89371,90113,742,713,0.768,29,215
89400,90328,928,0,GE-Phase,preparation,90113,90446,333,215,0.232,-713,-118
111080,111933,853,0,GE-Phrase,233,110395,111156,761,76,0.089,685,777
111080,111933,853,0,GE-Phrase,234,111156,111929,773,773,0.906,-76,4
111080,111933,853,0,GE-Phrase,235,111929,112681,752,4,0.005,-849,-748
111080,111933,853,0,GE-Phase,stroke,110561,111156,595,76,0.089,519,777
111080,111933,853,0,GE-Phase,preparation,111156,111611,455,455,0.533,-76,322
111080,111933,853,0,GE-Phase,stroke,111611,111929,318,318,0.373,-531,4
111080,111933,853,0,GE-Phase,stroke hold,111929,112471,542,4,0.005,-849,-538
7660,8010,350,0,GE-Phrase,203,7612,9471,1859,350,1.0,48,-1461
7660,8010,350,0,GE-Phase,preparation,7612,8445,833,350,1.0,48,-435
12059,14017,1958,0,GE-Phrase,205,13467,16449,2982,550,0.281,-1408,-2432
12059,14017,1958,0,GE-Phase,preparation,13467,14334,867,550,0.281,-1408,-317
23185,24876,1691,0,GE-Phrase,209,23217,24642,1425,1425,0.843,-32,234
23185,24876,1691,0,GE-Phrase,210,24642,25844,1202,234,0.138,-1457,-968
23185,24876,1691,0,GE-Phase,preparation,23217,23638,421,421,0.249,-32,1238
23185,24876,1691,0,GE-Phase,stroke,23638,24372,734,734,0.434,-453,504
23185,24876,1691,0,GE-Phase,retraction,24372,24642,270,270,0.16,-1187,234
23185,24876,1691,0,GE-Phase,preparation,24642,25190,548,234,0.138,-1457,-314
73497,74483,986,0,GE-Phrase,222,72217,74052,1835,555,0.563,1280,431
73497,74483,986,0,GE-Phase,retraction,73497,74052,555,555,0.563,0,431
89400,90328,928,0,GE-Phrase,224,88270,90113,1843,713,0.768,1130,215
89400,90328,928,0,GE-Phrase,225,90113,92132,2019,215,0.232,-713,-1804
89400,90328,928,0,GE-Phase,retraction,89371,90113,742,713,0.768,29,215
89400,90328,928,0,GE-Phase,preparation,90113,90446,333,215,0.232,-713,-118
111080,111933,853,0,GE-Phrase,233,110395,111156,761,76,0.089,685,777
111080,111933,853,0,GE-Phrase,234,111156,111929,773,773,0.906,-76,4
111080,111933,853,0,GE-Phrase,235,111929,112681,752,4,0.005,-849,-748
111080,111933,853,0,GE-Phase,stroke,110561,111156,595,76,0.089,519,777
111080,111933,853,0,GE-Phase,preparation,111156,111611,455,455,0.533,-76,322
111080,111933,853,0,GE-Phase,stroke,111611,111929,318,318,0.373,-531,4
111080,111933,853,0,GE-Phase,stroke hold,111929,112471,542,4,0.005,-849,-538
7660,8010,350,0,GE-Phrase,203,7612,9471,1859,350,1.0,48,-1461
7660,8010,350,0,GE-Phase,preparation,7612,8445,833,350,1.0,48,-435
12059,14017,1958,0,GE-Phrase,205,13467,16449,2982,550,0.281,-1408,-2432
12059,14017,1958,0,GE-Phase,preparation,13467,14334,867,550,0.281,-1408,-317
23185,24876,1691,0,GE-Phrase,209,23217,24642,1425,1425,0.843,-32,234
23185,24876,1691,0,GE-Phrase,210,24642,25844,1202,234,0.138,-1457,-968
23185,24876,1691,0,GE-Phase,preparation,23217,23638,421,421,0.249,-32,1238
23185,24876,1691,0,GE-Phase,stroke,23638,24372,734,734,0.434,-453,504
23185,24876,1691,0,GE-Phase,retraction,24372,24642,270,270,0.16,-1187,234
23185,24876,1691,0,GE-Phase,preparation,24642,25190,548,234,0.138,-1457,-314
73497,74483,986,0,GE-Phrase,222,72217,74052,1835,555,0.563,1280,431
73497,74483,986,0,GE-Phase,retraction,73497,74052,555,555,0.563,0,431
89400,90328,928,0,GE-Phrase,224,88270,90113,1843,713,0.768,1130,215
89400,90328,928,0,GE-Phrase,225,90113,92132,2019,215,0.232,-713,-1804
89400,90328,928,0,GE-Phase,retraction,89371,90113,742,713,0.768,29,215
89400,90328,928,0,GE-Phase,preparation,90113,90446,333,215,0.232,-713,-118
111080,111933,853,0,GE-Phrase,233,110395,111156,761,76,0.089,685,777
111080,111933,853,0,GE-Phrase,234,111156,111929,773,773,0.906,-76,4
111080,111933,853,0,GE-Phrase,235,111929,112681,752,4,0.005,-849,-748
111080,111933,853,0,GE-Phase,stroke,110561,111156,595,76,0.089,519,777
111080,111933,853,0,GE-Phase,preparation,111156,111611,455,455,0.533,-76,322
111080,111933,853,0,GE-Phase,stroke,111611,111929,318,318,0.373,-531,4
111080,111933,853,0,GE-Phase,stroke hold,111929,112471,542,4,0.005,-849,-538
7660,8010,350,0,GE-Phrase,203,7612,9471,1859,350,1.0,48,-1461
7660,8010,350,0,GE-Phase,preparation,7612,8445,833,350,1.0,48,-435
12059,14017,1958,0,GE-Phrase,205,13467,16449,2982,550,0.281,-1408,-2432
12059,14017,1958,0,GE-Phase,preparation,13467,14334,867,550,0.281,-1408,-317
23185,24876,1691,0,GE-Phrase,209,23217,24642,1425,1425,0.843,-32,234
23185,24876,1691,0,GE-Phrase,210,24642,25844,1202,234,0.138,-1457,-968
23185,24876,1691,0,GE-Phase,preparation,23217,23638,421,421,0.249,-32,1238
23185,24876,1691,0,GE-Phase,stroke,23638,24372,734,734,0.434,-453,504
23185,24876,1691,0,GE-Phase,retraction,24372,24642,270,270,0.16,-1187,234
23185,24876,1691,0,GE-Phase,preparation,24642,25190,548,234,0.138,-1457,-314
73497,74483,986,0,GE-Phrase,222,72217,74052,1835,555,0.563,1280,431
73497,74483,986,0,GE-Phase,retraction,73497,74052,555,555,0.563,0,431
89400,90328,928,0,GE-Phrase,224,88270,90113,1843,713,0.768,1130,215
89400,90328,928,0,GE-Phrase,225,90113,92132,2019,215,0.232,-713,-1804
89400,90328,928,0,GE-Phase,retraction,89371,90113,742,713,0.768,29,215
89400,90328,928,0,GE-Phase,preparation,90113,90446,333,215,0.232,-713,-118
111080,111933,853,0,GE-Phrase,233,110395,111156,761,76,0.089,685,777
111080,111933,853,0,GE-Phrase,234,111156,111929,773,773,0.906,-76,4
111080,111933,853,0,GE-Phrase,235,111929,112681,752,4,0.005,-849,-748
111080,111933,853,0,GE-Phase,stroke,110561,111156,595,76,0.089,519,777
111080,111933,853,0,GE-Phase,preparation,111156,111611,455,455,0.533,-76,322
111080,111933,853,0,GE-Phase,stroke,111611,111929,318,318,0.373,-531,4
111080,111933,853,0,GE-Phase,stroke hold,111929,112471,542,4,0.005,-849,-538
7660,8010,350,0,GE-Phrase,203,7612,9471,1859,350,1.0,48,-1461
7660,8010,350,0,GE-Phase,preparation,7612,8445,833,350,1.0,48,-435
12059,14017,1958,0,GE-Phrase,205,13467,16449,2982,550,0.281,-1408,-2432
12059,14017,1958,0,GE-Phase,preparation,13467,14334,867,550,0.281,-1408,-317
23185,24876,1691,0,GE-Phrase,209,23217,24642,1425,1425,0.843,-32,234
23185,24876,1691,0,GE-Phrase,210,24642,25844,1202,234,0.138,-1457,-968
23185,24876,1691,0,GE-Phase,preparation,23217,23638,421,421,0.249,-32,1238
23185,24876,1691,0,GE-Phase,stroke,23638,24372,734,734,0.434,-453,504
23185,24876,1691,0,GE-Phase,retraction,24372,24642,270,270,0.16,-1187,234
23185,24876,1691,0,GE-Phase,preparation,24642,25190,548,234,0.138,-1457,-314
73497,74483,986,0,GE-Phrase,222,72217,74052,1835,555,0.563,1280,431
73497,74483,986,0,GE-Phase,retraction,73497,74052,555,555,0.563,0,431
89400,90328,928,0,GE-Phrase,224,88270,90113,1843,713,0.768,1130,215
89400,90328,928,0,GE-Phrase,225,90113,92132,2019,215,0.232,-713,-1804
89400,90328,928,0,GE-Phase,retraction,89371,90113,742,713,0.768,29,215
89400,90328,928,0,GE-Phase,preparation,90113,90446,333,215,0.232,-713,-118
111080,111933,853,0,GE-Phrase,233,110395,111156,761,76,0.089,685,777
111080,111933,853,0,GE-Phrase,234,111156,111929,773,773,0.906,-76,4
111080,111933,853,0,GE-Phrase,235,111929,112681,752,4,0.005,-849,-748
111080,111933,853,0,GE-Phase,stroke,110561,111156,595,76,0.089,519,777
111080,111933,853,0,GE-Phase,preparation,111156,111611,455,455,0.533,-76,322
111080,111933,853,0,GE-Phase,stroke,111611,111929,318,318,0.373,-531,4
111080,111933,853,0,GE-Phase,stroke hold,111929,112471,542,4,0.005,-849,-538
7660,8010,350,0,GE-Phrase,203,7612,9471,1859,350,1.0,48,-1461
7660,8010,350,0,GE-Phase,preparation,7612,8445,833,350,1.0,48,-435
12059,14017,1958,0,GE-Phrase,205,13467,16449,2982,550,0.281,-1408,-2432
12059,14017,1958,0,GE-Phase,preparation,13467,14334,867,550,0.281,-1408,-317
23185,24876,1691,0,GE-Phrase,209,23217,24642,1425,1425,0.843,-32,234
23185,24876,1691,0,GE-Phrase,210,24642,25844,1202,234,0.138,-1457,-968
23185,24876,1691,0,GE-Phase,preparation,23217,23638,421,421,0.249,-32,1238
23185,24876,1691,0,GE-Phase,stroke,23638,24372,734,734,0.434,-453,504
23185,24876,1691,0,GE-Phase,retraction,24372,24642,270,270,0.16,-1187,234
23185,24876,1691,0,GE-Phase,preparation,24642,25190,548,234,0.138,-1457,-314
73497,74483,986,0,GE-Phrase,222,72217,74052,1835,555,0.563,1280,431
73497,74483,986,0,GE-Phase,retraction,73497,74052,555,555,0.563,0,431
89400,90328,928,0,GE-Phrase,224,88270,90113,1843,713,0.768,1130,215
89400,90328,928,0,GE-Phrase,225,90113,92132,2019,215,0.232,-713,-1804
89400,90328,928,0,GE-Phase,retraction,89371,90113,742,713,0.768,29,215
89400,90328,928,0,GE-Phase,preparation,90113,90446,333,215,0.232,-713,-118
111080,111933,853,0,GE-Phrase,233,110395,111156,761,76,0.089,685,777
111080,111933,853,0,GE-Phrase,234,111156,111929,773,773,0.906,-76,4
111080,111933,853,0,GE-Phrase,235,111929,112681,752,4,0.005,-849,-748
111080,111933,853,0,GE-Phase,stroke,110561,111156,595,76,0.089,519,777
111080,111933,853,0,GE-Phase,preparation,111156,111611,455,455,0.533,-76,322
111080,111933,853,0,GE-Phase,stroke,111611,111929,318,318,0.373,-531,4
111080,111933,853,0,GE-Phase,stroke hold,111929,112471,542,4,0.005,-849,-538
7660,8010,350,0,GE-Phrase,203,7612,9471,1859,350,1.0,48,-1461
7660,8010,350,0,GE-Phase,preparation,7612,8445,833,350,1.0,48,-435
12059,14017,1958,0,GE-Phrase,205,13467,16449,2982,550,0.281,-1408,-2432
12059,14017,1958,0,GE-Phase,preparation,13467,14334,867,550,0.281,-1408,-317
23185,24876,1691,0,GE-Phrase,209,23217,24642,1425,1425,0.843,-32,234
23185,24876,1691,0,GE-Phrase,210,24642,25844,1202,234,0.138,-1457,-968
23185,24876,1691,0,GE-Phase,preparation,23217,23638,421,421,0.249,-32,1238
23185,24876,1691,0,GE-Phase,stroke,23638,24372,734,734,0.434,-453,504
23185,24876,1691,0,GE-Phase,retraction,24372,24642,270,270,0.16,-1187,234
23185,24876,1691,0,GE-Phase,preparation,24642,25190,548,234,0.138,-1457,-314
73497,74483,986,0,GE-Phrase,222,72217,74052,1835,555,0.563,1280,431
73497,74483,986,0,GE-Phase,retraction,73497,74052,555,555,0.563,0,431
89400,90328,928,0,GE-Phrase,224,88270,90113,1843,713,0.768,1130,215
89400,90328,928,0,GE-Phrase,225,90113,92132,2019,215,0.232,-713,-1804
89400,90328,928,0,GE-Phase,retraction,89371,90113,742,713,0.768,29,215
89400,90328,928,0,GE-Phase,preparation,90113,90446,333,215,0.232,-713,-118
111080,111933,853,0,GE-Phrase,233,110395,111156,761,76,0.089,685,777
111080,111933,853,0,GE-Phrase,234,111156,111929,773,773,0.906,-76,4
111080,111933,853,0,GE-Phrase,235,111929,112681,752,4,0.005,-849,-748
111080,111933,853,0,GE-Phase,stroke,110561,111156,595,76,0.089,519,777
111080,111933,853,0,GE-Phase,preparation,111156,111611,455,455,0.533,-76,322
111080,111933,853,0,GE-Phase,stroke,111611,111929,318,318,0.373,-531,4
111080,111933,853,0,GE-Phase,stroke hold,111929,112471,542,4,0.005,-849,-538
7660,8010,350,0,GE-Phrase,203,7612,9471,1859,350,1.0,48,-1461
7660,8010,350,0,GE-Phase,preparation,7612,8445,833,350,1.0,48,-435
12059,14017,1958,0,GE-Phrase,205,13467,16449,2982,550,0.281,-1408,-2432
12059,14017,1958,0,GE-Phase,preparation,13467,14334,867,550,0.281,-1408,-317
23185,24876,1691,0,GE-Phrase,209,23217,24642,1425,1425,0.843,-32,234
23185,24876,1691,0,GE-Phrase,210,24642,25844,1202,234,0.138,-1457,-968
23185,24876,1691,0,GE-Phase,preparation,23217,23638,421,421,0.249,-32,1238
23185,24876,1691,0,GE-Phase,stroke,23638,24372,734,734,0.434,-453,504
23185,24876,1691,0,GE-Phase,retraction,24372,24642,270,270,0.16,-1187,234
23185,24876,1691,0,GE-Phase,preparation,24642,25190,548,234,0.138,-1457,-314
73497,74483,986,0,GE-Phrase,222,72217,74052,1835,555,0.563,1280,431
73497,74483,986,0,GE-Phase,retraction,73497,74052,555,555,0.563,0,431
89400,90328,928,0,GE-Phrase,224,88270,90113,1843,713,0.768,1130,215
89400,90328,928,0,GE-Phrase,225,90113,92132,2019,215,0.232,-713,-1804
89400,90328,928,0,GE-Phase,retraction,89371,90113,742,713,0.768,29,215
89400,90328,928,0,GE-Phase,preparation,90113,90446,333,215,0.232,-713,-118
111080,111933,853,0,GE-Phrase,233,110395,111156,761,76,0.089,685,777
111080,111933,853,0,GE-Phrase,234,111156,111929,773,773,0.906,-76,4
111080,111933,853,0,GE-Phrase,235,111929,112681,752,4,0.005,-849,-748
111080,111933,853,0,GE-Phase,stroke,110561,111156,595,76,0.089,519,777
111080,111933,853,0,GE-Phase,preparation,111156,111611,455,455,0.533,-76,322
111080,111933,853,0,GE-Phase,stroke,111611,111929,318,318,0.373,-531,4
111080,111933,853,0,GE-Phase,stroke hold,111929,112471,542,4,0.005,-849,-538
7660,8010,350,0,GE-Phrase,203,7612,9471,1859,350,1.0,48,-1461
7660,8010,350,0,GE-Phase,preparation,7612,8445,833,350,1.0,48,-435
12059,14017,1958,0,GE-Phrase,205,13467,16449,2982,550,0.281,-1408,-2432
12059,14017,1958,0,GE-Phase,preparation,13467,14334,867,550,0.281,-1408,-317
23185,24876,1691,0,GE-Phrase,209,23217,24642,1425,1425,0.843,-32,234
23185,24876,1691,0,GE-Phrase,210,24642,25844,1202,234,0.138,-1457,-968
23185,24876,1691,0,GE-Phase,preparation,23217,23638,421,421,0.249,-32,1238
23185,24876,1691,0,GE-Phase,stroke,23638,24372,734,734,0.434,-453,504
23185,24876,1691,0,GE-Phase,retraction,24372,24642,270,270,0.16,-1187,234
23185,24876,1691,0,GE-Phase,preparation,24642,25190,548,234,0.138,-1457,-314
73497,74483,986,0,GE-Phrase,222,72217,74052,1835,555,0.563,1280,431
73497,74483,986,0,GE-Phase,retraction,73497,74052,555,555,0.563,0,431
89400,90328,928,0,GE-Phrase,224,88270,90113,1843,713,0.768,1130,215
89400,90328,928,0,GE-Phrase,225,90113,92132,2019,215,0.232,-713,-1804
89400,90328,928,0,GE-Phase,retraction,89371,90113,742,713,0.768,29,215
89400,90328,928,0,GE-Phase,preparation,90113,90446,333,215,0.232,-713,-118
111080,111933,853,0,GE-Phrase,233,110395,111156,761,76,0.089,685,777
111080,111933,853,0,GE-Phrase,234,111156,111929,773,773,0.906,-76,4
111080,111933,853,0,GE-Phrase,235,111929,112681,752,4,0.005,-849,-748
111080,111933,853,0,GE-Phase,stroke,110561,111156,595,76,0.089,519,777
111080,111933,853,0,GE-Phase,preparation,111156,111611,455,455,0.533,-76,322
111080,111933,853,0,GE-Phase,stroke,111611,111929,318,318,0.373,-531,4
111080,111933,853,0,GE-Phase,stroke hold,111929,112471,542,4,0.005,-849,-538
7660,8010,350,0,GE-Phrase,203,7612,9471,1859,350,1.0,48,-1461
7660,8010,350,0,GE-Phase,preparation,7612,8445,833,350,1.0,48,-435
12059,14017,1958,0,GE-Phrase,205,13467,16449,2982,550,0.281,-1408,-2432
12059,14017,1958,0,GE-Phase,preparation,13467,14334,867,550,0.281,-1408,-317
23185,24876,1691,0,GE-Phrase,209,23217,24642,1425,1425,0.843,-32,234
23185,24876,1691,0,GE-Phrase,210,24642,25844,1202,234,0.138,-1457,-968
23185,24876,1691,0,GE-Phase,preparation,23217,23638,421,421,0.249,-32,1238
23185,24876,1691,0,GE-Phase,stroke,23638,24372,734,734,0.434,-453,504
23185,24876,1691,0,GE-Phase,retraction,24372,24642,270,270,0.16,-1187,234
23185,24876,1691,0,GE-Phase,preparation,24642,25190,548,234,0.138,-1457,-314
73497,74483,986,0,GE-Phrase,222,72217,74052,1835,555,0.563,1280,431
73497,74483,986,0,GE-Phase,retraction,73497,74052,555,555,0.563,0,431
89400,90328,928,0,GE-Phrase,224,88270,90113,1843,713,0.768,1130,215
89400,90328,928,0,GE-Phrase,225,90113,92132,2019,215,0.232,-713,-1804
89400,90328,928,0,GE-Phase,retraction,89371,90113,742,713,0.768,29,215
89400,90328,928,0,GE-Phase,preparation,90113,90446,333,215,0.232,-713,-118
111080,111933,853,0,GE-Phrase,233,110395,111156,761,76,0.089,685,777
111080,111933,853,0,GE-Phrase,234,111156,111929,773,773,0.906,-76,4
111080,111933,853,0,GE-Phrase,235,111929,112681,752,4,0.005,-849,-748
111080,111933,853,0,GE-Phase,stroke,110561,111156,595,76,0.089,519,777
111080,111933,853,0,GE-Phase,preparation,111156,111611,455,455,0.533,-76,322
111080,111933,853,0,GE-Phase,stroke,111611,111929,318,318,0.373,-531,4
111080,111933,853,0,GE-Phase,stroke hold,111929,112471,542,4,0.005,-849,-538
7660,8010,350,0,GE-Phrase,203,7612,9471,1859,350,1.0,48,-1461
7660,8010,350,0,GE-Phase,preparation,7612,8445,833,350,1.0,48,-435
12059,14017,1958,0,GE-Phrase,205,13467,16449,2982,550,0.281,-1408,-2432
12059,14017,1958,0,GE-Phase,preparation,13467,14334,867,550,0.281,-1408,-317
23185,24876,1691,0,GE-Phrase,209,23217,24642,1425,1425,0.843,-32,234
23185,24876,1691,0,GE-Phrase,210,24642,25844,1202,234,0.138,-1457,-968
23185,24876,1691,0,GE-Phase,preparation,23217,23638,421,421,0.249,-32,1238
23185,24876,1691,0,GE-Phase,stroke,23638,24372,734,734,0.434,-453,504
23185,24876,1691,0,GE-Phase,retraction,24372,24642,270,270,0.16,-1187,234
23185,24876,1691,0,GE-Phase,preparation,24642,25190,548,234,0.138,-1457,-314
73497,74483,986,0,GE-Phrase,222,72217,74052,1835,555,0.563,1280,431
73497,74483,986,0,GE-Phase,retraction,73497,74052,555,555,0.563,0,431
89400,90328,928,0,GE-Phrase,224,88270,90113,1843,713,0.768,1130,215
89400,90328,928,0,GE-Phrase,225,90113,92132,2019,215,0.232,-713,-1804
89400,90328,928,0,GE-Phase,retraction,89371,90113,742,713,0.768,29,215
89400,90328,928,0,GE-Phase,preparation,90113,90446,333,215,0.232,-713,-118
111080,111933,853,0,GE-Phrase,233,110395,111156,761,76,0.089,685,777
111080,111933,853,0,GE-Phrase,234,111156,111929,773,773,0.906,-76,4
111080,111933,853,0,GE-Phrase,235,111929,112681,752,4,0.005,-849,-748
111080,111933,853,0,GE-Phase,stroke,110561,111156,595,76,0.089,519,777
111080,111933,853,0,GE-Phase,preparation,111156,111611,455,455,0.533,-76,322
111080,111933,853,0,GE-Phase,stroke,111611,111929,318,318,0.373,-531,4
111080,111933,853,0,GE-Phase,stroke hold,111929,112471,542,4,0.005,-849,-538
7660,8010,350,0,GE-Phrase,203,7612,9471,1859,350,1.0,48,-1461
7660,8010,350,0,GE-Phase,preparation,7612,8445,833,350,1.0,48,-435
12059,14017,1958,0,GE-Phrase,205,13467,16449,2982,550,0.281,-1408,-2432
12059,14017,1958,0,GE-Phase,preparation,13467,14334,867,550,0.281,-1408,-317
23185,24876,1691,0,GE-Phrase,209,23217,24642,1425,1425,0.843,-32,234
23185,24876,1691,0,GE-Phrase,210,24642,25844,1202,234,0.138,-1457,-968
23185,24876,1691,0,GE-Phase,preparation,23217,23638,421,421,0.249,-32,1238
23185,24876,1691,0,GE-Phase,stroke,23638,24372,734,734,0.434,-453,504
23185,24876,1691,0,GE-Phase,retraction,24372,24642,270,270,0.16,-1187,234
23185,24876,1691,0,GE-Phase,preparation,24642,25190,548,234,0.138,-1457,-314
73497,74483,986,0,GE-Phrase,222,72217,74052,1835,555,0.563,1280,431
73497,74483,986,0,GE-Phase,retraction,73497,74052,555,555,0.563,0,431
89400,90328,928,0,GE-Phrase,224,88270,90113,1843,713,0.768,1130,215
89400,90328,928,0,GE-Phrase,225,90113,92132,2019,215,0.232,-713,-1804
89400,90328,928,0,GE-Phase,retraction,89371,90113,742,713,0.768,29,215
89400,90328,928,0,GE-Phase,preparation,90113,90446,333,215,0.232,-713,-118
111080,111933,853,0,GE-Phrase,233,110395,111156,761,76,0.089,685,777
111080,111933,853,0,GE-Phrase,234,111156,111929,773,773,0.906,-76,4
111080,111933,853,0,GE-Phrase,235,111929,112681,752,4,0.005,-849,-748
111080,111933,853,0,GE-Phase,stroke,110561,111156,595,76,0.089,519,777
111080,111933,853,0,GE-Phase,preparation,111156,111611,455,455,0.533,-76,322
111080,111933,853,0,GE-Phase,stroke,111611,111929,318,318,0.373,-531,4
111080,111933,853,0,GE-Phase,stroke hold,111929,112471,542,4,0.005,-849,-538
7660,8010,350,0,GE-Phrase,203,7612,9471,1859,350,1.0,48,-1461
7660,8010,350,0,GE-Phase,preparation,7612,8445,833,350,1.0,48,-435
12059,14017,1958,0,GE-Phrase,205,13467,16449,2982,550,0.281,-1408,-2432
12059,14017,1958,0,GE-Phase,preparation,13467,14334,867,550,0.281,-1408,-317
23185,24876,1691,0,GE-Phrase,209,23217,24642,1425,1425,0.843,-32,234
23185,24876,1691,0,GE-Phrase,210,24642,25844,1202,234,0.138,-1457,-968
23185,24876,1691,0,GE-Phase,preparation,23217,23638,421,421,0.249,-32,1238
23185,24876,1691,0,GE-Phase,stroke,23638,24372,734,734,0.434,-453,504
23185,24876,1691,0,GE-Phase,retraction,24372,24642,270,270,0.16,-1187,234
23185,24876,1691,0,GE-Phase,preparation,24642,25190,548,234,0.138,-1457,-314
73497,74483,986,0,GE-Phrase,222,72217,74052,1835,555,0.563,1280,431
73497,74483,986,0,GE-Phase,retraction,73497,74052,555,555,0.563,0,431
89400,90328,928,0,GE-Phrase,224,88270,90113,1843,713,0.768,1130,215
89400,90328,928,0,GE-Phrase,225,90113,92132,2019,215,0.232,-713,-1804
89400,90328,928,0,GE-Phase,retraction,89371,90113,742,713,0.768,29,215
89400,90328,928,0,GE-Phase,preparation,90113,90446,333,215,0.232,-713,-118
111080,111933,853,0,GE-Phrase,233,110395,111156,761,76,0.089,685,777
111080,111933,853,0,GE-Phrase,234,111156,111929,773,773,0.906,-76,4
111080,111933,853,0,GE-Phrase,235,111929,112681,752,4,0.005,-849,-748
111080,111933,853,0,GE-Phase,stroke,110561,111156,595,76,0.089,519,777
111080,111933,853,0,GE-Phase,preparation,111156,111611,455,455,0.533,-76,322
111080,111933,853,0,GE-Phase,stroke,111611,111929,318,318,0.373,-531,4
111080,111933,853,0,GE-Phase,stroke hold,111929,112471,542,4,0.005,-849,-538
7660,8010,350,0,GE-Phrase,203,7612,9471,1859,350,1.0,48,-1461
7660,8010,350,0,GE-Phase,preparation,7612,8445,833,350,1.0,48,-435
12059,14017,1958,0,GE-Phrase,205,13467,16449,2982,550,0.281,-1408,-2432
12059,14017,1958,0,GE-Phase,preparation,13467,14334,867,550,0.281,-1408,-317
23185,24876,1691,0,GE-Phrase,209,23217,24642,1425,1425,0.843,-32,234
23185,24876,1691,0,GE-Phrase,210,24642,25844,1202,234,0.138,-1457,-968
23185,24876,1691,0,GE-Phase,preparation,23217,23638,421,421,0.249,-32,1238
23185,24876,1691,0,GE-Phase,stroke,23638,24372,734,734,0.434,-453,504
23185,24876,1691,0,GE-Phase,retraction,24372,24642,270,270,0.16,-1187,234
23185,24876,1691,0,GE-Phase,preparation,24642,25190,548,234,0.138,-1457,-314
73497,74483,986,0,GE-Phrase,222,72217,74052,1835,555,0.563,1280,431
73497,74483,986,0,GE-Phase,retraction,73497,74052,555,555,0.563,0,431
89400,90328,928,0,GE-Phrase,224,88270,90113,1843,713,0.768,1130,215
89400,90328,928,0,GE-Phrase,225,90113,92132,2019,215,0.232,-713,-1804
89400,90328,928,0,GE-Phase,retraction,89371,90113,742,713,0.768,29,215
89400,90328,928,0,GE-Phase,preparation,90113,90446,333,215,0.232,-713,-118
111080,111933,853,0,GE-Phrase,233,110395,111156,761,76,0.089,685,777
111080,111933,853,0,GE-Phrase,234,111156,111929,773,773,0.906,-76,4
111080,111933,853,0,GE-Phrase,235,111929,112681,752,4,0.005,-849,-748
111080,111933,853,0,GE-Phase,stroke,110561,111156,595,76,0.089,519,777
111080,111933,853,0,GE-Phase,preparation,111156,111611,455,455,0.533,-76,322
111080,111933,853,0,GE-Phase,stroke,111611,111929,318,318,0.373,-531,4
111080,111933,853,0,GE-Phase,stroke hold,111929,112471,542,4,0.005,-849,-538
7660,8010,350,0,GE-Phrase,203,7612,9471,1859,350,1.0,48,-1461
7660,8010,350,0,GE-Phase,preparation,7612,8445,833,350,1.0,48,-435
12059,14017,1958,0,GE-Phrase,205,13467,16449,2982,550,0.281,-1408,-2432
12059,14017,1958,0,GE-Phase,preparation,13467,14334,867,550,0.281,-1408,-317
23185,24876,1691,0,GE-Phrase,209,23217,24642,1425,1425,0.843,-32,234
23185,24876,1691,0,GE-Phrase,210,24642,25844,1202,234,0.138,-1457,-968
23185,24876,1691,0,GE-Phase,preparation,23217,23638,421,421,0.249,-32,1238
23185,24876,1691,0,GE-Phase,stroke,23638,24372,734,734,0.434,-453,504
23185,24876,1691,0,GE-Phase,retraction,24372,24642,270,270,0.16,-1187,234
23185,24876,1691,0,GE-Phase,preparation,24642,25190,548,234,0.138,-1457,-314
73497,74483,986,0,GE-Phrase,222,72217,74052,1835,555,0.563,1280,431
73497,74483,986,0,GE-Phase,retraction,73497,74052,555,555,0.563,0,431
89400,90328,928,0,GE-Phrase,224,88270,90113,1843,713,0.768,1130,215
89400,90328,928,0,GE-Phrase,225,90113,92132,2019,215,0.232,-713,-1804
89400,90328,928,0,GE-Phase,retraction,89371,90113,742,713,0.768,29,215
89400,90328,928,0,GE-Phase,preparation,90113,90446,333,215,0.232,-713,-118
111080,111933,853,0,GE-Phrase,233,110395,111156,761,76,0.089,685,777
111080,111933,853,0,GE-Phrase,234,111156,111929,773,773,0.906,-76,4
111080,111933,853,0,GE-Phrase,235,111929,112681,752,4,0.005,-849,-748
111080,111933,853,0,GE-Phase,stroke,110561,111156,595,76,0.089,519,777
111080,111933,853,0,GE-Phase,preparation,111156,111611,455,455,0.533,-76,322
111080,111933,853,0,GE-Phase,stroke,111611,111929,318,318,0.373,-531,4
111080,111933,853,0,GE-Phase,stroke hold,111929,112471,542,4,0.005,-849,-538
7660,8010,350,0,GE-Phrase,203,7612,9471,1859,350,1.0,48,-1461
7660,8010,350,0,GE-Phase,preparation,7612,8445,833,350,1.0,48,-435
12059,14017,1958,0,GE-Phrase,205,13467,16449,2982,550,0.281,-1408,-2432
12059,14017,1958,0,GE-Phase,preparation,13467,14334,867,550,0.281,-1408,-317
23185,24876,1691,0,GE-Phrase,209,23217,24642,1425,1425,0.843,-32,234
23185,24876,1691,0,GE-Phrase,210,24642,25844,1202,234,0.138,-1457,-968
23185,24876,1691,0,GE-Phase,preparation,23217,23638,421,421,0.249,-32,1238
23185,24876,1691,0,GE-Phase,stroke,23638,24372,734,734,0.434,-453,504
23185,24876,1691,0,GE-Phase,retraction,24372,24642,270,270,0.16,-1187,234
23185,24876,1691,0,GE-Phase,preparation,24642,25190,548,234,0.138,-1457,-314
73497,74483,986,0,GE-Phrase,222,72217,74052,1835,555,0.563,1280,431
73497,74483,986,0,GE-Phase,retraction,73497,74052,555,555,0.563,0,431
89400,90328,928,0,GE-Phrase,224,88270,90113,1843,713,0.768,1130,215
89400,90328,928,0,GE-Phrase,225,90113,92132,2019,215,0.232,-713,-1804
89400,90328,928,0,GE-Phase,retraction,89371,90113,742,713,0.768,29,215
89400,90328,928,0,GE-Phase,preparation,90113,90446,333,215,0.232,-713,-118
111080,111933,853,0,GE-Phrase,233,110395,111156,761,76,0.089,685,777
111080,111933,853,0,GE-Phrase,234,111156,111929,773,773,0.906,-76,4
111080,111933,853,0,GE-Phrase,235,111929,112681,752,4,0.005,-849,-748
111080,111933,853,0,GE-Phase,stroke,110561,111156,595,76,0.089,519,777
111080,111933,853,0,GE-Phase,preparation,111156,111611,455,455,0.533,-76,322
111080,111933,853,0,GE-Phase,stroke,111611,111929,318,318,0.373,-531,4
111080,111933,853,0,GE-Phase,stroke hold,111929,112471,542,4,0.005,-849,-538
7660,8010,350,0,GE-Phrase,203,7612,9471,1859,350,1.0,48,-1461
7660,8010,350,0,GE-Phase,preparation,7612,8445,833,350,1.0,48,-435
12059,14017,1958,0,GE-Phrase,205,13467,16449,2982,550,0.281,-1408,-2432
12059,14017,1958,0,GE-Phase,preparation,13467,14334,867,550,0.281,-1408,-317
23185,24876,1691,0,GE-Phrase,209,23217,24642,1425,1425,0.843,-32,234
23185,24876,1691,0,GE-Phrase,210,24642,25844,1202,234,0.138,-1457,-968
23185,24876,1691,0,GE-Phase,preparation,23217,23638,421,421,0.249,-32,1238
23185,24876,1691,0,GE-Phase,stroke,23638,24372,734,734,0.434,-453,504
23185,24876,1691,0,GE-Phase,retraction,24372,24642,270,270,0.16,-1187,234
23185,24876,1691,0,GE-Phase,preparation,24642,25190,548,234,0.138,-1457,-314
73497,74483,986,0,GE-Phrase,222,72217,74052,1835,555,0.563,1280,431
73497,74483,986,0,GE-Phase,retraction,73497,74052,555,555,0.563,0,431
89400,90328,928,0,GE-Phrase,224,88270,90113,1843,713,0.768,1130,215
89400,90328,928,0,GE-Phrase,225,90113,92132,2019,215,0.232,-713,-1804
89400,90328,928,0,GE-Phase,retraction,89371,90113,742,713,0.768,29,215
89400,90328,928,0,GE-Phase,preparation,90113,90446,333,215,0.232,-713,-118
111080,111933,853,0,GE-Phrase,233,110395,111156,761,76,0.089,685,777
111080,111933,853,0,GE-Phrase,234,111156,111929,773,773,0.906,-76,4
111080,111933,853,0,GE-Phrase,235,111929,112681,752,4,0.005,-849,-748
111080,111933,853,0,GE-Phase,stroke,110561,111156,595,76,0.089,519,777
111080,111933,853,0,GE-Phase,preparation,111156,111611,455,455,0.533,-76,322
111080,111933,853,0,GE-Phase,stroke,111611,111929,318,318,0.373,-531,4
111080,111933,853,0,GE-Phase,stroke hold,111929,112471,542,4,0.005,-849,-538
7660,8010,350,0,GE-Phrase,203,7612,9471,1859,350,1.0,48,-1461
7660,8010,350,0,GE-Phase,preparation,7612,8445,833,350,1.0,48,-435
12059,14017,1958,0,GE-Phrase,205,13467,16449,2982,550,0.281,-1408,-2432
12059,14017,1958,0,GE-Phase,preparation,13467,14334,867,550,0.281,-1408,-317
23185,24876,1691,0,GE-Phrase,209,23217,24642,1425,1425,0.843,-32,234
23185,24876,1691,0,GE-Phrase,210,24642,25844,1202,234,0.138,-1457,-968
23185,24876,1691,0,GE-Phase,preparation,23217,23638,421,421,0.249,-32,1238
23185,24876,1691,0,GE-Phase,stroke,23638,24372,734,734,0.434,-453,504
23185,24876,1691,0,GE-Phase,retraction,24372,24642,270,270,0.16,-1187,234
23185,24876,1691,0,GE-Phase,preparation,24642,25190,548,234,0.138,-1457,-314
73497,74483,986,0,GE-Phrase,222,72217,74052,1835,555,0.563,1280,431
73497,74483,986,0,GE-Phase,retraction,73497,74052,555,555,0.563,0,431
89400,90328,928,0,GE-Phrase,224,88270,90113,1843,713,0.768,1130,215
89400,90328,928,0,GE-Phrase,225,90113,92132,2019,215,0.232,-713,-1804
89400,90328,928,0,GE-Phase,retraction,89371,90113,742,713,0.768,29,215
89400,90328,928,0,GE-Phase,preparation,90113,90446,333,215,0.232,-713,-118
111080,111933,853,0,GE-Phrase,233,110395,111156,761,76,0.089,685,777
111080,111933,853,0,GE-Phrase,234,111156,111929,773,773,0.906,-76,4
111080,111933,853,0,GE-Phrase,235,111929,112681,752,4,0.005,-849,-748
111080,111933,853,0,GE-Phase,stroke,110561,111156,595,76,0.089,519,777
111080,111933,853,0,GE-Phase,preparation,111156,111611,455,455,0.533,-76,322
111080,111933,853,0,GE-Phase,stroke,111611,111929,318,318,0.373,-531,4
111080,111933,853,0,GE-Phase,stroke hold,111929,112471,542,4,0.005,-849,-538
7660,8010,350,0,GE-Phrase,203,7612,9471,1859,350,1.0,48,-1461
7660,8010,350,0,GE-Phase,preparation,7612,8445,833,350,1.0,48,-435
12059,14017,1958,0,GE-Phrase,205,13467,16449,2982,550,0.281,-1408,-2432
12059,14017,1958,0,GE-Phase,preparation,13467,14334,867,550,0.281,-1408,-317
23185,24876,1691,0,GE-Phrase,209,23217,24642,1425,1425,0.843,-32,234
23185,24876,1691,0,GE-Phrase,210,24642,25844,1202,234,0.138,-1457,-968
23185,24876,1691,0,GE-Phase,preparation,23217,23638,421,421,0.249,-32,1238
23185,24876,1691,0,GE-Phase,stroke,23638,24372,734,734,0.434,-453,504
23185,24876,1691,0,GE-Phase,retraction,24372,24642,270,270,0.16,-1187,234
23185,24876,1691,0,GE-Phase,preparation,24642,25190,548,234,0.138,-1457,-314
73497,74483,986,0,GE-Phrase,222,72217,74052,1835,555,0.563,1280,431
73497,74483,986,0,GE-Phase,retraction,73497,74052,555,555,0.563,0,431
89400,90328,928,0,GE-Phrase,224,88270,90113,1843,713,0.768,1130,215
89400,90328,928,0,GE-Phrase,225,90113,92132,2019,215,0.232,-713,-1804
89400,90328,928,0,GE-Phase,retraction,89371,90113,742,713,0.768,29,215
89400,90328,928,0,GE-Phase,preparation,90113,90446,333,215,0.232,-713,-118
111080,111933,853,0,GE-Phrase,233,110395,111156,761,76,0.089,685,777
111080,111933,853,0,GE-Phrase,234,111156,111929,773,773,0.906,-76,4
111080,111933,853,0,GE-Phrase,235,111929,112681,752,4,0.005,-849,-748
111080,111933,853,0,GE-Phase,stroke,110561,111156,595,76,0.089,519,777
111080,111933,853,0,GE-Phase,preparation,111156,111611,455,455,0.533,-76,322
111080,111933,853,0,GE-Phase,stroke,111611,111929,318,318,0.373,-531,4
111080,111933,853,0,GE-Phase,stroke hold,111929,112471,542,4,0.005,-849,-538
7660,8010,350,0,GE-Phrase,203,7612,9471,1859,350,1.0,48,-1461
7660,8010,350,0,GE-Phase,preparation,7612,8445,833,350,1.0,48,-435
12059,14017,1958,0,GE-Phrase,205,13467,16449,2982,550,0.281,-1408,-2432
12059,14017,1958,0,GE-Phase,preparation,13467,14334,867,550,0.281,-1408,-317
23185,24876,1691,0,GE-Phrase,209,23217,24642,1425,1425,0.843,-32,234
23185,24876,1691,0,GE-Phrase,210,24642,25844,1202,234,0.138,-1457,-968
23185,24876,1691,0,GE-Phase,preparation,23217,23638,421,421,0.249,-32,1238
23185,24876,1691,0,GE-Phase,stroke,23638,24372,734,734,0.434,-453,504
23185,24876,1691,0,GE-Phase,retraction,24372,24642,270,270,0.16,-1187,234
23185,24876,1691,0,GE-Phase,preparation,24642,25190,548,234,0.138,-1457,-314
73497,74483,986,0,GE-Phrase,222,72217,74052,1835,555,0.563,1280,431
73497,74483,986,0,GE-Phase,retraction,73497,74052,555,555,0.563,0,431
89400,90328,928,0,GE-Phrase,224,88270,90113,1843,713,0.768,1130,215
89400,90328,928,0,GE-Phrase,225,90113,92132,2019,215,0.232,-713,-1804
89400,90328,928,0,GE-Phase,retraction,89371,90113,742,713,0.768,29,215
89400,90328,928,0,GE-Phase,preparation,90113,90446,333,215,0.232,-713,-118
111080,111933,853,0,GE-Phrase,233,110395,111156,761,76,0.089,685,777
111080,111933,853,0,GE-Phrase,234,111156,111929,773,773,0.906,-76,4
111080,111933,853,0,GE-Phrase,235,111929,112681,752,4,0.005,-849,-748
111080,111933,853,0,GE-Phase,stroke,110561,111156,595,76,0.089,519,777
111080,111933,853,0,GE-Phase,preparation,111156,111611,455,455,0.533,-76,322
111080,111933,853,0,GE-Phase,stroke,111611,111929,318,318,0.373,-531,4
111080,111933,853,0,GE-Phase,stroke hold,111929,112471,542,4,0.005,-849,-538
14522,15590,1068,0,GE-Phrase,201,14551,15962,1411,1039,0.973,-29,-372
14522,15590,1068,0,GE-Phase,preparation,14551,14903,352,352,0.33,-29,687
14522,15590,1068,0,GE-Phase,stroke,14903,15374,471,471,0.441,-381,216
14522,15590,1068,0,GE-Phase,retraction,15374,15962,588,216,0.202,-852,-372
15590,15763,173,0,GE-Phrase,201,14551,15962,1411,173,1.0,1039,-199
15590,15763,173,0,GE-Phase,retraction,15374,15962,588,173,1.0,216,-199
15763,17363,1600,0,GE-Phrase,201,14551,15962,1411,199,0.124,1212,1401
15763,17363,1600,0,GE-Phase,retraction,15374,15962,588,199,0.124,389,1401
23045,24685,1640,0,GE-Phrase,203,21244,23590,2346,545,0.332,1801,1095
23045,24685,1640,0,GE-Phrase,204,23590,25583,1993,1095,0.668,-545,-898
23045,24685,1640,0,GE-Phase,hold,22444,23590,1146,545,0.332,601,1095
23045,24685,1640,0,GE-Phase,stroke,23590,24657,1067,1067,0.651,-545,28
23045,24685,1640,0,GE-Phase,hold,24657,25583,926,28,0.017,-1612,-898
24685,25317,632,0,GE-Phrase,204,23590,25583,1993,632,1.0,1095,-266
24685,25317,632,0,GE-Phase,hold,24657,25583,926,632,1.0,28,-266
25317,26200,883,0,GE-Phrase,204,23590,25583,1993,266,0.301,1727,617
25317,26200,883,0,GE-Phrase,205,25583,27102,1519,617,0.699,-266,-902
25317,26200,883,0,GE-Phase,hold,24657,25583,926,266,0.301,660,617
25317,26200,883,0,GE-Phase,preparation,25583,26149,566,566,0.641,-266,51
25317,26200,883,0,GE-Phase,stroke,26149,26650,501,51,0.058,-832,-450
26200,26302,102,0,GE-Phrase,205,25583,27102,1519,102,1.0,617,-800
26200,26302,102,0,GE-Phase,stroke,26149,26650,501,102,1.0,51,-348
26302,27124,822,0,GE-Phrase,205,25583,27102,1519,800,0.973,719,22
26302,27124,822,0,GE-Phrase,206,27102,28175,1073,22,0.027,-800,-1051
26302,27124,822,0,GE-Phase,stroke,26149,26650,501,348,0.423,153,474
26302,27124,822,0,GE-Phase,retraction,26650,27102,452,452,0.55,-348,22
26302,27124,822,0,GE-Phase,stroke,27102,27573,471,22,0.027,-800,-449
27124,28520,1396,0,GE-Phrase,206,27102,28175,1073,1051,0.753,22,345
27124,28520,1396,0,GE-Phase,stroke,27102,27573,471,449,0.322,22,947
27124,28520,1396,0,GE-Phase,retraction,27573,28175,602,602,0.431,-449,345
43520,44770,1250,0,GE-Phrase,217,43251,44383,1132,863,0.69,269,387
43520,44770,1250,0,GE-Phrase,218,44383,47057,2674,387,0.31,-863,-2287
43520,44770,1250,0,GE-Phase,preparation,43251,43910,659,390,0.312,269,860
43520,44770,1250,0,GE-Phase,stroke,43910,44383,473,473,0.378,-390,387
43520,44770,1250,0,GE-Phase,preparation,44383,44772,389,387,0.31,-863,-2
44770,45700,930,0,GE-Phrase,218,44383,47057,2674,930,1.0,387,-1357
44770,45700,930,0,GE-Phase,preparation,44383,44772,389,2,0.002,387,928
44770,45700,930,0,GE-Phase,stroke,44772,47057,2285,928,0.998,-2,-1357
45700,46309,609,0,GE-Phrase,218,44383,47057,2674,609,1.0,1317,-748
45700,46309,609,0,GE-Phase,stroke,44772,47057,2285,609,1.0,928,-748
46309,47250,941,0,GE-Phrase,218,44383,47057,2674,748,0.795,1926,193
46309,47250,941,0,GE-Phrase,219,47057,48898,1841,193,0.205,-748,-1648
46309,47250,941,0,GE-Phase,stroke,44772,47057,2285,748,0.795,1537,193
46309,47250,941,0,GE-Phase,stroke,47057,47597,540,193,0.205,-748,-347
14522,15590,1068,0,GE-Phrase,201,14551,15962,1411,1039,0.973,-29,-372
14522,15590,1068,0,GE-Phase,preparation,14551,14903,352,352,0.33,-29,687
14522,15590,1068,0,GE-Phase,stroke,14903,15374,471,471,0.441,-381,216
14522,15590,1068,0,GE-Phase,retraction,15374,15962,588,216,0.202,-852,-372
15590,15763,173,0,GE-Phrase,201,14551,15962,1411,173,1.0,1039,-199
15590,15763,173,0,GE-Phase,retraction,15374,15962,588,173,1.0,216,-199
15763,17363,1600,0,GE-Phrase,201,14551,15962,1411,199,0.124,1212,1401
15763,17363,1600,0,GE-Phase,retraction,15374,15962,588,199,0.124,389,1401
23045,24685,1640,0,GE-Phrase,203,21244,23590,2346,545,0.332,1801,1095
23045,24685,1640,0,GE-Phrase,204,23590,25583,1993,1095,0.668,-545,-898
23045,24685,1640,0,GE-Phase,hold,22444,23590,1146,545,0.332,601,1095
23045,24685,1640,0,GE-Phase,stroke,23590,24657,1067,1067,0.651,-545,28
23045,24685,1640,0,GE-Phase,hold,24657,25583,926,28,0.017,-1612,-898
24685,25317,632,0,GE-Phrase,204,23590,25583,1993,632,1.0,1095,-266
24685,25317,632,0,GE-Phase,hold,24657,25583,926,632,1.0,28,-266
25317,26200,883,0,GE-Phrase,204,23590,25583,1993,266,0.301,1727,617
25317,26200,883,0,GE-Phrase,205,25583,27102,1519,617,0.699,-266,-902
25317,26200,883,0,GE-Phase,hold,24657,25583,926,266,0.301,660,617
25317,26200,883,0,GE-Phase,preparation,25583,26149,566,566,0.641,-266,51
25317,26200,883,0,GE-Phase,stroke,26149,26650,501,51,0.058,-832,-450
26200,26302,102,0,GE-Phrase,205,25583,27102,1519,102,1.0,617,-800
26200,26302,102,0,GE-Phase,stroke,26149,26650,501,102,1.0,51,-348
26302,27124,822,0,GE-Phrase,205,25583,27102,1519,800,0.973,719,22
26302,27124,822,0,GE-Phrase,206,27102,28175,1073,22,0.027,-800,-1051
26302,27124,822,0,GE-Phase,stroke,26149,26650,501,348,0.423,153,474
26302,27124,822,0,GE-Phase,retraction,26650,27102,452,452,0.55,-348,22
26302,27124,822,0,GE-Phase,stroke,27102,27573,471,22,0.027,-800,-449
27124,28520,1396,0,GE-Phrase,206,27102,28175,1073,1051,0.753,22,345
27124,28520,1396,0,GE-Phase,stroke,27102,27573,471,449,0.322,22,947
27124,28520,1396,0,GE-Phase,retraction,27573,28175,602,602,0.431,-449,345
43520,44770,1250,0,GE-Phrase,217,43251,44383,1132,863,0.69,269,387
43520,44770,1250,0,GE-Phrase,218,44383,47057,2674,387,0.31,-863,-2287
43520,44770,1250,0,GE-Phase,preparation,43251,43910,659,390,0.312,269,860
43520,44770,1250,0,GE-Phase,stroke,43910,44383,473,473,0.378,-390,387
43520,44770,1250,0,GE-Phase,preparation,44383,44772,389,387,0.31,-863,-2
44770,45700,930,0,GE-Phrase,218,44383,47057,2674,930,1.0,387,-1357
44770,45700,930,0,GE-Phase,preparation,44383,44772,389,2,0.002,387,928
44770,45700,930,0,GE-Phase,stroke,44772,47057,2285,928,0.998,-2,-1357
45700,46309,609,0,GE-Phrase,218,44383,47057,2674,609,1.0,1317,-748
45700,46309,609,0,GE-Phase,stroke,44772,47057,2285,609,1.0,928,-748
46309,47250,941,0,GE-Phrase,218,44383,47057,2674,748,0.795,1926,193
46309,47250,941,0,GE-Phrase,219,47057,48898,1841,193,0.205,-748,-1648
46309,47250,941,0,GE-Phase,stroke,44772,47057,2285,748,0.795,1537,193
46309,47250,941,0,GE-Phase,stroke,47057,47597,540,193,0.205,-748,-347
14522,15590,1068,0,GE-Phrase,201,14551,15962,1411,1039,0.973,-29,-372
14522,15590,1068,0,GE-Phase,preparation,14551,14903,352,352,0.33,-29,687
14522,15590,1068,0,GE-Phase,stroke,14903,15374,471,471,0.441,-381,216
14522,15590,1068,0,GE-Phase,retraction,15374,15962,588,216,0.202,-852,-372
15590,15763,173,0,GE-Phrase,201,14551,15962,1411,173,1.0,1039,-199
15590,15763,173,0,GE-Phase,retraction,15374,15962,588,173,1.0,216,-199
15763,17363,1600,0,GE-Phrase,201,14551,15962,1411,199,0.124,1212,1401
15763,17363,1600,0,GE-Phase,retraction,15374,15962,588,199,0.124,389,1401
23045,24685,1640,0,GE-Phrase,203,21244,23590,2346,545,0.332,1801,1095
23045,24685,1640,0,GE-Phrase,204,23590,25583,1993,1095,0.668,-545,-898
23045,24685,1640,0,GE-Phase,hold,22444,23590,1146,545,0.332,601,1095
23045,24685,1640,0,GE-Phase,stroke,23590,24657,1067,1067,0.651,-545,28
23045,24685,1640,0,GE-Phase,hold,24657,25583,926,28,0.017,-1612,-898
24685,25317,632,0,GE-Phrase,204,23590,25583,1993,632,1.0,1095,-266
24685,25317,632,0,GE-Phase,hold,24657,25583,926,632,1.0,28,-266
25317,26200,883,0,GE-Phrase,204,23590,25583,1993,266,0.301,1727,617
25317,26200,883,0,GE-Phrase,205,25583,27102,1519,617,0.699,-266,-902
25317,26200,883,0,GE-Phase,hold,24657,25583,926,266,0.301,660,617
25317,26200,883,0,GE-Phase,preparation,25583,26149,566,566,0.641,-266,51
25317,26200,883,0,GE-Phase,stroke,26149,26650,501,51,0.058,-832,-450
26200,26302,102,0,GE-Phrase,205,25583,27102,1519,102,1.0,617,-800
26200,26302,102,0,GE-Phase,stroke,26149,26650,501,102,1.0,51,-348
26302,27124,822,0,GE-Phrase,205,25583,27102,1519,800,0.973,719,22
26302,27124,822,0,GE-Phrase,206,27102,28175,1073,22,0.027,-800,-1051
26302,27124,822,0,GE-Phase,stroke,26149,26650,501,348,0.423,153,474
26302,27124,822,0,GE-Phase,retraction,26650,27102,452,452,0.55,-348,22
26302,27124,822,0,GE-Phase,stroke,27102,27573,471,22,0.027,-800,-449
27124,28520,1396,0,GE-Phrase,206,27102,28175,1073,1051,0.753,22,345
27124,28520,1396,0,GE-Phase,stroke,27102,27573,471,449,0.322,22,947
27124,28520,1396,0,GE-Phase,retraction,27573,28175,602,602,0.431,-449,345
43520,44770,1250,0,GE-Phrase,217,43251,44383,1132,863,0.69,269,387
43520,44770,1250,0,GE-Phrase,218,44383,47057,2674,387,0.31,-863,-2287
43520,44770,1250,0,GE-Phase,preparation,43251,43910,659,390,0.312,269,860
43520,44770,1250,0,GE-Phase,stroke,43910,44383,473,473,0.378,-390,387
43520,44770,1250,0,GE-Phase,preparation,44383,44772,389,387,0.31,-863,-2
44770,45700,930,0,GE-Phrase,218,44383,47057,2674,930,1.0,387,-1357
44770,45700,930,0,GE-Phase,preparation,44383,44772,389,2,0.002,387,928
44770,45700,930,0,GE-Phase,stroke,44772,47057,2285,928,0.998,-2,-1357
45700,46309,609,0,GE-Phrase,218,44383,47057,2674,609,1.0,1317,-748
45700,46309,609,0,GE-Phase,stroke,44772,47057,2285,609,1.0,928,-748
46309,47250,941,0,GE-Phrase,218,44383,47057,2674,748,0.795,1926,193
46309,47250,941,0,GE-Phrase,219,47057,48898,1841,193,0.205,-748,-1648
46309,47250,941,0,GE-Phase,stroke,44772,47057,2285,748,0.795,1537,193
46309,47250,941,0,GE-Phase,stroke,47057,47597,540,193,0.205,-748,-347
14522,15590,1068,0,GE-Phrase,201,14551,15962,1411,1039,0.973,-29,-372
14522,15590,1068,0,GE-Phase,preparation,14551,14903,352,352,0.33,-29,687
14522,15590,1068,0,GE-Phase,stroke,14903,15374,471,471,0.441,-381,216
14522,15590,1068,0,GE-Phase,retraction,15374,15962,588,216,0.202,-852,-372
15590,15763,173,0,GE-Phrase,201,14551,15962,1411,173,1.0,1039,-199
15590,15763,173,0,GE-Phase,retraction,15374,15962,588,173,1.0,216,-199
15763,17363,1600,0,GE-Phrase,201,14551,15962,1411,199,0.124,1212,1401
15763,17363,1600,0,GE-Phase,retraction,15374,15962,588,199,0.124,389,1401
23045,24685,1640,0,GE-Phrase,203,21244,23590,2346,545,0.332,1801,1095
23045,24685,1640,0,GE-Phrase,204,23590,25583,1993,1095,0.668,-545,-898
23045,24685,1640,0,GE-Phase,hold,22444,23590,1146,545,0.332,601,1095
23045,24685,1640,0,GE-Phase,stroke,23590,24657,1067,1067,0.651,-545,28
23045,24685,1640,0,GE-Phase,hold,24657,25583,926,28,0.017,-1612,-898
24685,25317,632,0,GE-Phrase,204,23590,25583,1993,632,1.0,1095,-266
24685,25317,632,0,GE-Phase,hold,24657,25583,926,632,1.0,28,-266
25317,26200,883,0,GE-Phrase,204,23590,25583,1993,266,0.301,1727,617
25317,26200,883,0,GE-Phrase,205,25583,27102,1519,617,0.699,-266,-902
25317,26200,883,0,GE-Phase,hold,24657,25583,926,266,0.301,660,617
25317,26200,883,0,GE-Phase,preparation,25583,26149,566,566,0.641,-266,51
25317,26200,883,0,GE-Phase,stroke,26149,26650,501,51,0.058,-832,-450
26200,26302,102,0,GE-Phrase,205,25583,27102,1519,102,1.0,617,-800
26200,26302,102,0,GE-Phase,stroke,26149,26650,501,102,1.0,51,-348
26302,27124,822,0,GE-Phrase,205,25583,27102,1519,800,0.973,719,22
26302,27124,822,0,GE-Phrase,206,27102,28175,1073,22,0.027,-800,-1051
26302,27124,822,0,GE-Phase,stroke,26149,26650,501,348,0.423,153,474
26302,27124,822,0,GE-Phase,retraction,26650,27102,452,452,0.55,-348,22
26302,27124,822,0,GE-Phase,stroke,27102,27573,471,22,0.027,-800,-449
27124,28520,1396,0,GE-Phrase,206,27102,28175,1073,1051,0.753,22,345
27124,28520,1396,0,GE-Phase,stroke,27102,27573,471,449,0.322,22,947
27124,28520,1396,0,GE-Phase,retraction,27573,28175,602,602,0.431,-449,345
43520,44770,1250,0,GE-Phrase,217,43251,44383,1132,863,0.69,269,387
43520,44770,1250,0,GE-Phrase,218,44383,47057,2674,387,0.31,-863,-2287
43520,44770,1250,0,GE-Phase,preparation,43251,43910,659,390,0.312,269,860
43520,44770,1250,0,GE-Phase,stroke,43910,44383,473,473,0.378,-390,387
43520,44770,1250,0,GE-Phase,preparation,44383,44772,389,387,0.31,-863,-2
44770,45700,930,0,GE-Phrase,218,44383,47057,2674,930,1.0,387,-1357
44770,45700,930,0,GE-Phase,preparation,44383,44772,389,2,0.002,387,928
44770,45700,930,0,GE-Phase,stroke,44772,47057,2285,928,0.998,-2,-1357
45700,46309,609,0,GE-Phrase,218,44383,47057,2674,609,1.0,1317,-748
45700,46309,609,0,GE-Phase,stroke,44772,47057,2285,609,1.0,928,-748
46309,47250,941,0,GE-Phrase,218,44383,47057,2674,748,0.795,1926,193
46309,47250,941,0,GE-Phrase,219,47057,48898,1841,193,0.205,-748,-1648
46309,47250,941,0,GE-Phase,stroke,44772,47057,2285,748,0.795,1537,193
46309,47250,941,0,GE-Phase,stroke,47057,47597,540,193,0.205,-748,-347
14522,15590,1068,0,GE-Phrase,201,14551,15962,1411,1039,0.973,-29,-372
14522,15590,1068,0,GE-Phase,preparation,14551,14903,352,352,0.33,-29,687
14522,15590,1068,0,GE-Phase,stroke,14903,15374,471,471,0.441,-381,216
14522,15590,1068,0,GE-Phase,retraction,15374,15962,588,216,0.202,-852,-372
15590,15763,173,0,GE-Phrase,201,14551,15962,1411,173,1.0,1039,-199
15590,15763,173,0,GE-Phase,retraction,15374,15962,588,173,1.0,216,-199
15763,17363,1600,0,GE-Phrase,201,14551,15962,1411,199,0.124,1212,1401
15763,17363,1600,0,GE-Phase,retraction,15374,15962,588,199,0.124,389,1401
23045,24685,1640,0,GE-Phrase,203,21244,23590,2346,545,0.332,1801,1095
23045,24685,1640,0,GE-Phrase,204,23590,25583,1993,1095,0.668,-545,-898
23045,24685,1640,0,GE-Phase,hold,22444,23590,1146,545,0.332,601,1095
23045,24685,1640,0,GE-Phase,stroke,23590,24657,1067,1067,0.651,-545,28
23045,24685,1640,0,GE-Phase,hold,24657,25583,926,28,0.017,-1612,-898
24685,25317,632,0,GE-Phrase,204,23590,25583,1993,632,1.0,1095,-266
24685,25317,632,0,GE-Phase,hold,24657,25583,926,632,1.0,28,-266
25317,26200,883,0,GE-Phrase,204,23590,25583,1993,266,0.301,1727,617
25317,26200,883,0,GE-Phrase,205,25583,27102,1519,617,0.699,-266,-902
25317,26200,883,0,GE-Phase,hold,24657,25583,926,266,0.301,660,617
25317,26200,883,0,GE-Phase,preparation,25583,26149,566,566,0.641,-266,51
25317,26200,883,0,GE-Phase,stroke,26149,26650,501,51,0.058,-832,-450
26200,26302,102,0,GE-Phrase,205,25583,27102,1519,102,1.0,617,-800
26200,26302,102,0,GE-Phase,stroke,26149,26650,501,102,1.0,51,-348
26302,27124,822,0,GE-Phrase,205,25583,27102,1519,800,0.973,719,22
26302,27124,822,0,GE-Phrase,206,27102,28175,1073,22,0.027,-800,-1051
26302,27124,822,0,GE-Phase,stroke,26149,26650,501,348,0.423,153,474
26302,27124,822,0,GE-Phase,retraction,26650,27102,452,452,0.55,-348,22
26302,27124,822,0,GE-Phase,stroke,27102,27573,471,22,0.027,-800,-449
27124,28520,1396,0,GE-Phrase,206,27102,28175,1073,1051,0.753,22,345
27124,28520,1396,0,GE-Phase,stroke,27102,27573,471,449,0.322,22,947
27124,28520,1396,0,GE-Phase,retraction,27573,28175,602,602,0.431,-449,345
43520,44770,1250,0,GE-Phrase,217,43251,44383,1132,863,0.69,269,387
43520,44770,1250,0,GE-Phrase,218,44383,47057,2674,387,0.31,-863,-2287
43520,44770,1250,0,GE-Phase,preparation,43251,43910,659,390,0.312,269,860
43520,44770,1250,0,GE-Phase,stroke,43910,44383,473,473,0.378,-390,387
43520,44770,1250,0,GE-Phase,preparation,44383,44772,389,387,0.31,-863,-2
44770,45700,930,0,GE-Phrase,218,44383,47057,2674,930,1.0,387,-1357
44770,45700,930,0,GE-Phase,preparation,44383,44772,389,2,0.002,387,928
44770,45700,930,0,GE-Phase,stroke,44772,47057,2285,928,0.998,-2,-1357
45700,46309,609,0,GE-Phrase,218,44383,47057,2674,609,1.0,1317,-748
45700,46309,609,0,GE-Phase,stroke,44772,47057,2285,609,1.0,928,-748
46309,47250,941,0,GE-Phrase,218,44383,47057,2674,748,0.795,1926,193
46309,47250,941,0,GE-Phrase,219,47057,48898,1841,193,0.205,-748,-1648
46309,47250,941,0,GE-Phase,stroke,44772,47057,2285,748,0.795,1537,193
46309,47250,941,0,GE-Phase,stroke,47057,47597,540,193,0.205,-748,-347
14522,15590,1068,0,GE-Phrase,201,14551,15962,1411,1039,0.973,-29,-372
14522,15590,1068,0,GE-Phase,preparation,14551,14903,352,352,0.33,-29,687
14522,15590,1068,0,GE-Phase,stroke,14903,15374,471,471,0.441,-381,216
14522,15590,1068,0,GE-Phase,retraction,15374,15962,588,216,0.202,-852,-372
15590,15763,173,0,GE-Phrase,201,14551,15962,1411,173,1.0,1039,-199
15590,15763,173,0,GE-Phase,retraction,15374,15962,588,173,1.0,216,-199
15763,17363,1600,0,GE-Phrase,201,14551,15962,1411,199,0.124,1212,1401
15763,17363,1600,0,GE-Phase,retraction,15374,15962,588,199,0.124,389,1401
23045,24685,1640,0,GE-Phrase,203,21244,23590,2346,545,0.332,1801,1095
23045,24685,1640,0,GE-Phrase,204,23590,25583,1993,1095,0.668,-545,-898
23045,24685,1640,0,GE-Phase,hold,22444,23590,1146,545,0.332,601,1095
23045,24685,1640,0,GE-Phase,stroke,23590,24657,1067,1067,0.651,-545,28
23045,24685,1640,0,GE-Phase,hold,24657,25583,926,28,0.017,-1612,-898
24685,25317,632,0,GE-Phrase,204,23590,25583,1993,632,1.0,1095,-266
24685,25317,632,0,GE-Phase,hold,24657,25583,926,632,1.0,28,-266
25317,26200,883,0,GE-Phrase,204,23590,25583,1993,266,0.301,1727,617
25317,26200,883,0,GE-Phrase,205,25583,27102,1519,617,0.699,-266,-902
25317,26200,883,0,GE-Phase,hold,24657,25583,926,266,0.301,660,617
25317,26200,883,0,GE-Phase,preparation,25583,26149,566,566,0.641,-266,51
25317,26200,883,0,GE-Phase,stroke,26149,26650,501,51,0.058,-832,-450
26200,26302,102,0,GE-Phrase,205,25583,27102,1519,102,1.0,617,-800
26200,26302,102,0,GE-Phase,stroke,26149,26650,501,102,1.0,51,-348
26302,27124,822,0,GE-Phrase,205,25583,27102,1519,800,0.973,719,22
26302,27124,822,0,GE-Phrase,206,27102,28175,1073,22,0.027,-800,-1051
26302,27124,822,0,GE-Phase,stroke,26149,26650,501,348,0.423,153,474
26302,27124,822,0,GE-Phase,retraction,26650,27102,452,452,0.55,-348,22
26302,27124,822,0,GE-Phase,stroke,27102,27573,471,22,0.027,-800,-449
27124,28520,1396,0,GE-Phrase,206,27102,28175,1073,1051,0.753,22,345
27124,28520,1396,0,GE-Phase,stroke,27102,27573,471,449,0.322,22,947
27124,28520,1396,0,GE-Phase,retraction,27573,28175,602,602,0.431,-449,345
43520,44770,1250,0,GE-Phrase,217,43251,44383,1132,863,0.69,269,387
43520,44770,1250,0,GE-Phrase,218,44383,47057,2674,387,0.31,-863,-2287
43520,44770,1250,0,GE-Phase,preparation,43251,43910,659,390,0.312,269,860
43520,44770,1250,0,GE-Phase,stroke,43910,44383,473,473,0.378,-390,387
43520,44770,1250,0,GE-Phase,preparation,44383,44772,389,387,0.31,-863,-2
44770,45700,930,0,GE-Phrase,218,44383,47057,2674,930,1.0,387,-1357
44770,45700,930,0,GE-Phase,preparation,44383,44772,389,2,0.002,387,928
44770,45700,930,0,GE-Phase,stroke,44772,47057,2285,928,0.998,-2,-1357
45700,46309,609,0,GE-Phrase,218,44383,47057,2674,609,1.0,1317,-748
45700,46309,609,0,GE-Phase,stroke,44772,47057,2285,609,1.0,928,-748
46309,47250,941,0,GE-Phrase,218,44383,47057,2674,748,0.795,1926,193
46309,47250,941,0,GE-Phrase,219,47057,48898,1841,193,0.205,-748,-1648
46309,47250,941,0,GE-Phase,stroke,44772,47057,2285,748,0.795,1537,193
46309,47250,941,0,GE-Phase,stroke,47057,47597,540,193,0.205,-748,-347
14522,15590,1068,0,GE-Phrase,201,14551,15962,1411,1039,0.973,-29,-372
14522,15590,1068,0,GE-Phase,preparation,14551,14903,352,352,0.33,-29,687
14522,15590,1068,0,GE-Phase,stroke,14903,15374,471,471,0.441,-381,216
14522,15590,1068,0,GE-Phase,retraction,15374,15962,588,216,0.202,-852,-372
15590,15763,173,0,GE-Phrase,201,14551,15962,1411,173,1.0,1039,-199
15590,15763,173,0,GE-Phase,retraction,15374,15962,588,173,1.0,216,-199
15763,17363,1600,0,GE-Phrase,201,14551,15962,1411,199,0.124,1212,1401
15763,17363,1600,0,GE-Phase,retraction,15374,15962,588,199,0.124,389,1401
23045,24685,1640,0,GE-Phrase,203,21244,23590,2346,545,0.332,1801,1095
23045,24685,1640,0,GE-Phrase,204,23590,25583,1993,1095,0.668,-545,-898
23045,24685,1640,0,GE-Phase,hold,22444,23590,1146,545,0.332,601,1095
23045,24685,1640,0,GE-Phase,stroke,23590,24657,1067,1067,0.651,-545,28
23045,24685,1640,0,GE-Phase,hold,24657,25583,926,28,0.017,-1612,-898
24685,25317,632,0,GE-Phrase,204,23590,25583,1993,632,1.0,1095,-266
24685,25317,632,0,GE-Phase,hold,24657,25583,926,632,1.0,28,-266
25317,26200,883,0,GE-Phrase,204,23590,25583,1993,266,0.301,1727,617
25317,26200,883,0,GE-Phrase,205,25583,27102,1519,617,0.699,-266,-902
25317,26200,883,0,GE-Phase,hold,24657,25583,926,266,0.301,660,617
25317,26200,883,0,GE-Phase,preparation,25583,26149,566,566,0.641,-266,51
25317,26200,883,0,GE-Phase,stroke,26149,26650,501,51,0.058,-832,-450
26200,26302,102,0,GE-Phrase,205,25583,27102,1519,102,1.0,617,-800
26200,26302,102,0,GE-Phase,stroke,26149,26650,501,102,1.0,51,-348
26302,27124,822,0,GE-Phrase,205,25583,27102,1519,800,0.973,719,22
26302,27124,822,0,GE-Phrase,206,27102,28175,1073,22,0.027,-800,-1051
26302,27124,822,0,GE-Phase,stroke,26149,26650,501,348,0.423,153,474
26302,27124,822,0,GE-Phase,retraction,26650,27102,452,452,0.55,-348,22
26302,27124,822,0,GE-Phase,stroke,27102,27573,471,22,0.027,-800,-449
27124,28520,1396,0,GE-Phrase,206,27102,28175,1073,1051,0.753,22,345
27124,28520,1396,0,GE-Phase,stroke,27102,27573,471,449,0.322,22,947
27124,28520,1396,0,GE-Phase,retraction,27573,28175,602,602,0.431,-449,345
43520,44770,1250,0,GE-Phrase,217,43251,44383,1132,863,0.69,269,387
43520,44770,1250,0,GE-Phrase,218,44383,47057,2674,387,0.31,-863,-2287
43520,44770,1250,0,GE-Phase,preparation,43251,43910,659,390,0.312,269,860
43520,44770,1250,0,GE-Phase,stroke,43910,44383,473,473,0.378,-390,387
43520,44770,1250,0,GE-Phase,preparation,44383,44772,389,387,0.31,-863,-2
44770,45700,930,0,GE-Phrase,218,44383,47057,2674,930,1.0,387,-1357
44770,45700,930,0,GE-Phase,preparation,44383,44772,389,2,0.002,387,928
44770,45700,930,0,GE-Phase,stroke,44772,47057,2285,928,0.998,-2,-1357
45700,46309,609,0,GE-Phrase,218,44383,47057,2674,609,1.0,1317,-748
45700,46309,609,0,GE-Phase,stroke,44772,47057,2285,609,1.0,928,-748
46309,47250,941,0,GE-Phrase,218,44383,47057,2674,748,0.795,1926,193
46309,47250,941,0,GE-Phrase,219,47057,48898,1841,193,0.205,-748,-1648
46309,47250,941,0,GE-Phase,stroke,44772,47057,2285,748,0.795,1537,193
46309,47250,941,0,GE-Phase,stroke,47057,47597,540,193,0.205,-748,-347
14522,15590,1068,0,GE-Phrase,201,14551,15962,1411,1039,0.973,-29,-372
14522,15590,1068,0,GE-Phase,preparation,14551,14903,352,352,0.33,-29,687
14522,15590,1068,0,GE-Phase,stroke,14903,15374,471,471,0.441,-381,216
14522,15590,1068,0,GE-Phase,retraction,15374,15962,588,216,0.202,-852,-372
15590,15763,173,0,GE-Phrase,201,14551,15962,1411,173,1.0,1039,-199
15590,15763,173,0,GE-Phase,retraction,15374,15962,588,173,1.0,216,-199
15763,17363,1600,0,GE-Phrase,201,14551,15962,1411,199,0.124,1212,1401
15763,17363,1600,0,GE-Phase,retraction,15374,15962,588,199,0.124,389,1401
23045,24685,1640,0,GE-Phrase,203,21244,23590,2346,545,0.332,1801,1095
23045,24685,1640,0,GE-Phrase,204,23590,25583,1993,1095,0.668,-545,-898
23045,24685,1640,0,GE-Phase,hold,22444,23590,1146,545,0.332,601,1095
23045,24685,1640,0,GE-Phase,stroke,23590,24657,1067,1067,0.651,-545,28
23045,24685,1640,0,GE-Phase,hold,24657,25583,926,28,0.017,-1612,-898
24685,25317,632,0,GE-Phrase,204,23590,25583,1993,632,1.0,1095,-266
24685,25317,632,0,GE-Phase,hold,24657,25583,926,632,1.0,28,-266
25317,26200,883,0,GE-Phrase,204,23590,25583,1993,266,0.301,1727,617
25317,26200,883,0,GE-Phrase,205,25583,27102,1519,617,0.699,-266,-902
25317,26200,883,0,GE-Phase,hold,24657,25583,926,266,0.301,660,617
25317,26200,883,0,GE-Phase,preparation,25583,26149,566,566,0.641,-266,51
25317,26200,883,0,GE-Phase,stroke,26149,26650,501,51,0.058,-832,-450
26200,26302,102,0,GE-Phrase,205,25583,27102,1519,102,1.0,617,-800
26200,26302,102,0,GE-Phase,stroke,26149,26650,501,102,1.0,51,-348
26302,27124,822,0,GE-Phrase,205,25583,27102,1519,800,0.973,719,22
26302,27124,822,0,GE-Phrase,206,27102,28175,1073,22,0.027,-800,-1051
26302,27124,822,0,GE-Phase,stroke,26149,26650,501,348,0.423,153,474
26302,27124,822,0,GE-Phase,retraction,26650,27102,452,452,0.55,-348,22
26302,27124,822,0,GE-Phase,stroke,27102,27573,471,22,0.027,-800,-449
27124,28520,1396,0,GE-Phrase,206,27102,28175,1073,1051,0.753,22,345
27124,28520,1396,0,GE-Phase,stroke,27102,27573,471,449,0.322,22,947
27124,28520,1396,0,GE-Phase,retraction,27573,28175,602,602,0.431,-449,345
43520,44770,1250,0,GE-Phrase,217,43251,44383,1132,863,0.69,269,387
43520,44770,1250,0,GE-Phrase,218,44383,47057,2674,387,0.31,-863,-2287
43520,44770,1250,0,GE-Phase,preparation,43251,43910,659,390,0.312,269,860
43520,44770,1250,0,GE-Phase,stroke,43910,44383,473,473,0.378,-390,387
43520,44770,1250,0,GE-Phase,preparation,44383,44772,389,387,0.31,-863,-2
44770,45700,930,0,GE-Phrase,218,44383,47057,2674,930,1.0,387,-1357
44770,45700,930,0,GE-Phase,preparation,44383,44772,389,2,0.002,387,928
44770,45700,930,0,GE-Phase,stroke,44772,47057,2285,928,0.998,-2,-1357
45700,46309,609,0,GE-Phrase,218,44383,47057,2674,609,1.0,1317,-748
45700,46309,609,0,GE-Phase,stroke,44772,47057,2285,609,1.0,928,-748
46309,47250,941,0,GE-Phrase,218,44383,47057,2674,748,0.795,1926,193
46309,47250,941,0,GE-Phrase,219,47057,48898,1841,193,0.205,-748,-1648
46309,47250,941,0,GE-Phase,stroke,44772,47057,2285,748,0.795,1537,193
46309,47250,941,0,GE-Phase,stroke,47057,47597,540,193,0.205,-748,-347
14522,15590,1068,0,GE-Phrase,201,14551,15962,1411,1039,0.973,-29,-372
14522,15590,1068,0,GE-Phase,preparation,14551,14903,352,352,0.33,-29,687
14522,15590,1068,0,GE-Phase,stroke,14903,15374,471,471,0.441,-381,216
14522,15590,1068,0,GE-Phase,retraction,15374,15962,588,216,0.202,-852,-372
15590,15763,173,0,GE-Phrase,201,14551,15962,1411,173,1.0,1039,-199
15590,15763,173,0,GE-Phase,retraction,15374,15962,588,173,1.0,216,-199
15763,17363,1600,0,GE-Phrase,201,14551,15962,1411,199,0.124,1212,1401
15763,17363,1600,0,GE-Phase,retraction,15374,15962,588,199,0.124,389,1401
23045,24685,1640,0,GE-Phrase,203,21244,23590,2346,545,0.332,1801,1095
23045,24685,1640,0,GE-Phrase,204,23590,25583,1993,1095,0.668,-545,-898
23045,24685,1640,0,GE-Phase,hold,22444,23590,1146,545,0.332,601,1095
23045,24685,1640,0,GE-Phase,stroke,23590,24657,1067,1067,0.651,-545,28
23045,24685,1640,0,GE-Phase,hold,24657,25583,926,28,0.017,-1612,-898
24685,25317,632,0,GE-Phrase,204,23590,25583,1993,632,1.0,1095,-266
24685,25317,632,0,GE-Phase,hold,24657,25583,926,632,1.0,28,-266
25317,26200,883,0,GE-Phrase,204,23590,25583,1993,266,0.301,1727,617
25317,26200,883,0,GE-Phrase,205,25583,27102,1519,617,0.699,-266,-902
25317,26200,883,0,GE-Phase,hold,24657,25583,926,266,0.301,660,617
25317,26200,883,0,GE-Phase,preparation,25583,26149,566,566,0.641,-266,51
25317,26200,883,0,GE-Phase,stroke,26149,26650,501,51,0.058,-832,-450
26200,26302,102,0,GE-Phrase,205,25583,27102,1519,102,1.0,617,-800
26200,26302,102,0,GE-Phase,stroke,26149,26650,501,102,1.0,51,-348
26302,27124,822,0,GE-Phrase,205,25583,27102,1519,800,0.973,719,22
26302,27124,822,0,GE-Phrase,206,27102,28175,1073,22,0.027,-800,-1051
26302,27124,822,0,GE-Phase,stroke,26149,26650,501,348,0.423,153,474
26302,27124,822,0,GE-Phase,retraction,26650,27102,452,452,0.55,-348,22
26302,27124,822,0,GE-Phase,stroke,27102,27573,471,22,0.027,-800,-449
27124,28520,1396,0,GE-Phrase,206,27102,28175,1073,1051,0.753,22,345
27124,28520,1396,0,GE-Phase,stroke,27102,27573,471,449,0.322,22,947
27124,28520,1396,0,GE-Phase,retraction,27573,28175,602,602,0.431,-449,345
43520,44770,1250,0,GE-Phrase,217,43251,44383,1132,863,0.69,269,387
43520,44770,1250,0,GE-Phrase,218,44383,47057,2674,387,0.31,-863,-2287
43520,44770,1250,0,GE-Phase,preparation,43251,43910,659,390,0.312,269,860
43520,44770,1250,0,GE-Phase,stroke,43910,44383,473,473,0.378,-390,387
43520,44770,1250,0,GE-Phase,preparation,44383,44772,389,387,0.31,-863,-2
44770,45700,930,0,GE-Phrase,218,44383,47057,2674,930,1.0,387,-1357
44770,45700,930,0,GE-Phase,preparation,44383,44772,389,2,0.002,387,928
44770,45700,930,0,GE-Phase,stroke,44772,47057,2285,928,0.998,-2,-1357
45700,46309,609,0,GE-Phrase,218,44383,47057,2674,609,1.0,1317,-748
45700,46309,609,0,GE-Phase,stroke,44772,47057,2285,609,1.0,928,-748
46309,47250,941,0,GE-Phrase,218,44383,47057,2674,748,0.795,1926,193
46309,47250,941,0,GE-Phrase,219,47057,48898,1841,193,0.205,-748,-1648
46309,47250,941,0,GE-Phase,stroke,44772,47057,2285,748,0.795,1537,193
46309,47250,941,0,GE-Phase,stroke,47057,47597,540,193,0.205,-748,-347
14522,15590,1068,0,GE-Phrase,201,14551,15962,1411,1039,0.973,-29,-372
14522,15590,1068,0,GE-Phase,preparation,14551,14903,352,352,0.33,-29,687
14522,15590,1068,0,GE-Phase,stroke,14903,15374,471,471,0.441,-381,216
14522,15590,1068,0,GE-Phase,retraction,15374,15962,588,216,0.202,-852,-372
15590,15763,173,0,GE-Phrase,201,14551,15962,1411,173,1.0,1039,-199
15590,15763,173,0,GE-Phase,retraction,15374,15962,588,173,1.0,216,-199
15763,17363,1600,0,GE-Phrase,201,14551,15962,1411,199,0.124,1212,1401
15763,17363,1600,0,GE-Phase,retraction,15374,15962,588,199,0.124,389,1401
23045,24685,1640,0,GE-Phrase,203,21244,23590,2346,545,0.332,1801,1095
23045,24685,1640,0,GE-Phrase,204,23590,25583,1993,1095,0.668,-545,-898
23045,24685,1640,0,GE-Phase,hold,22444,23590,1146,545,0.332,601,1095
23045,24685,1640,0,GE-Phase,stroke,23590,24657,1067,1067,0.651,-545,28
23045,24685,1640,0,GE-Phase,hold,24657,25583,926,28,0.017,-1612,-898
24685,25317,632,0,GE-Phrase,204,23590,25583,1993,632,1.0,1095,-266
24685,25317,632,0,GE-Phase,hold,24657,25583,926,632,1.0,28,-266
25317,26200,883,0,GE-Phrase,204,23590,25583,1993,266,0.301,1727,617
25317,26200,883,0,GE-Phrase,205,25583,27102,1519,617,0.699,-266,-902
25317,26200,883,0,GE-Phase,hold,24657,25583,926,266,0.301,660,617
25317,26200,883,0,GE-Phase,preparation,25583,26149,566,566,0.641,-266,51
25317,26200,883,0,GE-Phase,stroke,26149,26650,501,51,0.058,-832,-450
26200,26302,102,0,GE-Phrase,205,25583,27102,1519,102,1.0,617,-800
26200,26302,102,0,GE-Phase,stroke,26149,26650,501,102,1.0,51,-348
26302,27124,822,0,GE-Phrase,205,25583,27102,1519,800,0.973,719,22
26302,27124,822,0,GE-Phrase,206,27102,28175,1073,22,0.027,-800,-1051
26302,27124,822,0,GE-Phase,stroke,26149,26650,501,348,0.423,153,474
26302,27124,822,0,GE-Phase,retraction,26650,27102,452,452,0.55,-348,22
26302,27124,822,0,GE-Phase,stroke,27102,27573,471,22,0.027,-800,-449
27124,28520,1396,0,GE-Phrase,206,27102,28175,1073,1051,0.753,22,345
27124,28520,1396,0,GE-Phase,stroke,27102,27573,471,449,0.322,22,947
27124,28520,1396,0,GE-Phase,retraction,27573,28175,602,602,0.431,-449,345
43520,44770,1250,0,GE-Phrase,217,43251,44383,1132,863,0.69,269,387
43520,44770,1250,0,GE-Phrase,218,44383,47057,2674,387,0.31,-863,-2287
43520,44770,1250,0,GE-Phase,preparation,43251,43910,659,390,0.312,269,860
43520,44770,1250,0,GE-Phase,stroke,43910,44383,473,473,0.378,-390,387
43520,44770,1250,0,GE-Phase,preparation,44383,44772,389,387,0.31,-863,-2
44770,45700,930,0,GE-Phrase,218,44383,47057,2674,930,1.0,387,-1357
44770,45700,930,0,GE-Phase,preparation,44383,44772,389,2,0.002,387,928
44770,45700,930,0,GE-Phase,stroke,44772,47057,2285,928,0.998,-2,-1357
45700,46309,609,0,GE-Phrase,218,44383,47057,2674,609,1.0,1317,-748
45700,46309,609,0,GE-Phase,stroke,44772,47057,2285,609,1.0,928,-748
46309,47250,941,0,GE-Phrase,218,44383,47057,2674,748,0.795,1926,193
46309,47250,941,0,GE-Phrase,219,47057,48898,1841,193,0.205,-748,-1648
46309,47250,941,0,GE-Phase,stroke,44772,47057,2285,748,0.795,1537,193
46309,47250,941,0,GE-Phase,stroke,47057,47597,540,193,0.205,-748,-347
14522,15590,1068,0,GE-Phrase,201,14551,15962,1411,1039,0.973,-29,-372
14522,15590,1068,0,GE-Phase,preparation,14551,14903,352,352,0.33,-29,687
14522,15590,1068,0,GE-Phase,stroke,14903,15374,471,471,0.441,-381,216
14522,15590,1068,0,GE-Phase,retraction,15374,15962,588,216,0.202,-852,-372
15590,15763,173,0,GE-Phrase,201,14551,15962,1411,173,1.0,1039,-199
15590,15763,173,0,GE-Phase,retraction,15374,15962,588,173,1.0,216,-199
15763,17363,1600,0,GE-Phrase,201,14551,15962,1411,199,0.124,1212,1401
15763,17363,1600,0,GE-Phase,retraction,15374,15962,588,199,0.124,389,1401
23045,24685,1640,0,GE-Phrase,203,21244,23590,2346,545,0.332,1801,1095
23045,24685,1640,0,GE-Phrase,204,23590,25583,1993,1095,0.668,-545,-898
23045,24685,1640,0,GE-Phase,hold,22444,23590,1146,545,0.332,601,1095
23045,24685,1640,0,GE-Phase,stroke,23590,24657,1067,1067,0.651,-545,28
23045,24685,1640,0,GE-Phase,hold,24657,25583,926,28,0.017,-1612,-898
24685,25317,632,0,GE-Phrase,204,23590,25583,1993,632,1.0,1095,-266
24685,25317,632,0,GE-Phase,hold,24657,25583,926,632,1.0,28,-266
25317,26200,883,0,GE-Phrase,204,23590,25583,1993,266,0.301,1727,617
25317,26200,883,0,GE-Phrase,205,25583,27102,1519,617,0.699,-266,-902
25317,26200,883,0,GE-Phase,hold,24657,25583,926,266,0.301,660,617
25317,26200,883,0,GE-Phase,preparation,25583,26149,566,566,0.641,-266,51
25317,26200,883,0,GE-Phase,stroke,26149,26650,501,51,0.058,-832,-450
26200,26302,102,0,GE-Phrase,205,25583,27102,1519,102,1.0,617,-800
26200,26302,102,0,GE-Phase,stroke,26149,26650,501,102,1.0,51,-348
26302,27124,822,0,GE-Phrase,205,25583,27102,1519,800,0.973,719,22
26302,27124,822,0,GE-Phrase,206,27102,28175,1073,22,0.027,-800,-1051
26302,27124,822,0,GE-Phase,stroke,26149,26650,501,348,0.423,153,474
26302,27124,822,0,GE-Phase,retraction,26650,27102,452,452,0.55,-348,22
26302,27124,822,0,GE-Phase,stroke,27102,27573,471,22,0.027,-800,-449
27124,28520,1396,0,GE-Phrase,206,27102,28175,1073,1051,0.753,22,345
27124,28520,1396,0,GE-Phase,stroke,27102,27573,471,449,0.322,22,947
27124,28520,1396,0,GE-Phase,retraction,27573,28175,602,602,0.431,-449,345
43520,44770,1250,0,GE-Phrase,217,43251,44383,1132,863,0.69,269,387
43520,44770,1250,0,GE-Phrase,218,44383,47057,2674,387,0.31,-863,-2287
43520,44770,1250,0,GE-Phase,preparation,43251,43910,659,390,0.312,269,860
43520,44770,1250,0,GE-Phase,stroke,43910,44383,473,473,0.378,-390,387
43520,44770,1250,0,GE-Phase,preparation,44383,44772,389,387,0.31,-863,-2
44770,45700,930,0,GE-Phrase,218,44383,47057,2674,930,1.0,387,-1357
44770,45700,930,0,GE-Phase,preparation,44383,44772,389,2,0.002,387,928
44770,45700,930,0,GE-Phase,stroke,44772,47057,2285,928,0.998,-2,-1357
45700,46309,609,0,GE-Phrase,218,44383,47057,2674,609,1.0,1317,-748
45700,46309,609,0,GE-Phase,stroke,44772,47057,2285,609,1.0,928,-748
46309,47250,941,0,GE-Phrase,218,44383,47057,2674,748,0.795,1926,193
46309,47250,941,0,GE-Phrase,219,47057,48898,1841,193,0.205,-748,-1648
46309,47250,941,0,GE-Phase,stroke,44772,47057,2285,748,0.795,1537,193
46309,47250,941,0,GE-Phase,stroke,47057,47597,540,193,0.205,-748,-347
14522,15590,1068,0,GE-Phrase,201,14551,15962,1411,1039,0.973,-29,-372
14522,15590,1068,0,GE-Phase,preparation,14551,14903,352,352,0.33,-29,687
14522,15590,1068,0,GE-Phase,stroke,14903,15374,471,471,0.441,-381,216
14522,15590,1068,0,GE-Phase,retraction,15374,15962,588,216,0.202,-852,-372
15590,15763,173,0,GE-Phrase,201,14551,15962,1411,173,1.0,1039,-199
15590,15763,173,0,GE-Phase,retraction,15374,15962,588,173,1.0,216,-199
15763,17363,1600,0,GE-Phrase,201,14551,15962,1411,199,0.124,1212,1401
15763,17363,1600,0,GE-Phase,retraction,15374,15962,588,199,0.124,389,1401
23045,24685,1640,0,GE-Phrase,203,21244,23590,2346,545,0.332,1801,1095
23045,24685,1640,0,GE-Phrase,204,23590,25583,1993,1095,0.668,-545,-898
23045,24685,1640,0,GE-Phase,hold,22444,23590,1146,545,0.332,601,1095
23045,24685,1640,0,GE-Phase,stroke,23590,24657,1067,1067,0.651,-545,28
23045,24685,1640,0,GE-Phase,hold,24657,25583,926,28,0.017,-1612,-898
24685,25317,632,0,GE-Phrase,204,23590,25583,1993,632,1.0,1095,-266
24685,25317,632,0,GE-Phase,hold,24657,25583,926,632,1.0,28,-266
25317,26200,883,0,GE-Phrase,204,23590,25583,1993,266,0.301,1727,617
25317,26200,883,0,GE-Phrase,205,25583,27102,1519,617,0.699,-266,-902
25317,26200,883,0,GE-Phase,hold,24657,25583,926,266,0.301,660,617
25317,26200,883,0,GE-Phase,preparation,25583,26149,566,566,0.641,-266,51
25317,26200,883,0,GE-Phase,stroke,26149,26650,501,51,0.058,-832,-450
26200,26302,102,0,GE-Phrase,205,25583,27102,1519,102,1.0,617,-800
26200,26302,102,0,GE-Phase,stroke,26149,26650,501,102,1.0,51,-348
26302,27124,822,0,GE-Phrase,205,25583,27102,1519,800,0.973,719,22
26302,27124,822,0,GE-Phrase,206,27102,28175,1073,22,0.027,-800,-1051
26302,27124,822,0,GE-Phase,stroke,26149,26650,501,348,0.423,153,474
26302,27124,822,0,GE-Phase,retraction,26650,27102,452,452,0.55,-348,22
26302,27124,822,0,GE-Phase,stroke,27102,27573,471,22,0.027,-800,-449
27124,28520,1396,0,GE-Phrase,206,27102,28175,1073,1051,0.753,22,345
27124,28520,1396,0,GE-Phase,stroke,27102,27573,471,449,0.322,22,947
27124,28520,1396,0,GE-Phase,retraction,27573,28175,602,602,0.431,-449,345
43520,44770,1250,0,GE-Phrase,217,43251,44383,1132,863,0.69,269,387
43520,44770,1250,0,GE-Phrase,218,44383,47057,2674,387,0.31,-863,-2287
43520,44770,1250,0,GE-Phase,preparation,43251,43910,659,390,0.312,269,860
43520,44770,1250,0,GE-Phase,stroke,43910,44383,473,473,0.378,-390,387
43520,44770,1250,0,GE-Phase,preparation,44383,44772,389,387,0.31,-863,-2
44770,45700,930,0,GE-Phrase,218,44383,47057,2674,930,1.0,387,-1357
44770,45700,930,0,GE-Phase,preparation,44383,44772,389,2,0.002,387,928
44770,45700,930,0,GE-Phase,stroke,44772,47057,2285,928,0.998,-2,-1357
45700,46309,609,0,GE-Phrase,218,44383,47057,2674,609,1.0,1317,-748
45700,46309,609,0,GE-Phase,stroke,44772,47057,2285,609,1.0,928,-748
46309,47250,941,0,GE-Phrase,218,44383,47057,2674,748,0.795,1926,193
46309,47250,941,0,GE-Phrase,219,47057,48898,1841,193,0.205,-748,-1648
46309,47250,941,0,GE-Phase,stroke,44772,47057,2285,748,0.795,1537,193
46309,47250,941,0,GE-Phase,stroke,47057,47597,540,193,0.205,-748,-347
14522,15590,1068,0,GE-Phrase,201,14551,15962,1411,1039,0.973,-29,-372
14522,15590,1068,0,GE-Phase,preparation,14551,14903,352,352,0.33,-29,687
14522,15590,1068,0,GE-Phase,stroke,14903,15374,471,471,0.441,-381,216
14522,15590,1068,0,GE-Phase,retraction,15374,15962,588,216,0.202,-852,-372
15590,15763,173,0,GE-Phrase,201,14551,15962,1411,173,1.0,1039,-199
15590,15763,173,0,GE-Phase,retraction,15374,15962,588,173,1.0,216,-199
15763,17363,1600,0,GE-Phrase,201,14551,15962,1411,199,0.124,1212,1401
15763,17363,1600,0,GE-Phase,retraction,15374,15962,588,199,0.124,389,1401
23045,24685,1640,0,GE-Phrase,203,21244,23590,2346,545,0.332,1801,1095
23045,24685,1640,0,GE-Phrase,204,23590,25583,1993,1095,0.668,-545,-898
23045,24685,1640,0,GE-Phase,hold,22444,23590,1146,545,0.332,601,1095
23045,24685,1640,0,GE-Phase,stroke,23590,24657,1067,1067,0.651,-545,28
23045,24685,1640,0,GE-Phase,hold,24657,25583,926,28,0.017,-1612,-898
24685,25317,632,0,GE-Phrase,204,23590,25583,1993,632,1.0,1095,-266
24685,25317,632,0,GE-Phase,hold,24657,25583,926,632,1.0,28,-266
25317,26200,883,0,GE-Phrase,204,23590,25583,1993,266,0.301,1727,617
25317,26200,883,0,GE-Phrase,205,25583,27102,1519,617,0.699,-266,-902
25317,26200,883,0,GE-Phase,hold,24657,25583,926,266,0.301,660,617
25317,26200,883,0,GE-Phase,preparation,25583,26149,566,566,0.641,-266,51
25317,26200,883,0,GE-Phase,stroke,26149,26650,501,51,0.058,-832,-450
26200,26302,102,0,GE-Phrase,205,25583,27102,1519,102,1.0,617,-800
26200,26302,102,0,GE-Phase,stroke,26149,26650,501,102,1.0,51,-348
26302,27124,822,0,GE-Phrase,205,25583,27102,1519,800,0.973,719,22
26302,27124,822,0,GE-Phrase,206,27102,28175,1073,22,0.027,-800,-1051
26302,27124,822,0,GE-Phase,stroke,26149,26650,501,348,0.423,153,474
26302,27124,822,0,GE-Phase,retraction,26650,27102,452,452,0.55,-348,22
26302,27124,822,0,GE-Phase,stroke,27102,27573,471,22,0.027,-800,-449
27124,28520,1396,0,GE-Phrase,206,27102,28175,1073,1051,0.753,22,345
27124,28520,1396,0,GE-Phase,stroke,27102,27573,471,449,0.322,22,947
27124,28520,1396,0,GE-Phase,retraction,27573,28175,602,602,0.431,-449,345
43520,44770,1250,0,GE-Phrase,217,43251,44383,1132,863,0.69,269,387
43520,44770,1250,0,GE-Phrase,218,44383,47057,2674,387,0.31,-863,-2287
43520,44770,1250,0,GE-Phase,preparation,43251,43910,659,390,0.312,269,860
43520,44770,1250,0,GE-Phase,stroke,43910,44383,473,473,0.378,-390,387
43520,44770,1250,0,GE-Phase,preparation,44383,44772,389,387,0.31,-863,-2
44770,45700,930,0,GE-Phrase,218,44383,47057,2674,930,1.0,387,-1357
44770,45700,930,0,GE-Phase,preparation,44383,44772,389,2,0.002,387,928
44770,45700,930,0,GE-Phase,stroke,44772,47057,2285,928,0.998,-2,-1357
45700,46309,609,0,GE-Phrase,218,44383,47057,2674,609,1.0,1317,-748
45700,46309,609,0,GE-Phase,stroke,44772,47057,2285,609,1.0,928,-748
46309,47250,941,0,GE-Phrase,218,44383,47057,2674,748,0.795,1926,193
46309,47250,941,0,GE-Phrase,219,47057,48898,1841,193,0.205,-748,-1648
46309,47250,941,0,GE-Phase,stroke,44772,47057,2285,748,0.795,1537,193
46309,47250,941,0,GE-Phase,stroke,47057,47597,540,193,0.205,-748,-347
14522,15590,1068,0,GE-Phrase,201,14551,15962,1411,1039,0.973,-29,-372
14522,15590,1068,0,GE-Phase,preparation,14551,14903,352,352,0.33,-29,687
14522,15590,1068,0,GE-Phase,stroke,14903,15374,471,471,0.441,-381,216
14522,15590,1068,0,GE-Phase,retraction,15374,15962,588,216,0.202,-852,-372
15590,15763,173,0,GE-Phrase,201,14551,15962,1411,173,1.0,1039,-199
15590,15763,173,0,GE-Phase,retraction,15374,15962,588,173,1.0,216,-199
15763,17363,1600,0,GE-Phrase,201,14551,15962,1411,199,0.124,1212,1401
15763,17363,1600,0,GE-Phase,retraction,15374,15962,588,199,0.124,389,1401
23045,24685,1640,0,GE-Phrase,203,21244,23590,2346,545,0.332,1801,1095
23045,24685,1640,0,GE-Phrase,204,23590,25583,1993,1095,0.668,-545,-898
23045,24685,1640,0,GE-Phase,hold,22444,23590,1146,545,0.332,601,1095
23045,24685,1640,0,GE-Phase,stroke,23590,24657,1067,1067,0.651,-545,28
23045,24685,1640,0,GE-Phase,hold,24657,25583,926,28,0.017,-1612,-898
24685,25317,632,0,GE-Phrase,204,23590,25583,1993,632,1.0,1095,-266
24685,25317,632,0,GE-Phase,hold,24657,25583,926,632,1.0,28,-266
25317,26200,883,0,GE-Phrase,204,23590,25583,1993,266,0.301,1727,617
25317,26200,883,0,GE-Phrase,205,25583,27102,1519,617,0.699,-266,-902
25317,26200,883,0,GE-Phase,hold,24657,25583,926,266,0.301,660,617
25317,26200,883,0,GE-Phase,preparation,25583,26149,566,566,0.641,-266,51
25317,26200,883,0,GE-Phase,stroke,26149,26650,501,51,0.058,-832,-450
26200,26302,102,0,GE-Phrase,205,25583,27102,1519,102,1.0,617,-800
26200,26302,102,0,GE-Phase,stroke,26149,26650,501,102,1.0,51,-348
26302,27124,822,0,GE-Phrase,205,25583,27102,1519,800,0.973,719,22
26302,27124,822,0,GE-Phrase,206,27102,28175,1073,22,0.027,-800,-1051
26302,27124,822,0,GE-Phase,stroke,26149,26650,501,348,0.423,153,474
26302,27124,822,0,GE-Phase,retraction,26650,27102,452,452,0.55,-348,22
26302,27124,822,0,GE-Phase,stroke,27102,27573,471,22,0.027,-800,-449
27124,28520,1396,0,GE-Phrase,206,27102,28175,1073,1051,0.753,22,345
27124,28520,1396,0,GE-Phase,stroke,27102,27573,471,449,0.322,22,947
27124,28520,1396,0,GE-Phase,retraction,27573,28175,602,602,0.431,-449,345
43520,44770,1250,0,GE-Phrase,217,43251,44383,1132,863,0.69,269,387
43520,44770,1250,0,GE-Phrase,218,44383,47057,2674,387,0.31,-863,-2287
43520,44770,1250,0,GE-Phase,preparation,43251,43910,659,390,0.312,269,860
43520,44770,1250,0,GE-Phase,stroke,43910,44383,473,473,0.378,-390,387
43520,44770,1250,0,GE-Phase,preparation,44383,44772,389,387,0.31,-863,-2
44770,45700,930,0,GE-Phrase,218,44383,47057,2674,930,1.0,387,-1357
44770,45700,930,0,GE-Phase,preparation,44383,44772,389,2,0.002,387,928
44770,45700,930,0,GE-Phase,stroke,44772,47057,2285,928,0.998,-2,-1357
45700,46309,609,0,GE-Phrase,218,44383,47057,2674,609,1.0,1317,-748
45700,46309,609,0,GE-Phase,stroke,44772,47057,2285,609,1.0,928,-748
46309,47250,941,0,GE-Phrase,218,44383,47057,2674,748,0.795,1926,193
46309,47250,941,0,GE-Phrase,219,47057,48898,1841,193,0.205,-748,-1648
46309,47250,941,0,GE-Phase,stroke,44772,47057,2285,748,0.795,1537,193
46309,47250,941,0,GE-Phase,stroke,47057,47597,540,193,0.205,-748,-347
14522,15590,1068,0,GE-Phrase,201,14551,15962,1411,1039,0.973,-29,-372
14522,15590,1068,0,GE-Phase,preparation,14551,14903,352,352,0.33,-29,687
14522,15590,1068,0,GE-Phase,stroke,14903,15374,471,471,0.441,-381,216
14522,15590,1068,0,GE-Phase,retraction,15374,15962,588,216,0.202,-852,-372
15590,15763,173,0,GE-Phrase,201,14551,15962,1411,173,1.0,1039,-199
15590,15763,173,0,GE-Phase,retraction,15374,15962,588,173,1.0,216,-199
15763,17363,1600,0,GE-Phrase,201,14551,15962,1411,199,0.124,1212,1401
15763,17363,1600,0,GE-Phase,retraction,15374,15962,588,199,0.124,389,1401
23045,24685,1640,0,GE-Phrase,203,21244,23590,2346,545,0.332,1801,1095
23045,24685,1640,0,GE-Phrase,204,23590,25583,1993,1095,0.668,-545,-898
23045,24685,1640,0,GE-Phase,hold,22444,23590,1146,545,0.332,601,1095
23045,24685,1640,0,GE-Phase,stroke,23590,24657,1067,1067,0.651,-545,28
23045,24685,1640,0,GE-Phase,hold,24657,25583,926,28,0.017,-1612,-898
24685,25317,632,0,GE-Phrase,204,23590,25583,1993,632,1.0,1095,-266
24685,25317,632,0,GE-Phase,hold,24657,25583,926,632,1.0,28,-266
25317,26200,883,0,GE-Phrase,204,23590,25583,1993,266,0.301,1727,617
25317,26200,883,0,GE-Phrase,205,25583,27102,1519,617,0.699,-266,-902
25317,26200,883,0,GE-Phase,hold,24657,25583,926,266,0.301,660,617
25317,26200,883,0,GE-Phase,preparation,25583,26149,566,566,0.641,-266,51
25317,26200,883,0,GE-Phase,stroke,26149,26650,501,51,0.058,-832,-450
26200,26302,102,0,GE-Phrase,205,25583,27102,1519,102,1.0,617,-800
26200,26302,102,0,GE-Phase,stroke,26149,26650,501,102,1.0,51,-348
26302,27124,822,0,GE-Phrase,205,25583,27102,1519,800,0.973,719,22
26302,27124,822,0,GE-Phrase,206,27102,28175,1073,22,0.027,-800,-1051
26302,27124,822,0,GE-Phase,stroke,26149,26650,501,348,0.423,153,474
26302,27124,822,0,GE-Phase,retraction,26650,27102,452,452,0.55,-348,22
26302,27124,822,0,GE-Phase,stroke,27102,27573,471,22,0.027,-800,-449
27124,28520,1396,0,GE-Phrase,206,27102,28175,1073,1051,0.753,22,345
27124,28520,1396,0,GE-Phase,stroke,27102,27573,471,449,0.322,22,947
27124,28520,1396,0,GE-Phase,retraction,27573,28175,602,602,0.431,-449,345
43520,44770,1250,0,GE-Phrase,217,43251,44383,1132,863,0.69,269,387
43520,44770,1250,0,GE-Phrase,218,44383,47057,2674,387,0.31,-863,-2287
43520,44770,1250,0,GE-Phase,preparation,43251,43910,659,390,0.312,269,860
43520,44770,1250,0,GE-Phase,stroke,43910,44383,473,473,0.378,-390,387
43520,44770,1250,0,GE-Phase,preparation,44383,44772,389,387,0.31,-863,-2
44770,45700,930,0,GE-Phrase,218,44383,47057,2674,930,1.0,387,-1357
44770,45700,930,0,GE-Phase,preparation,44383,44772,389,2,0.002,387,928
44770,45700,930,0,GE-Phase,stroke,44772,47057,2285,928,0.998,-2,-1357
45700,46309,609,0,GE-Phrase,218,44383,47057,2674,609,1.0,1317,-748
45700,46309,609,0,GE-Phase,stroke,44772,47057,2285,609,1.0,928,-748
46309,47250,941,0,GE-Phrase,218,44383,47057,2674,748,0.795,1926,193
46309,47250,941,0,GE-Phrase,219,47057,48898,1841,193,0.205,-748,-1648
46309,47250,941,0,GE-Phase,stroke,44772,47057,2285,748,0.795,1537,193
46309,47250,941,0,GE-Phase,stroke,47057,47597,540,193,0.205,-748,-347
14522,15590,1068,0,GE-Phrase,201,14551,15962,1411,1039,0.973,-29,-372
14522,15590,1068,0,GE-Phase,preparation,14551,14903,352,352,0.33,-29,687
14522,15590,1068,0,GE-Phase,stroke,14903,15374,471,471,0.441,-381,216
14522,15590,1068,0,GE-Phase,retraction,15374,15962,588,216,0.202,-852,-372
15590,15763,173,0,GE-Phrase,201,14551,15962,1411,173,1.0,1039,-199
15590,15763,173,0,GE-Phase,retraction,15374,15962,588,173,1.0,216,-199
15763,17363,1600,0,GE-Phrase,201,14551,15962,1411,199,0.124,1212,1401
15763,17363,1600,0,GE-Phase,retraction,15374,15962,588,199,0.124,389,1401
23045,24685,1640,0,GE-Phrase,203,21244,23590,2346,545,0.332,1801,1095
23045,24685,1640,0,GE-Phrase,204,23590,25583,1993,1095,0.668,-545,-898
23045,24685,1640,0,GE-Phase,hold,22444,23590,1146,545,0.332,601,1095
23045,24685,1640,0,GE-Phase,stroke,23590,24657,1067,1067,0.651,-545,28
23045,24685,1640,0,GE-Phase,hold,24657,25583,926,28,0.017,-1612,-898
24685,25317,632,0,GE-Phrase,204,23590,25583,1993,632,1.0,1095,-266
24685,25317,632,0,GE-Phase,hold,24657,25583,926,632,1.0,28,-266
25317,26200,883,0,GE-Phrase,204,23590,25583,1993,266,0.301,1727,617
25317,26200,883,0,GE-Phrase,205,25583,27102,1519,617,0.699,-266,-902
25317,26200,883,0,GE-Phase,hold,24657,25583,926,266,0.301,660,617
25317,26200,883,0,GE-Phase,preparation,25583,26149,566,566,0.641,-266,51
25317,26200,883,0,GE-Phase,stroke,26149,26650,501,51,0.058,-832,-450
26200,26302,102,0,GE-Phrase,205,25583,27102,1519,102,1.0,617,-800
26200,26302,102,0,GE-Phase,stroke,26149,26650,501,102,1.0,51,-348
26302,27124,822,0,GE-Phrase,205,25583,27102,1519,800,0.973,719,22
26302,27124,822,0,GE-Phrase,206,27102,28175,1073,22,0.027,-800,-1051
26302,27124,822,0,GE-Phase,stroke,26149,26650,501,348,0.423,153,474
26302,27124,822,0,GE-Phase,retraction,26650,27102,452,452,0.55,-348,22
26302,27124,822,0,GE-Phase,stroke,27102,27573,471,22,0.027,-800,-449
27124,28520,1396,0,GE-Phrase,206,27102,28175,1073,1051,0.753,22,345
27124,28520,1396,0,GE-Phase,stroke,27102,27573,471,449,0.322,22,947
27124,28520,1396,0,GE-Phase,retraction,27573,28175,602,602,0.431,-449,345
43520,44770,1250,0,GE-Phrase,217,43251,44383,1132,863,0.69,269,387
43520,44770,1250,0,GE-Phrase,218,44383,47057,2674,387,0.31,-863,-2287
43520,44770,1250,0,GE-Phase,preparation,43251,43910,659,390,0.312,269,860
43520,44770,1250,0,GE-Phase,stroke,43910,44383,473,473,0.378,-390,387
43520,44770,1250,0,GE-Phase,preparation,44383,44772,389,387,0.31,-863,-2
44770,45700,930,0,GE-Phrase,218,44383,47057,2674,930,1.0,387,-1357
44770,45700,930,0,GE-Phase,preparation,44383,44772,389,2,0.002,387,928
44770,45700,930,0,GE-Phase,stroke,44772,47057,2285,928,0.998,-2,-1357
45700,46309,609,0,GE-Phrase,218,44383,47057,2674,609,1.0,1317,-748
45700,46309,609,0,GE-Phase,stroke,44772,47057,2285,609,1.0,928,-748
46309,47250,941,0,GE-Phrase,218,44383,47057,2674,748,0.795,1926,193
46309,47250,941,0,GE-Phrase,219,47057,48898,1841,193,0.205,-748,-1648
46309,47250,941,0,GE-Phase,stroke,44772,47057,2285,748,0.795,1537,193
46309,47250,941,0,GE-Phase,stroke,47057,47597,540,193,0.205,-748,-347
14522,15590,1068,0,GE-Phrase,201,14551,15962,1411,1039,0.973,-29,-372
14522,15590,1068,0,GE-Phase,preparation,14551,14903,352,352,0.33,-29,687
14522,15590,1068,0,GE-Phase,stroke,14903,15374,471,471,0.441,-381,216
14522,15590,1068,0,GE-Phase,retraction,15374,15962,588,216,0.202,-852,-372
15590,15763,173,0,GE-Phrase,201,14551,15962,1411,173,1.0,1039,-199
15590,15763,173,0,GE-Phase,retraction,15374,15962,588,173,1.0,216,-199
15763,17363,1600,0,GE-Phrase,201,14551,15962,1411,199,0.124,1212,1401
15763,17363,1600,0,GE-Phase,retraction,15374,15962,588,199,0.124,389,1401
23045,24685,1640,0,GE-Phrase,203,21244,23590,2346,545,0.332,1801,1095
23045,24685,1640,0,GE-Phrase,204,23590,25583,1993,1095,0.668,-545,-898
23045,24685,1640,0,GE-Phase,hold,22444,23590,1146,545,0.332,601,1095
23045,24685,1640,0,GE-Phase,stroke,23590,24657,1067,1067,0.651,-545,28
23045,24685,1640,0,GE-Phase,hold,24657,25583,926,28,0.017,-1612,-898
24685,25317,632,0,GE-Phrase,204,23590,25583,1993,632,1.0,1095,-266
24685,25317,632,0,GE-Phase,hold,24657,25583,926,632,1.0,28,-266
25317,26200,883,0,GE-Phrase,204,23590,25583,1993,266,0.301,1727,617
25317,26200,883,0,GE-Phrase,205,25583,27102,1519,617,0.699,-266,-902
25317,26200,883,0,GE-Phase,hold,24657,25583,926,266,0.301,660,617
25317,26200,883,0,GE-Phase,preparation,25583,26149,566,566,0.641,-266,51
25317,26200,883,0,GE-Phase,stroke,26149,26650,501,51,0.058,-832,-450
26200,26302,102,0,GE-Phrase,205,25583,27102,1519,102,1.0,617,-800
26200,26302,102,0,GE-Phase,stroke,26149,26650,501,102,1.0,51,-348
26302,27124,822,0,GE-Phrase,205,25583,27102,1519,800,0.973,719,22
26302,27124,822,0,GE-Phrase,206,27102,28175,1073,22,0.027,-800,-1051
26302,27124,822,0,GE-Phase,stroke,26149,26650,501,348,0.423,153,474
26302,27124,822,0,GE-Phase,retraction,26650,27102,452,452,0.55,-348,22
26302,27124,822,0,GE-Phase,stroke,27102,27573,471,22,0.027,-800,-449
27124,28520,1396,0,GE-Phrase,206,27102,28175,1073,1051,0.753,22,345
27124,28520,1396,0,GE-Phase,stroke,27102,27573,471,449,0.322,22,947
27124,28520,1396,0,GE-Phase,retraction,27573,28175,602,602,0.431,-449,345
43520,44770,1250,0,GE-Phrase,217,43251,44383,1132,863,0.69,269,387
43520,44770,1250,0,GE-Phrase,218,44383,47057,2674,387,0.31,-863,-2287
43520,44770,1250,0,GE-Phase,preparation,43251,43910,659,390,0.312,269,860
43520,44770,1250,0,GE-Phase,stroke,43910,44383,473,473,0.378,-390,387
43520,44770,1250,0,GE-Phase,preparation,44383,44772,389,387,0.31,-863,-2
44770,45700,930,0,GE-Phrase,218,44383,47057,2674,930,1.0,387,-1357
44770,45700,930,0,GE-Phase,preparation,44383,44772,389,2,0.002,387,928
44770,45700,930,0,GE-Phase,stroke,44772,47057,2285,928,0.998,-2,-1357
45700,46309,609,0,GE-Phrase,218,44383,47057,2674,609,1.0,1317,-748
45700,46309,609,0,GE-Phase,stroke,44772,47057,2285,609,1.0,928,-748
46309,47250,941,0,GE-Phrase,218,44383,47057,2674,748,0.795,1926,193
46309,47250,941,0,GE-Phrase,219,47057,48898,1841,193,0.205,-748,-1648
46309,47250,941,0,GE-Phase,stroke,44772,47057,2285,748,0.795,1537,193
46309,47250,941,0,GE-Phase,stroke,47057,47597,540,193,0.205,-748,-347
14522,15590,1068,0,GE-Phrase,201,14551,15962,1411,1039,0.973,-29,-372
14522,15590,1068,0,GE-Phase,preparation,14551,14903,352,352,0.33,-29,687
14522,15590,1068,0,GE-Phase,stroke,14903,15374,471,471,0.441,-381,216
14522,15590,1068,0,GE-Phase,retraction,15374,15962,588,216,0.202,-852,-372
15590,15763,173,0,GE-Phrase,201,14551,15962,1411,173,1.0,1039,-199
15590,15763,173,0,GE-Phase,retraction,15374,15962,588,173,1.0,216,-199
15763,17363,1600,0,GE-Phrase,201,14551,15962,1411,199,0.124,1212,1401
15763,17363,1600,0,GE-Phase,retraction,15374,15962,588,199,0.124,389,1401
23045,24685,1640,0,GE-Phrase,203,21244,23590,2346,545,0.332,1801,1095
23045,24685,1640,0,GE-Phrase,204,23590,25583,1993,1095,0.668,-545,-898
23045,24685,1640,0,GE-Phase,hold,22444,23590,1146,545,0.332,601,1095
23045,24685,1640,0,GE-Phase,stroke,23590,24657,1067,1067,0.651,-545,28
23045,24685,1640,0,GE-Phase,hold,24657,25583,926,28,0.017,-1612,-898
24685,25317,632,0,GE-Phrase,204,23590,25583,1993,632,1.0,1095,-266
24685,25317,632,0,GE-Phase,hold,24657,25583,926,632,1.0,28,-266
25317,26200,883,0,GE-Phrase,204,23590,25583,1993,266,0.301,1727,617
25317,26200,883,0,GE-Phrase,205,25583,27102,1519,617,0.699,-266,-902
25317,26200,883,0,GE-Phase,hold,24657,25583,926,266,0.301,660,617
25317,26200,883,0,GE-Phase,preparation,25583,26149,566,566,0.641,-266,51
25317,26200,883,0,GE-Phase,stroke,26149,26650,501,51,0.058,-832,-450
26200,26302,102,0,GE-Phrase,205,25583,27102,1519,102,1.0,617,-800
26200,26302,102,0,GE-Phase,stroke,26149,26650,501,102,1.0,51,-348
26302,27124,822,0,GE-Phrase,205,25583,27102,1519,800,0.973,719,22
26302,27124,822,0,GE-Phrase,206,27102,28175,1073,22,0.027,-800,-1051
26302,27124,822,0,GE-Phase,stroke,26149,26650,501,348,0.423,153,474
26302,27124,822,0,GE-Phase,retraction,26650,27102,452,452,0.55,-348,22
26302,27124,822,0,GE-Phase,stroke,27102,27573,471,22,0.027,-800,-449
27124,28520,1396,0,GE-Phrase,206,27102,28175,1073,1051,0.753,22,345
27124,28520,1396,0,GE-Phase,stroke,27102,27573,471,449,0.322,22,947
27124,28520,1396,0,GE-Phase,retraction,27573,28175,602,602,0.431,-449,345
43520,44770,1250,0,GE-Phrase,217,43251,44383,1132,863,0.69,269,387
43520,44770,1250,0,GE-Phrase,218,44383,47057,2674,387,0.31,-863,-2287
43520,44770,1250,0,GE-Phase,preparation,43251,43910,659,390,0.312,269,860
43520,44770,1250,0,GE-Phase,stroke,43910,44383,473,473,0.378,-390,387
43520,44770,1250,0,GE-Phase,preparation,44383,44772,389,387,0.31,-863,-2
44770,45700,930,0,GE-Phrase,218,44383,47057,2674,930,1.0,387,-1357
44770,45700,930,0,GE-Phase,preparation,44383,44772,389,2,0.002,387,928
44770,45700,930,0,GE-Phase,stroke,44772,47057,2285,928,0.998,-2,-1357
45700,46309,609,0,GE-Phrase,218,44383,47057,2674,609,1.0,1317,-748
45700,46309,609,0,GE-Phase,stroke,44772,47057,2285,609,1.0,928,-748
46309,47250,941,0,GE-Phrase,218,44383,47057,2674,748,0.795,1926,193
46309,47250,941,0,GE-Phrase,219,47057,48898,1841,193,0.205,-748,-1648
46309,47250,941,0,GE-Phase,stroke,44772,47057,2285,748,0.795,1537,193
46309,47250,941,0,GE-Phase,stroke,47057,47597,540,193,0.205,-748,-347
14522,15590,1068,0,GE-Phrase,201,14551,15962,1411,1039,0.973,-29,-372
14522,15590,1068,0,GE-Phase,preparation,14551,14903,352,352,0.33,-29,687
14522,15590,1068,0,GE-Phase,stroke,14903,15374,471,471,0.441,-381,216
14522,15590,1068,0,GE-Phase,retraction,15374,15962,588,216,0.202,-852,-372
15590,15763,173,0,GE-Phrase,201,14551,15962,1411,173,1.0,1039,-199
15590,15763,173,0,GE-Phase,retraction,15374,15962,588,173,1.0,216,-199
15763,17363,1600,0,GE-Phrase,201,14551,15962,1411,199,0.124,1212,1401
15763,17363,1600,0,GE-Phase,retraction,15374,15962,588,199,0.124,389,1401
23045,24685,1640,0,GE-Phrase,203,21244,23590,2346,545,0.332,1801,1095
23045,24685,1640,0,GE-Phrase,204,23590,25583,1993,1095,0.668,-545,-898
23045,24685,1640,0,GE-Phase,hold,22444,23590,1146,545,0.332,601,1095
23045,24685,1640,0,GE-Phase,stroke,23590,24657,1067,1067,0.651,-545,28
23045,24685,1640,0,GE-Phase,hold,24657,25583,926,28,0.017,-1612,-898
24685,25317,632,0,GE-Phrase,204,23590,25583,1993,632,1.0,1095,-266
24685,25317,632,0,GE-Phase,hold,24657,25583,926,632,1.0,28,-266
25317,26200,883,0,GE-Phrase,204,23590,25583,1993,266,0.301,1727,617
25317,26200,883,0,GE-Phrase,205,25583,27102,1519,617,0.699,-266,-902
25317,26200,883,0,GE-Phase,hold,24657,25583,926,266,0.301,660,617
25317,26200,883,0,GE-Phase,preparation,25583,26149,566,566,0.641,-266,51
25317,26200,883,0,GE-Phase,stroke,26149,26650,501,51,0.058,-832,-450
26200,26302,102,0,GE-Phrase,205,25583,27102,1519,102,1.0,617,-800
26200,26302,102,0,GE-Phase,stroke,26149,26650,501,102,1.0,51,-348
26302,27124,822,0,GE-Phrase,205,25583,27102,1519,800,0.973,719,22
26302,27124,822,0,GE-Phrase,206,27102,28175,1073,22,0.027,-800,-1051
26302,27124,822,0,GE-Phase,stroke,26149,26650,501,348,0.423,153,474
26302,27124,822,0,GE-Phase,retraction,26650,27102,452,452,0.55,-348,22
26302,27124,822,0,GE-Phase,stroke,27102,27573,471,22,0.027,-800,-449
27124,28520,1396,0,GE-Phrase,206,27102,28175,1073,1051,0.753,22,345
27124,28520,1396,0,GE-Phase,stroke,27102,27573,471,449,0.322,22,947
27124,28520,1396,0,GE-Phase,retraction,27573,28175,602,602,0.431,-449,345
43520,44770,1250,0,GE-Phrase,217,43251,44383,1132,863,0.69,269,387
43520,44770,1250,0,GE-Phrase,218,44383,47057,2674,387,0.31,-863,-2287
43520,44770,1250,0,GE-Phase,preparation,43251,43910,659,390,0.312,269,860
43520,44770,1250,0,GE-Phase,stroke,43910,44383,473,473,0.378,-390,387
43520,44770,1250,0,GE-Phase,preparation,44383,44772,389,387,0.31,-863,-2
44770,45700,930,0,GE-Phrase,218,44383,47057,2674,930,1.0,387,-1357
44770,45700,930,0,GE-Phase,preparation,44383,44772,389,2,0.002,387,928
44770,45700,930,0,GE-Phase,stroke,44772,47057,2285,928,0.998,-2,-1357
45700,46309,609,0,GE-Phrase,218,44383,47057,2674,609,1.0,1317,-748
45700,46309,609,0,GE-Phase,stroke,44772,47057,2285,609,1.0,928,-748
46309,47250,941,0,GE-Phrase,218,44383,47057,2674,748,0.795,1926,193
46309,47250,941,0,GE-Phrase,219,47057,48898,1841,193,0.205,-748,-1648
46309,47250,941,0,GE-Phase,stroke,44772,47057,2285,748,0.795,1537,193
46309,47250,941,0,GE-Phase,stroke,47057,47597,540,193,0.205,-748,-347
14522,15590,1068,0,GE-Phrase,201,14551,15962,1411,1039,0.973,-29,-372
14522,15590,1068,0,GE-Phase,preparation,14551,14903,352,352,0.33,-29,687
14522,15590,1068,0,GE-Phase,stroke,14903,15374,471,471,0.441,-381,216
14522,15590,1068,0,GE-Phase,retraction,15374,15962,588,216,0.202,-852,-372
15590,15763,173,0,GE-Phrase,201,14551,15962,1411,173,1.0,1039,-199
15590,15763,173,0,GE-Phase,retraction,15374,15962,588,173,1.0,216,-199
15763,17363,1600,0,GE-Phrase,201,14551,15962,1411,199,0.124,1212,1401
15763,17363,1600,0,GE-Phase,retraction,15374,15962,588,199,0.124,389,1401
23045,24685,1640,0,GE-Phrase,203,21244,23590,2346,545,0.332,1801,1095
23045,24685,1640,0,GE-Phrase,204,23590,25583,1993,1095,0.668,-545,-898
23045,24685,1640,0,GE-Phase,hold,22444,23590,1146,545,0.332,601,1095
23045,24685,1640,0,GE-Phase,stroke,23590,24657,1067,1067,0.651,-545,28
23045,24685,1640,0,GE-Phase,hold,24657,25583,926,28,0.017,-1612,-898
24685,25317,632,0,GE-Phrase,204,23590,25583,1993,632,1.0,1095,-266
24685,25317,632,0,GE-Phase,hold,24657,25583,926,632,1.0,28,-266
25317,26200,883,0,GE-Phrase,204,23590,25583,1993,266,0.301,1727,617
25317,26200,883,0,GE-Phrase,205,25583,27102,1519,617,0.699,-266,-902
25317,26200,883,0,GE-Phase,hold,24657,25583,926,266,0.301,660,617
25317,26200,883,0,GE-Phase,preparation,25583,26149,566,566,0.641,-266,51
25317,26200,883,0,GE-Phase,stroke,26149,26650,501,51,0.058,-832,-450
26200,26302,102,0,GE-Phrase,205,25583,27102,1519,102,1.0,617,-800
26200,26302,102,0,GE-Phase,stroke,26149,26650,501,102,1.0,51,-348
26302,27124,822,0,GE-Phrase,205,25583,27102,1519,800,0.973,719,22
26302,27124,822,0,GE-Phrase,206,27102,28175,1073,22,0.027,-800,-1051
26302,27124,822,0,GE-Phase,stroke,26149,26650,501,348,0.423,153,474
26302,27124,822,0,GE-Phase,retraction,26650,27102,452,452,0.55,-348,22
26302,27124,822,0,GE-Phase,stroke,27102,27573,471,22,0.027,-800,-449
27124,28520,1396,0,GE-Phrase,206,27102,28175,1073,1051,0.753,22,345
27124,28520,1396,0,GE-Phase,stroke,27102,27573,471,449,0.322,22,947
27124,28520,1396,0,GE-Phase,retraction,27573,28175,602,602,0.431,-449,345
43520,44770,1250,0,GE-Phrase,217,43251,44383,1132,863,0.69,269,387
43520,44770,1250,0,GE-Phrase,218,44383,47057,2674,387,0.31,-863,-2287
43520,44770,1250,0,GE-Phase,preparation,43251,43910,659,390,0.312,269,860
43520,44770,1250,0,GE-Phase,stroke,43910,44383,473,473,0.378,-390,387
43520,44770,1250,0,GE-Phase,preparation,44383,44772,389,387,0.31,-863,-2
44770,45700,930,0,GE-Phrase,218,44383,47057,2674,930,1.0,387,-1357
44770,45700,930,0,GE-Phase,preparation,44383,44772,389,2,0.002,387,928
44770,45700,930,0,GE-Phase,stroke,44772,47057,2285,928,0.998,-2,-1357
45700,46309,609,0,GE-Phrase,218,44383,47057,2674,609,1.0,1317,-748
45700,46309,609,0,GE-Phase,stroke,44772,47057,2285,609,1.0,928,-748
46309,47250,941,0,GE-Phrase,218,44383,47057,2674,748,0.795,1926,193
46309,47250,941,0,GE-Phrase,219,47057,48898,1841,193,0.205,-748,-1648
46309,47250,941,0,GE-Phase,stroke,44772,47057,2285,748,0.795,1537,193
46309,47250,941,0,GE-Phase,stroke,47057,47597,540,193,0.205,-748,-347
14522,15590,1068,0,GE-Phrase,201,14551,15962,1411,1039,0.973,-29,-372
14522,15590,1068,0,GE-Phase,preparation,14551,14903,352,352,0.33,-29,687
14522,15590,1068,0,GE-Phase,stroke,14903,15374,471,471,0.441,-381,216
14522,15590,1068,0,GE-Phase,retraction,15374,15962,588,216,0.202,-852,-372
15590,15763,173,0,GE-Phrase,201,14551,15962,1411,173,1.0,1039,-199
15590,15763,173,0,GE-Phase,retraction,15374,15962,588,173,1.0,216,-199
15763,17363,1600,0,GE-Phrase,201,14551,15962,1411,199,0.124,1212,1401
15763,17363,1600,0,GE-Phase,retraction,15374,15962,588,199,0.124,389,1401
23045,24685,1640,0,GE-Phrase,203,21244,23590,2346,545,0.332,1801,1095
23045,24685,1640,0,GE-Phrase,204,23590,25583,1993,1095,0.668,-545,-898
23045,24685,1640,0,GE-Phase,hold,22444,23590,1146,545,0.332,601,1095
23045,24685,1640,0,GE-Phase,stroke,23590,24657,1067,1067,0.651,-545,28
23045,24685,1640,0,GE-Phase,hold,24657,25583,926,28,0.017,-1612,-898
24685,25317,632,0,GE-Phrase,204,23590,25583,1993,632,1.0,1095,-266
24685,25317,632,0,GE-Phase,hold,24657,25583,926,632,1.0,28,-266
25317,26200,883,0,GE-Phrase,204,23590,25583,1993,266,0.301,1727,617
25317,26200,883,0,GE-Phrase,205,25583,27102,1519,617,0.699,-266,-902
25317,26200,883,0,GE-Phase,hold,24657,25583,926,266,0.301,660,617
25317,26200,883,0,GE-Phase,preparation,25583,26149,566,566,0.641,-266,51
25317,26200,883,0,GE-Phase,stroke,26149,26650,501,51,0.058,-832,-450
26200,26302,102,0,GE-Phrase,205,25583,27102,1519,102,1.0,617,-800
26200,26302,102,0,GE-Phase,stroke,26149,26650,501,102,1.0,51,-348
26302,27124,822,0,GE-Phrase,205,25583,27102,1519,800,0.973,719,22
26302,27124,822,0,GE-Phrase,206,27102,28175,1073,22,0.027,-800,-1051
26302,27124,822,0,GE-Phase,stroke,26149,26650,501,348,0.423,153,474
26302,27124,822,0,GE-Phase,retraction,26650,27102,452,452,0.55,-348,22
26302,27124,822,0,GE-Phase,stroke,27102,27573,471,22,0.027,-800,-449
27124,28520,1396,0,GE-Phrase,206,27102,28175,1073,1051,0.753,22,345
27124,28520,1396,0,GE-Phase,stroke,27102,27573,471,449,0.322,22,947
27124,28520,1396,0,GE-Phase,retraction,27573,28175,602,602,0.431,-449,345
43520,44770,1250,0,GE-Phrase,217,43251,44383,1132,863,0.69,269,387
43520,44770,1250,0,GE-Phrase,218,44383,47057,2674,387,0.31,-863,-2287
43520,44770,1250,0,GE-Phase,preparation,43251,43910,659,390,0.312,269,860
43520,44770,1250,0,GE-Phase,stroke,43910,44383,473,473,0.378,-390,387
43520,44770,1250,0,GE-Phase,preparation,44383,44772,389,387,0.31,-863,-2
44770,45700,930,0,GE-Phrase,218,44383,47057,2674,930,1.0,387,-1357
44770,45700,930,0,GE-Phase,preparation,44383,44772,389,2,0.002,387,928
44770,45700,930,0,GE-Phase,stroke,44772,47057,2285,928,0.998,-2,-1357
45700,46309,609,0,GE-Phrase,218,44383,47057,2674,609,1.0,1317,-748
45700,46309,609,0,GE-Phase,stroke,44772,47057,2285,609,1.0,928,-748
46309,47250,941,0,GE-Phrase,218,44383,47057,2674,748,0.795,1926,193
46309,47250,941,0,GE-Phrase,219,47057,48898,1841,193,0.205,-748,-1648
46309,47250,941,0,GE-Phase,stroke,44772,47057,2285,748,0.795,1537,193
46309,47250,941,0,GE-Phase,stroke,47057,47597,540,193,0.205,-748,-347
14522,15590,1068,0,GE-Phrase,201,14551,15962,1411,1039,0.973,-29,-372
14522,15590,1068,0,GE-Phase,preparation,14551,14903,352,352,0.33,-29,687
14522,15590,1068,0,GE-Phase,stroke,14903,15374,471,471,0.441,-381,216
14522,15590,1068,0,GE-Phase,retraction,15374,15962,588,216,0.202,-852,-372
15590,15763,173,0,GE-Phrase,201,14551,15962,1411,173,1.0,1039,-199
15590,15763,173,0,GE-Phase,retraction,15374,15962,588,173,1.0,216,-199
15763,17363,1600,0,GE-Phrase,201,14551,15962,1411,199,0.124,1212,1401
15763,17363,1600,0,GE-Phase,retraction,15374,15962,588,199,0.124,389,1401
23045,24685,1640,0,GE-Phrase,203,21244,23590,2346,545,0.332,1801,1095
23045,24685,1640,0,GE-Phrase,204,23590,25583,1993,1095,0.668,-545,-898
23045,24685,1640,0,GE-Phase,hold,22444,23590,1146,545,0.332,601,1095
23045,24685,1640,0,GE-Phase,stroke,23590,24657,1067,1067,0.651,-545,28
23045,24685,1640,0,GE-Phase,hold,24657,25583,926,28,0.017,-1612,-898
24685,25317,632,0,GE-Phrase,204,23590,25583,1993,632,1.0,1095,-266
24685,25317,632,0,GE-Phase,hold,24657,25583,926,632,1.0,28,-266
25317,26200,883,0,GE-Phrase,204,23590,25583,1993,266,0.301,1727,617
25317,26200,883,0,GE-Phrase,205,25583,27102,1519,617,0.699,-266,-902
25317,26200,883,0,GE-Phase,hold,24657,25583,926,266,0.301,660,617
25317,26200,883,0,GE-Phase,preparation,25583,26149,566,566,0.641,-266,51
25317,26200,883,0,GE-Phase,stroke,26149,26650,501,51,0.058,-832,-450
26200,26302,102,0,GE-Phrase,205,25583,27102,1519,102,1.0,617,-800
26200,26302,102,0,GE-Phase,stroke,26149,26650,501,102,1.0,51,-348
26302,27124,822,0,GE-Phrase,205,25583,27102,1519,800,0.973,719,22
26302,27124,822,0,GE-Phrase,206,27102,28175,1073,22,0.027,-800,-1051
26302,27124,822,0,GE-Phase,stroke,26149,26650,501,348,0.423,153,474
26302,27124,822,0,GE-Phase,retraction,26650,27102,452,452,0.55,-348,22
26302,27124,822,0,GE-Phase,stroke,27102,27573,471,22,0.027,-800,-449
27124,28520,1396,0,GE-Phrase,206,27102,28175,1073,1051,0.753,22,345
27124,28520,1396,0,GE-Phase,stroke,27102,27573,471,449,0.322,22,947
27124,28520,1396,0,GE-Phase,retraction,27573,28175,602,602,0.431,-449,345
43520,44770,1250,0,GE-Phrase,217,43251,44383,1132,863,0.69,269,387
43520,44770,1250,0,GE-Phrase,218,44383,47057,2674,387,0.31,-863,-2287
43520,44770,1250,0,GE-Phase,preparation,43251,43910,659,390,0.312,269,860
43520,44770,1250,0,GE-Phase,stroke,43910,44383,473,473,0.378,-390,387
43520,44770,1250,0,GE-Phase,preparation,44383,44772,389,387,0.31,-863,-2
44770,45700,930,0,GE-Phrase,218,44383,47057,2674,930,1.0,387,-1357
44770,45700,930,0,GE-Phase,preparation,44383,44772,389,2,0.002,387,928
44770,45700,930,0,GE-Phase,stroke,44772,47057,2285,928,0.998,-2,-1357
45700,46309,609,0,GE-Phrase,218,44383,47057,2674,609,1.0,1317,-748
45700,46309,609,0,GE-Phase,stroke,44772,47057,2285,609,1.0,928,-748
46309,47250,941,0,GE-Phrase,218,44383,47057,2674,748,0.795,1926,193
46309,47250,941,0,GE-Phrase,219,47057,48898,1841,193,0.205,-748,-1648
46309,47250,941,0,GE-Phase,stroke,44772,47057,2285,748,0.795,1537,193
46309,47250,941,0,GE-Phase,stroke,47057,47597,540,193,0.205,-748,-347
14522,15590,1068,0,GE-Phrase,201,14551,15962,1411,1039,0.973,-29,-372
14522,15590,1068,0,GE-Phase,preparation,14551,14903,352,352,0.33,-29,687
14522,15590,1068,0,GE-Phase,stroke,14903,15374,471,471,0.441,-381,216
14522,15590,1068,0,GE-Phase,retraction,15374,15962,588,216,0.202,-852,-372
15590,15763,173,0,GE-Phrase,201,14551,15962,1411,173,1.0,1039,-199
15590,15763,173,0,GE-Phase,retraction,15374,15962,588,173,1.0,216,-199
15763,17363,1600,0,GE-Phrase,201,14551,15962,1411,199,0.124,1212,1401
15763,17363,1600,0,GE-Phase,retraction,15374,15962,588,199,0.124,389,1401
23045,24685,1640,0,GE-Phrase,203,21244,23590,2346,545,0.332,1801,1095
23045,24685,1640,0,GE-Phrase,204,23590,25583,1993,1095,0.668,-545,-898
23045,24685,1640,0,GE-Phase,hold,22444,23590,1146,545,0.332,601,1095
23045,24685,1640,0,GE-Phase,stroke,23590,24657,1067,1067,0.651,-545,28
23045,24685,1640,0,GE-Phase,hold,24657,25583,926,28,0.017,-1612,-898
24685,25317,632,0,GE-Phrase,204,23590,25583,1993,632,1.0,1095,-266
24685,25317,632,0,GE-Phase,hold,24657,25583,926,632,1.0,28,-266
25317,26200,883,0,GE-Phrase,204,23590,25583,1993,266,0.301,1727,617
25317,26200,883,0,GE-Phrase,205,25583,27102,1519,617,0.699,-266,-902
25317,26200,883,0,GE-Phase,hold,24657,25583,926,266,0.301,660,617
25317,26200,883,0,GE-Phase,preparation,25583,26149,566,566,0.641,-266,51
25317,26200,883,0,GE-Phase,stroke,26149,26650,501,51,0.058,-832,-450
26200,26302,102,0,GE-Phrase,205,25583,27102,1519,102,1.0,617,-800
26200,26302,102,0,GE-Phase,stroke,26149,26650,501,102,1.0,51,-348
26302,27124,822,0,GE-Phrase,205,25583,27102,1519,800,0.973,719,22
26302,27124,822,0,GE-Phrase,206,27102,28175,1073,22,0.027,-800,-1051
26302,27124,822,0,GE-Phase,stroke,26149,26650,501,348,0.423,153,474
26302,27124,822,0,GE-Phase,retraction,26650,27102,452,452,0.55,-348,22
26302,27124,822,0,GE-Phase,stroke,27102,27573,471,22,0.027,-800,-449
27124,28520,1396,0,GE-Phrase,206,27102,28175,1073,1051,0.753,22,345
27124,28520,1396,0,GE-Phase,stroke,27102,27573,471,449,0.322,22,947
27124,28520,1396,0,GE-Phase,retraction,27573,28175,602,602,0.431,-449,345
43520,44770,1250,0,GE-Phrase,217,43251,44383,1132,863,0.69,269,387
43520,44770,1250,0,GE-Phrase,218,44383,47057,2674,387,0.31,-863,-2287
43520,44770,1250,0,GE-Phase,preparation,43251,43910,659,390,0.312,269,860
43520,44770,1250,0,GE-Phase,stroke,43910,44383,473,473,0.378,-390,387
43520,44770,1250,0,GE-Phase,preparation,44383,44772,389,387,0.31,-863,-2
44770,45700,930,0,GE-Phrase,218,44383,47057,2674,930,1.0,387,-1357
44770,45700,930,0,GE-Phase,preparation,44383,44772,389,2,0.002,387,928
44770,45700,930,0,GE-Phase,stroke,44772,47057,2285,928,0.998,-2,-1357
45700,46309,609,0,GE-Phrase,218,44383,47057,2674,609,1.0,1317,-748
45700,46309,609,0,GE-Phase,stroke,44772,47057,2285,609,1.0,928,-748
46309,47250,941,0,GE-Phrase,218,44383,47057,2674,748,0.795,1926,193
46309,47250,941,0,GE-Phrase,219,47057,48898,1841,193,0.205,-748,-1648
46309,47250,941,0,GE-Phase,stroke,44772,47057,2285,748,0.795,1537,193
46309,47250,941,0,GE-Phase,stroke,47057,47597,540,193,0.205,-748,-347
14522,15590,1068,0,GE-Phrase,201,14551,15962,1411,1039,0.973,-29,-372
14522,15590,1068,0,GE-Phase,preparation,14551,14903,352,352,0.33,-29,687
14522,15590,1068,0,GE-Phase,stroke,14903,15374,471,471,0.441,-381,216
14522,15590,1068,0,GE-Phase,retraction,15374,15962,588,216,0.202,-852,-372
15590,15763,173,0,GE-Phrase,201,14551,15962,1411,173,1.0,1039,-199
15590,15763,173,0,GE-Phase,retraction,15374,15962,588,173,1.0,216,-199
15763,17363,1600,0,GE-Phrase,201,14551,15962,1411,199,0.124,1212,1401
15763,17363,1600,0,GE-Phase,retraction,15374,15962,588,199,0.124,389,1401
23045,24685,1640,0,GE-Phrase,203,21244,23590,2346,545,0.332,1801,1095
23045,24685,1640,0,GE-Phrase,204,23590,25583,1993,1095,0.668,-545,-898
23045,24685,1640,0,GE-Phase,hold,22444,23590,1146,545,0.332,601,1095
23045,24685,1640,0,GE-Phase,stroke,23590,24657,1067,1067,0.651,-545,28
23045,24685,1640,0,GE-Phase,hold,24657,25583,926,28,0.017,-1612,-898
24685,25317,632,0,GE-Phrase,204,23590,25583,1993,632,1.0,1095,-266
24685,25317,632,0,GE-Phase,hold,24657,25583,926,632,1.0,28,-266
25317,26200,883,0,GE-Phrase,204,23590,25583,1993,266,0.301,1727,617
25317,26200,883,0,GE-Phrase,205,25583,27102,1519,617,0.699,-266,-902
25317,26200,883,0,GE-Phase,hold,24657,25583,926,266,0.301,660,617
25317,26200,883,0,GE-Phase,preparation,25583,26149,566,566,0.641,-266,51
25317,26200,883,0,GE-Phase,stroke,26149,26650,501,51,0.058,-832,-450
26200,26302,102,0,GE-Phrase,205,25583,27102,1519,102,1.0,617,-800
26200,26302,102,0,GE-Phase,stroke,26149,26650,501,102,1.0,51,-348
26302,27124,822,0,GE-Phrase,205,25583,27102,1519,800,0.973,719,22
26302,27124,822,0,GE-Phrase,206,27102,28175,1073,22,0.027,-800,-1051
26302,27124,822,0,GE-Phase,stroke,26149,26650,501,348,0.423,153,474
26302,27124,822,0,GE-Phase,retraction,26650,27102,452,452,0.55,-348,22
26302,27124,822,0,GE-Phase,stroke,27102,27573,471,22,0.027,-800,-449
27124,28520,1396,0,GE-Phrase,206,27102,28175,1073,1051,0.753,22,345
27124,28520,1396,0,GE-Phase,stroke,27102,27573,471,449,0.322,22,947
27124,28520,1396,0,GE-Phase,retraction,27573,28175,602,602,0.431,-449,345
43520,44770,1250,0,GE-Phrase,217,43251,44383,1132,863,0.69,269,387
43520,44770,1250,0,GE-Phrase,218,44383,47057,2674,387,0.31,-863,-2287
43520,44770,1250,0,GE-Phase,preparation,43251,43910,659,390,0.312,269,860
43520,44770,1250,0,GE-Phase,stroke,43910,44383,473,473,0.378,-390,387
43520,44770,1250,0,GE-Phase,preparation,44383,44772,389,387,0.31,-863,-2
44770,45700,930,0,GE-Phrase,218,44383,47057,2674,930,1.0,387,-1357
44770,45700,930,0,GE-Phase,preparation,44383,44772,389,2,0.002,387,928
44770,45700,930,0,GE-Phase,stroke,44772,47057,2285,928,0.998,-2,-1357
45700,46309,609,0,GE-Phrase,218,44383,47057,2674,609,1.0,1317,-748
45700,46309,609,0,GE-Phase,stroke,44772,47057,2285,609,1.0,928,-748
46309,47250,941,0,GE-Phrase,218,44383,47057,2674,748,0.795,1926,193
46309,47250,941,0,GE-Phrase,219,47057,48898,1841,193,0.205,-748,-1648
46309,47250,941,0,GE-Phase,stroke,44772,47057,2285,748,0.795,1537,193
46309,47250,941,0,GE-Phase,stroke,47057,47597,540,193,0.205,-748,-347
14522,15590,1068,0,GE-Phrase,201,14551,15962,1411,1039,0.973,-29,-372
14522,15590,1068,0,GE-Phase,preparation,14551,14903,352,352,0.33,-29,687
14522,15590,1068,0,GE-Phase,stroke,14903,15374,471,471,0.441,-381,216
14522,15590,1068,0,GE-Phase,retraction,15374,15962,588,216,0.202,-852,-372
15590,15763,173,0,GE-Phrase,201,14551,15962,1411,173,1.0,1039,-199
15590,15763,173,0,GE-Phase,retraction,15374,15962,588,173,1.0,216,-199
15763,17363,1600,0,GE-Phrase,201,14551,15962,1411,199,0.124,1212,1401
15763,17363,1600,0,GE-Phase,retraction,15374,15962,588,199,0.124,389,1401
23045,24685,1640,0,GE-Phrase,203,21244,23590,2346,545,0.332,1801,1095
23045,24685,1640,0,GE-Phrase,204,23590,25583,1993,1095,0.668,-545,-898
23045,24685,1640,0,GE-Phase,hold,22444,23590,1146,545,0.332,601,1095
23045,24685,1640,0,GE-Phase,stroke,23590,24657,1067,1067,0.651,-545,28
23045,24685,1640,0,GE-Phase,hold,24657,25583,926,28,0.017,-1612,-898
24685,25317,632,0,GE-Phrase,204,23590,25583,1993,632,1.0,1095,-266
24685,25317,632,0,GE-Phase,hold,24657,25583,926,632,1.0,28,-266
25317,26200,883,0,GE-Phrase,204,23590,25583,1993,266,0.301,1727,617
25317,26200,883,0,GE-Phrase,205,25583,27102,1519,617,0.699,-266,-902
25317,26200,883,0,GE-Phase,hold,24657,25583,926,266,0.301,660,617
25317,26200,883,0,GE-Phase,preparation,25583,26149,566,566,0.641,-266,51
25317,26200,883,0,GE-Phase,stroke,26149,26650,501,51,0.058,-832,-450
26200,26302,102,0,GE-Phrase,205,25583,27102,1519,102,1.0,617,-800
26200,26302,102,0,GE-Phase,stroke,26149,26650,501,102,1.0,51,-348
26302,27124,822,0,GE-Phrase,205,25583,27102,1519,800,0.973,719,22
26302,27124,822,0,GE-Phrase,206,27102,28175,1073,22,0.027,-800,-1051
26302,27124,822,0,GE-Phase,stroke,26149,26650,501,348,0.423,153,474
26302,27124,822,0,GE-Phase,retraction,26650,27102,452,452,0.55,-348,22
26302,27124,822,0,GE-Phase,stroke,27102,27573,471,22,0.027,-800,-449
27124,28520,1396,0,GE-Phrase,206,27102,28175,1073,1051,0.753,22,345
27124,28520,1396,0,GE-Phase,stroke,27102,27573,471,449,0.322,22,947
27124,28520,1396,0,GE-Phase,retraction,27573,28175,602,602,0.431,-449,345
43520,44770,1250,0,GE-Phrase,217,43251,44383,1132,863,0.69,269,387
43520,44770,1250,0,GE-Phrase,218,44383,47057,2674,387,0.31,-863,-2287
43520,44770,1250,0,GE-Phase,preparation,43251,43910,659,390,0.312,269,860
43520,44770,1250,0,GE-Phase,stroke,43910,44383,473,473,0.378,-390,387
43520,44770,1250,0,GE-Phase,preparation,44383,44772,389,387,0.31,-863,-2
44770,45700,930,0,GE-Phrase,218,44383,47057,2674,930,1.0,387,-1357
44770,45700,930,0,GE-Phase,preparation,44383,44772,389,2,0.002,387,928
44770,45700,930,0,GE-Phase,stroke,44772,47057,2285,928,0.998,-2,-1357
45700,46309,609,0,GE-Phrase,218,44383,47057,2674,609,1.0,1317,-748
45700,46309,609,0,GE-Phase,stroke,44772,47057,2285,609,1.0,928,-748
46309,47250,941,0,GE-Phrase,218,44383,47057,2674,748,0.795,1926,193
46309,47250,941,0,GE-Phrase,219,47057,48898,1841,193,0.205,-748,-1648
46309,47250,941,0,GE-Phase,stroke,44772,47057,2285,748,0.795,1537,193
46309,47250,941,0,GE-Phase,stroke,47057,47597,540,193,0.205,-748,-347
14522,15590,1068,0,GE-Phrase,201,14551,15962,1411,1039,0.973,-29,-372
14522,15590,1068,0,GE-Phase,preparation,14551,14903,352,352,0.33,-29,687
14522,15590,1068,0,GE-Phase,stroke,14903,15374,471,471,0.441,-381,216
14522,15590,1068,0,GE-Phase,retraction,15374,15962,588,216,0.202,-852,-372
15590,15763,173,0,GE-Phrase,201,14551,15962,1411,173,1.0,1039,-199
15590,15763,173,0,GE-Phase,retraction,15374,15962,588,173,1.0,216,-199
15763,17363,1600,0,GE-Phrase,201,14551,15962,1411,199,0.124,1212,1401
15763,17363,1600,0,GE-Phase,retraction,15374,15962,588,199,0.124,389,1401
23045,24685,1640,0,GE-Phrase,203,21244,23590,2346,545,0.332,1801,1095
23045,24685,1640,0,GE-Phrase,204,23590,25583,1993,1095,0.668,-545,-898
23045,24685,1640,0,GE-Phase,hold,22444,23590,1146,545,0.332,601,1095
23045,24685,1640,0,GE-Phase,stroke,23590,24657,1067,1067,0.651,-545,28
23045,24685,1640,0,GE-Phase,hold,24657,25583,926,28,0.017,-1612,-898
24685,25317,632,0,GE-Phrase,204,23590,25583,1993,632,1.0,1095,-266
24685,25317,632,0,GE-Phase,hold,24657,25583,926,632,1.0,28,-266
25317,26200,883,0,GE-Phrase,204,23590,25583,1993,266,0.301,1727,617
25317,26200,883,0,GE-Phrase,205,25583,27102,1519,617,0.699,-266,-902
25317,26200,883,0,GE-Phase,hold,24657,25583,926,266,0.301,660,617
25317,26200,883,0,GE-Phase,preparation,25583,26149,566,566,0.641,-266,51
25317,26200,883,0,GE-Phase,stroke,26149,26650,501,51,0.058,-832,-450
26200,26302,102,0,GE-Phrase,205,25583,27102,1519,102,1.0,617,-800
26200,26302,102,0,GE-Phase,stroke,26149,26650,501,102,1.0,51,-348
26302,27124,822,0,GE-Phrase,205,25583,27102,1519,800,0.973,719,22
26302,27124,822,0,GE-Phrase,206,27102,28175,1073,22,0.027,-800,-1051
26302,27124,822,0,GE-Phase,stroke,26149,26650,501,348,0.423,153,474
26302,27124,822,0,GE-Phase,retraction,26650,27102,452,452,0.55,-348,22
26302,27124,822,0,GE-Phase,stroke,27102,27573,471,22,0.027,-800,-449
27124,28520,1396,0,GE-Phrase,206,27102,28175,1073,1051,0.753,22,345
27124,28520,1396,0,GE-Phase,stroke,27102,27573,471,449,0.322,22,947
27124,28520,1396,0,GE-Phase,retraction,27573,28175,602,602,0.431,-449,345
43520,44770,1250,0,GE-Phrase,217,43251,44383,1132,863,0.69,269,387
43520,44770,1250,0,GE-Phrase,218,44383,47057,2674,387,0.31,-863,-2287
43520,44770,1250,0,GE-Phase,preparation,43251,43910,659,390,0.312,269,860
43520,44770,1250,0,GE-Phase,stroke,43910,44383,473,473,0.378,-390,387
43520,44770,1250,0,GE-Phase,preparation,44383,44772,389,387,0.31,-863,-2
44770,45700,930,0,GE-Phrase,218,44383,47057,2674,930,1.0,387,-1357
44770,45700,930,0,GE-Phase,preparation,44383,44772,389,2,0.002,387,928
44770,45700,930,0,GE-Phase,stroke,44772,47057,2285,928,0.998,-2,-1357
45700,46309,609,0,GE-Phrase,218,44383,47057,2674,609,1.0,1317,-748
45700,46309,609,0,GE-Phase,stroke,44772,47057,2285,609,1.0,928,-748
46309,47250,941,0,GE-Phrase,218,44383,47057,2674,748,0.795,1926,193
46309,47250,941,0,GE-Phrase,219,47057,48898,1841,193,0.205,-748,-1648
46309,47250,941,0,GE-Phase,stroke,44772,47057,2285,748,0.795,1537,193
46309,47250,941,0,GE-Phase,stroke,47057,47597,540,193,0.205,-748,-347
14522,15590,1068,0,GE-Phrase,201,14551,15962,1411,1039,0.973,-29,-372
14522,15590,1068,0,GE-Phase,preparation,14551,14903,352,352,0.33,-29,687
14522,15590,1068,0,GE-Phase,stroke,14903,15374,471,471,0.441,-381,216
14522,15590,1068,0,GE-Phase,retraction,15374,15962,588,216,0.202,-852,-372
15590,15763,173,0,GE-Phrase,201,14551,15962,1411,173,1.0,1039,-199
15590,15763,173,0,GE-Phase,retraction,15374,15962,588,173,1.0,216,-199
15763,17363,1600,0,GE-Phrase,201,14551,15962,1411,199,0.124,1212,1401
15763,17363,1600,0,GE-Phase,retraction,15374,15962,588,199,0.124,389,1401
23045,24685,1640,0,GE-Phrase,203,21244,23590,2346,545,0.332,1801,1095
23045,24685,1640,0,GE-Phrase,204,23590,25583,1993,1095,0.668,-545,-898
23045,24685,1640,0,GE-Phase,hold,22444,23590,1146,545,0.332,601,1095
23045,24685,1640,0,GE-Phase,stroke,23590,24657,1067,1067,0.651,-545,28
23045,24685,1640,0,GE-Phase,hold,24657,25583,926,28,0.017,-1612,-898
24685,25317,632,0,GE-Phrase,204,23590,25583,1993,632,1.0,1095,-266
24685,25317,632,0,GE-Phase,hold,24657,25583,926,632,1.0,28,-266
25317,26200,883,0,GE-Phrase,204,23590,25583,1993,266,0.301,1727,617
25317,26200,883,0,GE-Phrase,205,25583,27102,1519,617,0.699,-266,-902
25317,26200,883,0,GE-Phase,hold,24657,25583,926,266,0.301,660,617
25317,26200,883,0,GE-Phase,preparation,25583,26149,566,566,0.641,-266,51
25317,26200,883,0,GE-Phase,stroke,26149,26650,501,51,0.058,-832,-450
26200,26302,102,0,GE-Phrase,205,25583,27102,1519,102,1.0,617,-800
26200,26302,102,0,GE-Phase,stroke,26149,26650,501,102,1.0,51,-348
26302,27124,822,0,GE-Phrase,205,25583,27102,1519,800,0.973,719,22
26302,27124,822,0,GE-Phrase,206,27102,28175,1073,22,0.027,-800,-1051
26302,27124,822,0,GE-Phase,stroke,26149,26650,501,348,0.423,153,474
26302,27124,822,0,GE-Phase,retraction,26650,27102,452,452,0.55,-348,22
26302,27124,822,0,GE-Phase,stroke,27102,27573,471,22,0.027,-800,-449
27124,28520,1396,0,GE-Phrase,206,27102,28175,1073,1051,0.753,22,345
27124,28520,1396,0,GE-Phase,stroke,27102,27573,471,449,0.322,22,947
27124,28520,1396,0,GE-Phase,retraction,27573,28175,602,602,0.431,-449,345
43520,44770,1250,0,GE-Phrase,217,43251,44383,1132,863,0.69,269,387
43520,44770,1250,0,GE-Phrase,218,44383,47057,2674,387,0.31,-863,-2287
43520,44770,1250,0,GE-Phase,preparation,43251,43910,659,390,0.312,269,860
43520,44770,1250,0,GE-Phase,stroke,43910,44383,473,473,0.378,-390,387
43520,44770,1250,0,GE-Phase,preparation,44383,44772,389,387,0.31,-863,-2
44770,45700,930,0,GE-Phrase,218,44383,47057,2674,930,1.0,387,-1357
44770,45700,930,0,GE-Phase,preparation,44383,44772,389,2,0.002,387,928
44770,45700,930,0,GE-Phase,stroke,44772,47057,2285,928,0.998,-2,-1357
45700,46309,609,0,GE-Phrase,218,44383,47057,2674,609,1.0,1317,-748
45700,46309,609,0,GE-Phase,stroke,44772,47057,2285,609,1.0,928,-748
46309,47250,941,0,GE-Phrase,218,44383,47057,2674,748,0.795,1926,193
46309,47250,941,0,GE-Phrase,219,47057,48898,1841,193,0.205,-748,-1648
46309,47250,941,0,GE-Phase,stroke,44772,47057,2285,748,0.795,1537,193
46309,47250,941,0,GE-Phase,stroke,47057,47597,540,193,0.205,-748,-347
14522,15590,1068,0,GE-Phrase,201,14551,15962,1411,1039,0.973,-29,-372
14522,15590,1068,0,GE-Phase,preparation,14551,14903,352,352,0.33,-29,687
14522,15590,1068,0,GE-Phase,stroke,14903,15374,471,471,0.441,-381,216
14522,15590,1068,0,GE-Phase,retraction,15374,15962,588,216,0.202,-852,-372
15590,15763,173,0,GE-Phrase,201,14551,15962,1411,173,1.0,1039,-199
15590,15763,173,0,GE-Phase,retraction,15374,15962,588,173,1.0,216,-199
15763,17363,1600,0,GE-Phrase,201,14551,15962,1411,199,0.124,1212,1401
15763,17363,1600,0,GE-Phase,retraction,15374,15962,588,199,0.124,389,1401
23045,24685,1640,0,GE-Phrase,203,21244,23590,2346,545,0.332,1801,1095
23045,24685,1640,0,GE-Phrase,204,23590,25583,1993,1095,0.668,-545,-898
23045,24685,1640,0,GE-Phase,hold,22444,23590,1146,545,0.332,601,1095
23045,24685,1640,0,GE-Phase,stroke,23590,24657,1067,1067,0.651,-545,28
23045,24685,1640,0,GE-Phase,hold,24657,25583,926,28,0.017,-1612,-898
24685,25317,632,0,GE-Phrase,204,23590,25583,1993,632,1.0,1095,-266
24685,25317,632,0,GE-Phase,hold,24657,25583,926,632,1.0,28,-266
25317,26200,883,0,GE-Phrase,204,23590,25583,1993,266,0.301,1727,617
25317,26200,883,0,GE-Phrase,205,25583,27102,1519,617,0.699,-266,-902
25317,26200,883,0,GE-Phase,hold,24657,25583,926,266,0.301,660,617
25317,26200,883,0,GE-Phase,preparation,25583,26149,566,566,0.641,-266,51
25317,26200,883,0,GE-Phase,stroke,26149,26650,501,51,0.058,-832,-450
26200,26302,102,0,GE-Phrase,205,25583,27102,1519,102,1.0,617,-800
26200,26302,102,0,GE-Phase,stroke,26149,26650,501,102,1.0,51,-348
26302,27124,822,0,GE-Phrase,205,25583,27102,1519,800,0.973,719,22
26302,27124,822,0,GE-Phrase,206,27102,28175,1073,22,0.027,-800,-1051
26302,27124,822,0,GE-Phase,stroke,26149,26650,501,348,0.423,153,474
26302,27124,822,0,GE-Phase,retraction,26650,27102,452,452,0.55,-348,22
26302,27124,822,0,GE-Phase,stroke,27102,27573,471,22,0.027,-800,-449
27124,28520,1396,0,GE-Phrase,206,27102,28175,1073,1051,0.753,22,345
27124,28520,1396,0,GE-Phase,stroke,27102,27573,471,449,0.322,22,947
27124,28520,1396,0,GE-Phase,retraction,27573,28175,602,602,0.431,-449,345
43520,44770,1250,0,GE-Phrase,217,43251,44383,1132,863,0.69,269,387
43520,44770,1250,0,GE-Phrase,218,44383,47057,2674,387,0.31,-863,-2287
43520,44770,1250,0,GE-Phase,preparation,43251,43910,659,390,0.312,269,860
43520,44770,1250,0,GE-Phase,stroke,43910,44383,473,473,0.378,-390,387
43520,44770,1250,0,GE-Phase,preparation,44383,44772,389,387,0.31,-863,-2
44770,45700,930,0,GE-Phrase,218,44383,47057,2674,930,1.0,387,-1357
44770,45700,930,0,GE-Phase,preparation,44383,44772,389,2,0.002,387,928
44770,45700,930,0,GE-Phase,stroke,44772,47057,2285,928,0.998,-2,-1357
45700,46309,609,0,GE-Phrase,218,44383,47057,2674,609,1.0,1317,-748
45700,46309,609,0,GE-Phase,stroke,44772,47057,2285,609,1.0,928,-748
46309,47250,941,0,GE-Phrase,218,44383,47057,2674,748,0.795,1926,193
46309,47250,941,0,GE-Phrase,219,47057,48898,1841,193,0.205,-748,-1648
46309,47250,941,0,GE-Phase,stroke,44772,47057,2285,748,0.795,1537,193
46309,47250,941,0,GE-Phase,stroke,47057,47597,540,193,0.205,-748,-347
14522,15590,1068,0,GE-Phrase,201,14551,15962,1411,1039,0.973,-29,-372
14522,15590,1068,0,GE-Phase,preparation,14551,14903,352,352,0.33,-29,687
14522,15590,1068,0,GE-Phase,stroke,14903,15374,471,471,0.441,-381,216
14522,15590,1068,0,GE-Phase,retraction,15374,15962,588,216,0.202,-852,-372
15590,15763,173,0,GE-Phrase,201,14551,15962,1411,173,1.0,1039,-199
15590,15763,173,0,GE-Phase,retraction,15374,15962,588,173,1.0,216,-199
15763,17363,1600,0,GE-Phrase,201,14551,15962,1411,199,0.124,1212,1401
15763,17363,1600,0,GE-Phase,retraction,15374,15962,588,199,0.124,389,1401
23045,24685,1640,0,GE-Phrase,203,21244,23590,2346,545,0.332,1801,1095
23045,24685,1640,0,GE-Phrase,204,23590,25583,1993,1095,0.668,-545,-898
23045,24685,1640,0,GE-Phase,hold,22444,23590,1146,545,0.332,601,1095
23045,24685,1640,0,GE-Phase,stroke,23590,24657,1067,1067,0.651,-545,28
23045,24685,1640,0,GE-Phase,hold,24657,25583,926,28,0.017,-1612,-898
24685,25317,632,0,GE-Phrase,204,23590,25583,1993,632,1.0,1095,-266
24685,25317,632,0,GE-Phase,hold,24657,25583,926,632,1.0,28,-266
25317,26200,883,0,GE-Phrase,204,23590,25583,1993,266,0.301,1727,617
25317,26200,883,0,GE-Phrase,205,25583,27102,1519,617,0.699,-266,-902
25317,26200,883,0,GE-Phase,hold,24657,25583,926,266,0.301,660,617
25317,26200,883,0,GE-Phase,preparation,25583,26149,566,566,0.641,-266,51
25317,26200,883,0,GE-Phase,stroke,26149,26650,501,51,0.058,-832,-450
26200,26302,102,0,GE-Phrase,205,25583,27102,1519,102,1.0,617,-800
26200,26302,102,0,GE-Phase,stroke,26149,26650,501,102,1.0,51,-348
26302,27124,822,0,GE-Phrase,205,25583,27102,1519,800,0.973,719,22
26302,27124,822,0,GE-Phrase,206,27102,28175,1073,22,0.027,-800,-1051
26302,27124,822,0,GE-Phase,stroke,26149,26650,501,348,0.423,153,474
26302,27124,822,0,GE-Phase,retraction,26650,27102,452,452,0.55,-348,22
26302,27124,822,0,GE-Phase,stroke,27102,27573,471,22,0.027,-800,-449
27124,28520,1396,0,GE-Phrase,206,27102,28175,1073,1051,0.753,22,345
27124,28520,1396,0,GE-Phase,stroke,27102,27573,471,449,0.322,22,947
27124,28520,1396,0,GE-Phase,retraction,27573,28175,602,602,0.431,-449,345
43520,44770,1250,0,GE-Phrase,217,43251,44383,1132,863,0.69,269,387
43520,44770,1250,0,GE-Phrase,218,44383,47057,2674,387,0.31,-863,-2287
43520,44770,1250,0,GE-Phase,preparation,43251,43910,659,390,0.312,269,860
43520,44770,1250,0,GE-Phase,stroke,43910,44383,473,473,0.378,-390,387
43520,44770,1250,0,GE-Phase,preparation,44383,44772,389,387,0.31,-863,-2
44770,45700,930,0,GE-Phrase,218,44383,47057,2674,930,1.0,387,-1357
44770,45700,930,0,GE-Phase,preparation,44383,44772,389,2,0.002,387,928
44770,45700,930,0,GE-Phase,stroke,44772,47057,2285,928,0.998,-2,-1357
45700,46309,609,0,GE-Phrase,218,44383,47057,2674,609,1.0,1317,-748
45700,46309,609,0,GE-Phase,stroke,44772,47057,2285,609,1.0,928,-748
46309,47250,941,0,GE-Phrase,218,44383,47057,2674,748,0.795,1926,193
46309,47250,941,0,GE-Phrase,219,47057,48898,1841,193,0.205,-748,-1648
46309,47250,941,0,GE-Phase,stroke,44772,47057,2285,748,0.795,1537,193
46309,47250,941,0,GE-Phase,stroke,47057,47597,540,193,0.205,-748,-347
14522,15590,1068,0,GE-Phrase,201,14551,15962,1411,1039,0.973,-29,-372
14522,15590,1068,0,GE-Phase,preparation,14551,14903,352,352,0.33,-29,687
14522,15590,1068,0,GE-Phase,stroke,14903,15374,471,471,0.441,-381,216
14522,15590,1068,0,GE-Phase,retraction,15374,15962,588,216,0.202,-852,-372
15590,15763,173,0,GE-Phrase,201,14551,15962,1411,173,1.0,1039,-199
15590,15763,173,0,GE-Phase,retraction,15374,15962,588,173,1.0,216,-199
15763,17363,1600,0,GE-Phrase,201,14551,15962,1411,199,0.124,1212,1401
15763,17363,1600,0,GE-Phase,retraction,15374,15962,588,199,0.124,389,1401
23045,24685,1640,0,GE-Phrase,203,21244,23590,2346,545,0.332,1801,1095
23045,24685,1640,0,GE-Phrase,204,23590,25583,1993,1095,0.668,-545,-898
23045,24685,1640,0,GE-Phase,hold,22444,23590,1146,545,0.332,601,1095
23045,24685,1640,0,GE-Phase,stroke,23590,24657,1067,1067,0.651,-545,28
23045,24685,1640,0,GE-Phase,hold,24657,25583,926,28,0.017,-1612,-898
24685,25317,632,0,GE-Phrase,204,23590,25583,1993,632,1.0,1095,-266
24685,25317,632,0,GE-Phase,hold,24657,25583,926,632,1.0,28,-266
25317,26200,883,0,GE-Phrase,204,23590,25583,1993,266,0.301,1727,617
25317,26200,883,0,GE-Phrase,205,25583,27102,1519,617,0.699,-266,-902
25317,26200,883,0,GE-Phase,hold,24657,25583,926,266,0.301,660,617
25317,26200,883,0,GE-Phase,preparation,25583,26149,566,566,0.641,-266,51
25317,26200,883,0,GE-Phase,stroke,26149,26650,501,51,0.058,-832,-450
26200,26302,102,0,GE-Phrase,205,25583,27102,1519,102,1.0,617,-800
26200,26302,102,0,GE-Phase,stroke,26149,26650,501,102,1.0,51,-348
26302,27124,822,0,GE-Phrase,205,25583,27102,1519,800,0.973,719,22
26302,27124,822,0,GE-Phrase,206,27102,28175,1073,22,0.027,-800,-1051
26302,27124,822,0,GE-Phase,stroke,26149,26650,501,348,0.423,153,474
26302,27124,822,0,GE-Phase,retraction,26650,27102,452,452,0.55,-348,22
26302,27124,822,0,GE-Phase,stroke,27102,27573,471,22,0.027,-800,-449
27124,28520,1396,0,GE-Phrase,206,27102,28175,1073,1051,0.753,22,345
27124,28520,1396,0,GE-Phase,stroke,27102,27573,471,449,0.322,22,947
27124,28520,1396,0,GE-Phase,retraction,27573,28175,602,602,0.431,-449,345
43520,44770,1250,0,GE-Phrase,217,43251,44383,1132,863,0.69,269,387
43520,44770,1250,0,GE-Phrase,218,44383,47057,2674,387,0.31,-863,-2287
43520,44770,1250,0,GE-Phase,preparation,43251,43910,659,390,0.312,269,860
43520,44770,1250,0,GE-Phase,stroke,43910,44383,473,473,0.378,-390,387
43520,44770,1250,0,GE-Phase,preparation,44383,44772,389,387,0.31,-863,-2
44770,45700,930,0,GE-Phrase,218,44383,47057,2674,930,1.0,387,-1357
44770,45700,930,0,GE-Phase,preparation,44383,44772,389,2,0.002,387,928
44770,45700,930,0,GE-Phase,stroke,44772,47057,2285,928,0.998,-2,-1357
45700,46309,609,0,GE-Phrase,218,44383,47057,2674,609,1.0,1317,-748
45700,46309,609,0,GE-Phase,stroke,44772,47057,2285,609,1.0,928,-748
46309,47250,941,0,GE-Phrase,218,44383,47057,2674,748,0.795,1926,193
46309,47250,941,0,GE-Phrase,219,47057,48898,1841,193,0.205,-748,-1648
46309,47250,941,0,GE-Phase,stroke,44772,47057,2285,748,0.795,1537,193
46309,47250,941,0,GE-Phase,stroke,47057,47597,540,193,0.205,-748,-347
14522,15590,1068,0,GE-Phrase,201,14551,15962,1411,1039,0.973,-29,-372
14522,15590,1068,0,GE-Phase,preparation,14551,14903,352,352,0.33,-29,687
14522,15590,1068,0,GE-Phase,stroke,14903,15374,471,471,0.441,-381,216
14522,15590,1068,0,GE-Phase,retraction,15374,15962,588,216,0.202,-852,-372
15590,15763,173,0,GE-Phrase,201,14551,15962,1411,173,1.0,1039,-199
15590,15763,173,0,GE-Phase,retraction,15374,15962,588,173,1.0,216,-199
15763,17363,1600,0,GE-Phrase,201,14551,15962,1411,199,0.124,1212,1401
15763,17363,1600,0,GE-Phase,retraction,15374,15962,588,199,0.124,389,1401
23045,24685,1640,0,GE-Phrase,203,21244,23590,2346,545,0.332,1801,1095
23045,24685,1640,0,GE-Phrase,204,23590,25583,1993,1095,0.668,-545,-898
23045,24685,1640,0,GE-Phase,hold,22444,23590,1146,545,0.332,601,1095
23045,24685,1640,0,GE-Phase,stroke,23590,24657,1067,1067,0.651,-545,28
23045,24685,1640,0,GE-Phase,hold,24657,25583,926,28,0.017,-1612,-898
24685,25317,632,0,GE-Phrase,204,23590,25583,1993,632,1.0,1095,-266
24685,25317,632,0,GE-Phase,hold,24657,25583,926,632,1.0,28,-266
25317,26200,883,0,GE-Phrase,204,23590,25583,1993,266,0.301,1727,617
25317,26200,883,0,GE-Phrase,205,25583,27102,1519,617,0.699,-266,-902
25317,26200,883,0,GE-Phase,hold,24657,25583,926,266,0.301,660,617
25317,26200,883,0,GE-Phase,preparation,25583,26149,566,566,0.641,-266,51
25317,26200,883,0,GE-Phase,stroke,26149,26650,501,51,0.058,-832,-450
26200,26302,102,0,GE-Phrase,205,25583,27102,1519,102,1.0,617,-800
26200,26302,102,0,GE-Phase,stroke,26149,26650,501,102,1.0,51,-348
26302,27124,822,0,GE-Phrase,205,25583,27102,1519,800,0.973,719,22
26302,27124,822,0,GE-Phrase,206,27102,28175,1073,22,0.027,-800,-1051
26302,27124,822,0,GE-Phase,stroke,26149,26650,501,348,0.423,153,474
26302,27124,822,0,GE-Phase,retraction,26650,27102,452,452,0.55,-348,22
26302,27124,822,0,GE-Phase,stroke,27102,27573,471,22,0.027,-800,-449
27124,28520,1396,0,GE-Phrase,206,27102,28175,1073,1051,0.753,22,345
27124,28520,1396,0,GE-Phase,stroke,27102,27573,471,449,0.322,22,947
27124,28520,1396,0,GE-Phase,retraction,27573,28175,602,602,0.431,-449,345
43520,44770,1250,0,GE-Phrase,217,43251,44383,1132,863,0.69,269,387
43520,44770,1250,0,GE-Phrase,218,44383,47057,2674,387,0.31,-863,-2287
43520,44770,1250,0,GE-Phase,preparation,43251,43910,659,390,0.312,269,860
43520,44770,1250,0,GE-Phase,stroke,43910,44383,473,473,0.378,-390,387
43520,44770,1250,0,GE-Phase,preparation,44383,44772,389,387,0.31,-863,-2
44770,45700,930,0,GE-Phrase,218,44383,47057,2674,930,1.0,387,-1357
44770,45700,930,0,GE-Phase,preparation,44383,44772,389,2,0.002,387,928
44770,45700,930,0,GE-Phase,stroke,44772,47057,2285,928,0.998,-2,-1357
45700,46309,609,0,GE-Phrase,218,44383,47057,2674,609,1.0,1317,-748
45700,46309,609,0,GE-Phase,stroke,44772,47057,2285,609,1.0,928,-748
46309,47250,941,0,GE-Phrase,218,44383,47057,2674,748,0.795,1926,193
46309,47250,941,0,GE-Phrase,219,47057,48898,1841,193,0.205,-748,-1648
46309,47250,941,0,GE-Phase,stroke,44772,47057,2285,748,0.795,1537,193
46309,47250,941,0,GE-Phase,stroke,47057,47597,540,193,0.205,-748,-347
14522,15590,1068,0,GE-Phrase,201,14551,15962,1411,1039,0.973,-29,-372
14522,15590,1068,0,GE-Phase,preparation,14551,14903,352,352,0.33,-29,687
14522,15590,1068,0,GE-Phase,stroke,14903,15374,471,471,0.441,-381,216
14522,15590,1068,0,GE-Phase,retraction,15374,15962,588,216,0.202,-852,-372
15590,15763,173,0,GE-Phrase,201,14551,15962,1411,173,1.0,1039,-199
15590,15763,173,0,GE-Phase,retraction,15374,15962,588,173,1.0,216,-199
15763,17363,1600,0,GE-Phrase,201,14551,15962,1411,199,0.124,1212,1401
15763,17363,1600,0,GE-Phase,retraction,15374,15962,588,199,0.124,389,1401
23045,24685,1640,0,GE-Phrase,203,21244,23590,2346,545,0.332,1801,1095
23045,24685,1640,0,GE-Phrase,204,23590,25583,1993,1095,0.668,-545,-898
23045,24685,1640,0,GE-Phase,hold,22444,23590,1146,545,0.332,601,1095
23045,24685,1640,0,GE-Phase,stroke,23590,24657,1067,1067,0.651,-545,28
23045,24685,1640,0,GE-Phase,hold,24657,25583,926,28,0.017,-1612,-898
24685,25317,632,0,GE-Phrase,204,23590,25583,1993,632,1.0,1095,-266
24685,25317,632,0,GE-Phase,hold,24657,25583,926,632,1.0,28,-266
25317,26200,883,0,GE-Phrase,204,23590,25583,1993,266,0.301,1727,617
25317,26200,883,0,GE-Phrase,205,25583,27102,1519,617,0.699,-266,-902
25317,26200,883,0,GE-Phase,hold,24657,25583,926,266,0.301,660,617
25317,26200,883,0,GE-Phase,preparation,25583,26149,566,566,0.641,-266,51
25317,26200,883,0,GE-Phase,stroke,26149,26650,501,51,0.058,-832,-450
26200,26302,102,0,GE-Phrase,205,25583,27102,1519,102,1.0,617,-800
26200,26302,102,0,GE-Phase,stroke,26149,26650,501,102,1.0,51,-348
26302,27124,822,0,GE-Phrase,205,25583,27102,1519,800,0.973,719,22
26302,27124,822,0,GE-Phrase,206,27102,28175,1073,22,0.027,-800,-1051
26302,27124,822,0,GE-Phase,stroke,26149,26650,501,348,0.423,153,474
26302,27124,822,0,GE-Phase,retraction,26650,27102,452,452,0.55,-348,22
26302,27124,822,0,GE-Phase,stroke,27102,27573,471,22,0.027,-800,-449
27124,28520,1396,0,GE-Phrase,206,27102,28175,1073,1051,0.753,22,345
27124,28520,1396,0,GE-Phase,stroke,27102,27573,471,449,0.322,22,947
27124,28520,1396,0,GE-Phase,retraction,27573,28175,602,602,0.431,-449,345
43520,44770,1250,0,GE-Phrase,217,43251,44383,1132,863,0.69,269,387
43520,44770,1250,0,GE-Phrase,218,44383,47057,2674,387,0.31,-863,-2287
43520,44770,1250,0,GE-Phase,preparation,43251,43910,659,390,0.312,269,860
43520,44770,1250,0,GE-Phase,stroke,43910,44383,473,473,0.378,-390,387
43520,44770,1250,0,GE-Phase,preparation,44383,44772,389,387,0.31,-863,-2
44770,45700,930,0,GE-Phrase,218,44383,47057,2674,930,1.0,387,-1357
44770,45700,930,0,GE-Phase,preparation,44383,44772,389,2,0.002,387,928
44770,45700,930,0,GE-Phase,stroke,44772,47057,2285,928,0.998,-2,-1357
45700,46309,609,0,GE-Phrase,218,44383,47057,2674,609,1.0,1317,-748
45700,46309,609,0,GE-Phase,stroke,44772,47057,2285,609,1.0,928,-748
46309,47250,941,0,GE-Phrase,218,44383,47057,2674,748,0.795,1926,193
46309,47250,941,0,GE-Phrase,219,47057,48898,1841,193,0.205,-748,-1648
46309,47250,941,0,GE-Phase,stroke,44772,47057,2285,748,0.795,1537,193
46309,47250,941,0,GE-Phase,stroke,47057,47597,540,193,0.205,-748,-347
14522,15590,1068,0,GE-Phrase,201,14551,15962,1411,1039,0.973,-29,-372
14522,15590,1068,0,GE-Phase,preparation,14551,14903,352,352,0.33,-29,687
14522,15590,1068,0,GE-Phase,stroke,14903,15374,471,471,0.441,-381,216
14522,15590,1068,0,GE-Phase,retraction,15374,15962,588,216,0.202,-852,-372
15590,15763,173,0,GE-Phrase,201,14551,15962,1411,173,1.0,1039,-199
15590,15763,173,0,GE-Phase,retraction,15374,15962,588,173,1.0,216,-199
15763,17363,1600,0,GE-Phrase,201,14551,15962,1411,199,0.124,1212,1401
15763,17363,1600,0,GE-Phase,retraction,15374,15962,588,199,0.124,389,1401
23045,24685,1640,0,GE-Phrase,203,21244,23590,2346,545,0.332,1801,1095
23045,24685,1640,0,GE-Phrase,204,23590,25583,1993,1095,0.668,-545,-898
23045,24685,1640,0,GE-Phase,hold,22444,23590,1146,545,0.332,601,1095
23045,24685,1640,0,GE-Phase,stroke,23590,24657,1067,1067,0.651,-545,28
23045,24685,1640,0,GE-Phase,hold,24657,25583,926,28,0.017,-1612,-898
24685,25317,632,0,GE-Phrase,204,23590,25583,1993,632,1.0,1095,-266
24685,25317,632,0,GE-Phase,hold,24657,25583,926,632,1.0,28,-266
25317,26200,883,0,GE-Phrase,204,23590,25583,1993,266,0.301,1727,617
25317,26200,883,0,GE-Phrase,205,25583,27102,1519,617,0.699,-266,-902
25317,26200,883,0,GE-Phase,hold,24657,25583,926,266,0.301,660,617
25317,26200,883,0,GE-Phase,preparation,25583,26149,566,566,0.641,-266,51
25317,26200,883,0,GE-Phase,stroke,26149,26650,501,51,0.058,-832,-450
26200,26302,102,0,GE-Phrase,205,25583,27102,1519,102,1.0,617,-800
26200,26302,102,0,GE-Phase,stroke,26149,26650,501,102,1.0,51,-348
26302,27124,822,0,GE-Phrase,205,25583,27102,1519,800,0.973,719,22
26302,27124,822,0,GE-Phrase,206,27102,28175,1073,22,0.027,-800,-1051
26302,27124,822,0,GE-Phase,stroke,26149,26650,501,348,0.423,153,474
26302,27124,822,0,GE-Phase,retraction,26650,27102,452,452,0.55,-348,22
26302,27124,822,0,GE-Phase,stroke,27102,27573,471,22,0.027,-800,-449
27124,28520,1396,0,GE-Phrase,206,27102,28175,1073,1051,0.753,22,345
27124,28520,1396,0,GE-Phase,stroke,27102,27573,471,449,0.322,22,947
27124,28520,1396,0,GE-Phase,retraction,27573,28175,602,602,0.431,-449,345
43520,44770,1250,0,GE-Phrase,217,43251,44383,1132,863,0.69,269,387
43520,44770,1250,0,GE-Phrase,218,44383,47057,2674,387,0.31,-863,-2287
43520,44770,1250,0,GE-Phase,preparation,43251,43910,659,390,0.312,269,860
43520,44770,1250,0,GE-Phase,stroke,43910,44383,473,473,0.378,-390,387
43520,44770,1250,0,GE-Phase,preparation,44383,44772,389,387,0.31,-863,-2
44770,45700,930,0,GE-Phrase,218,44383,47057,2674,930,1.0,387,-1357
44770,45700,930,0,GE-Phase,preparation,44383,44772,389,2,0.002,387,928
44770,45700,930,0,GE-Phase,stroke,44772,47057,2285,928,0.998,-2,-1357
45700,46309,609,0,GE-Phrase,218,44383,47057,2674,609,1.0,1317,-748
45700,46309,609,0,GE-Phase,stroke,44772,47057,2285,609,1.0,928,-748
46309,47250,941,0,GE-Phrase,218,44383,47057,2674,748,0.795,1926,193
46309,47250,941,0,GE-Phrase,219,47057,48898,1841,193,0.205,-748,-1648
46309,47250,941,0,GE-Phase,stroke,44772,47057,2285,748,0.795,1537,193
46309,47250,941,0,GE-Phase,stroke,47057,47597,540,193,0.205,-748,-347
14522,15590,1068,0,GE-Phrase,201,14551,15962,1411,1039,0.973,-29,-372
14522,15590,1068,0,GE-Phase,preparation,14551,14903,352,352,0.33,-29,687
14522,15590,1068,0,GE-Phase,stroke,14903,15374,471,471,0.441,-381,216
14522,15590,1068,0,GE-Phase,retraction,15374,15962,588,216,0.202,-852,-372
15590,15763,173,0,GE-Phrase,201,14551,15962,1411,173,1.0,1039,-199
15590,15763,173,0,GE-Phase,retraction,15374,15962,588,173,1.0,216,-199
15763,17363,1600,0,GE-Phrase,201,14551,15962,1411,199,0.124,1212,1401
15763,17363,1600,0,GE-Phase,retraction,15374,15962,588,199,0.124,389,1401
23045,24685,1640,0,GE-Phrase,203,21244,23590,2346,545,0.332,1801,1095
23045,24685,1640,0,GE-Phrase,204,23590,25583,1993,1095,0.668,-545,-898
23045,24685,1640,0,GE-Phase,hold,22444,23590,1146,545,0.332,601,1095
23045,24685,1640,0,GE-Phase,stroke,23590,24657,1067,1067,0.651,-545,28
23045,24685,1640,0,GE-Phase,hold,24657,25583,926,28,0.017,-1612,-898
24685,25317,632,0,GE-Phrase,204,23590,25583,1993,632,1.0,1095,-266
24685,25317,632,0,GE-Phase,hold,24657,25583,926,632,1.0,28,-266
25317,26200,883,0,GE-Phrase,204,23590,25583,1993,266,0.301,1727,617
25317,26200,883,0,GE-Phrase,205,25583,27102,1519,617,0.699,-266,-902
25317,26200,883,0,GE-Phase,hold,24657,25583,926,266,0.301,660,617
25317,26200,883,0,GE-Phase,preparation,25583,26149,566,566,0.641,-266,51
25317,26200,883,0,GE-Phase,stroke,26149,26650,501,51,0.058,-832,-450
26200,26302,102,0,GE-Phrase,205,25583,27102,1519,102,1.0,617,-800
26200,26302,102,0,GE-Phase,stroke,26149,26650,501,102,1.0,51,-348
26302,27124,822,0,GE-Phrase,205,25583,27102,1519,800,0.973,719,22
26302,27124,822,0,GE-Phrase,206,27102,28175,1073,22,0.027,-800,-1051
26302,27124,822,0,GE-Phase,stroke,26149,26650,501,348,0.423,153,474
26302,27124,822,0,GE-Phase,retraction,26650,27102,452,452,0.55,-348,22
26302,27124,822,0,GE-Phase,stroke,27102,27573,471,22,0.027,-800,-449
27124,28520,1396,0,GE-Phrase,206,27102,28175,1073,1051,0.753,22,345
27124,28520,1396,0,GE-Phase,stroke,27102,27573,471,449,0.322,22,947
27124,28520,1396,0,GE-Phase,retraction,27573,28175,602,602,0.431,-449,345
43520,44770,1250,0,GE-Phrase,217,43251,44383,1132,863,0.69,269,387
43520,44770,1250,0,GE-Phrase,218,44383,47057,2674,387,0.31,-863,-2287
43520,44770,1250,0,GE-Phase,preparation,43251,43910,659,390,0.312,269,860
43520,44770,1250,0,GE-Phase,stroke,43910,44383,473,473,0.378,-390,387
43520,44770,1250,0,GE-Phase,preparation,44383,44772,389,387,0.31,-863,-2
44770,45700,930,0,GE-Phrase,218,44383,47057,2674,930,1.0,387,-1357
44770,45700,930,0,GE-Phase,preparation,44383,44772,389,2,0.002,387,928
44770,45700,930,0,GE-Phase,stroke,44772,47057,2285,928,0.998,-2,-1357
45700,46309,609,0,GE-Phrase,218,44383,47057,2674,609,1.0,1317,-748
45700,46309,609,0,GE-Phase,stroke,44772,47057,2285,609,1.0,928,-748
46309,47250,941,0,GE-Phrase,218,44383,47057,2674,748,0.795,1926,193
46309,47250,941,0,GE-Phrase,219,47057,48898,1841,193,0.205,-748,-1648
46309,47250,941,0,GE-Phase,stroke,44772,47057,2285,748,0.795,1537,193
46309,47250,941,0,GE-Phase,stroke,47057,47597,540,193,0.205,-748,-347
14522,15590,1068,0,GE-Phrase,201,14551,15962,1411,1039,0.973,-29,-372
14522,15590,1068,0,GE-Phase,preparation,14551,14903,352,352,0.33,-29,687
14522,15590,1068,0,GE-Phase,stroke,14903,15374,471,471,0.441,-381,216
14522,15590,1068,0,GE-Phase,retraction,15374,15962,588,216,0.202,-852,-372
15590,15763,173,0,GE-Phrase,201,14551,15962,1411,173,1.0,1039,-199
15590,15763,173,0,GE-Phase,retraction,15374,15962,588,173,1.0,216,-199
15763,17363,1600,0,GE-Phrase,201,14551,15962,1411,199,0.124,1212,1401
15763,17363,1600,0,GE-Phase,retraction,15374,15962,588,199,0.124,389,1401
23045,24685,1640,0,GE-Phrase,203,21244,23590,2346,545,0.332,1801,1095
23045,24685,1640,0,GE-Phrase,204,23590,25583,1993,1095,0.668,-545,-898
23045,24685,1640,0,GE-Phase,hold,22444,23590,1146,545,0.332,601,1095
23045,24685,1640,0,GE-Phase,stroke,23590,24657,1067,1067,0.651,-545,28
23045,24685,1640,0,GE-Phase,hold,24657,25583,926,28,0.017,-1612,-898
24685,25317,632,0,GE-Phrase,204,23590,25583,1993,632,1.0,1095,-266
24685,25317,632,0,GE-Phase,hold,24657,25583,926,632,1.0,28,-266
25317,26200,883,0,GE-Phrase,204,23590,25583,1993,266,0.301,1727,617
25317,26200,883,0,GE-Phrase,205,25583,27102,1519,617,0.699,-266,-902
25317,26200,883,0,GE-Phase,hold,24657,25583,926,266,0.301,660,617
25317,26200,883,0,GE-Phase,preparation,25583,26149,566,566,0.641,-266,51
25317,26200,883,0,GE-Phase,stroke,26149,26650,501,51,0.058,-832,-450
26200,26302,102,0,GE-Phrase,205,25583,27102,1519,102,1.0,617,-800
26200,26302,102,0,GE-Phase,stroke,26149,26650,501,102,1.0,51,-348
26302,27124,822,0,GE-Phrase,205,25583,27102,1519,800,0.973,719,22
26302,27124,822,0,GE-Phrase,206,27102,28175,1073,22,0.027,-800,-1051
26302,27124,822,0,GE-Phase,stroke,26149,26650,501,348,0.423,153,474
26302,27124,822,0,GE-Phase,retraction,26650,27102,452,452,0.55,-348,22
26302,27124,822,0,GE-Phase,stroke,27102,27573,471,22,0.027,-800,-449
27124,28520,1396,0,GE-Phrase,206,27102,28175,1073,1051,0.753,22,345
27124,28520,1396,0,GE-Phase,stroke,27102,27573,471,449,0.322,22,947
27124,28520,1396,0,GE-Phase,retraction,27573,28175,602,602,0.431,-449,345
43520,44770,1250,0,GE-Phrase,217,43251,44383,1132,863,0.69,269,387
43520,44770,1250,0,GE-Phrase,218,44383,47057,2674,387,0.31,-863,-2287
43520,44770,1250,0,GE-Phase,preparation,43251,43910,659,390,0.312,269,860
43520,44770,1250,0,GE-Phase,stroke,43910,44383,473,473,0.378,-390,387
43520,44770,1250,0,GE-Phase,preparation,44383,44772,389,387,0.31,-863,-2
44770,45700,930,0,GE-Phrase,218,44383,47057,2674,930,1.0,387,-1357
44770,45700,930,0,GE-Phase,preparation,44383,44772,389,2,0.002,387,928
44770,45700,930,0,GE-Phase,stroke,44772,47057,2285,928,0.998,-2,-1357
45700,46309,609,0,GE-Phrase,218,44383,47057,2674,609,1.0,1317,-748
45700,46309,609,0,GE-Phase,stroke,44772,47057,2285,609,1.0,928,-748
46309,47250,941,0,GE-Phrase,218,44383,47057,2674,748,0.795,1926,193
46309,47250,941,0,GE-Phrase,219,47057,48898,1841,193,0.205,-748,-1648
46309,47250,941,0,GE-Phase,stroke,44772,47057,2285,748,0.795,1537,193
46309,47250,941,0,GE-Phase,stroke,47057,47597,540,193,0.205,-748,-347
14522,15590,1068,0,GE-Phrase,201,14551,15962,1411,1039,0.973,-29,-372
14522,15590,1068,0,GE-Phase,preparation,14551,14903,352,352,0.33,-29,687
14522,15590,1068,0,GE-Phase,stroke,14903,15374,471,471,0.441,-381,216
14522,15590,1068,0,GE-Phase,retraction,15374,15962,588,216,0.202,-852,-372
15590,15763,173,0,GE-Phrase,201,14551,15962,1411,173,1.0,1039,-199
15590,15763,173,0,GE-Phase,retraction,15374,15962,588,173,1.0,216,-199
15763,17363,1600,0,GE-Phrase,201,14551,15962,1411,199,0.124,1212,1401
15763,17363,1600,0,GE-Phase,retraction,15374,15962,588,199,0.124,389,1401
23045,24685,1640,0,GE-Phrase,203,21244,23590,2346,545,0.332,1801,1095
23045,24685,1640,0,GE-Phrase,204,23590,25583,1993,1095,0.668,-545,-898
23045,24685,1640,0,GE-Phase,hold,22444,23590,1146,545,0.332,601,1095
23045,24685,1640,0,GE-Phase,stroke,23590,24657,1067,1067,0.651,-545,28
23045,24685,1640,0,GE-Phase,hold,24657,25583,926,28,0.017,-1612,-898
24685,25317,632,0,GE-Phrase,204,23590,25583,1993,632,1.0,1095,-266
24685,25317,632,0,GE-Phase,hold,24657,25583,926,632,1.0,28,-266
25317,26200,883,0,GE-Phrase,204,23590,25583,1993,266,0.301,1727,617
25317,26200,883,0,GE-Phrase,205,25583,27102,1519,617,0.699,-266,-902
25317,26200,883,0,GE-Phase,hold,24657,25583,926,266,0.301,660,617
25317,26200,883,0,GE-Phase,preparation,25583,26149,566,566,0.641,-266,51
25317,26200,883,0,GE-Phase,stroke,26149,26650,501,51,0.058,-832,-450
26200,26302,102,0,GE-Phrase,205,25583,27102,1519,102,1.0,617,-800
26200,26302,102,0,GE-Phase,stroke,26149,26650,501,102,1.0,51,-348
26302,27124,822,0,GE-Phrase,205,25583,27102,1519,800,0.973,719,22
26302,27124,822,0,GE-Phrase,206,27102,28175,1073,22,0.027,-800,-1051
26302,27124,822,0,GE-Phase,stroke,26149,26650,501,348,0.423,153,474
26302,27124,822,0,GE-Phase,retraction,26650,27102,452,452,0.55,-348,22
26302,27124,822,0,GE-Phase,stroke,27102,27573,471,22,0.027,-800,-449
27124,28520,1396,0,GE-Phrase,206,27102,28175,1073,1051,0.753,22,345
27124,28520,1396,0,GE-Phase,stroke,27102,27573,471,449,0.322,22,947
27124,28520,1396,0,GE-Phase,retraction,27573,28175,602,602,0.431,-449,345
43520,44770,1250,0,GE-Phrase,217,43251,44383,1132,863,0.69,269,387
43520,44770,1250,0,GE-Phrase,218,44383,47057,2674,387,0.31,-863,-2287
43520,44770,1250,0,GE-Phase,preparation,43251,43910,659,390,0.312,269,860
43520,44770,1250,0,GE-Phase,stroke,43910,44383,473,473,0.378,-390,387
43520,44770,1250,0,GE-Phase,preparation,44383,44772,389,387,0.31,-863,-2
44770,45700,930,0,GE-Phrase,218,44383,47057,2674,930,1.0,387,-1357
44770,45700,930,0,GE-Phase,preparation,44383,44772,389,2,0.002,387,928
44770,45700,930,0,GE-Phase,stroke,44772,47057,2285,928,0.998,-2,-1357
45700,46309,609,0,GE-Phrase,218,44383,47057,2674,609,1.0,1317,-748
45700,46309,609,0,GE-Phase,stroke,44772,47057,2285,609,1.0,928,-748
46309,47250,941,0,GE-Phrase,218,44383,47057,2674,748,0.795,1926,193
46309,47250,941,0,GE-Phrase,219,47057,48898,1841,193,0.205,-748,-1648
46309,47250,941,0,GE-Phase,stroke,44772,47057,2285,748,0.795,1537,193
46309,47250,941,0,GE-Phase,stroke,47057,47597,540,193,0.205,-748,-347
14522,15590,1068,0,GE-Phrase,201,14551,15962,1411,1039,0.973,-29,-372
14522,15590,1068,0,GE-Phase,preparation,14551,14903,352,352,0.33,-29,687
14522,15590,1068,0,GE-Phase,stroke,14903,15374,471,471,0.441,-381,216
14522,15590,1068,0,GE-Phase,retraction,15374,15962,588,216,0.202,-852,-372
15590,15763,173,0,GE-Phrase,201,14551,15962,1411,173,1.0,1039,-199
15590,15763,173,0,GE-Phase,retraction,15374,15962,588,173,1.0,216,-199
15763,17363,1600,0,GE-Phrase,201,14551,15962,1411,199,0.124,1212,1401
15763,17363,1600,0,GE-Phase,retraction,15374,15962,588,199,0.124,389,1401
23045,24685,1640,0,GE-Phrase,203,21244,23590,2346,545,0.332,1801,1095
23045,24685,1640,0,GE-Phrase,204,23590,25583,1993,1095,0.668,-545,-898
23045,24685,1640,0,GE-Phase,hold,22444,23590,1146,545,0.332,601,1095
23045,24685,1640,0,GE-Phase,stroke,23590,24657,1067,1067,0.651,-545,28
23045,24685,1640,0,GE-Phase,hold,24657,25583,926,28,0.017,-1612,-898
24685,25317,632,0,GE-Phrase,204,23590,25583,1993,632,1.0,1095,-266
24685,25317,632,0,GE-Phase,hold,24657,25583,926,632,1.0,28,-266
25317,26200,883,0,GE-Phrase,204,23590,25583,1993,266,0.301,1727,617
25317,26200,883,0,GE-Phrase,205,25583,27102,1519,617,0.699,-266,-902
25317,26200,883,0,GE-Phase,hold,24657,25583,926,266,0.301,660,617
25317,26200,883,0,GE-Phase,preparation,25583,26149,566,566,0.641,-266,51
25317,26200,883,0,GE-Phase,stroke,26149,26650,501,51,0.058,-832,-450
26200,26302,102,0,GE-Phrase,205,25583,27102,1519,102,1.0,617,-800
26200,26302,102,0,GE-Phase,stroke,26149,26650,501,102,1.0,51,-348
26302,27124,822,0,GE-Phrase,205,25583,27102,1519,800,0.973,719,22
26302,27124,822,0,GE-Phrase,206,27102,28175,1073,22,0.027,-800,-1051
26302,27124,822,0,GE-Phase,stroke,26149,26650,501,348,0.423,153,474
26302,27124,822,0,GE-Phase,retraction,26650,27102,452,452,0.55,-348,22
26302,27124,822,0,GE-Phase,stroke,27102,27573,471,22,0.027,-800,-449
27124,28520,1396,0,GE-Phrase,206,27102,28175,1073,1051,0.753,22,345
27124,28520,1396,0,GE-Phase,stroke,27102,27573,471,449,0.322,22,947
27124,28520,1396,0,GE-Phase,retraction,27573,28175,602,602,0.431,-449,345
43520,44770,1250,0,GE-Phrase,217,43251,44383,1132,863,0.69,269,387
43520,44770,1250,0,GE-Phrase,218,44383,47057,2674,387,0.31,-863,-2287
43520,44770,1250,0,GE-Phase,preparation,43251,43910,659,390,0.312,269,860
43520,44770,1250,0,GE-Phase,stroke,43910,44383,473,473,0.378,-390,387
43520,44770,1250,0,GE-Phase,preparation,44383,44772,389,387,0.31,-863,-2
44770,45700,930,0,GE-Phrase,218,44383,47057,2674,930,1.0,387,-1357
44770,45700,930,0,GE-Phase,preparation,44383,44772,389,2,0.002,387,928
44770,45700,930,0,GE-Phase,stroke,44772,47057,2285,928,0.998,-2,-1357
45700,46309,609,0,GE-Phrase,218,44383,47057,2674,609,1.0,1317,-748
45700,46309,609,0,GE-Phase,stroke,44772,47057,2285,609,1.0,928,-748
46309,47250,941,0,GE-Phrase,218,44383,47057,2674,748,0.795,1926,193
46309,47250,941,0,GE-Phrase,219,47057,48898,1841,193,0.205,-748,-1648
46309,47250,941,0,GE-Phase,stroke,44772,47057,2285,748,0.795,1537,193
46309,47250,941,0,GE-Phase,stroke,47057,47597,540,193,0.205,-748,-347
14522,15590,1068,0,GE-Phrase,201,14551,15962,1411,1039,0.973,-29,-372
14522,15590,1068,0,GE-Phase,preparation,14551,14903,352,352,0.33,-29,687
14522,15590,1068,0,GE-Phase,stroke,14903,15374,471,471,0.441,-381,216
14522,15590,1068,0,GE-Phase,retraction,15374,15962,588,216,0.202,-852,-372
15590,15763,173,0,GE-Phrase,201,14551,15962,1411,173,1.0,1039,-199
15590,15763,173,0,GE-Phase,retraction,15374,15962,588,173,1.0,216,-199
15763,17363,1600,0,GE-Phrase,201,14551,15962,1411,199,0.124,1212,1401
15763,17363,1600,0,GE-Phase,retraction,15374,15962,588,199,0.124,389,1401
23045,24685,1640,0,GE-Phrase,203,21244,23590,2346,545,0.332,1801,1095
23045,24685,1640,0,GE-Phrase,204,23590,25583,1993,1095,0.668,-545,-898
23045,24685,1640,0,GE-Phase,hold,22444,23590,1146,545,0.332,601,1095
23045,24685,1640,0,GE-Phase,stroke,23590,24657,1067,1067,0.651,-545,28
23045,24685,1640,0,GE-Phase,hold,24657,25583,926,28,0.017,-1612,-898
24685,25317,632,0,GE-Phrase,204,23590,25583,1993,632,1.0,1095,-266
24685,25317,632,0,GE-Phase,hold,24657,25583,926,632,1.0,28,-266
25317,26200,883,0,GE-Phrase,204,23590,25583,1993,266,0.301,1727,617
25317,26200,883,0,GE-Phrase,205,25583,27102,1519,617,0.699,-266,-902
25317,26200,883,0,GE-Phase,hold,24657,25583,926,266,0.301,660,617
25317,26200,883,0,GE-Phase,preparation,25583,26149,566,566,0.641,-266,51
25317,26200,883,0,GE-Phase,stroke,26149,26650,501,51,0.058,-832,-450
26200,26302,102,0,GE-Phrase,205,25583,27102,1519,102,1.0,617,-800
26200,26302,102,0,GE-Phase,stroke,26149,26650,501,102,1.0,51,-348
26302,27124,822,0,GE-Phrase,205,25583,27102,1519,800,0.973,719,22
26302,27124,822,0,GE-Phrase,206,27102,28175,1073,22,0.027,-800,-1051
26302,27124,822,0,GE-Phase,stroke,26149,26650,501,348,0.423,153,474
26302,27124,822,0,GE-Phase,retraction,26650,27102,452,452,0.55,-348,22
26302,27124,822,0,GE-Phase,stroke,27102,27573,471,22,0.027,-800,-449
27124,28520,1396,0,GE-Phrase,206,27102,28175,1073,1051,0.753,22,345
27124,28520,1396,0,GE-Phase,stroke,27102,27573,471,449,0.322,22,947
27124,28520,1396,0,GE-Phase,retraction,27573,28175,602,602,0.431,-449,345
43520,44770,1250,0,GE-Phrase,217,43251,44383,1132,863,0.69,269,387
43520,44770,1250,0,GE-Phrase,218,44383,47057,2674,387,0.31,-863,-2287
43520,44770,1250,0,GE-Phase,preparation,43251,43910,659,390,0.312,269,860
43520,44770,1250,0,GE-Phase,stroke,43910,44383,473,473,0.378,-390,387
43520,44770,1250,0,GE-Phase,preparation,44383,44772,389,387,0.31,-863,-2
44770,45700,930,0,GE-Phrase,218,44383,47057,2674,930,1.0,387,-1357
44770,45700,930,0,GE-Phase,preparation,44383,44772,389,2,0.002,387,928
44770,45700,930,0,GE-Phase,stroke,44772,47057,2285,928,0.998,-2,-1357
45700,46309,609,0,GE-Phrase,218,44383,47057,2674,609,1.0,1317,-748
45700,46309,609,0,GE-Phase,stroke,44772,47057,2285,609,1.0,928,-748
46309,47250,941,0,GE-Phrase,218,44383,47057,2674,748,0.795,1926,193
46309,47250,941,0,GE-Phrase,219,47057,48898,1841,193,0.205,-748,-1648
46309,47250,941,0,GE-Phase,stroke,44772,47057,2285,748,0.795,1537,193
46309,47250,941,0,GE-Phase,stroke,47057,47597,540,193,0.205,-748,-347
14522,15590,1068,0,GE-Phrase,201,14551,15962,1411,1039,0.973,-29,-372
14522,15590,1068,0,GE-Phase,preparation,14551,14903,352,352,0.33,-29,687
14522,15590,1068,0,GE-Phase,stroke,14903,15374,471,471,0.441,-381,216
14522,15590,1068,0,GE-Phase,retraction,15374,15962,588,216,0.202,-852,-372
15590,15763,173,0,GE-Phrase,201,14551,15962,1411,173,1.0,1039,-199
15590,15763,173,0,GE-Phase,retraction,15374,15962,588,173,1.0,216,-199
15763,17363,1600,0,GE-Phrase,201,14551,15962,1411,199,0.124,1212,1401
15763,17363,1600,0,GE-Phase,retraction,15374,15962,588,199,0.124,389,1401
23045,24685,1640,0,GE-Phrase,203,21244,23590,2346,545,0.332,1801,1095
23045,24685,1640,0,GE-Phrase,204,23590,25583,1993,1095,0.668,-545,-898
23045,24685,1640,0,GE-Phase,hold,22444,23590,1146,545,0.332,601,1095
23045,24685,1640,0,GE-Phase,stroke,23590,24657,1067,1067,0.651,-545,28
23045,24685,1640,0,GE-Phase,hold,24657,25583,926,28,0.017,-1612,-898
24685,25317,632,0,GE-Phrase,204,23590,25583,1993,632,1.0,1095,-266
24685,25317,632,0,GE-Phase,hold,24657,25583,926,632,1.0,28,-266
25317,26200,883,0,GE-Phrase,204,23590,25583,1993,266,0.301,1727,617
25317,26200,883,0,GE-Phrase,205,25583,27102,1519,617,0.699,-266,-902
25317,26200,883,0,GE-Phase,hold,24657,25583,926,266,0.301,660,617
25317,26200,883,0,GE-Phase,preparation,25583,26149,566,566,0.641,-266,51
25317,26200,883,0,GE-Phase,stroke,26149,26650,501,51,0.058,-832,-450
26200,26302,102,0,GE-Phrase,205,25583,27102,1519,102,1.0,617,-800
26200,26302,102,0,GE-Phase,stroke,26149,26650,501,102,1.0,51,-348
26302,27124,822,0,GE-Phrase,205,25583,27102,1519,800,0.973,719,22
26302,27124,822,0,GE-Phrase,206,27102,28175,1073,22,0.027,-800,-1051
26302,27124,822,0,GE-Phase,stroke,26149,26650,501,348,0.423,153,474
26302,27124,822,0,GE-Phase,retraction,26650,27102,452,452,0.55,-348,22
26302,27124,822,0,GE-Phase,stroke,27102,27573,471,22,0.027,-800,-449
27124,28520,1396,0,GE-Phrase,206,27102,28175,1073,1051,0.753,22,345
27124,28520,1396,0,GE-Phase,stroke,27102,27573,471,449,0.322,22,947
27124,28520,1396,0,GE-Phase,retraction,27573,28175,602,602,0.431,-449,345
43520,44770,1250,0,GE-Phrase,217,43251,44383,1132,863,0.69,269,387
43520,44770,1250,0,GE-Phrase,218,44383,47057,2674,387,0.31,-863,-2287
43520,44770,1250,0,GE-Phase,preparation,43251,43910,659,390,0.312,269,860
43520,44770,1250,0,GE-Phase,stroke,43910,44383,473,473,0.378,-390,387
43520,44770,1250,0,GE-Phase,preparation,44383,44772,389,387,0.31,-863,-2
44770,45700,930,0,GE-Phrase,218,44383,47057,2674,930,1.0,387,-1357
44770,45700,930,0,GE-Phase,preparation,44383,44772,389,2,0.002,387,928
44770,45700,930,0,GE-Phase,stroke,44772,47057,2285,928,0.998,-2,-1357
45700,46309,609,0,GE-Phrase,218,44383,47057,2674,609,1.0,1317,-748
45700,46309,609,0,GE-Phase,stroke,44772,47057,2285,609,1.0,928,-748
46309,47250,941,0,GE-Phrase,218,44383,47057,2674,748,0.795,1926,193
46309,47250,941,0,GE-Phrase,219,47057,48898,1841,193,0.205,-748,-1648
46309,47250,941,0,GE-Phase,stroke,44772,47057,2285,748,0.795,1537,193
46309,47250,941,0,GE-Phase,stroke,47057,47597,540,193,0.205,-748,-347
14522,15590,1068,0,GE-Phrase,201,14551,15962,1411,1039,0.973,-29,-372
14522,15590,1068,0,GE-Phase,preparation,14551,14903,352,352,0.33,-29,687
14522,15590,1068,0,GE-Phase,stroke,14903,15374,471,471,0.441,-381,216
14522,15590,1068,0,GE-Phase,retraction,15374,15962,588,216,0.202,-852,-372
15590,15763,173,0,GE-Phrase,201,14551,15962,1411,173,1.0,1039,-199
15590,15763,173,0,GE-Phase,retraction,15374,15962,588,173,1.0,216,-199
15763,17363,1600,0,GE-Phrase,201,14551,15962,1411,199,0.124,1212,1401
15763,17363,1600,0,GE-Phase,retraction,15374,15962,588,199,0.124,389,1401
23045,24685,1640,0,GE-Phrase,203,21244,23590,2346,545,0.332,1801,1095
23045,24685,1640,0,GE-Phrase,204,23590,25583,1993,1095,0.668,-545,-898
23045,24685,1640,0,GE-Phase,hold,22444,23590,1146,545,0.332,601,1095
23045,24685,1640,0,GE-Phase,stroke,23590,24657,1067,1067,0.651,-545,28
23045,24685,1640,0,GE-Phase,hold,24657,25583,926,28,0.017,-1612,-898
24685,25317,632,0,GE-Phrase,204,23590,25583,1993,632,1.0,1095,-266
24685,25317,632,0,GE-Phase,hold,24657,25583,926,632,1.0,28,-266
25317,26200,883,0,GE-Phrase,204,23590,25583,1993,266,0.301,1727,617
25317,26200,883,0,GE-Phrase,205,25583,27102,1519,617,0.699,-266,-902
25317,26200,883,0,GE-Phase,hold,24657,25583,926,266,0.301,660,617
25317,26200,883,0,GE-Phase,preparation,25583,26149,566,566,0.641,-266,51
25317,26200,883,0,GE-Phase,stroke,26149,26650,501,51,0.058,-832,-450
26200,26302,102,0,GE-Phrase,205,25583,27102,1519,102,1.0,617,-800
26200,26302,102,0,GE-Phase,stroke,26149,26650,501,102,1.0,51,-348
26302,27124,822,0,GE-Phrase,205,25583,27102,1519,800,0.973,719,22
26302,27124,822,0,GE-Phrase,206,27102,28175,1073,22,0.027,-800,-1051
26302,27124,822,0,GE-Phase,stroke,26149,26650,501,348,0.423,153,474
26302,27124,822,0,GE-Phase,retraction,26650,27102,452,452,0.55,-348,22
26302,27124,822,0,GE-Phase,stroke,27102,27573,471,22,0.027,-800,-449
27124,28520,1396,0,GE-Phrase,206,27102,28175,1073,1051,0.753,22,345
27124,28520,1396,0,GE-Phase,stroke,27102,27573,471,449,0.322,22,947
27124,28520,1396,0,GE-Phase,retraction,27573,28175,602,602,0.431,-449,345
43520,44770,1250,0,GE-Phrase,217,43251,44383,1132,863,0.69,269,387
43520,44770,1250,0,GE-Phrase,218,44383,47057,2674,387,0.31,-863,-2287
43520,44770,1250,0,GE-Phase,preparation,43251,43910,659,390,0.312,269,860
43520,44770,1250,0,GE-Phase,stroke,43910,44383,473,473,0.378,-390,387
43520,44770,1250,0,GE-Phase,preparation,44383,44772,389,387,0.31,-863,-2
44770,45700,930,0,GE-Phrase,218,44383,47057,2674,930,1.0,387,-1357
44770,45700,930,0,GE-Phase,preparation,44383,44772,389,2,0.002,387,928
44770,45700,930,0,GE-Phase,stroke,44772,47057,2285,928,0.998,-2,-1357
45700,46309,609,0,GE-Phrase,218,44383,47057,2674,609,1.0,1317,-748
45700,46309,609,0,GE-Phase,stroke,44772,47057,2285,609,1.0,928,-748
46309,47250,941,0,GE-Phrase,218,44383,47057,2674,748,0.795,1926,193
46309,47250,941,0,GE-Phrase,219,47057,48898,1841,193,0.205,-748,-1648
46309,47250,941,0,GE-Phase,stroke,44772,47057,2285,748,0.795,1537,193
46309,47250,941,0,GE-Phase,stroke,47057,47597,540,193,0.205,-748,-347
14522,15590,1068,0,GE-Phrase,201,14551,15962,1411,1039,0.973,-29,-372
14522,15590,1068,0,GE-Phase,preparation,14551,14903,352,352,0.33,-29,687
14522,15590,1068,0,GE-Phase,stroke,14903,15374,471,471,0.441,-381,216
14522,15590,1068,0,GE-Phase,retraction,15374,15962,588,216,0.202,-852,-372
15590,15763,173,0,GE-Phrase,201,14551,15962,1411,173,1.0,1039,-199
15590,15763,173,0,GE-Phase,retraction,15374,15962,588,173,1.0,216,-199
15763,17363,1600,0,GE-Phrase,201,14551,15962,1411,199,0.124,1212,1401
15763,17363,1600,0,GE-Phase,retraction,15374,15962,588,199,0.124,389,1401
23045,24685,1640,0,GE-Phrase,203,21244,23590,2346,545,0.332,1801,1095
23045,24685,1640,0,GE-Phrase,204,23590,25583,1993,1095,0.668,-545,-898
23045,24685,1640,0,GE-Phase,hold,22444,23590,1146,545,0.332,601,1095
23045,24685,1640,0,GE-Phase,stroke,23590,24657,1067,1067,0.651,-545,28
23045,24685,1640,0,GE-Phase,hold,24657,25583,926,28,0.017,-1612,-898
24685,25317,632,0,GE-Phrase,204,23590,25583,1993,632,1.0,1095,-266
24685,25317,632,0,GE-Phase,hold,24657,25583,926,632,1.0,28,-266
25317,26200,883,0,GE-Phrase,204,23590,25583,1993,266,0.301,1727,617
25317,26200,883,0,GE-Phrase,205,25583,27102,1519,617,0.699,-266,-902
25317,26200,883,0,GE-Phase,hold,24657,25583,926,266,0.301,660,617
25317,26200,883,0,GE-Phase,preparation,25583,26149,566,566,0.641,-266,51
25317,26200,883,0,GE-Phase,stroke,26149,26650,501,51,0.058,-832,-450
26200,26302,102,0,GE-Phrase,205,25583,27102,1519,102,1.0,617,-800
26200,26302,102,0,GE-Phase,stroke,26149,26650,501,102,1.0,51,-348
26302,27124,822,0,GE-Phrase,205,25583,27102,1519,800,0.973,719,22
26302,27124,822,0,GE-Phrase,206,27102,28175,1073,22,0.027,-800,-1051
26302,27124,822,0,GE-Phase,stroke,26149,26650,501,348,0.423,153,474
26302,27124,822,0,GE-Phase,retraction,26650,27102,452,452,0.55,-348,22
26302,27124,822,0,GE-Phase,stroke,27102,27573,471,22,0.027,-800,-449
27124,28520,1396,0,GE-Phrase,206,27102,28175,1073,1051,0.753,22,345
27124,28520,1396,0,GE-Phase,stroke,27102,27573,471,449,0.322,22,947
27124,28520,1396,0,GE-Phase,retraction,27573,28175,602,602,0.431,-449,345
43520,44770,1250,0,GE-Phrase,217,43251,44383,1132,863,0.69,269,387
43520,44770,1250,0,GE-Phrase,218,44383,47057,2674,387,0.31,-863,-2287
43520,44770,1250,0,GE-Phase,preparation,43251,43910,659,390,0.312,269,860
43520,44770,1250,0,GE-Phase,stroke,43910,44383,473,473,0.378,-390,387
43520,44770,1250,0,GE-Phase,preparation,44383,44772,389,387,0.31,-863,-2
44770,45700,930,0,GE-Phrase,218,44383,47057,2674,930,1.0,387,-1357
44770,45700,930,0,GE-Phase,preparation,44383,44772,389,2,0.002,387,928
44770,45700,930,0,GE-Phase,stroke,44772,47057,2285,928,0.998,-2,-1357
45700,46309,609,0,GE-Phrase,218,44383,47057,2674,609,1.0,1317,-748
45700,46309,609,0,GE-Phase,stroke,44772,47057,2285,609,1.0,928,-748
46309,47250,941,0,GE-Phrase,218,44383,47057,2674,748,0.795,1926,193
46309,47250,941,0,GE-Phrase,219,47057,48898,1841,193,0.205,-748,-1648
46309,47250,941,0,GE-Phase,stroke,44772,47057,2285,748,0.795,1537,193
46309,47250,941,0,GE-Phase,stroke,47057,47597,540,193,0.205,-748,-347
14522,15590,1068,0,GE-Phrase,201,14551,15962,1411,1039,0.973,-29,-372
14522,15590,1068,0,GE-Phase,preparation,14551,14903,352,352,0.33,-29,687
14522,15590,1068,0,GE-Phase,stroke,14903,15374,471,471,0.441,-381,216
14522,15590,1068,0,GE-Phase,retraction,15374,15962,588,216,0.202,-852,-372
15590,15763,173,0,GE-Phrase,201,14551,15962,1411,173,1.0,1039,-199
15590,15763,173,0,GE-Phase,retraction,15374,15962,588,173,1.0,216,-199
15763,17363,1600,0,GE-Phrase,201,14551,15962,1411,199,0.124,1212,1401
15763,17363,1600,0,GE-Phase,retraction,15374,15962,588,199,0.124,389,1401
23045,24685,1640,0,GE-Phrase,203,21244,23590,2346,545,0.332,1801,1095
23045,24685,1640,0,GE-Phrase,204,23590,25583,1993,1095,0.668,-545,-898
23045,24685,1640,0,GE-Phase,hold,22444,23590,1146,545,0.332,601,1095
23045,24685,1640,0,GE-Phase,stroke,23590,24657,1067,1067,0.651,-545,28
23045,24685,1640,0,GE-Phase,hold,24657,25583,926,28,0.017,-1612,-898
24685,25317,632,0,GE-Phrase,204,23590,25583,1993,632,1.0,1095,-266
24685,25317,632,0,GE-Phase,hold,24657,25583,926,632,1.0,28,-266
25317,26200,883,0,GE-Phrase,204,23590,25583,1993,266,0.301,1727,617
25317,26200,883,0,GE-Phrase,205,25583,27102,1519,617,0.699,-266,-902
25317,26200,883,0,GE-Phase,hold,24657,25583,926,266,0.301,660,617
25317,26200,883,0,GE-Phase,preparation,25583,26149,566,566,0.641,-266,51
25317,26200,883,0,GE-Phase,stroke,26149,26650,501,51,0.058,-832,-450
26200,26302,102,0,GE-Phrase,205,25583,27102,1519,102,1.0,617,-800
26200,26302,102,0,GE-Phase,stroke,26149,26650,501,102,1.0,51,-348
26302,27124,822,0,GE-Phrase,205,25583,27102,1519,800,0.973,719,22
26302,27124,822,0,GE-Phrase,206,27102,28175,1073,22,0.027,-800,-1051
26302,27124,822,0,GE-Phase,stroke,26149,26650,501,348,0.423,153,474
26302,27124,822,0,GE-Phase,retraction,26650,27102,452,452,0.55,-348,22
26302,27124,822,0,GE-Phase,stroke,27102,27573,471,22,0.027,-800,-449
27124,28520,1396,0,GE-Phrase,206,27102,28175,1073,1051,0.753,22,345
27124,28520,1396,0,GE-Phase,stroke,27102,27573,471,449,0.322,22,947
27124,28520,1396,0,GE-Phase,retraction,27573,28175,602,602,0.431,-449,345
43520,44770,1250,0,GE-Phrase,217,43251,44383,1132,863,0.69,269,387
43520,44770,1250,0,GE-Phrase,218,44383,47057,2674,387,0.31,-863,-2287
43520,44770,1250,0,GE-Phase,preparation,43251,43910,659,390,0.312,269,860
43520,44770,1250,0,GE-Phase,stroke,43910,44383,473,473,0.378,-390,387
43520,44770,1250,0,GE-Phase,preparation,44383,44772,389,387,0.31,-863,-2
44770,45700,930,0,GE-Phrase,218,44383,47057,2674,930,1.0,387,-1357
44770,45700,930,0,GE-Phase,preparation,44383,44772,389,2,0.002,387,928
44770,45700,930,0,GE-Phase,stroke,44772,47057,2285,928,0.998,-2,-1357
45700,46309,609,0,GE-Phrase,218,44383,47057,2674,609,1.0,1317,-748
45700,46309,609,0,GE-Phase,stroke,44772,47057,2285,609,1.0,928,-748
46309,47250,941,0,GE-Phrase,218,44383,47057,2674,748,0.795,1926,193
46309,47250,941,0,GE-Phrase,219,47057,48898,1841,193,0.205,-748,-1648
46309,47250,941,0,GE-Phase,stroke,44772,47057,2285,748,0.795,1537,193
46309,47250,941,0,GE-Phase,stroke,47057,47597,540,193,0.205,-748,-347
14522,15590,1068,0,GE-Phrase,201,14551,15962,1411,1039,0.973,-29,-372
14522,15590,1068,0,GE-Phase,preparation,14551,14903,352,352,0.33,-29,687
14522,15590,1068,0,GE-Phase,stroke,14903,15374,471,471,0.441,-381,216
14522,15590,1068,0,GE-Phase,retraction,15374,15962,588,216,0.202,-852,-372
15590,15763,173,0,GE-Phrase,201,14551,15962,1411,173,1.0,1039,-199
15590,15763,173,0,GE-Phase,retraction,15374,15962,588,173,1.0,216,-199
15763,17363,1600,0,GE-Phrase,201,14551,15962,1411,199,0.124,1212,1401
15763,17363,1600,0,GE-Phase,retraction,15374,15962,588,199,0.124,389,1401
23045,24685,1640,0,GE-Phrase,203,21244,23590,2346,545,0.332,1801,1095
23045,24685,1640,0,GE-Phrase,204,23590,25583,1993,1095,0.668,-545,-898
23045,24685,1640,0,GE-Phase,hold,22444,23590,1146,545,0.332,601,1095
23045,24685,1640,0,GE-Phase,stroke,23590,24657,1067,1067,0.651,-545,28
23045,24685,1640,0,GE-Phase,hold,24657,25583,926,28,0.017,-1612,-898
24685,25317,632,0,GE-Phrase,204,23590,25583,1993,632,1.0,1095,-266
24685,25317,632,0,GE-Phase,hold,24657,25583,926,632,1.0,28,-266
25317,26200,883,0,GE-Phrase,204,23590,25583,1993,266,0.301,1727,617
25317,26200,883,0,GE-Phrase,205,25583,27102,1519,617,0.699,-266,-902
25317,26200,883,0,GE-Phase,hold,24657,25583,926,266,0.301,660,617
25317,26200,883,0,GE-Phase,preparation,25583,26149,566,566,0.641,-266,51
25317,26200,883,0,GE-Phase,stroke,26149,26650,501,51,0.058,-832,-450
26200,26302,102,0,GE-Phrase,205,25583,27102,1519,102,1.0,617,-800
26200,26302,102,0,GE-Phase,stroke,26149,26650,501,102,1.0,51,-348
26302,27124,822,0,GE-Phrase,205,25583,27102,1519,800,0.973,719,22
26302,27124,822,0,GE-Phrase,206,27102,28175,1073,22,0.027,-800,-1051
26302,27124,822,0,GE-Phase,stroke,26149,26650,501,348,0.423,153,474
26302,27124,822,0,GE-Phase,retraction,26650,27102,452,452,0.55,-348,22
26302,27124,822,0,GE-Phase,stroke,27102,27573,471,22,0.027,-800,-449
27124,28520,1396,0,GE-Phrase,206,27102,28175,1073,1051,0.753,22,345
27124,28520,1396,0,GE-Phase,stroke,27102,27573,471,449,0.322,22,947
27124,28520,1396,0,GE-Phase,retraction,27573,28175,602,602,0.431,-449,345
43520,44770,1250,0,GE-Phrase,217,43251,44383,1132,863,0.69,269,387
43520,44770,1250,0,GE-Phrase,218,44383,47057,2674,387,0.31,-863,-2287
43520,44770,1250,0,GE-Phase,preparation,43251,43910,659,390,0.312,269,860
43520,44770,1250,0,GE-Phase,stroke,43910,44383,473,473,0.378,-390,387
43520,44770,1250,0,GE-Phase,preparation,44383,44772,389,387,0.31,-863,-2
44770,45700,930,0,GE-Phrase,218,44383,47057,2674,930,1.0,387,-1357
44770,45700,930,0,GE-Phase,preparation,44383,44772,389,2,0.002,387,928
44770,45700,930,0,GE-Phase,stroke,44772,47057,2285,928,0.998,-2,-1357
45700,46309,609,0,GE-Phrase,218,44383,47057,2674,609,1.0,1317,-748
45700,46309,609,0,GE-Phase,stroke,44772,47057,2285,609,1.0,928,-748
46309,47250,941,0,GE-Phrase,218,44383,47057,2674,748,0.795,1926,193
46309,47250,941,0,GE-Phrase,219,47057,48898,1841,193,0.205,-748,-1648
46309,47250,941,0,GE-Phase,stroke,44772,47057,2285,748,0.795,1537,193
46309,47250,941,0,GE-Phase,stroke,47057,47597,540,193,0.205,-748,-347
14522,15590,1068,0,GE-Phrase,201,14551,15962,1411,1039,0.973,-29,-372
14522,15590,1068,0,GE-Phase,preparation,14551,14903,352,352,0.33,-29,687
14522,15590,1068,0,GE-Phase,stroke,14903,15374,471,471,0.441,-381,216
14522,15590,1068,0,GE-Phase,retraction,15374,15962,588,216,0.202,-852,-372
15590,15763,173,0,GE-Phrase,201,14551,15962,1411,173,1.0,1039,-199
15590,15763,173,0,GE-Phase,retraction,15374,15962,588,173,1.0,216,-199
15763,17363,1600,0,GE-Phrase,201,14551,15962,1411,199,0.124,1212,1401
15763,17363,1600,0,GE-Phase,retraction,15374,15962,588,199,0.124,389,1401
23045,24685,1640,0,GE-Phrase,203,21244,23590,2346,545,0.332,1801,1095
23045,24685,1640,0,GE-Phrase,204,23590,25583,1993,1095,0.668,-545,-898
23045,24685,1640,0,GE-Phase,hold,22444,23590,1146,545,0.332,601,1095
23045,24685,1640,0,GE-Phase,stroke,23590,24657,1067,1067,0.651,-545,28
23045,24685,1640,0,GE-Phase,hold,24657,25583,926,28,0.017,-1612,-898
24685,25317,632,0,GE-Phrase,204,23590,25583,1993,632,1.0,1095,-266
24685,25317,632,0,GE-Phase,hold,24657,25583,926,632,1.0,28,-266
25317,26200,883,0,GE-Phrase,204,23590,25583,1993,266,0.301,1727,617
25317,26200,883,0,GE-Phrase,205,25583,27102,1519,617,0.699,-266,-902
25317,26200,883,0,GE-Phase,hold,24657,25583,926,266,0.301,660,617
25317,26200,883,0,GE-Phase,preparation,25583,26149,566,566,0.641,-266,51
25317,26200,883,0,GE-Phase,stroke,26149,26650,501,51,0.058,-832,-450
26200,26302,102,0,GE-Phrase,205,25583,27102,1519,102,1.0,617,-800
26200,26302,102,0,GE-Phase,stroke,26149,26650,501,102,1.0,51,-348
26302,27124,822,0,GE-Phrase,205,25583,27102,1519,800,0.973,719,22
26302,27124,822,0,GE-Phrase,206,27102,28175,1073,22,0.027,-800,-1051
26302,27124,822,0,GE-Phase,stroke,26149,26650,501,348,0.423,153,474
26302,27124,822,0,GE-Phase,retraction,26650,27102,452,452,0.55,-348,22
26302,27124,822,0,GE-Phase,stroke,27102,27573,471,22,0.027,-800,-449
27124,28520,1396,0,GE-Phrase,206,27102,28175,1073,1051,0.753,22,345
27124,28520,1396,0,GE-Phase,stroke,27102,27573,471,449,0.322,22,947
27124,28520,1396,0,GE-Phase,retraction,27573,28175,602,602,0.431,-449,345
43520,44770,1250,0,GE-Phrase,217,43251,44383,1132,863,0.69,269,387
43520,44770,1250,0,GE-Phrase,218,44383,47057,2674,387,0.31,-863,-2287
43520,44770,1250,0,GE-Phase,preparation,43251,43910,659,390,0.312,269,860
43520,44770,1250,0,GE-Phase,stroke,43910,44383,473,473,0.378,-390,387
43520,44770,1250,0,GE-Phase,preparation,44383,44772,389,387,0.31,-863,-2
44770,45700,930,0,GE-Phrase,218,44383,47057,2674,930,1.0,387,-1357
44770,45700,930,0,GE-Phase,preparation,44383,44772,389,2,0.002,387,928
44770,45700,930,0,GE-Phase,stroke,44772,47057,2285,928,0.998,-2,-1357
45700,46309,609,0,GE-Phrase,218,44383,47057,2674,609,1.0,1317,-748
45700,46309,609,0,GE-Phase,stroke,44772,47057,2285,609,1.0,928,-748
46309,47250,941,0,GE-Phrase,218,44383,47057,2674,748,0.795,1926,193
46309,47250,941,0,GE-Phrase,219,47057,48898,1841,193,0.205,-748,-1648
46309,47250,941,0,GE-Phase,stroke,44772,47057,2285,748,0.795,1537,193
46309,47250,941,0,GE-Phase,stroke,47057,47597,540,193,0.205,-748,-347
14522,15590,1068,0,GE-Phrase,201,14551,15962,1411,1039,0.973,-29,-372
14522,15590,1068,0,GE-Phase,preparation,14551,14903,352,352,0.33,-29,687
14522,15590,1068,0,GE-Phase,stroke,14903,15374,471,471,0.441,-381,216
14522,15590,1068,0,GE-Phase,retraction,15374,15962,588,216,0.202,-852,-372
15590,15763,173,0,GE-Phrase,201,14551,15962,1411,173,1.0,1039,-199
15590,15763,173,0,GE-Phase,retraction,15374,15962,588,173,1.0,216,-199
15763,17363,1600,0,GE-Phrase,201,14551,15962,1411,199,0.124,1212,1401
15763,17363,1600,0,GE-Phase,retraction,15374,15962,588,199,0.124,389,1401
23045,24685,1640,0,GE-Phrase,203,21244,23590,2346,545,0.332,1801,1095
23045,24685,1640,0,GE-Phrase,204,23590,25583,1993,1095,0.668,-545,-898
23045,24685,1640,0,GE-Phase,hold,22444,23590,1146,545,0.332,601,1095
23045,24685,1640,0,GE-Phase,stroke,23590,24657,1067,1067,0.651,-545,28
23045,24685,1640,0,GE-Phase,hold,24657,25583,926,28,0.017,-1612,-898
24685,25317,632,0,GE-Phrase,204,23590,25583,1993,632,1.0,1095,-266
24685,25317,632,0,GE-Phase,hold,24657,25583,926,632,1.0,28,-266
25317,26200,883,0,GE-Phrase,204,23590,25583,1993,266,0.301,1727,617
25317,26200,883,0,GE-Phrase,205,25583,27102,1519,617,0.699,-266,-902
25317,26200,883,0,GE-Phase,hold,24657,25583,926,266,0.301,660,617
25317,26200,883,0,GE-Phase,preparation,25583,26149,566,566,0.641,-266,51
25317,26200,883,0,GE-Phase,stroke,26149,26650,501,51,0.058,-832,-450
26200,26302,102,0,GE-Phrase,205,25583,27102,1519,102,1.0,617,-800
26200,26302,102,0,GE-Phase,stroke,26149,26650,501,102,1.0,51,-348
26302,27124,822,0,GE-Phrase,205,25583,27102,1519,800,0.973,719,22
26302,27124,822,0,GE-Phrase,206,27102,28175,1073,22,0.027,-800,-1051
26302,27124,822,0,GE-Phase,stroke,26149,26650,501,348,0.423,153,474
26302,27124,822,0,GE-Phase,retraction,26650,27102,452,452,0.55,-348,22
26302,27124,822,0,GE-Phase,stroke,27102,27573,471,22,0.027,-800,-449
27124,28520,1396,0,GE-Phrase,206,27102,28175,1073,1051,0.753,22,345
27124,28520,1396,0,GE-Phase,stroke,27102,27573,471,449,0.322,22,947
27124,28520,1396,0,GE-Phase,retraction,27573,28175,602,602,0.431,-449,345
43520,44770,1250,0,GE-Phrase,217,43251,44383,1132,863,0.69,269,387
43520,44770,1250,0,GE-Phrase,218,44383,47057,2674,387,0.31,-863,-2287
43520,44770,1250,0,GE-Phase,preparation,43251,43910,659,390,0.312,269,860
43520,44770,1250,0,GE-Phase,stroke,43910,44383,473,473,0.378,-390,387
43520,44770,1250,0,GE-Phase,preparation,44383,44772,389,387,0.31,-863,-2
44770,45700,930,0,GE-Phrase,218,44383,47057,2674,930,1.0,387,-1357
44770,45700,930,0,GE-Phase,preparation,44383,44772,389,2,0.002,387,928
44770,45700,930,0,GE-Phase,stroke,44772,47057,2285,928,0.998,-2,-1357
45700,46309,609,0,GE-Phrase,218,44383,47057,2674,609,1.0,1317,-748
45700,46309,609,0,GE-Phase,stroke,44772,47057,2285,609,1.0,928,-748
46309,47250,941,0,GE-Phrase,218,44383,47057,2674,748,0.795,1926,193
46309,47250,941,0,GE-Phrase,219,47057,48898,1841,193,0.205,-748,-1648
46309,47250,941,0,GE-Phase,stroke,44772,47057,2285,748,0.795,1537,193
46309,47250,941,0,GE-Phase,stroke,47057,47597,540,193,0.205,-748,-347
14522,15590,1068,0,GE-Phrase,201,14551,15962,1411,1039,0.973,-29,-372
14522,15590,1068,0,GE-Phase,preparation,14551,14903,352,352,0.33,-29,687
14522,15590,1068,0,GE-Phase,stroke,14903,15374,471,471,0.441,-381,216
14522,15590,1068,0,GE-Phase,retraction,15374,15962,588,216,0.202,-852,-372
15590,15763,173,0,GE-Phrase,201,14551,15962,1411,173,1.0,1039,-199
15590,15763,173,0,GE-Phase,retraction,15374,15962,588,173,1.0,216,-199
15763,17363,1600,0,GE-Phrase,201,14551,15962,1411,199,0.124,1212,1401
15763,17363,1600,0,GE-Phase,retraction,15374,15962,588,199,0.124,389,1401
23045,24685,1640,0,GE-Phrase,203,21244,23590,2346,545,0.332,1801,1095
23045,24685,1640,0,GE-Phrase,204,23590,25583,1993,1095,0.668,-545,-898
23045,24685,1640,0,GE-Phase,hold,22444,23590,1146,545,0.332,601,1095
23045,24685,1640,0,GE-Phase,stroke,23590,24657,1067,1067,0.651,-545,28
23045,24685,1640,0,GE-Phase,hold,24657,25583,926,28,0.017,-1612,-898
24685,25317,632,0,GE-Phrase,204,23590,25583,1993,632,1.0,1095,-266
24685,25317,632,0,GE-Phase,hold,24657,25583,926,632,1.0,28,-266
25317,26200,883,0,GE-Phrase,204,23590,25583,1993,266,0.301,1727,617
25317,26200,883,0,GE-Phrase,205,25583,27102,1519,617,0.699,-266,-902
25317,26200,883,0,GE-Phase,hold,24657,25583,926,266,0.301,660,617
25317,26200,883,0,GE-Phase,preparation,25583,26149,566,566,0.641,-266,51
25317,26200,883,0,GE-Phase,stroke,26149,26650,501,51,0.058,-832,-450
26200,26302,102,0,GE-Phrase,205,25583,27102,1519,102,1.0,617,-800
26200,26302,102,0,GE-Phase,stroke,26149,26650,501,102,1.0,51,-348
26302,27124,822,0,GE-Phrase,205,25583,27102,1519,800,0.973,719,22
26302,27124,822,0,GE-Phrase,206,27102,28175,1073,22,0.027,-800,-1051
26302,27124,822,0,GE-Phase,stroke,26149,26650,501,348,0.423,153,474
26302,27124,822,0,GE-Phase,retraction,26650,27102,452,452,0.55,-348,22
26302,27124,822,0,GE-Phase,stroke,27102,27573,471,22,0.027,-800,-449
27124,28520,1396,0,GE-Phrase,206,27102,28175,1073,1051,0.753,22,345
27124,28520,1396,0,GE-Phase,stroke,27102,27573,471,449,0.322,22,947
27124,28520,1396,0,GE-Phase,retraction,27573,28175,602,602,0.431,-449,345
43520,44770,1250,0,GE-Phrase,217,43251,44383,1132,863,0.69,269,387
43520,44770,1250,0,GE-Phrase,218,44383,47057,2674,387,0.31,-863,-2287
43520,44770,1250,0,GE-Phase,preparation,43251,43910,659,390,0.312,269,860
43520,44770,1250,0,GE-Phase,stroke,43910,44383,473,473,0.378,-390,387
43520,44770,1250,0,GE-Phase,preparation,44383,44772,389,387,0.31,-863,-2
44770,45700,930,0,GE-Phrase,218,44383,47057,2674,930,1.0,387,-1357
44770,45700,930,0,GE-Phase,preparation,44383,44772,389,2,0.002,387,928
44770,45700,930,0,GE-Phase,stroke,44772,47057,2285,928,0.998,-2,-1357
45700,46309,609,0,GE-Phrase,218,44383,47057,2674,609,1.0,1317,-748
45700,46309,609,0,GE-Phase,stroke,44772,47057,2285,609,1.0,928,-748
46309,47250,941,0,GE-Phrase,218,44383,47057,2674,748,0.795,1926,193
46309,47250,941,0,GE-Phrase,219,47057,48898,1841,193,0.205,-748,-1648
46309,47250,941,0,GE-Phase,stroke,44772,47057,2285,748,0.795,1537,193
46309,47250,941,0,GE-Phase,stroke,47057,47597,540,193,0.205,-748,-347
14522,15590,1068,0,GE-Phrase,201,14551,15962,1411,1039,0.973,-29,-372
14522,15590,1068,0,GE-Phase,preparation,14551,14903,352,352,0.33,-29,687
14522,15590,1068,0,GE-Phase,stroke,14903,15374,471,471,0.441,-381,216
14522,15590,1068,0,GE-Phase,retraction,15374,15962,588,216,0.202,-852,-372
15590,15763,173,0,GE-Phrase,201,14551,15962,1411,173,1.0,1039,-199
15590,15763,173,0,GE-Phase,retraction,15374,15962,588,173,1.0,216,-199
15763,17363,1600,0,GE-Phrase,201,14551,15962,1411,199,0.124,1212,1401
15763,17363,1600,0,GE-Phase,retraction,15374,15962,588,199,0.124,389,1401
23045,24685,1640,0,GE-Phrase,203,21244,23590,2346,545,0.332,1801,1095
23045,24685,1640,0,GE-Phrase,204,23590,25583,1993,1095,0.668,-545,-898
23045,24685,1640,0,GE-Phase,hold,22444,23590,1146,545,0.332,601,1095
23045,24685,1640,0,GE-Phase,stroke,23590,24657,1067,1067,0.651,-545,28
23045,24685,1640,0,GE-Phase,hold,24657,25583,926,28,0.017,-1612,-898
24685,25317,632,0,GE-Phrase,204,23590,25583,1993,632,1.0,1095,-266
24685,25317,632,0,GE-Phase,hold,24657,25583,926,632,1.0,28,-266
25317,26200,883,0,GE-Phrase,204,23590,25583,1993,266,0.301,1727,617
25317,26200,883,0,GE-Phrase,205,25583,27102,1519,617,0.699,-266,-902
25317,26200,883,0,GE-Phase,hold,24657,25583,926,266,0.301,660,617
25317,26200,883,0,GE-Phase,preparation,25583,26149,566,566,0.641,-266,51
25317,26200,883,0,GE-Phase,stroke,26149,26650,501,51,0.058,-832,-450
26200,26302,102,0,GE-Phrase,205,25583,27102,1519,102,1.0,617,-800
26200,26302,102,0,GE-Phase,stroke,26149,26650,501,102,1.0,51,-348
26302,27124,822,0,GE-Phrase,205,25583,27102,1519,800,0.973,719,22
26302,27124,822,0,GE-Phrase,206,27102,28175,1073,22,0.027,-800,-1051
26302,27124,822,0,GE-Phase,stroke,26149,26650,501,348,0.423,153,474
26302,27124,822,0,GE-Phase,retraction,26650,27102,452,452,0.55,-348,22
26302,27124,822,0,GE-Phase,stroke,27102,27573,471,22,0.027,-800,-449
27124,28520,1396,0,GE-Phrase,206,27102,28175,1073,1051,0.753,22,345
27124,28520,1396,0,GE-Phase,stroke,27102,27573,471,449,0.322,22,947
27124,28520,1396,0,GE-Phase,retraction,27573,28175,602,602,0.431,-449,345
43520,44770,1250,0,GE-Phrase,217,43251,44383,1132,863,0.69,269,387
43520,44770,1250,0,GE-Phrase,218,44383,47057,2674,387,0.31,-863,-2287
43520,44770,1250,0,GE-Phase,preparation,43251,43910,659,390,0.312,269,860
43520,44770,1250,0,GE-Phase,stroke,43910,44383,473,473,0.378,-390,387
43520,44770,1250,0,GE-Phase,preparation,44383,44772,389,387,0.31,-863,-2
44770,45700,930,0,GE-Phrase,218,44383,47057,2674,930,1.0,387,-1357
44770,45700,930,0,GE-Phase,preparation,44383,44772,389,2,0.002,387,928
44770,45700,930,0,GE-Phase,stroke,44772,47057,2285,928,0.998,-2,-1357
45700,46309,609,0,GE-Phrase,218,44383,47057,2674,609,1.0,1317,-748
45700,46309,609,0,GE-Phase,stroke,44772,47057,2285,609,1.0,928,-748
46309,47250,941,0,GE-Phrase,218,44383,47057,2674,748,0.795,1926,193
46309,47250,941,0,GE-Phrase,219,47057,48898,1841,193,0.205,-748,-1648
46309,47250,941,0,GE-Phase,stroke,44772,47057,2285,748,0.795,1537,193
46309,47250,941,0,GE-Phase,stroke,47057,47597,540,193,0.205,-748,-347
14522,15590,1068,0,GE-Phrase,201,14551,15962,1411,1039,0.973,-29,-372
14522,15590,1068,0,GE-Phase,preparation,14551,14903,352,352,0.33,-29,687
14522,15590,1068,0,GE-Phase,stroke,14903,15374,471,471,0.441,-381,216
14522,15590,1068,0,GE-Phase,retraction,15374,15962,588,216,0.202,-852,-372
15590,15763,173,0,GE-Phrase,201,14551,15962,1411,173,1.0,1039,-199
15590,15763,173,0,GE-Phase,retraction,15374,15962,588,173,1.0,216,-199
15763,17363,1600,0,GE-Phrase,201,14551,15962,1411,199,0.124,1212,1401
15763,17363,1600,0,GE-Phase,retraction,15374,15962,588,199,0.124,389,1401
23045,24685,1640,0,GE-Phrase,203,21244,23590,2346,545,0.332,1801,1095
23045,24685,1640,0,GE-Phrase,204,23590,25583,1993,1095,0.668,-545,-898
23045,24685,1640,0,GE-Phase,hold,22444,23590,1146,545,0.332,601,1095
23045,24685,1640,0,GE-Phase,stroke,23590,24657,1067,1067,0.651,-545,28
23045,24685,1640,0,GE-Phase,hold,24657,25583,926,28,0.017,-1612,-898
24685,25317,632,0,GE-Phrase,204,23590,25583,1993,632,1.0,1095,-266
24685,25317,632,0,GE-Phase,hold,24657,25583,926,632,1.0,28,-266
25317,26200,883,0,GE-Phrase,204,23590,25583,1993,266,0.301,1727,617
25317,26200,883,0,GE-Phrase,205,25583,27102,1519,617,0.699,-266,-902
25317,26200,883,0,GE-Phase,hold,24657,25583,926,266,0.301,660,617
25317,26200,883,0,GE-Phase,preparation,25583,26149,566,566,0.641,-266,51
25317,26200,883,0,GE-Phase,stroke,26149,26650,501,51,0.058,-832,-450
26200,26302,102,0,GE-Phrase,205,25583,27102,1519,102,1.0,617,-800
26200,26302,102,0,GE-Phase,stroke,26149,26650,501,102,1.0,51,-348
26302,27124,822,0,GE-Phrase,205,25583,27102,1519,800,0.973,719,22
26302,27124,822,0,GE-Phrase,206,27102,28175,1073,22,0.027,-800,-1051
26302,27124,822,0,GE-Phase,stroke,26149,26650,501,348,0.423,153,474
26302,27124,822,0,GE-Phase,retraction,26650,27102,452,452,0.55,-348,22
26302,27124,822,0,GE-Phase,stroke,27102,27573,471,22,0.027,-800,-449
27124,28520,1396,0,GE-Phrase,206,27102,28175,1073,1051,0.753,22,345
27124,28520,1396,0,GE-Phase,stroke,27102,27573,471,449,0.322,22,947
27124,28520,1396,0,GE-Phase,retraction,27573,28175,602,602,0.431,-449,345
43520,44770,1250,0,GE-Phrase,217,43251,44383,1132,863,0.69,269,387
43520,44770,1250,0,GE-Phrase,218,44383,47057,2674,387,0.31,-863,-2287
43520,44770,1250,0,GE-Phase,preparation,43251,43910,659,390,0.312,269,860
43520,44770,1250,0,GE-Phase,stroke,43910,44383,473,473,0.378,-390,387
43520,44770,1250,0,GE-Phase,preparation,44383,44772,389,387,0.31,-863,-2
44770,45700,930,0,GE-Phrase,218,44383,47057,2674,930,1.0,387,-1357
44770,45700,930,0,GE-Phase,preparation,44383,44772,389,2,0.002,387,928
44770,45700,930,0,GE-Phase,stroke,44772,47057,2285,928,0.998,-2,-1357
45700,46309,609,0,GE-Phrase,218,44383,47057,2674,609,1.0,1317,-748
45700,46309,609,0,GE-Phase,stroke,44772,47057,2285,609,1.0,928,-748
46309,47250,941,0,GE-Phrase,218,44383,47057,2674,748,0.795,1926,193
46309,47250,941,0,GE-Phrase,219,47057,48898,1841,193,0.205,-748,-1648
46309,47250,941,0,GE-Phase,stroke,44772,47057,2285,748,0.795,1537,193
46309,47250,941,0,GE-Phase,stroke,47057,47597,540,193,0.205,-748,-347
14522,15590,1068,0,GE-Phrase,201,14551,15962,1411,1039,0.973,-29,-372
14522,15590,1068,0,GE-Phase,preparation,14551,14903,352,352,0.33,-29,687
14522,15590,1068,0,GE-Phase,stroke,14903,15374,471,471,0.441,-381,216
14522,15590,1068,0,GE-Phase,retraction,15374,15962,588,216,0.202,-852,-372
15590,15763,173,0,GE-Phrase,201,14551,15962,1411,173,1.0,1039,-199
15590,15763,173,0,GE-Phase,retraction,15374,15962,588,173,1.0,216,-199
15763,17363,1600,0,GE-Phrase,201,14551,15962,1411,199,0.124,1212,1401
15763,17363,1600,0,GE-Phase,retraction,15374,15962,588,199,0.124,389,1401
23045,24685,1640,0,GE-Phrase,203,21244,23590,2346,545,0.332,1801,1095
23045,24685,1640,0,GE-Phrase,204,23590,25583,1993,1095,0.668,-545,-898
23045,24685,1640,0,GE-Phase,hold,22444,23590,1146,545,0.332,601,1095
23045,24685,1640,0,GE-Phase,stroke,23590,24657,1067,1067,0.651,-545,28
23045,24685,1640,0,GE-Phase,hold,24657,25583,926,28,0.017,-1612,-898
24685,25317,632,0,GE-Phrase,204,23590,25583,1993,632,1.0,1095,-266
24685,25317,632,0,GE-Phase,hold,24657,25583,926,632,1.0,28,-266
25317,26200,883,0,GE-Phrase,204,23590,25583,1993,266,0.301,1727,617
25317,26200,883,0,GE-Phrase,205,25583,27102,1519,617,0.699,-266,-902
25317,26200,883,0,GE-Phase,hold,24657,25583,926,266,0.301,660,617
25317,26200,883,0,GE-Phase,preparation,25583,26149,566,566,0.641,-266,51
25317,26200,883,0,GE-Phase,stroke,26149,26650,501,51,0.058,-832,-450
26200,26302,102,0,GE-Phrase,205,25583,27102,1519,102,1.0,617,-800
26200,26302,102,0,GE-Phase,stroke,26149,26650,501,102,1.0,51,-348
26302,27124,822,0,GE-Phrase,205,25583,27102,1519,800,0.973,719,22
26302,27124,822,0,GE-Phrase,206,27102,28175,1073,22,0.027,-800,-1051
26302,27124,822,0,GE-Phase,stroke,26149,26650,501,348,0.423,153,474
26302,27124,822,0,GE-Phase,retraction,26650,27102,452,452,0.55,-348,22
26302,27124,822,0,GE-Phase,stroke,27102,27573,471,22,0.027,-800,-449
27124,28520,1396,0,GE-Phrase,206,27102,28175,1073,1051,0.753,22,345
27124,28520,1396,0,GE-Phase,stroke,27102,27573,471,449,0.322,22,947
27124,28520,1396,0,GE-Phase,retraction,27573,28175,602,602,0.431,-449,345
43520,44770,1250,0,GE-Phrase,217,43251,44383,1132,863,0.69,269,387
43520,44770,1250,0,GE-Phrase,218,44383,47057,2674,387,0.31,-863,-2287
43520,44770,1250,0,GE-Phase,preparation,43251,43910,659,390,0.312,269,860
43520,44770,1250,0,GE-Phase,stroke,43910,44383,473,473,0.378,-390,387
43520,44770,1250,0,GE-Phase,preparation,44383,44772,389,387,0.31,-863,-2
44770,45700,930,0,GE-Phrase,218,44383,47057,2674,930,1.0,387,-1357
44770,45700,930,0,GE-Phase,preparation,44383,44772,389,2,0.002,387,928
44770,45700,930,0,GE-Phase,stroke,44772,47057,2285,928,0.998,-2,-1357
45700,46309,609,0,GE-Phrase,218,44383,47057,2674,609,1.0,1317,-748
45700,46309,609,0,GE-Phase,stroke,44772,47057,2285,609,1.0,928,-748
46309,47250,941,0,GE-Phrase,218,44383,47057,2674,748,0.795,1926,193
46309,47250,941,0,GE-Phrase,219,47057,48898,1841,193,0.205,-748,-1648
46309,47250,941,0,GE-Phase,stroke,44772,47057,2285,748,0.795,1537,193
46309,47250,941,0,GE-Phase,stroke,47057,47597,540,193,0.205,-748,-347
14522,15590,1068,0,GE-Phrase,201,14551,15962,1411,1039,0.973,-29,-372
14522,15590,1068,0,GE-Phase,preparation,14551,14903,352,352,0.33,-29,687
14522,15590,1068,0,GE-Phase,stroke,14903,15374,471,471,0.441,-381,216
14522,15590,1068,0,GE-Phase,retraction,15374,15962,588,216,0.202,-852,-372
15590,15763,173,0,GE-Phrase,201,14551,15962,1411,173,1.0,1039,-199
15590,15763,173,0,GE-Phase,retraction,15374,15962,588,173,1.0,216,-199
15763,17363,1600,0,GE-Phrase,201,14551,15962,1411,199,0.124,1212,1401
15763,17363,1600,0,GE-Phase,retraction,15374,15962,588,199,0.124,389,1401
23045,24685,1640,0,GE-Phrase,203,21244,23590,2346,545,0.332,1801,1095
23045,24685,1640,0,GE-Phrase,204,23590,25583,1993,1095,0.668,-545,-898
23045,24685,1640,0,GE-Phase,hold,22444,23590,1146,545,0.332,601,1095
23045,24685,1640,0,GE-Phase,stroke,23590,24657,1067,1067,0.651,-545,28
23045,24685,1640,0,GE-Phase,hold,24657,25583,926,28,0.017,-1612,-898
24685,25317,632,0,GE-Phrase,204,23590,25583,1993,632,1.0,1095,-266
24685,25317,632,0,GE-Phase,hold,24657,25583,926,632,1.0,28,-266
25317,26200,883,0,GE-Phrase,204,23590,25583,1993,266,0.301,1727,617
25317,26200,883,0,GE-Phrase,205,25583,27102,1519,617,0.699,-266,-902
25317,26200,883,0,GE-Phase,hold,24657,25583,926,266,0.301,660,617
25317,26200,883,0,GE-Phase,preparation,25583,26149,566,566,0.641,-266,51
25317,26200,883,0,GE-Phase,stroke,26149,26650,501,51,0.058,-832,-450
26200,26302,102,0,GE-Phrase,205,25583,27102,1519,102,1.0,617,-800
26200,26302,102,0,GE-Phase,stroke,26149,26650,501,102,1.0,51,-348
26302,27124,822,0,GE-Phrase,205,25583,27102,1519,800,0.973,719,22
26302,27124,822,0,GE-Phrase,206,27102,28175,1073,22,0.027,-800,-1051
26302,27124,822,0,GE-Phase,stroke,26149,26650,501,348,0.423,153,474
26302,27124,822,0,GE-Phase,retraction,26650,27102,452,452,0.55,-348,22
26302,27124,822,0,GE-Phase,stroke,27102,27573,471,22,0.027,-800,-449
27124,28520,1396,0,GE-Phrase,206,27102,28175,1073,1051,0.753,22,345
27124,28520,1396,0,GE-Phase,stroke,27102,27573,471,449,0.322,22,947
27124,28520,1396,0,GE-Phase,retraction,27573,28175,602,602,0.431,-449,345
43520,44770,1250,0,GE-Phrase,217,43251,44383,1132,863,0.69,269,387
43520,44770,1250,0,GE-Phrase,218,44383,47057,2674,387,0.31,-863,-2287
43520,44770,1250,0,GE-Phase,preparation,43251,43910,659,390,0.312,269,860
43520,44770,1250,0,GE-Phase,stroke,43910,44383,473,473,0.378,-390,387
43520,44770,1250,0,GE-Phase,preparation,44383,44772,389,387,0.31,-863,-2
44770,45700,930,0,GE-Phrase,218,44383,47057,2674,930,1.0,387,-1357
44770,45700,930,0,GE-Phase,preparation,44383,44772,389,2,0.002,387,928
44770,45700,930,0,GE-Phase,stroke,44772,47057,2285,928,0.998,-2,-1357
45700,46309,609,0,GE-Phrase,218,44383,47057,2674,609,1.0,1317,-748
45700,46309,609,0,GE-Phase,stroke,44772,47057,2285,609,1.0,928,-748
46309,47250,941,0,GE-Phrase,218,44383,47057,2674,748,0.795,1926,193
46309,47250,941,0,GE-Phrase,219,47057,48898,1841,193,0.205,-748,-1648
46309,47250,941,0,GE-Phase,stroke,44772,47057,2285,748,0.795,1537,193
46309,47250,941,0,GE-Phase,stroke,47057,47597,540,193,0.205,-748,-347
14522,15590,1068,0,GE-Phrase,201,14551,15962,1411,1039,0.973,-29,-372
14522,15590,1068,0,GE-Phase,preparation,14551,14903,352,352,0.33,-29,687
14522,15590,1068,0,GE-Phase,stroke,14903,15374,471,471,0.441,-381,216
14522,15590,1068,0,GE-Phase,retraction,15374,15962,588,216,0.202,-852,-372
15590,15763,173,0,GE-Phrase,201,14551,15962,1411,173,1.0,1039,-199
15590,15763,173,0,GE-Phase,retraction,15374,15962,588,173,1.0,216,-199
15763,17363,1600,0,GE-Phrase,201,14551,15962,1411,199,0.124,1212,1401
15763,17363,1600,0,GE-Phase,retraction,15374,15962,588,199,0.124,389,1401
23045,24685,1640,0,GE-Phrase,203,21244,23590,2346,545,0.332,1801,1095
23045,24685,1640,0,GE-Phrase,204,23590,25583,1993,1095,0.668,-545,-898
23045,24685,1640,0,GE-Phase,hold,22444,23590,1146,545,0.332,601,1095
23045,24685,1640,0,GE-Phase,stroke,23590,24657,1067,1067,0.651,-545,28
23045,24685,1640,0,GE-Phase,hold,24657,25583,926,28,0.017,-1612,-898
24685,25317,632,0,GE-Phrase,204,23590,25583,1993,632,1.0,1095,-266
24685,25317,632,0,GE-Phase,hold,24657,25583,926,632,1.0,28,-266
25317,26200,883,0,GE-Phrase,204,23590,25583,1993,266,0.301,1727,617
25317,26200,883,0,GE-Phrase,205,25583,27102,1519,617,0.699,-266,-902
25317,26200,883,0,GE-Phase,hold,24657,25583,926,266,0.301,660,617
25317,26200,883,0,GE-Phase,preparation,25583,26149,566,566,0.641,-266,51
25317,26200,883,0,GE-Phase,stroke,26149,26650,501,51,0.058,-832,-450
26200,26302,102,0,GE-Phrase,205,25583,27102,1519,102,1.0,617,-800
26200,26302,102,0,GE-Phase,stroke,26149,26650,501,102,1.0,51,-348
26302,27124,822,0,GE-Phrase,205,25583,27102,1519,800,0.973,719,22
26302,27124,822,0,GE-Phrase,206,27102,28175,1073,22,0.027,-800,-1051
26302,27124,822,0,GE-Phase,stroke,26149,26650,501,348,0.423,153,474
26302,27124,822,0,GE-Phase,retraction,26650,27102,452,452,0.55,-348,22
26302,27124,822,0,GE-Phase,stroke,27102,27573,471,22,0.027,-800,-449
27124,28520,1396,0,GE-Phrase,206,27102,28175,1073,1051,0.753,22,345
27124,28520,1396,0,GE-Phase,stroke,27102,27573,471,449,0.322,22,947
27124,28520,1396,0,GE-Phase,retraction,27573,28175,602,602,0.431,-449,345
43520,44770,1250,0,GE-Phrase,217,43251,44383,1132,863,0.69,269,387
43520,44770,1250,0,GE-Phrase,218,44383,47057,2674,387,0.31,-863,-2287
43520,44770,1250,0,GE-Phase,preparation,43251,43910,659,390,0.312,269,860
43520,44770,1250,0,GE-Phase,stroke,43910,44383,473,473,0.378,-390,387
43520,44770,1250,0,GE-Phase,preparation,44383,44772,389,387,0.31,-863,-2
44770,45700,930,0,GE-Phrase,218,44383,47057,2674,930,1.0,387,-1357
44770,45700,930,0,GE-Phase,preparation,44383,44772,389,2,0.002,387,928
44770,45700,930,0,GE-Phase,stroke,44772,47057,2285,928,0.998,-2,-1357
45700,46309,609,0,GE-Phrase,218,44383,47057,2674,609,1.0,1317,-748
45700,46309,609,0,GE-Phase,stroke,44772,47057,2285,609,1.0,928,-748
46309,47250,941,0,GE-Phrase,218,44383,47057,2674,748,0.795,1926,193
46309,47250,941,0,GE-Phrase,219,47057,48898,1841,193,0.205,-748,-1648
46309,47250,941,0,GE-Phase,stroke,44772,47057,2285,748,0.795,1537,193
46309,47250,941,0,GE-Phase,stroke,47057,47597,540,193,0.205,-748,-347
14522,15590,1068,0,GE-Phrase,201,14551,15962,1411,1039,0.973,-29,-372
14522,15590,1068,0,GE-Phase,preparation,14551,14903,352,352,0.33,-29,687
14522,15590,1068,0,GE-Phase,stroke,14903,15374,471,471,0.441,-381,216
14522,15590,1068,0,GE-Phase,retraction,15374,15962,588,216,0.202,-852,-372
15590,15763,173,0,GE-Phrase,201,14551,15962,1411,173,1.0,1039,-199
15590,15763,173,0,GE-Phase,retraction,15374,15962,588,173,1.0,216,-199
15763,17363,1600,0,GE-Phrase,201,14551,15962,1411,199,0.124,1212,1401
15763,17363,1600,0,GE-Phase,retraction,15374,15962,588,199,0.124,389,1401
23045,24685,1640,0,GE-Phrase,203,21244,23590,2346,545,0.332,1801,1095
23045,24685,1640,0,GE-Phrase,204,23590,25583,1993,1095,0.668,-545,-898
23045,24685,1640,0,GE-Phase,hold,22444,23590,1146,545,0.332,601,1095
23045,24685,1640,0,GE-Phase,stroke,23590,24657,1067,1067,0.651,-545,28
23045,24685,1640,0,GE-Phase,hold,24657,25583,926,28,0.017,-1612,-898
24685,25317,632,0,GE-Phrase,204,23590,25583,1993,632,1.0,1095,-266
24685,25317,632,0,GE-Phase,hold,24657,25583,926,632,1.0,28,-266
25317,26200,883,0,GE-Phrase,204,23590,25583,1993,266,0.301,1727,617
25317,26200,883,0,GE-Phrase,205,25583,27102,1519,617,0.699,-266,-902
25317,26200,883,0,GE-Phase,hold,24657,25583,926,266,0.301,660,617
25317,26200,883,0,GE-Phase,preparation,25583,26149,566,566,0.641,-266,51
25317,26200,883,0,GE-Phase,stroke,26149,26650,501,51,0.058,-832,-450
26200,26302,102,0,GE-Phrase,205,25583,27102,1519,102,1.0,617,-800
26200,26302,102,0,GE-Phase,stroke,26149,26650,501,102,1.0,51,-348
26302,27124,822,0,GE-Phrase,205,25583,27102,1519,800,0.973,719,22
26302,27124,822,0,GE-Phrase,206,27102,28175,1073,22,0.027,-800,-1051
26302,27124,822,0,GE-Phase,stroke,26149,26650,501,348,0.423,153,474
26302,27124,822,0,GE-Phase,retraction,26650,27102,452,452,0.55,-348,22
26302,27124,822,0,GE-Phase,stroke,27102,27573,471,22,0.027,-800,-449
27124,28520,1396,0,GE-Phrase,206,27102,28175,1073,1051,0.753,22,345
27124,28520,1396,0,GE-Phase,stroke,27102,27573,471,449,0.322,22,947
27124,28520,1396,0,GE-Phase,retraction,27573,28175,602,602,0.431,-449,345
43520,44770,1250,0,GE-Phrase,217,43251,44383,1132,863,0.69,269,387
43520,44770,1250,0,GE-Phrase,218,44383,47057,2674,387,0.31,-863,-2287
43520,44770,1250,0,GE-Phase,preparation,43251,43910,659,390,0.312,269,860
43520,44770,1250,0,GE-Phase,stroke,43910,44383,473,473,0.378,-390,387
43520,44770,1250,0,GE-Phase,preparation,44383,44772,389,387,0.31,-863,-2
44770,45700,930,0,GE-Phrase,218,44383,47057,2674,930,1.0,387,-1357
44770,45700,930,0,GE-Phase,preparation,44383,44772,389,2,0.002,387,928
44770,45700,930,0,GE-Phase,stroke,44772,47057,2285,928,0.998,-2,-1357
45700,46309,609,0,GE-Phrase,218,44383,47057,2674,609,1.0,1317,-748
45700,46309,609,0,GE-Phase,stroke,44772,47057,2285,609,1.0,928,-748
46309,47250,941,0,GE-Phrase,218,44383,47057,2674,748,0.795,1926,193
46309,47250,941,0,GE-Phrase,219,47057,48898,1841,193,0.205,-748,-1648
46309,47250,941,0,GE-Phase,stroke,44772,47057,2285,748,0.795,1537,193
46309,47250,941,0,GE-Phase,stroke,47057,47597,540,193,0.205,-748,-347
14522,15590,1068,0,GE-Phrase,201,14551,15962,1411,1039,0.973,-29,-372
14522,15590,1068,0,GE-Phase,preparation,14551,14903,352,352,0.33,-29,687
14522,15590,1068,0,GE-Phase,stroke,14903,15374,471,471,0.441,-381,216
14522,15590,1068,0,GE-Phase,retraction,15374,15962,588,216,0.202,-852,-372
15590,15763,173,0,GE-Phrase,201,14551,15962,1411,173,1.0,1039,-199
15590,15763,173,0,GE-Phase,retraction,15374,15962,588,173,1.0,216,-199
15763,17363,1600,0,GE-Phrase,201,14551,15962,1411,199,0.124,1212,1401
15763,17363,1600,0,GE-Phase,retraction,15374,15962,588,199,0.124,389,1401
23045,24685,1640,0,GE-Phrase,203,21244,23590,2346,545,0.332,1801,1095
23045,24685,1640,0,GE-Phrase,204,23590,25583,1993,1095,0.668,-545,-898
23045,24685,1640,0,GE-Phase,hold,22444,23590,1146,545,0.332,601,1095
23045,24685,1640,0,GE-Phase,stroke,23590,24657,1067,1067,0.651,-545,28
23045,24685,1640,0,GE-Phase,hold,24657,25583,926,28,0.017,-1612,-898
24685,25317,632,0,GE-Phrase,204,23590,25583,1993,632,1.0,1095,-266
24685,25317,632,0,GE-Phase,hold,24657,25583,926,632,1.0,28,-266
25317,26200,883,0,GE-Phrase,204,23590,25583,1993,266,0.301,1727,617
25317,26200,883,0,GE-Phrase,205,25583,27102,1519,617,0.699,-266,-902
25317,26200,883,0,GE-Phase,hold,24657,25583,926,266,0.301,660,617
25317,26200,883,0,GE-Phase,preparation,25583,26149,566,566,0.641,-266,51
25317,26200,883,0,GE-Phase,stroke,26149,26650,501,51,0.058,-832,-450
26200,26302,102,0,GE-Phrase,205,25583,27102,1519,102,1.0,617,-800
26200,26302,102,0,GE-Phase,stroke,26149,26650,501,102,1.0,51,-348
26302,27124,822,0,GE-Phrase,205,25583,27102,1519,800,0.973,719,22
26302,27124,822,0,GE-Phrase,206,27102,28175,1073,22,0.027,-800,-1051
26302,27124,822,0,GE-Phase,stroke,26149,26650,501,348,0.423,153,474
26302,27124,822,0,GE-Phase,retraction,26650,27102,452,452,0.55,-348,22
26302,27124,822,0,GE-Phase,stroke,27102,27573,471,22,0.027,-800,-449
27124,28520,1396,0,GE-Phrase,206,27102,28175,1073,1051,0.753,22,345
27124,28520,1396,0,GE-Phase,stroke,27102,27573,471,449,0.322,22,947
27124,28520,1396,0,GE-Phase,retraction,27573,28175,602,602,0.431,-449,345
43520,44770,1250,0,GE-Phrase,217,43251,44383,1132,863,0.69,269,387
43520,44770,1250,0,GE-Phrase,218,44383,47057,2674,387,0.31,-863,-2287
43520,44770,1250,0,GE-Phase,preparation,43251,43910,659,390,0.312,269,860
43520,44770,1250,0,GE-Phase,stroke,43910,44383,473,473,0.378,-390,387
43520,44770,1250,0,GE-Phase,preparation,44383,44772,389,387,0.31,-863,-2
44770,45700,930,0,GE-Phrase,218,44383,47057,2674,930,1.0,387,-1357
44770,45700,930,0,GE-Phase,preparation,44383,44772,389,2,0.002,387,928
44770,45700,930,0,GE-Phase,stroke,44772,47057,2285,928,0.998,-2,-1357
45700,46309,609,0,GE-Phrase,218,44383,47057,2674,609,1.0,1317,-748
45700,46309,609,0,GE-Phase,stroke,44772,47057,2285,609,1.0,928,-748
46309,47250,941,0,GE-Phrase,218,44383,47057,2674,748,0.795,1926,193
46309,47250,941,0,GE-Phrase,219,47057,48898,1841,193,0.205,-748,-1648
46309,47250,941,0,GE-Phase,stroke,44772,47057,2285,748,0.795,1537,193
46309,47250,941,0,GE-Phase,stroke,47057,47597,540,193,0.205,-748,-347
14522,15590,1068,0,GE-Phrase,201,14551,15962,1411,1039,0.973,-29,-372
14522,15590,1068,0,GE-Phase,preparation,14551,14903,352,352,0.33,-29,687
14522,15590,1068,0,GE-Phase,stroke,14903,15374,471,471,0.441,-381,216
14522,15590,1068,0,GE-Phase,retraction,15374,15962,588,216,0.202,-852,-372
15590,15763,173,0,GE-Phrase,201,14551,15962,1411,173,1.0,1039,-199
15590,15763,173,0,GE-Phase,retraction,15374,15962,588,173,1.0,216,-199
15763,17363,1600,0,GE-Phrase,201,14551,15962,1411,199,0.124,1212,1401
15763,17363,1600,0,GE-Phase,retraction,15374,15962,588,199,0.124,389,1401
23045,24685,1640,0,GE-Phrase,203,21244,23590,2346,545,0.332,1801,1095
23045,24685,1640,0,GE-Phrase,204,23590,25583,1993,1095,0.668,-545,-898
23045,24685,1640,0,GE-Phase,hold,22444,23590,1146,545,0.332,601,1095
23045,24685,1640,0,GE-Phase,stroke,23590,24657,1067,1067,0.651,-545,28
23045,24685,1640,0,GE-Phase,hold,24657,25583,926,28,0.017,-1612,-898
24685,25317,632,0,GE-Phrase,204,23590,25583,1993,632,1.0,1095,-266
24685,25317,632,0,GE-Phase,hold,24657,25583,926,632,1.0,28,-266
25317,26200,883,0,GE-Phrase,204,23590,25583,1993,266,0.301,1727,617
25317,26200,883,0,GE-Phrase,205,25583,27102,1519,617,0.699,-266,-902
25317,26200,883,0,GE-Phase,hold,24657,25583,926,266,0.301,660,617
25317,26200,883,0,GE-Phase,preparation,25583,26149,566,566,0.641,-266,51
25317,26200,883,0,GE-Phase,stroke,26149,26650,501,51,0.058,-832,-450
26200,26302,102,0,GE-Phrase,205,25583,27102,1519,102,1.0,617,-800
26200,26302,102,0,GE-Phase,stroke,26149,26650,501,102,1.0,51,-348
26302,27124,822,0,GE-Phrase,205,25583,27102,1519,800,0.973,719,22
26302,27124,822,0,GE-Phrase,206,27102,28175,1073,22,0.027,-800,-1051
26302,27124,822,0,GE-Phase,stroke,26149,26650,501,348,0.423,153,474
26302,27124,822,0,GE-Phase,retraction,26650,27102,452,452,0.55,-348,22
26302,27124,822,0,GE-Phase,stroke,27102,27573,471,22,0.027,-800,-449
27124,28520,1396,0,GE-Phrase,206,27102,28175,1073,1051,0.753,22,345
27124,28520,1396,0,GE-Phase,stroke,27102,27573,471,449,0.322,22,947
27124,28520,1396,0,GE-Phase,retraction,27573,28175,602,602,0.431,-449,345
43520,44770,1250,0,GE-Phrase,217,43251,44383,1132,863,0.69,269,387
43520,44770,1250,0,GE-Phrase,218,44383,47057,2674,387,0.31,-863,-2287
43520,44770,1250,0,GE-Phase,preparation,43251,43910,659,390,0.312,269,860
43520,44770,1250,0,GE-Phase,stroke,43910,44383,473,473,0.378,-390,387
43520,44770,1250,0,GE-Phase,preparation,44383,44772,389,387,0.31,-863,-2
44770,45700,930,0,GE-Phrase,218,44383,47057,2674,930,1.0,387,-1357
44770,45700,930,0,GE-Phase,preparation,44383,44772,389,2,0.002,387,928
44770,45700,930,0,GE-Phase,stroke,44772,47057,2285,928,0.998,-2,-1357
45700,46309,609,0,GE-Phrase,218,44383,47057,2674,609,1.0,1317,-748
45700,46309,609,0,GE-Phase,stroke,44772,47057,2285,609,1.0,928,-748
46309,47250,941,0,GE-Phrase,218,44383,47057,2674,748,0.795,1926,193
46309,47250,941,0,GE-Phrase,219,47057,48898,1841,193,0.205,-748,-1648
46309,47250,941,0,GE-Phase,stroke,44772,47057,2285,748,0.795,1537,193
46309,47250,941,0,GE-Phase,stroke,47057,47597,540,193,0.205,-748,-347
14522,15590,1068,0,GE-Phrase,201,14551,15962,1411,1039,0.973,-29,-372
14522,15590,1068,0,GE-Phase,preparation,14551,14903,352,352,0.33,-29,687
14522,15590,1068,0,GE-Phase,stroke,14903,15374,471,471,0.441,-381,216
14522,15590,1068,0,GE-Phase,retraction,15374,15962,588,216,0.202,-852,-372
15590,15763,173,0,GE-Phrase,201,14551,15962,1411,173,1.0,1039,-199
15590,15763,173,0,GE-Phase,retraction,15374,15962,588,173,1.0,216,-199
15763,17363,1600,0,GE-Phrase,201,14551,15962,1411,199,0.124,1212,1401
15763,17363,1600,0,GE-Phase,retraction,15374,15962,588,199,0.124,389,1401
23045,24685,1640,0,GE-Phrase,203,21244,23590,2346,545,0.332,1801,1095
23045,24685,1640,0,GE-Phrase,204,23590,25583,1993,1095,0.668,-545,-898
23045,24685,1640,0,GE-Phase,hold,22444,23590,1146,545,0.332,601,1095
23045,24685,1640,0,GE-Phase,stroke,23590,24657,1067,1067,0.651,-545,28
23045,24685,1640,0,GE-Phase,hold,24657,25583,926,28,0.017,-1612,-898
24685,25317,632,0,GE-Phrase,204,23590,25583,1993,632,1.0,1095,-266
24685,25317,632,0,GE-Phase,hold,24657,25583,926,632,1.0,28,-266
25317,26200,883,0,GE-Phrase,204,23590,25583,1993,266,0.301,1727,617
25317,26200,883,0,GE-Phrase,205,25583,27102,1519,617,0.699,-266,-902
25317,26200,883,0,GE-Phase,hold,24657,25583,926,266,0.301,660,617
25317,26200,883,0,GE-Phase,preparation,25583,26149,566,566,0.641,-266,51
25317,26200,883,0,GE-Phase,stroke,26149,26650,501,51,0.058,-832,-450
26200,26302,102,0,GE-Phrase,205,25583,27102,1519,102,1.0,617,-800
26200,26302,102,0,GE-Phase,stroke,26149,26650,501,102,1.0,51,-348
26302,27124,822,0,GE-Phrase,205,25583,27102,1519,800,0.973,719,22
26302,27124,822,0,GE-Phrase,206,27102,28175,1073,22,0.027,-800,-1051
26302,27124,822,0,GE-Phase,stroke,26149,26650,501,348,0.423,153,474
26302,27124,822,0,GE-Phase,retraction,26650,27102,452,452,0.55,-348,22
26302,27124,822,0,GE-Phase,stroke,27102,27573,471,22,0.027,-800,-449
27124,28520,1396,0,GE-Phrase,206,27102,28175,1073,1051,0.753,22,345
27124,28520,1396,0,GE-Phase,stroke,27102,27573,471,449,0.322,22,947
27124,28520,1396,0,GE-Phase,retraction,27573,28175,602,602,0.431,-449,345
43520,44770,1250,0,GE-Phrase,217,43251,44383,1132,863,0.69,269,387
43520,44770,1250,0,GE-Phrase,218,44383,47057,2674,387,0.31,-863,-2287
43520,44770,1250,0,GE-Phase,preparation,43251,43910,659,390,0.312,269,860
43520,44770,1250,0,GE-Phase,stroke,43910,44383,473,473,0.378,-390,387
43520,44770,1250,0,GE-Phase,preparation,44383,44772,389,387,0.31,-863,-2
44770,45700,930,0,GE-Phrase,218,44383,47057,2674,930,1.0,387,-1357
44770,45700,930,0,GE-Phase,preparation,44383,44772,389,2,0.002,387,928
44770,45700,930,0,GE-Phase,stroke,44772,47057,2285,928,0.998,-2,-1357
45700,46309,609,0,GE-Phrase,218,44383,47057,2674,609,1.0,1317,-748
45700,46309,609,0,GE-Phase,stroke,44772,47057,2285,609,1.0,928,-748
46309,47250,941,0,GE-Phrase,218,44383,47057,2674,748,0.795,1926,193
46309,47250,941,0,GE-Phrase,219,47057,48898,1841,193,0.205,-748,-1648
46309,47250,941,0,GE-Phase,stroke,44772,47057,2285,748,0.795,1537,193
46309,47250,941,0,GE-Phase,stroke,47057,47597,540,193,0.205,-748,-347
14522,15590,1068,0,GE-Phrase,201,14551,15962,1411,1039,0.973,-29,-372
14522,15590,1068,0,GE-Phase,preparation,14551,14903,352,352,0.33,-29,687
14522,15590,1068,0,GE-Phase,stroke,14903,15374,471,471,0.441,-381,216
14522,15590,1068,0,GE-Phase,retraction,15374,15962,588,216,0.202,-852,-372
15590,15763,173,0,GE-Phrase,201,14551,15962,1411,173,1.0,1039,-199
15590,15763,173,0,GE-Phase,retraction,15374,15962,588,173,1.0,216,-199
15763,17363,1600,0,GE-Phrase,201,14551,15962,1411,199,0.124,1212,1401
15763,17363,1600,0,GE-Phase,retraction,15374,15962,588,199,0.124,389,1401
23045,24685,1640,0,GE-Phrase,203,21244,23590,2346,545,0.332,1801,1095
23045,24685,1640,0,GE-Phrase,204,23590,25583,1993,1095,0.668,-545,-898
23045,24685,1640,0,GE-Phase,hold,22444,23590,1146,545,0.332,601,1095
23045,24685,1640,0,GE-Phase,stroke,23590,24657,1067,1067,0.651,-545,28
23045,24685,1640,0,GE-Phase,hold,24657,25583,926,28,0.017,-1612,-898
24685,25317,632,0,GE-Phrase,204,23590,25583,1993,632,1.0,1095,-266
24685,25317,632,0,GE-Phase,hold,24657,25583,926,632,1.0,28,-266
25317,26200,883,0,GE-Phrase,204,23590,25583,1993,266,0.301,1727,617
25317,26200,883,0,GE-Phrase,205,25583,27102,1519,617,0.699,-266,-902
25317,26200,883,0,GE-Phase,hold,24657,25583,926,266,0.301,660,617
25317,26200,883,0,GE-Phase,preparation,25583,26149,566,566,0.641,-266,51
25317,26200,883,0,GE-Phase,stroke,26149,26650,501,51,0.058,-832,-450
26200,26302,102,0,GE-Phrase,205,25583,27102,1519,102,1.0,617,-800
26200,26302,102,0,GE-Phase,stroke,26149,26650,501,102,1.0,51,-348
26302,27124,822,0,GE-Phrase,205,25583,27102,1519,800,0.973,719,22
26302,27124,822,0,GE-Phrase,206,27102,28175,1073,22,0.027,-800,-1051
26302,27124,822,0,GE-Phase,stroke,26149,26650,501,348,0.423,153,474
26302,27124,822,0,GE-Phase,retraction,26650,27102,452,452,0.55,-348,22
26302,27124,822,0,GE-Phase,stroke,27102,27573,471,22,0.027,-800,-449
27124,28520,1396,0,GE-Phrase,206,27102,28175,1073,1051,0.753,22,345
27124,28520,1396,0,GE-Phase,stroke,27102,27573,471,449,0.322,22,947
27124,28520,1396,0,GE-Phase,retraction,27573,28175,602,602,0.431,-449,345
43520,44770,1250,0,GE-Phrase,217,43251,44383,1132,863,0.69,269,387
43520,44770,1250,0,GE-Phrase,218,44383,47057,2674,387,0.31,-863,-2287
43520,44770,1250,0,GE-Phase,preparation,43251,43910,659,390,0.312,269,860
43520,44770,1250,0,GE-Phase,stroke,43910,44383,473,473,0.378,-390,387
43520,44770,1250,0,GE-Phase,preparation,44383,44772,389,387,0.31,-863,-2
44770,45700,930,0,GE-Phrase,218,44383,47057,2674,930,1.0,387,-1357
44770,45700,930,0,GE-Phase,preparation,44383,44772,389,2,0.002,387,928
44770,45700,930,0,GE-Phase,stroke,44772,47057,2285,928,0.998,-2,-1357
45700,46309,609,0,GE-Phrase,218,44383,47057,2674,609,1.0,1317,-748
45700,46309,609,0,GE-Phase,stroke,44772,47057,2285,609,1.0,928,-748
46309,47250,941,0,GE-Phrase,218,44383,47057,2674,748,0.795,1926,193
46309,47250,941,0,GE-Phrase,219,47057,48898,1841,193,0.205,-748,-1648
46309,47250,941,0,GE-Phase,stroke,44772,47057,2285,748,0.795,1537,193
46309,47250,941,0,GE-Phase,stroke,47057,47597,540,193,0.205,-748,-347
14522,15590,1068,0,GE-Phrase,201,14551,15962,1411,1039,0.973,-29,-372
14522,15590,1068,0,GE-Phase,preparation,14551,14903,352,352,0.33,-29,687
14522,15590,1068,0,GE-Phase,stroke,14903,15374,471,471,0.441,-381,216
14522,15590,1068,0,GE-Phase,retraction,15374,15962,588,216,0.202,-852,-372
15590,15763,173,0,GE-Phrase,201,14551,15962,1411,173,1.0,1039,-199
15590,15763,173,0,GE-Phase,retraction,15374,15962,588,173,1.0,216,-199
15763,17363,1600,0,GE-Phrase,201,14551,15962,1411,199,0.124,1212,1401
15763,17363,1600,0,GE-Phase,retraction,15374,15962,588,199,0.124,389,1401
23045,24685,1640,0,GE-Phrase,203,21244,23590,2346,545,0.332,1801,1095
23045,24685,1640,0,GE-Phrase,204,23590,25583,1993,1095,0.668,-545,-898
23045,24685,1640,0,GE-Phase,hold,22444,23590,1146,545,0.332,601,1095
23045,24685,1640,0,GE-Phase,stroke,23590,24657,1067,1067,0.651,-545,28
23045,24685,1640,0,GE-Phase,hold,24657,25583,926,28,0.017,-1612,-898
24685,25317,632,0,GE-Phrase,204,23590,25583,1993,632,1.0,1095,-266
24685,25317,632,0,GE-Phase,hold,24657,25583,926,632,1.0,28,-266
25317,26200,883,0,GE-Phrase,204,23590,25583,1993,266,0.301,1727,617
25317,26200,883,0,GE-Phrase,205,25583,27102,1519,617,0.699,-266,-902
25317,26200,883,0,GE-Phase,hold,24657,25583,926,266,0.301,660,617
25317,26200,883,0,GE-Phase,preparation,25583,26149,566,566,0.641,-266,51
25317,26200,883,0,GE-Phase,stroke,26149,26650,501,51,0.058,-832,-450
26200,26302,102,0,GE-Phrase,205,25583,27102,1519,102,1.0,617,-800
26200,26302,102,0,GE-Phase,stroke,26149,26650,501,102,1.0,51,-348
26302,27124,822,0,GE-Phrase,205,25583,27102,1519,800,0.973,719,22
26302,27124,822,0,GE-Phrase,206,27102,28175,1073,22,0.027,-800,-1051
26302,27124,822,0,GE-Phase,stroke,26149,26650,501,348,0.423,153,474
26302,27124,822,0,GE-Phase,retraction,26650,27102,452,452,0.55,-348,22
26302,27124,822,0,GE-Phase,stroke,27102,27573,471,22,0.027,-800,-449
27124,28520,1396,0,GE-Phrase,206,27102,28175,1073,1051,0.753,22,345
27124,28520,1396,0,GE-Phase,stroke,27102,27573,471,449,0.322,22,947
27124,28520,1396,0,GE-Phase,retraction,27573,28175,602,602,0.431,-449,345
43520,44770,1250,0,GE-Phrase,217,43251,44383,1132,863,0.69,269,387
43520,44770,1250,0,GE-Phrase,218,44383,47057,2674,387,0.31,-863,-2287
43520,44770,1250,0,GE-Phase,preparation,43251,43910,659,390,0.312,269,860
43520,44770,1250,0,GE-Phase,stroke,43910,44383,473,473,0.378,-390,387
43520,44770,1250,0,GE-Phase,preparation,44383,44772,389,387,0.31,-863,-2
44770,45700,930,0,GE-Phrase,218,44383,47057,2674,930,1.0,387,-1357
44770,45700,930,0,GE-Phase,preparation,44383,44772,389,2,0.002,387,928
44770,45700,930,0,GE-Phase,stroke,44772,47057,2285,928,0.998,-2,-1357
45700,46309,609,0,GE-Phrase,218,44383,47057,2674,609,1.0,1317,-748
45700,46309,609,0,GE-Phase,stroke,44772,47057,2285,609,1.0,928,-748
46309,47250,941,0,GE-Phrase,218,44383,47057,2674,748,0.795,1926,193
46309,47250,941,0,GE-Phrase,219,47057,48898,1841,193,0.205,-748,-1648
46309,47250,941,0,GE-Phase,stroke,44772,47057,2285,748,0.795,1537,193
46309,47250,941,0,GE-Phase,stroke,47057,47597,540,193,0.205,-748,-347
14522,15590,1068,0,GE-Phrase,201,14551,15962,1411,1039,0.973,-29,-372
14522,15590,1068,0,GE-Phase,preparation,14551,14903,352,352,0.33,-29,687
14522,15590,1068,0,GE-Phase,stroke,14903,15374,471,471,0.441,-381,216
14522,15590,1068,0,GE-Phase,retraction,15374,15962,588,216,0.202,-852,-372
15590,15763,173,0,GE-Phrase,201,14551,15962,1411,173,1.0,1039,-199
15590,15763,173,0,GE-Phase,retraction,15374,15962,588,173,1.0,216,-199
15763,17363,1600,0,GE-Phrase,201,14551,15962,1411,199,0.124,1212,1401
15763,17363,1600,0,GE-Phase,retraction,15374,15962,588,199,0.124,389,1401
23045,24685,1640,0,GE-Phrase,203,21244,23590,2346,545,0.332,1801,1095
23045,24685,1640,0,GE-Phrase,204,23590,25583,1993,1095,0.668,-545,-898
23045,24685,1640,0,GE-Phase,hold,22444,23590,1146,545,0.332,601,1095
23045,24685,1640,0,GE-Phase,stroke,23590,24657,1067,1067,0.651,-545,28
23045,24685,1640,0,GE-Phase,hold,24657,25583,926,28,0.017,-1612,-898
24685,25317,632,0,GE-Phrase,204,23590,25583,1993,632,1.0,1095,-266
24685,25317,632,0,GE-Phase,hold,24657,25583,926,632,1.0,28,-266
25317,26200,883,0,GE-Phrase,204,23590,25583,1993,266,0.301,1727,617
25317,26200,883,0,GE-Phrase,205,25583,27102,1519,617,0.699,-266,-902
25317,26200,883,0,GE-Phase,hold,24657,25583,926,266,0.301,660,617
25317,26200,883,0,GE-Phase,preparation,25583,26149,566,566,0.641,-266,51
25317,26200,883,0,GE-Phase,stroke,26149,26650,501,51,0.058,-832,-450
26200,26302,102,0,GE-Phrase,205,25583,27102,1519,102,1.0,617,-800
26200,26302,102,0,GE-Phase,stroke,26149,26650,501,102,1.0,51,-348
26302,27124,822,0,GE-Phrase,205,25583,27102,1519,800,0.973,719,22
26302,27124,822,0,GE-Phrase,206,27102,28175,1073,22,0.027,-800,-1051
26302,27124,822,0,GE-Phase,stroke,26149,26650,501,348,0.423,153,474
26302,27124,822,0,GE-Phase,retraction,26650,27102,452,452,0.55,-348,22
26302,27124,822,0,GE-Phase,stroke,27102,27573,471,22,0.027,-800,-449
27124,28520,1396,0,GE-Phrase,206,27102,28175,1073,1051,0.753,22,345
27124,28520,1396,0,GE-Phase,stroke,27102,27573,471,449,0.322,22,947
27124,28520,1396,0,GE-Phase,retraction,27573,28175,602,602,0.431,-449,345
43520,44770,1250,0,GE-Phrase,217,43251,44383,1132,863,0.69,269,387
43520,44770,1250,0,GE-Phrase,218,44383,47057,2674,387,0.31,-863,-2287
43520,44770,1250,0,GE-Phase,preparation,43251,43910,659,390,0.312,269,860
43520,44770,1250,0,GE-Phase,stroke,43910,44383,473,473,0.378,-390,387
43520,44770,1250,0,GE-Phase,preparation,44383,44772,389,387,0.31,-863,-2
44770,45700,930,0,GE-Phrase,218,44383,47057,2674,930,1.0,387,-1357
44770,45700,930,0,GE-Phase,preparation,44383,44772,389,2,0.002,387,928
44770,45700,930,0,GE-Phase,stroke,44772,47057,2285,928,0.998,-2,-1357
45700,46309,609,0,GE-Phrase,218,44383,47057,2674,609,1.0,1317,-748
45700,46309,609,0,GE-Phase,stroke,44772,47057,2285,609,1.0,928,-748
46309,47250,941,0,GE-Phrase,218,44383,47057,2674,748,0.795,1926,193
46309,47250,941,0,GE-Phrase,219,47057,48898,1841,193,0.205,-748,-1648
46309,47250,941,0,GE-Phase,stroke,44772,47057,2285,748,0.795,1537,193
46309,47250,941,0,GE-Phase,stroke,47057,47597,540,193,0.205,-748,-347
14522,15590,1068,0,GE-Phrase,201,14551,15962,1411,1039,0.973,-29,-372
14522,15590,1068,0,GE-Phase,preparation,14551,14903,352,352,0.33,-29,687
14522,15590,1068,0,GE-Phase,stroke,14903,15374,471,471,0.441,-381,216
14522,15590,1068,0,GE-Phase,retraction,15374,15962,588,216,0.202,-852,-372
15590,15763,173,0,GE-Phrase,201,14551,15962,1411,173,1.0,1039,-199
15590,15763,173,0,GE-Phase,retraction,15374,15962,588,173,1.0,216,-199
15763,17363,1600,0,GE-Phrase,201,14551,15962,1411,199,0.124,1212,1401
15763,17363,1600,0,GE-Phase,retraction,15374,15962,588,199,0.124,389,1401
23045,24685,1640,0,GE-Phrase,203,21244,23590,2346,545,0.332,1801,1095
23045,24685,1640,0,GE-Phrase,204,23590,25583,1993,1095,0.668,-545,-898
23045,24685,1640,0,GE-Phase,hold,22444,23590,1146,545,0.332,601,1095
23045,24685,1640,0,GE-Phase,stroke,23590,24657,1067,1067,0.651,-545,28
23045,24685,1640,0,GE-Phase,hold,24657,25583,926,28,0.017,-1612,-898
24685,25317,632,0,GE-Phrase,204,23590,25583,1993,632,1.0,1095,-266
24685,25317,632,0,GE-Phase,hold,24657,25583,926,632,1.0,28,-266
25317,26200,883,0,GE-Phrase,204,23590,25583,1993,266,0.301,1727,617
25317,26200,883,0,GE-Phrase,205,25583,27102,1519,617,0.699,-266,-902
25317,26200,883,0,GE-Phase,hold,24657,25583,926,266,0.301,660,617
25317,26200,883,0,GE-Phase,preparation,25583,26149,566,566,0.641,-266,51
25317,26200,883,0,GE-Phase,stroke,26149,26650,501,51,0.058,-832,-450
26200,26302,102,0,GE-Phrase,205,25583,27102,1519,102,1.0,617,-800
26200,26302,102,0,GE-Phase,stroke,26149,26650,501,102,1.0,51,-348
26302,27124,822,0,GE-Phrase,205,25583,27102,1519,800,0.973,719,22
26302,27124,822,0,GE-Phrase,206,27102,28175,1073,22,0.027,-800,-1051
26302,27124,822,0,GE-Phase,stroke,26149,26650,501,348,0.423,153,474
26302,27124,822,0,GE-Phase,retraction,26650,27102,452,452,0.55,-348,22
26302,27124,822,0,GE-Phase,stroke,27102,27573,471,22,0.027,-800,-449
27124,28520,1396,0,GE-Phrase,206,27102,28175,1073,1051,0.753,22,345
27124,28520,1396,0,GE-Phase,stroke,27102,27573,471,449,0.322,22,947
27124,28520,1396,0,GE-Phase,retraction,27573,28175,602,602,0.431,-449,345
43520,44770,1250,0,GE-Phrase,217,43251,44383,1132,863,0.69,269,387
43520,44770,1250,0,GE-Phrase,218,44383,47057,2674,387,0.31,-863,-2287
43520,44770,1250,0,GE-Phase,preparation,43251,43910,659,390,0.312,269,860
43520,44770,1250,0,GE-Phase,stroke,43910,44383,473,473,0.378,-390,387
43520,44770,1250,0,GE-Phase,preparation,44383,44772,389,387,0.31,-863,-2
44770,45700,930,0,GE-Phrase,218,44383,47057,2674,930,1.0,387,-1357
44770,45700,930,0,GE-Phase,preparation,44383,44772,389,2,0.002,387,928
44770,45700,930,0,GE-Phase,stroke,44772,47057,2285,928,0.998,-2,-1357
45700,46309,609,0,GE-Phrase,218,44383,47057,2674,609,1.0,1317,-748
45700,46309,609,0,GE-Phase,stroke,44772,47057,2285,609,1.0,928,-748
46309,47250,941,0,GE-Phrase,218,44383,47057,2674,748,0.795,1926,193
46309,47250,941,0,GE-Phrase,219,47057,48898,1841,193,0.205,-748,-1648
46309,47250,941,0,GE-Phase,stroke,44772,47057,2285,748,0.795,1537,193
46309,47250,941,0,GE-Phase,stroke,47057,47597,540,193,0.205,-748,-347
14522,15590,1068,0,GE-Phrase,201,14551,15962,1411,1039,0.973,-29,-372
14522,15590,1068,0,GE-Phase,preparation,14551,14903,352,352,0.33,-29,687
14522,15590,1068,0,GE-Phase,stroke,14903,15374,471,471,0.441,-381,216
14522,15590,1068,0,GE-Phase,retraction,15374,15962,588,216,0.202,-852,-372
15590,15763,173,0,GE-Phrase,201,14551,15962,1411,173,1.0,1039,-199
15590,15763,173,0,GE-Phase,retraction,15374,15962,588,173,1.0,216,-199
15763,17363,1600,0,GE-Phrase,201,14551,15962,1411,199,0.124,1212,1401
15763,17363,1600,0,GE-Phase,retraction,15374,15962,588,199,0.124,389,1401
23045,24685,1640,0,GE-Phrase,203,21244,23590,2346,545,0.332,1801,1095
23045,24685,1640,0,GE-Phrase,204,23590,25583,1993,1095,0.668,-545,-898
23045,24685,1640,0,GE-Phase,hold,22444,23590,1146,545,0.332,601,1095
23045,24685,1640,0,GE-Phase,stroke,23590,24657,1067,1067,0.651,-545,28
23045,24685,1640,0,GE-Phase,hold,24657,25583,926,28,0.017,-1612,-898
24685,25317,632,0,GE-Phrase,204,23590,25583,1993,632,1.0,1095,-266
24685,25317,632,0,GE-Phase,hold,24657,25583,926,632,1.0,28,-266
25317,26200,883,0,GE-Phrase,204,23590,25583,1993,266,0.301,1727,617
25317,26200,883,0,GE-Phrase,205,25583,27102,1519,617,0.699,-266,-902
25317,26200,883,0,GE-Phase,hold,24657,25583,926,266,0.301,660,617
25317,26200,883,0,GE-Phase,preparation,25583,26149,566,566,0.641,-266,51
25317,26200,883,0,GE-Phase,stroke,26149,26650,501,51,0.058,-832,-450
26200,26302,102,0,GE-Phrase,205,25583,27102,1519,102,1.0,617,-800
26200,26302,102,0,GE-Phase,stroke,26149,26650,501,102,1.0,51,-348
26302,27124,822,0,GE-Phrase,205,25583,27102,1519,800,0.973,719,22
26302,27124,822,0,GE-Phrase,206,27102,28175,1073,22,0.027,-800,-1051
26302,27124,822,0,GE-Phase,stroke,26149,26650,501,348,0.423,153,474
26302,27124,822,0,GE-Phase,retraction,26650,27102,452,452,0.55,-348,22
26302,27124,822,0,GE-Phase,stroke,27102,27573,471,22,0.027,-800,-449
27124,28520,1396,0,GE-Phrase,206,27102,28175,1073,1051,0.753,22,345
27124,28520,1396,0,GE-Phase,stroke,27102,27573,471,449,0.322,22,947
27124,28520,1396,0,GE-Phase,retraction,27573,28175,602,602,0.431,-449,345
43520,44770,1250,0,GE-Phrase,217,43251,44383,1132,863,0.69,269,387
43520,44770,1250,0,GE-Phrase,218,44383,47057,2674,387,0.31,-863,-2287
43520,44770,1250,0,GE-Phase,preparation,43251,43910,659,390,0.312,269,860
43520,44770,1250,0,GE-Phase,stroke,43910,44383,473,473,0.378,-390,387
43520,44770,1250,0,GE-Phase,preparation,44383,44772,389,387,0.31,-863,-2
44770,45700,930,0,GE-Phrase,218,44383,47057,2674,930,1.0,387,-1357
44770,45700,930,0,GE-Phase,preparation,44383,44772,389,2,0.002,387,928
44770,45700,930,0,GE-Phase,stroke,44772,47057,2285,928,0.998,-2,-1357
45700,46309,609,0,GE-Phrase,218,44383,47057,2674,609,1.0,1317,-748
45700,46309,609,0,GE-Phase,stroke,44772,47057,2285,609,1.0,928,-748
46309,47250,941,0,GE-Phrase,218,44383,47057,2674,748,0.795,1926,193
46309,47250,941,0,GE-Phrase,219,47057,48898,1841,193,0.205,-748,-1648
46309,47250,941,0,GE-Phase,stroke,44772,47057,2285,748,0.795,1537,193
46309,47250,941,0,GE-Phase,stroke,47057,47597,540,193,0.205,-748,-347
14522,15590,1068,0,GE-Phrase,201,14551,15962,1411,1039,0.973,-29,-372
14522,15590,1068,0,GE-Phase,preparation,14551,14903,352,352,0.33,-29,687
14522,15590,1068,0,GE-Phase,stroke,14903,15374,471,471,0.441,-381,216
14522,15590,1068,0,GE-Phase,retraction,15374,15962,588,216,0.202,-852,-372
15590,15763,173,0,GE-Phrase,201,14551,15962,1411,173,1.0,1039,-199
15590,15763,173,0,GE-Phase,retraction,15374,15962,588,173,1.0,216,-199
15763,17363,1600,0,GE-Phrase,201,14551,15962,1411,199,0.124,1212,1401
15763,17363,1600,0,GE-Phase,retraction,15374,15962,588,199,0.124,389,1401
23045,24685,1640,0,GE-Phrase,203,21244,23590,2346,545,0.332,1801,1095
23045,24685,1640,0,GE-Phrase,204,23590,25583,1993,1095,0.668,-545,-898
23045,24685,1640,0,GE-Phase,hold,22444,23590,1146,545,0.332,601,1095
23045,24685,1640,0,GE-Phase,stroke,23590,24657,1067,1067,0.651,-545,28
23045,24685,1640,0,GE-Phase,hold,24657,25583,926,28,0.017,-1612,-898
24685,25317,632,0,GE-Phrase,204,23590,25583,1993,632,1.0,1095,-266
24685,25317,632,0,GE-Phase,hold,24657,25583,926,632,1.0,28,-266
25317,26200,883,0,GE-Phrase,204,23590,25583,1993,266,0.301,1727,617
25317,26200,883,0,GE-Phrase,205,25583,27102,1519,617,0.699,-266,-902
25317,26200,883,0,GE-Phase,hold,24657,25583,926,266,0.301,660,617
25317,26200,883,0,GE-Phase,preparation,25583,26149,566,566,0.641,-266,51
25317,26200,883,0,GE-Phase,stroke,26149,26650,501,51,0.058,-832,-450
26200,26302,102,0,GE-Phrase,205,25583,27102,1519,102,1.0,617,-800
26200,26302,102,0,GE-Phase,stroke,26149,26650,501,102,1.0,51,-348
26302,27124,822,0,GE-Phrase,205,25583,27102,1519,800,0.973,719,22
26302,27124,822,0,GE-Phrase,206,27102,28175,1073,22,0.027,-800,-1051
26302,27124,822,0,GE-Phase,stroke,26149,26650,501,348,0.423,153,474
26302,27124,822,0,GE-Phase,retraction,26650,27102,452,452,0.55,-348,22
26302,27124,822,0,GE-Phase,stroke,27102,27573,471,22,0.027,-800,-449
27124,28520,1396,0,GE-Phrase,206,27102,28175,1073,1051,0.753,22,345
27124,28520,1396,0,GE-Phase,stroke,27102,27573,471,449,0.322,22,947
27124,28520,1396,0,GE-Phase,retraction,27573,28175,602,602,0.431,-449,345
43520,44770,1250,0,GE-Phrase,217,43251,44383,1132,863,0.69,269,387
43520,44770,1250,0,GE-Phrase,218,44383,47057,2674,387,0.31,-863,-2287
43520,44770,1250,0,GE-Phase,preparation,43251,43910,659,390,0.312,269,860
43520,44770,1250,0,GE-Phase,stroke,43910,44383,473,473,0.378,-390,387
43520,44770,1250,0,GE-Phase,preparation,44383,44772,389,387,0.31,-863,-2
44770,45700,930,0,GE-Phrase,218,44383,47057,2674,930,1.0,387,-1357
44770,45700,930,0,GE-Phase,preparation,44383,44772,389,2,0.002,387,928
44770,45700,930,0,GE-Phase,stroke,44772,47057,2285,928,0.998,-2,-1357
45700,46309,609,0,GE-Phrase,218,44383,47057,2674,609,1.0,1317,-748
45700,46309,609,0,GE-Phase,stroke,44772,47057,2285,609,1.0,928,-748
46309,47250,941,0,GE-Phrase,218,44383,47057,2674,748,0.795,1926,193
46309,47250,941,0,GE-Phrase,219,47057,48898,1841,193,0.205,-748,-1648
46309,47250,941,0,GE-Phase,stroke,44772,47057,2285,748,0.795,1537,193
46309,47250,941,0,GE-Phase,stroke,47057,47597,540,193,0.205,-748,-347
14522,15590,1068,0,GE-Phrase,201,14551,15962,1411,1039,0.973,-29,-372
14522,15590,1068,0,GE-Phase,preparation,14551,14903,352,352,0.33,-29,687
14522,15590,1068,0,GE-Phase,stroke,14903,15374,471,471,0.441,-381,216
14522,15590,1068,0,GE-Phase,retraction,15374,15962,588,216,0.202,-852,-372
15590,15763,173,0,GE-Phrase,201,14551,15962,1411,173,1.0,1039,-199
15590,15763,173,0,GE-Phase,retraction,15374,15962,588,173,1.0,216,-199
15763,17363,1600,0,GE-Phrase,201,14551,15962,1411,199,0.124,1212,1401
15763,17363,1600,0,GE-Phase,retraction,15374,15962,588,199,0.124,389,1401
23045,24685,1640,0,GE-Phrase,203,21244,23590,2346,545,0.332,1801,1095
23045,24685,1640,0,GE-Phrase,204,23590,25583,1993,1095,0.668,-545,-898
23045,24685,1640,0,GE-Phase,hold,22444,23590,1146,545,0.332,601,1095
23045,24685,1640,0,GE-Phase,stroke,23590,24657,1067,1067,0.651,-545,28
23045,24685,1640,0,GE-Phase,hold,24657,25583,926,28,0.017,-1612,-898
24685,25317,632,0,GE-Phrase,204,23590,25583,1993,632,1.0,1095,-266
24685,25317,632,0,GE-Phase,hold,24657,25583,926,632,1.0,28,-266
25317,26200,883,0,GE-Phrase,204,23590,25583,1993,266,0.301,1727,617
25317,26200,883,0,GE-Phrase,205,25583,27102,1519,617,0.699,-266,-902
25317,26200,883,0,GE-Phase,hold,24657,25583,926,266,0.301,660,617
25317,26200,883,0,GE-Phase,preparation,25583,26149,566,566,0.641,-266,51
25317,26200,883,0,GE-Phase,stroke,26149,26650,501,51,0.058,-832,-450
26200,26302,102,0,GE-Phrase,205,25583,27102,1519,102,1.0,617,-800
26200,26302,102,0,GE-Phase,stroke,26149,26650,501,102,1.0,51,-348
26302,27124,822,0,GE-Phrase,205,25583,27102,1519,800,0.973,719,22
26302,27124,822,0,GE-Phrase,206,27102,28175,1073,22,0.027,-800,-1051
26302,27124,822,0,GE-Phase,stroke,26149,26650,501,348,0.423,153,474
26302,27124,822,0,GE-Phase,retraction,26650,27102,452,452,0.55,-348,22
26302,27124,822,0,GE-Phase,stroke,27102,27573,471,22,0.027,-800,-449
27124,28520,1396,0,GE-Phrase,206,27102,28175,1073,1051,0.753,22,345
27124,28520,1396,0,GE-Phase,stroke,27102,27573,471,449,0.322,22,947
27124,28520,1396,0,GE-Phase,retraction,27573,28175,602,602,0.431,-449,345
43520,44770,1250,0,GE-Phrase,217,43251,44383,1132,863,0.69,269,387
43520,44770,1250,0,GE-Phrase,218,44383,47057,2674,387,0.31,-863,-2287
43520,44770,1250,0,GE-Phase,preparation,43251,43910,659,390,0.312,269,860
43520,44770,1250,0,GE-Phase,stroke,43910,44383,473,473,0.378,-390,387
43520,44770,1250,0,GE-Phase,preparation,44383,44772,389,387,0.31,-863,-2
44770,45700,930,0,GE-Phrase,218,44383,47057,2674,930,1.0,387,-1357
44770,45700,930,0,GE-Phase,preparation,44383,44772,389,2,0.002,387,928
44770,45700,930,0,GE-Phase,stroke,44772,47057,2285,928,0.998,-2,-1357
45700,46309,609,0,GE-Phrase,218,44383,47057,2674,609,1.0,1317,-748
45700,46309,609,0,GE-Phase,stroke,44772,47057,2285,609,1.0,928,-748
46309,47250,941,0,GE-Phrase,218,44383,47057,2674,748,0.795,1926,193
46309,47250,941,0,GE-Phrase,219,47057,48898,1841,193,0.205,-748,-1648
46309,47250,941,0,GE-Phase,stroke,44772,47057,2285,748,0.795,1537,193
46309,47250,941,0,GE-Phase,stroke,47057,47597,540,193,0.205,-748,-347
14522,15590,1068,0,GE-Phrase,201,14551,15962,1411,1039,0.973,-29,-372
14522,15590,1068,0,GE-Phase,preparation,14551,14903,352,352,0.33,-29,687
14522,15590,1068,0,GE-Phase,stroke,14903,15374,471,471,0.441,-381,216
14522,15590,1068,0,GE-Phase,retraction,15374,15962,588,216,0.202,-852,-372
15590,15763,173,0,GE-Phrase,201,14551,15962,1411,173,1.0,1039,-199
15590,15763,173,0,GE-Phase,retraction,15374,15962,588,173,1.0,216,-199
15763,17363,1600,0,GE-Phrase,201,14551,15962,1411,199,0.124,1212,1401
15763,17363,1600,0,GE-Phase,retraction,15374,15962,588,199,0.124,389,1401
23045,24685,1640,0,GE-Phrase,203,21244,23590,2346,545,0.332,1801,1095
23045,24685,1640,0,GE-Phrase,204,23590,25583,1993,1095,0.668,-545,-898
23045,24685,1640,0,GE-Phase,hold,22444,23590,1146,545,0.332,601,1095
23045,24685,1640,0,GE-Phase,stroke,23590,24657,1067,1067,0.651,-545,28
23045,24685,1640,0,GE-Phase,hold,24657,25583,926,28,0.017,-1612,-898
24685,25317,632,0,GE-Phrase,204,23590,25583,1993,632,1.0,1095,-266
24685,25317,632,0,GE-Phase,hold,24657,25583,926,632,1.0,28,-266
25317,26200,883,0,GE-Phrase,204,23590,25583,1993,266,0.301,1727,617
25317,26200,883,0,GE-Phrase,205,25583,27102,1519,617,0.699,-266,-902
25317,26200,883,0,GE-Phase,hold,24657,25583,926,266,0.301,660,617
25317,26200,883,0,GE-Phase,preparation,25583,26149,566,566,0.641,-266,51
25317,26200,883,0,GE-Phase,stroke,26149,26650,501,51,0.058,-832,-450
26200,26302,102,0,GE-Phrase,205,25583,27102,1519,102,1.0,617,-800
26200,26302,102,0,GE-Phase,stroke,26149,26650,501,102,1.0,51,-348
26302,27124,822,0,GE-Phrase,205,25583,27102,1519,800,0.973,719,22
26302,27124,822,0,GE-Phrase,206,27102,28175,1073,22,0.027,-800,-1051
26302,27124,822,0,GE-Phase,stroke,26149,26650,501,348,0.423,153,474
26302,27124,822,0,GE-Phase,retraction,26650,27102,452,452,0.55,-348,22
26302,27124,822,0,GE-Phase,stroke,27102,27573,471,22,0.027,-800,-449
27124,28520,1396,0,GE-Phrase,206,27102,28175,1073,1051,0.753,22,345
27124,28520,1396,0,GE-Phase,stroke,27102,27573,471,449,0.322,22,947
27124,28520,1396,0,GE-Phase,retraction,27573,28175,602,602,0.431,-449,345
43520,44770,1250,0,GE-Phrase,217,43251,44383,1132,863,0.69,269,387
43520,44770,1250,0,GE-Phrase,218,44383,47057,2674,387,0.31,-863,-2287
43520,44770,1250,0,GE-Phase,preparation,43251,43910,659,390,0.312,269,860
43520,44770,1250,0,GE-Phase,stroke,43910,44383,473,473,0.378,-390,387
43520,44770,1250,0,GE-Phase,preparation,44383,44772,389,387,0.31,-863,-2
44770,45700,930,0,GE-Phrase,218,44383,47057,2674,930,1.0,387,-1357
44770,45700,930,0,GE-Phase,preparation,44383,44772,389,2,0.002,387,928
44770,45700,930,0,GE-Phase,stroke,44772,47057,2285,928,0.998,-2,-1357
45700,46309,609,0,GE-Phrase,218,44383,47057,2674,609,1.0,1317,-748
45700,46309,609,0,GE-Phase,stroke,44772,47057,2285,609,1.0,928,-748
46309,47250,941,0,GE-Phrase,218,44383,47057,2674,748,0.795,1926,193
46309,47250,941,0,GE-Phrase,219,47057,48898,1841,193,0.205,-748,-1648
46309,47250,941,0,GE-Phase,stroke,44772,47057,2285,748,0.795,1537,193
46309,47250,941,0,GE-Phase,stroke,47057,47597,540,193,0.205,-748,-347
14522,15590,1068,0,GE-Phrase,201,14551,15962,1411,1039,0.973,-29,-372
14522,15590,1068,0,GE-Phase,preparation,14551,14903,352,352,0.33,-29,687
14522,15590,1068,0,GE-Phase,stroke,14903,15374,471,471,0.441,-381,216
14522,15590,1068,0,GE-Phase,retraction,15374,15962,588,216,0.202,-852,-372
15590,15763,173,0,GE-Phrase,201,14551,15962,1411,173,1.0,1039,-199
15590,15763,173,0,GE-Phase,retraction,15374,15962,588,173,1.0,216,-199
15763,17363,1600,0,GE-Phrase,201,14551,15962,1411,199,0.124,1212,1401
15763,17363,1600,0,GE-Phase,retraction,15374,15962,588,199,0.124,389,1401
23045,24685,1640,0,GE-Phrase,203,21244,23590,2346,545,0.332,1801,1095
23045,24685,1640,0,GE-Phrase,204,23590,25583,1993,1095,0.668,-545,-898
23045,24685,1640,0,GE-Phase,hold,22444,23590,1146,545,0.332,601,1095
23045,24685,1640,0,GE-Phase,stroke,23590,24657,1067,1067,0.651,-545,28
23045,24685,1640,0,GE-Phase,hold,24657,25583,926,28,0.017,-1612,-898
24685,25317,632,0,GE-Phrase,204,23590,25583,1993,632,1.0,1095,-266
24685,25317,632,0,GE-Phase,hold,24657,25583,926,632,1.0,28,-266
25317,26200,883,0,GE-Phrase,204,23590,25583,1993,266,0.301,1727,617
25317,26200,883,0,GE-Phrase,205,25583,27102,1519,617,0.699,-266,-902
25317,26200,883,0,GE-Phase,hold,24657,25583,926,266,0.301,660,617
25317,26200,883,0,GE-Phase,preparation,25583,26149,566,566,0.641,-266,51
25317,26200,883,0,GE-Phase,stroke,26149,26650,501,51,0.058,-832,-450
26200,26302,102,0,GE-Phrase,205,25583,27102,1519,102,1.0,617,-800
26200,26302,102,0,GE-Phase,stroke,26149,26650,501,102,1.0,51,-348
26302,27124,822,0,GE-Phrase,205,25583,27102,1519,800,0.973,719,22
26302,27124,822,0,GE-Phrase,206,27102,28175,1073,22,0.027,-800,-1051
26302,27124,822,0,GE-Phase,stroke,26149,26650,501,348,0.423,153,474
26302,27124,822,0,GE-Phase,retraction,26650,27102,452,452,0.55,-348,22
26302,27124,822,0,GE-Phase,stroke,27102,27573,471,22,0.027,-800,-449
27124,28520,1396,0,GE-Phrase,206,27102,28175,1073,1051,0.753,22,345
27124,28520,1396,0,GE-Phase,stroke,27102,27573,471,449,0.322,22,947
27124,28520,1396,0,GE-Phase,retraction,27573,28175,602,602,0.431,-449,345
43520,44770,1250,0,GE-Phrase,217,43251,44383,1132,863,0.69,269,387
43520,44770,1250,0,GE-Phrase,218,44383,47057,2674,387,0.31,-863,-2287
43520,44770,1250,0,GE-Phase,preparation,43251,43910,659,390,0.312,269,860
43520,44770,1250,0,GE-Phase,stroke,43910,44383,473,473,0.378,-390,387
43520,44770,1250,0,GE-Phase,preparation,44383,44772,389,387,0.31,-863,-2
44770,45700,930,0,GE-Phrase,218,44383,47057,2674,930,1.0,387,-1357
44770,45700,930,0,GE-Phase,preparation,44383,44772,389,2,0.002,387,928
44770,45700,930,0,GE-Phase,stroke,44772,47057,2285,928,0.998,-2,-1357
45700,46309,609,0,GE-Phrase,218,44383,47057,2674,609,1.0,1317,-748
45700,46309,609,0,GE-Phase,stroke,44772,47057,2285,609,1.0,928,-748
46309,47250,941,0,GE-Phrase,218,44383,47057,2674,748,0.795,1926,193
46309,47250,941,0,GE-Phrase,219,47057,48898,1841,193,0.205,-748,-1648
46309,47250,941,0,GE-Phase,stroke,44772,47057,2285,748,0.795,1537,193
46309,47250,941,0,GE-Phase,stroke,47057,47597,540,193,0.205,-748,-347
14522,15590,1068,0,GE-Phrase,201,14551,15962,1411,1039,0.973,-29,-372
14522,15590,1068,0,GE-Phase,preparation,14551,14903,352,352,0.33,-29,687
14522,15590,1068,0,GE-Phase,stroke,14903,15374,471,471,0.441,-381,216
14522,15590,1068,0,GE-Phase,retraction,15374,15962,588,216,0.202,-852,-372
15590,15763,173,0,GE-Phrase,201,14551,15962,1411,173,1.0,1039,-199
15590,15763,173,0,GE-Phase,retraction,15374,15962,588,173,1.0,216,-199
15763,17363,1600,0,GE-Phrase,201,14551,15962,1411,199,0.124,1212,1401
15763,17363,1600,0,GE-Phase,retraction,15374,15962,588,199,0.124,389,1401
23045,24685,1640,0,GE-Phrase,203,21244,23590,2346,545,0.332,1801,1095
23045,24685,1640,0,GE-Phrase,204,23590,25583,1993,1095,0.668,-545,-898
23045,24685,1640,0,GE-Phase,hold,22444,23590,1146,545,0.332,601,1095
23045,24685,1640,0,GE-Phase,stroke,23590,24657,1067,1067,0.651,-545,28
23045,24685,1640,0,GE-Phase,hold,24657,25583,926,28,0.017,-1612,-898
24685,25317,632,0,GE-Phrase,204,23590,25583,1993,632,1.0,1095,-266
24685,25317,632,0,GE-Phase,hold,24657,25583,926,632,1.0,28,-266
25317,26200,883,0,GE-Phrase,204,23590,25583,1993,266,0.301,1727,617
25317,26200,883,0,GE-Phrase,205,25583,27102,1519,617,0.699,-266,-902
25317,26200,883,0,GE-Phase,hold,24657,25583,926,266,0.301,660,617
25317,26200,883,0,GE-Phase,preparation,25583,26149,566,566,0.641,-266,51
25317,26200,883,0,GE-Phase,stroke,26149,26650,501,51,0.058,-832,-450
26200,26302,102,0,GE-Phrase,205,25583,27102,1519,102,1.0,617,-800
26200,26302,102,0,GE-Phase,stroke,26149,26650,501,102,1.0,51,-348
26302,27124,822,0,GE-Phrase,205,25583,27102,1519,800,0.973,719,22
26302,27124,822,0,GE-Phrase,206,27102,28175,1073,22,0.027,-800,-1051
26302,27124,822,0,GE-Phase,stroke,26149,26650,501,348,0.423,153,474
26302,27124,822,0,GE-Phase,retraction,26650,27102,452,452,0.55,-348,22
26302,27124,822,0,GE-Phase,stroke,27102,27573,471,22,0.027,-800,-449
27124,28520,1396,0,GE-Phrase,206,27102,28175,1073,1051,0.753,22,345
27124,28520,1396,0,GE-Phase,stroke,27102,27573,471,449,0.322,22,947
27124,28520,1396,0,GE-Phase,retraction,27573,28175,602,602,0.431,-449,345
43520,44770,1250,0,GE-Phrase,217,43251,44383,1132,863,0.69,269,387
43520,44770,1250,0,GE-Phrase,218,44383,47057,2674,387,0.31,-863,-2287
43520,44770,1250,0,GE-Phase,preparation,43251,43910,659,390,0.312,269,860
43520,44770,1250,0,GE-Phase,stroke,43910,44383,473,473,0.378,-390,387
43520,44770,1250,0,GE-Phase,preparation,44383,44772,389,387,0.31,-863,-2
44770,45700,930,0,GE-Phrase,218,44383,47057,2674,930,1.0,387,-1357
44770,45700,930,0,GE-Phase,preparation,44383,44772,389,2,0.002,387,928
44770,45700,930,0,GE-Phase,stroke,44772,47057,2285,928,0.998,-2,-1357
45700,46309,609,0,GE-Phrase,218,44383,47057,2674,609,1.0,1317,-748
45700,46309,609,0,GE-Phase,stroke,44772,47057,2285,609,1.0,928,-748
46309,47250,941,0,GE-Phrase,218,44383,47057,2674,748,0.795,1926,193
46309,47250,941,0,GE-Phrase,219,47057,48898,1841,193,0.205,-748,-1648
46309,47250,941,0,GE-Phase,stroke,44772,47057,2285,748,0.795,1537,193
46309,47250,941,0,GE-Phase,stroke,47057,47597,540,193,0.205,-748,-347
14522,15590,1068,0,GE-Phrase,201,14551,15962,1411,1039,0.973,-29,-372
14522,15590,1068,0,GE-Phase,preparation,14551,14903,352,352,0.33,-29,687
14522,15590,1068,0,GE-Phase,stroke,14903,15374,471,471,0.441,-381,216
14522,15590,1068,0,GE-Phase,retraction,15374,15962,588,216,0.202,-852,-372
15590,15763,173,0,GE-Phrase,201,14551,15962,1411,173,1.0,1039,-199
15590,15763,173,0,GE-Phase,retraction,15374,15962,588,173,1.0,216,-199
15763,17363,1600,0,GE-Phrase,201,14551,15962,1411,199,0.124,1212,1401
15763,17363,1600,0,GE-Phase,retraction,15374,15962,588,199,0.124,389,1401
23045,24685,1640,0,GE-Phrase,203,21244,23590,2346,545,0.332,1801,1095
23045,24685,1640,0,GE-Phrase,204,23590,25583,1993,1095,0.668,-545,-898
23045,24685,1640,0,GE-Phase,hold,22444,23590,1146,545,0.332,601,1095
23045,24685,1640,0,GE-Phase,stroke,23590,24657,1067,1067,0.651,-545,28
23045,24685,1640,0,GE-Phase,hold,24657,25583,926,28,0.017,-1612,-898
24685,25317,632,0,GE-Phrase,204,23590,25583,1993,632,1.0,1095,-266
24685,25317,632,0,GE-Phase,hold,24657,25583,926,632,1.0,28,-266
25317,26200,883,0,GE-Phrase,204,23590,25583,1993,266,0.301,1727,617
25317,26200,883,0,GE-Phrase,205,25583,27102,1519,617,0.699,-266,-902
25317,26200,883,0,GE-Phase,hold,24657,25583,926,266,0.301,660,617
25317,26200,883,0,GE-Phase,preparation,25583,26149,566,566,0.641,-266,51
25317,26200,883,0,GE-Phase,stroke,26149,26650,501,51,0.058,-832,-450
26200,26302,102,0,GE-Phrase,205,25583,27102,1519,102,1.0,617,-800
26200,26302,102,0,GE-Phase,stroke,26149,26650,501,102,1.0,51,-348
26302,27124,822,0,GE-Phrase,205,25583,27102,1519,800,0.973,719,22
26302,27124,822,0,GE-Phrase,206,27102,28175,1073,22,0.027,-800,-1051
26302,27124,822,0,GE-Phase,stroke,26149,26650,501,348,0.423,153,474
26302,27124,822,0,GE-Phase,retraction,26650,27102,452,452,0.55,-348,22
26302,27124,822,0,GE-Phase,stroke,27102,27573,471,22,0.027,-800,-449
27124,28520,1396,0,GE-Phrase,206,27102,28175,1073,1051,0.753,22,345
27124,28520,1396,0,GE-Phase,stroke,27102,27573,471,449,0.322,22,947
27124,28520,1396,0,GE-Phase,retraction,27573,28175,602,602,0.431,-449,345
43520,44770,1250,0,GE-Phrase,217,43251,44383,1132,863,0.69,269,387
43520,44770,1250,0,GE-Phrase,218,44383,47057,2674,387,0.31,-863,-2287
43520,44770,1250,0,GE-Phase,preparation,43251,43910,659,390,0.312,269,860
43520,44770,1250,0,GE-Phase,stroke,43910,44383,473,473,0.378,-390,387
43520,44770,1250,0,GE-Phase,preparation,44383,44772,389,387,0.31,-863,-2
44770,45700,930,0,GE-Phrase,218,44383,47057,2674,930,1.0,387,-1357
44770,45700,930,0,GE-Phase,preparation,44383,44772,389,2,0.002,387,928
44770,45700,930,0,GE-Phase,stroke,44772,47057,2285,928,0.998,-2,-1357
45700,46309,609,0,GE-Phrase,218,44383,47057,2674,609,1.0,1317,-748
45700,46309,609,0,GE-Phase,stroke,44772,47057,2285,609,1.0,928,-748
46309,47250,941,0,GE-Phrase,218,44383,47057,2674,748,0.795,1926,193
46309,47250,941,0,GE-Phrase,219,47057,48898,1841,193,0.205,-748,-1648
46309,47250,941,0,GE-Phase,stroke,44772,47057,2285,748,0.795,1537,193
46309,47250,941,0,GE-Phase,stroke,47057,47597,540,193,0.205,-748,-347
14522,15590,1068,0,GE-Phrase,201,14551,15962,1411,1039,0.973,-29,-372
14522,15590,1068,0,GE-Phase,preparation,14551,14903,352,352,0.33,-29,687
14522,15590,1068,0,GE-Phase,stroke,14903,15374,471,471,0.441,-381,216
14522,15590,1068,0,GE-Phase,retraction,15374,15962,588,216,0.202,-852,-372
15590,15763,173,0,GE-Phrase,201,14551,15962,1411,173,1.0,1039,-199
15590,15763,173,0,GE-Phase,retraction,15374,15962,588,173,1.0,216,-199
15763,17363,1600,0,GE-Phrase,201,14551,15962,1411,199,0.124,1212,1401
15763,17363,1600,0,GE-Phase,retraction,15374,15962,588,199,0.124,389,1401
23045,24685,1640,0,GE-Phrase,203,21244,23590,2346,545,0.332,1801,1095
23045,24685,1640,0,GE-Phrase,204,23590,25583,1993,1095,0.668,-545,-898
23045,24685,1640,0,GE-Phase,hold,22444,23590,1146,545,0.332,601,1095
23045,24685,1640,0,GE-Phase,stroke,23590,24657,1067,1067,0.651,-545,28
23045,24685,1640,0,GE-Phase,hold,24657,25583,926,28,0.017,-1612,-898
24685,25317,632,0,GE-Phrase,204,23590,25583,1993,632,1.0,1095,-266
24685,25317,632,0,GE-Phase,hold,24657,25583,926,632,1.0,28,-266
25317,26200,883,0,GE-Phrase,204,23590,25583,1993,266,0.301,1727,617
25317,26200,883,0,GE-Phrase,205,25583,27102,1519,617,0.699,-266,-902
25317,26200,883,0,GE-Phase,hold,24657,25583,926,266,0.301,660,617
25317,26200,883,0,GE-Phase,preparation,25583,26149,566,566,0.641,-266,51
25317,26200,883,0,GE-Phase,stroke,26149,26650,501,51,0.058,-832,-450
26200,26302,102,0,GE-Phrase,205,25583,27102,1519,102,1.0,617,-800
26200,26302,102,0,GE-Phase,stroke,26149,26650,501,102,1.0,51,-348
26302,27124,822,0,GE-Phrase,205,25583,27102,1519,800,0.973,719,22
26302,27124,822,0,GE-Phrase,206,27102,28175,1073,22,0.027,-800,-1051
26302,27124,822,0,GE-Phase,stroke,26149,26650,501,348,0.423,153,474
26302,27124,822,0,GE-Phase,retraction,26650,27102,452,452,0.55,-348,22
26302,27124,822,0,GE-Phase,stroke,27102,27573,471,22,0.027,-800,-449
27124,28520,1396,0,GE-Phrase,206,27102,28175,1073,1051,0.753,22,345
27124,28520,1396,0,GE-Phase,stroke,27102,27573,471,449,0.322,22,947
27124,28520,1396,0,GE-Phase,retraction,27573,28175,602,602,0.431,-449,345
43520,44770,1250,0,GE-Phrase,217,43251,44383,1132,863,0.69,269,387
43520,44770,1250,0,GE-Phrase,218,44383,47057,2674,387,0.31,-863,-2287
43520,44770,1250,0,GE-Phase,preparation,43251,43910,659,390,0.312,269,860
43520,44770,1250,0,GE-Phase,stroke,43910,44383,473,473,0.378,-390,387
43520,44770,1250,0,GE-Phase,preparation,44383,44772,389,387,0.31,-863,-2
44770,45700,930,0,GE-Phrase,218,44383,47057,2674,930,1.0,387,-1357
44770,45700,930,0,GE-Phase,preparation,44383,44772,389,2,0.002,387,928
44770,45700,930,0,GE-Phase,stroke,44772,47057,2285,928,0.998,-2,-1357
45700,46309,609,0,GE-Phrase,218,44383,47057,2674,609,1.0,1317,-748
45700,46309,609,0,GE-Phase,stroke,44772,47057,2285,609,1.0,928,-748
46309,47250,941,0,GE-Phrase,218,44383,47057,2674,748,0.795,1926,193
46309,47250,941,0,GE-Phrase,219,47057,48898,1841,193,0.205,-748,-1648
46309,47250,941,0,GE-Phase,stroke,44772,47057,2285,748,0.795,1537,193
46309,47250,941,0,GE-Phase,stroke,47057,47597,540,193,0.205,-748,-347
14522,15590,1068,0,GE-Phrase,201,14551,15962,1411,1039,0.973,-29,-372
14522,15590,1068,0,GE-Phase,preparation,14551,14903,352,352,0.33,-29,687
14522,15590,1068,0,GE-Phase,stroke,14903,15374,471,471,0.441,-381,216
14522,15590,1068,0,GE-Phase,retraction,15374,15962,588,216,0.202,-852,-372
15590,15763,173,0,GE-Phrase,201,14551,15962,1411,173,1.0,1039,-199
15590,15763,173,0,GE-Phase,retraction,15374,15962,588,173,1.0,216,-199
15763,17363,1600,0,GE-Phrase,201,14551,15962,1411,199,0.124,1212,1401
15763,17363,1600,0,GE-Phase,retraction,15374,15962,588,199,0.124,389,1401
23045,24685,1640,0,GE-Phrase,203,21244,23590,2346,545,0.332,1801,1095
23045,24685,1640,0,GE-Phrase,204,23590,25583,1993,1095,0.668,-545,-898
23045,24685,1640,0,GE-Phase,hold,22444,23590,1146,545,0.332,601,1095
23045,24685,1640,0,GE-Phase,stroke,23590,24657,1067,1067,0.651,-545,28
23045,24685,1640,0,GE-Phase,hold,24657,25583,926,28,0.017,-1612,-898
24685,25317,632,0,GE-Phrase,204,23590,25583,1993,632,1.0,1095,-266
24685,25317,632,0,GE-Phase,hold,24657,25583,926,632,1.0,28,-266
25317,26200,883,0,GE-Phrase,204,23590,25583,1993,266,0.301,1727,617
25317,26200,883,0,GE-Phrase,205,25583,27102,1519,617,0.699,-266,-902
25317,26200,883,0,GE-Phase,hold,24657,25583,926,266,0.301,660,617
25317,26200,883,0,GE-Phase,preparation,25583,26149,566,566,0.641,-266,51
25317,26200,883,0,GE-Phase,stroke,26149,26650,501,51,0.058,-832,-450
26200,26302,102,0,GE-Phrase,205,25583,27102,1519,102,1.0,617,-800
26200,26302,102,0,GE-Phase,stroke,26149,26650,501,102,1.0,51,-348
26302,27124,822,0,GE-Phrase,205,25583,27102,1519,800,0.973,719,22
26302,27124,822,0,GE-Phrase,206,27102,28175,1073,22,0.027,-800,-1051
26302,27124,822,0,GE-Phase,stroke,26149,26650,501,348,0.423,153,474
26302,27124,822,0,GE-Phase,retraction,26650,27102,452,452,0.55,-348,22
26302,27124,822,0,GE-Phase,stroke,27102,27573,471,22,0.027,-800,-449
27124,28520,1396,0,GE-Phrase,206,27102,28175,1073,1051,0.753,22,345
27124,28520,1396,0,GE-Phase,stroke,27102,27573,471,449,0.322,22,947
27124,28520,1396,0,GE-Phase,retraction,27573,28175,602,602,0.431,-449,345
43520,44770,1250,0,GE-Phrase,217,43251,44383,1132,863,0.69,269,387
43520,44770,1250,0,GE-Phrase,218,44383,47057,2674,387,0.31,-863,-2287
43520,44770,1250,0,GE-Phase,preparation,43251,43910,659,390,0.312,269,860
43520,44770,1250,0,GE-Phase,stroke,43910,44383,473,473,0.378,-390,387
43520,44770,1250,0,GE-Phase,preparation,44383,44772,389,387,0.31,-863,-2
44770,45700,930,0,GE-Phrase,218,44383,47057,2674,930,1.0,387,-1357
44770,45700,930,0,GE-Phase,preparation,44383,44772,389,2,0.002,387,928
44770,45700,930,0,GE-Phase,stroke,44772,47057,2285,928,0.998,-2,-1357
45700,46309,609,0,GE-Phrase,218,44383,47057,2674,609,1.0,1317,-748
45700,46309,609,0,GE-Phase,stroke,44772,47057,2285,609,1.0,928,-748
46309,47250,941,0,GE-Phrase,218,44383,47057,2674,748,0.795,1926,193
46309,47250,941,0,GE-Phrase,219,47057,48898,1841,193,0.205,-748,-1648
46309,47250,941,0,GE-Phase,stroke,44772,47057,2285,748,0.795,1537,193
46309,47250,941,0,GE-Phase,stroke,47057,47597,540,193,0.205,-748,-347
14522,15590,1068,0,GE-Phrase,201,14551,15962,1411,1039,0.973,-29,-372
14522,15590,1068,0,GE-Phase,preparation,14551,14903,352,352,0.33,-29,687
14522,15590,1068,0,GE-Phase,stroke,14903,15374,471,471,0.441,-381,216
14522,15590,1068,0,GE-Phase,retraction,15374,15962,588,216,0.202,-852,-372
15590,15763,173,0,GE-Phrase,201,14551,15962,1411,173,1.0,1039,-199
15590,15763,173,0,GE-Phase,retraction,15374,15962,588,173,1.0,216,-199
15763,17363,1600,0,GE-Phrase,201,14551,15962,1411,199,0.124,1212,1401
15763,17363,1600,0,GE-Phase,retraction,15374,15962,588,199,0.124,389,1401
23045,24685,1640,0,GE-Phrase,203,21244,23590,2346,545,0.332,1801,1095
23045,24685,1640,0,GE-Phrase,204,23590,25583,1993,1095,0.668,-545,-898
23045,24685,1640,0,GE-Phase,hold,22444,23590,1146,545,0.332,601,1095
23045,24685,1640,0,GE-Phase,stroke,23590,24657,1067,1067,0.651,-545,28
23045,24685,1640,0,GE-Phase,hold,24657,25583,926,28,0.017,-1612,-898
24685,25317,632,0,GE-Phrase,204,23590,25583,1993,632,1.0,1095,-266
24685,25317,632,0,GE-Phase,hold,24657,25583,926,632,1.0,28,-266
25317,26200,883,0,GE-Phrase,204,23590,25583,1993,266,0.301,1727,617
25317,26200,883,0,GE-Phrase,205,25583,27102,1519,617,0.699,-266,-902
25317,26200,883,0,GE-Phase,hold,24657,25583,926,266,0.301,660,617
25317,26200,883,0,GE-Phase,preparation,25583,26149,566,566,0.641,-266,51
25317,26200,883,0,GE-Phase,stroke,26149,26650,501,51,0.058,-832,-450
26200,26302,102,0,GE-Phrase,205,25583,27102,1519,102,1.0,617,-800
26200,26302,102,0,GE-Phase,stroke,26149,26650,501,102,1.0,51,-348
26302,27124,822,0,GE-Phrase,205,25583,27102,1519,800,0.973,719,22
26302,27124,822,0,GE-Phrase,206,27102,28175,1073,22,0.027,-800,-1051
26302,27124,822,0,GE-Phase,stroke,26149,26650,501,348,0.423,153,474
26302,27124,822,0,GE-Phase,retraction,26650,27102,452,452,0.55,-348,22
26302,27124,822,0,GE-Phase,stroke,27102,27573,471,22,0.027,-800,-449
27124,28520,1396,0,GE-Phrase,206,27102,28175,1073,1051,0.753,22,345
27124,28520,1396,0,GE-Phase,stroke,27102,27573,471,449,0.322,22,947
27124,28520,1396,0,GE-Phase,retraction,27573,28175,602,602,0.431,-449,345
43520,44770,1250,0,GE-Phrase,217,43251,44383,1132,863,0.69,269,387
43520,44770,1250,0,GE-Phrase,218,44383,47057,2674,387,0.31,-863,-2287
43520,44770,1250,0,GE-Phase,preparation,43251,43910,659,390,0.312,269,860
43520,44770,1250,0,GE-Phase,stroke,43910,44383,473,473,0.378,-390,387
43520,44770,1250,0,GE-Phase,preparation,44383,44772,389,387,0.31,-863,-2
44770,45700,930,0,GE-Phrase,218,44383,47057,2674,930,1.0,387,-1357
44770,45700,930,0,GE-Phase,preparation,44383,44772,389,2,0.002,387,928
44770,45700,930,0,GE-Phase,stroke,44772,47057,2285,928,0.998,-2,-1357
45700,46309,609,0,GE-Phrase,218,44383,47057,2674,609,1.0,1317,-748
45700,46309,609,0,GE-Phase,stroke,44772,47057,2285,609,1.0,928,-748
46309,47250,941,0,GE-Phrase,218,44383,47057,2674,748,0.795,1926,193
46309,47250,941,0,GE-Phrase,219,47057,48898,1841,193,0.205,-748,-1648
46309,47250,941,0,GE-Phase,stroke,44772,47057,2285,748,0.795,1537,193
46309,47250,941,0,GE-Phase,stroke,47057,47597,540,193,0.205,-748,-347
14522,15590,1068,0,GE-Phrase,201,14551,15962,1411,1039,0.973,-29,-372
14522,15590,1068,0,GE-Phase,preparation,14551,14903,352,352,0.33,-29,687
14522,15590,1068,0,GE-Phase,stroke,14903,15374,471,471,0.441,-381,216
14522,15590,1068,0,GE-Phase,retraction,15374,15962,588,216,0.202,-852,-372
15590,15763,173,0,GE-Phrase,201,14551,15962,1411,173,1.0,1039,-199
15590,15763,173,0,GE-Phase,retraction,15374,15962,588,173,1.0,216,-199
15763,17363,1600,0,GE-Phrase,201,14551,15962,1411,199,0.124,1212,1401
15763,17363,1600,0,GE-Phase,retraction,15374,15962,588,199,0.124,389,1401
23045,24685,1640,0,GE-Phrase,203,21244,23590,2346,545,0.332,1801,1095
23045,24685,1640,0,GE-Phrase,204,23590,25583,1993,1095,0.668,-545,-898
23045,24685,1640,0,GE-Phase,hold,22444,23590,1146,545,0.332,601,1095
23045,24685,1640,0,GE-Phase,stroke,23590,24657,1067,1067,0.651,-545,28
23045,24685,1640,0,GE-Phase,hold,24657,25583,926,28,0.017,-1612,-898
24685,25317,632,0,GE-Phrase,204,23590,25583,1993,632,1.0,1095,-266
24685,25317,632,0,GE-Phase,hold,24657,25583,926,632,1.0,28,-266
25317,26200,883,0,GE-Phrase,204,23590,25583,1993,266,0.301,1727,617
25317,26200,883,0,GE-Phrase,205,25583,27102,1519,617,0.699,-266,-902
25317,26200,883,0,GE-Phase,hold,24657,25583,926,266,0.301,660,617
25317,26200,883,0,GE-Phase,preparation,25583,26149,566,566,0.641,-266,51
25317,26200,883,0,GE-Phase,stroke,26149,26650,501,51,0.058,-832,-450
26200,26302,102,0,GE-Phrase,205,25583,27102,1519,102,1.0,617,-800
26200,26302,102,0,GE-Phase,stroke,26149,26650,501,102,1.0,51,-348
26302,27124,822,0,GE-Phrase,205,25583,27102,1519,800,0.973,719,22
26302,27124,822,0,GE-Phrase,206,27102,28175,1073,22,0.027,-800,-1051
26302,27124,822,0,GE-Phase,stroke,26149,26650,501,348,0.423,153,474
26302,27124,822,0,GE-Phase,retraction,26650,27102,452,452,0.55,-348,22
26302,27124,822,0,GE-Phase,stroke,27102,27573,471,22,0.027,-800,-449
27124,28520,1396,0,GE-Phrase,206,27102,28175,1073,1051,0.753,22,345
27124,28520,1396,0,GE-Phase,stroke,27102,27573,471,449,0.322,22,947
27124,28520,1396,0,GE-Phase,retraction,27573,28175,602,602,0.431,-449,345
43520,44770,1250,0,GE-Phrase,217,43251,44383,1132,863,0.69,269,387
43520,44770,1250,0,GE-Phrase,218,44383,47057,2674,387,0.31,-863,-2287
43520,44770,1250,0,GE-Phase,preparation,43251,43910,659,390,0.312,269,860
43520,44770,1250,0,GE-Phase,stroke,43910,44383,473,473,0.378,-390,387
43520,44770,1250,0,GE-Phase,preparation,44383,44772,389,387,0.31,-863,-2
44770,45700,930,0,GE-Phrase,218,44383,47057,2674,930,1.0,387,-1357
44770,45700,930,0,GE-Phase,preparation,44383,44772,389,2,0.002,387,928
44770,45700,930,0,GE-Phase,stroke,44772,47057,2285,928,0.998,-2,-1357
45700,46309,609,0,GE-Phrase,218,44383,47057,2674,609,1.0,1317,-748
45700,46309,609,0,GE-Phase,stroke,44772,47057,2285,609,1.0,928,-748
46309,47250,941,0,GE-Phrase,218,44383,47057,2674,748,0.795,1926,193
46309,47250,941,0,GE-Phrase,219,47057,48898,1841,193,0.205,-748,-1648
46309,47250,941,0,GE-Phase,stroke,44772,47057,2285,748,0.795,1537,193
46309,47250,941,0,GE-Phase,stroke,47057,47597,540,193,0.205,-748,-347
14522,15590,1068,0,GE-Phrase,201,14551,15962,1411,1039,0.973,-29,-372
14522,15590,1068,0,GE-Phase,preparation,14551,14903,352,352,0.33,-29,687
14522,15590,1068,0,GE-Phase,stroke,14903,15374,471,471,0.441,-381,216
14522,15590,1068,0,GE-Phase,retraction,15374,15962,588,216,0.202,-852,-372
15590,15763,173,0,GE-Phrase,201,14551,15962,1411,173,1.0,1039,-199
15590,15763,173,0,GE-Phase,retraction,15374,15962,588,173,1.0,216,-199
15763,17363,1600,0,GE-Phrase,201,14551,15962,1411,199,0.124,1212,1401
15763,17363,1600,0,GE-Phase,retraction,15374,15962,588,199,0.124,389,1401
23045,24685,1640,0,GE-Phrase,203,21244,23590,2346,545,0.332,1801,1095
23045,24685,1640,0,GE-Phrase,204,23590,25583,1993,1095,0.668,-545,-898
23045,24685,1640,0,GE-Phase,hold,22444,23590,1146,545,0.332,601,1095
23045,24685,1640,0,GE-Phase,stroke,23590,24657,1067,1067,0.651,-545,28
23045,24685,1640,0,GE-Phase,hold,24657,25583,926,28,0.017,-1612,-898
24685,25317,632,0,GE-Phrase,204,23590,25583,1993,632,1.0,1095,-266
24685,25317,632,0,GE-Phase,hold,24657,25583,926,632,1.0,28,-266
25317,26200,883,0,GE-Phrase,204,23590,25583,1993,266,0.301,1727,617
25317,26200,883,0,GE-Phrase,205,25583,27102,1519,617,0.699,-266,-902
25317,26200,883,0,GE-Phase,hold,24657,25583,926,266,0.301,660,617
25317,26200,883,0,GE-Phase,preparation,25583,26149,566,566,0.641,-266,51
25317,26200,883,0,GE-Phase,stroke,26149,26650,501,51,0.058,-832,-450
26200,26302,102,0,GE-Phrase,205,25583,27102,1519,102,1.0,617,-800
26200,26302,102,0,GE-Phase,stroke,26149,26650,501,102,1.0,51,-348
26302,27124,822,0,GE-Phrase,205,25583,27102,1519,800,0.973,719,22
26302,27124,822,0,GE-Phrase,206,27102,28175,1073,22,0.027,-800,-1051
26302,27124,822,0,GE-Phase,stroke,26149,26650,501,348,0.423,153,474
26302,27124,822,0,GE-Phase,retraction,26650,27102,452,452,0.55,-348,22
26302,27124,822,0,GE-Phase,stroke,27102,27573,471,22,0.027,-800,-449
27124,28520,1396,0,GE-Phrase,206,27102,28175,1073,1051,0.753,22,345
27124,28520,1396,0,GE-Phase,stroke,27102,27573,471,449,0.322,22,947
27124,28520,1396,0,GE-Phase,retraction,27573,28175,602,602,0.431,-449,345
43520,44770,1250,0,GE-Phrase,217,43251,44383,1132,863,0.69,269,387
43520,44770,1250,0,GE-Phrase,218,44383,47057,2674,387,0.31,-863,-2287
43520,44770,1250,0,GE-Phase,preparation,43251,43910,659,390,0.312,269,860
43520,44770,1250,0,GE-Phase,stroke,43910,44383,473,473,0.378,-390,387
43520,44770,1250,0,GE-Phase,preparation,44383,44772,389,387,0.31,-863,-2
44770,45700,930,0,GE-Phrase,218,44383,47057,2674,930,1.0,387,-1357
44770,45700,930,0,GE-Phase,preparation,44383,44772,389,2,0.002,387,928
44770,45700,930,0,GE-Phase,stroke,44772,47057,2285,928,0.998,-2,-1357
45700,46309,609,0,GE-Phrase,218,44383,47057,2674,609,1.0,1317,-748
45700,46309,609,0,GE-Phase,stroke,44772,47057,2285,609,1.0,928,-748
46309,47250,941,0,GE-Phrase,218,44383,47057,2674,748,0.795,1926,193
46309,47250,941,0,GE-Phrase,219,47057,48898,1841,193,0.205,-748,-1648
46309,47250,941,0,GE-Phase,stroke,44772,47057,2285,748,0.795,1537,193
46309,47250,941,0,GE-Phase,stroke,47057,47597,540,193,0.205,-748,-347
14522,15590,1068,0,GE-Phrase,201,14551,15962,1411,1039,0.973,-29,-372
14522,15590,1068,0,GE-Phase,preparation,14551,14903,352,352,0.33,-29,687
14522,15590,1068,0,GE-Phase,stroke,14903,15374,471,471,0.441,-381,216
14522,15590,1068,0,GE-Phase,retraction,15374,15962,588,216,0.202,-852,-372
15590,15763,173,0,GE-Phrase,201,14551,15962,1411,173,1.0,1039,-199
15590,15763,173,0,GE-Phase,retraction,15374,15962,588,173,1.0,216,-199
15763,17363,1600,0,GE-Phrase,201,14551,15962,1411,199,0.124,1212,1401
15763,17363,1600,0,GE-Phase,retraction,15374,15962,588,199,0.124,389,1401
23045,24685,1640,0,GE-Phrase,203,21244,23590,2346,545,0.332,1801,1095
23045,24685,1640,0,GE-Phrase,204,23590,25583,1993,1095,0.668,-545,-898
23045,24685,1640,0,GE-Phase,hold,22444,23590,1146,545,0.332,601,1095
23045,24685,1640,0,GE-Phase,stroke,23590,24657,1067,1067,0.651,-545,28
23045,24685,1640,0,GE-Phase,hold,24657,25583,926,28,0.017,-1612,-898
24685,25317,632,0,GE-Phrase,204,23590,25583,1993,632,1.0,1095,-266
24685,25317,632,0,GE-Phase,hold,24657,25583,926,632,1.0,28,-266
25317,26200,883,0,GE-Phrase,204,23590,25583,1993,266,0.301,1727,617
25317,26200,883,0,GE-Phrase,205,25583,27102,1519,617,0.699,-266,-902
25317,26200,883,0,GE-Phase,hold,24657,25583,926,266,0.301,660,617
25317,26200,883,0,GE-Phase,preparation,25583,26149,566,566,0.641,-266,51
25317,26200,883,0,GE-Phase,stroke,26149,26650,501,51,0.058,-832,-450
26200,26302,102,0,GE-Phrase,205,25583,27102,1519,102,1.0,617,-800
26200,26302,102,0,GE-Phase,stroke,26149,26650,501,102,1.0,51,-348
26302,27124,822,0,GE-Phrase,205,25583,27102,1519,800,0.973,719,22
26302,27124,822,0,GE-Phrase,206,27102,28175,1073,22,0.027,-800,-1051
26302,27124,822,0,GE-Phase,stroke,26149,26650,501,348,0.423,153,474
26302,27124,822,0,GE-Phase,retraction,26650,27102,452,452,0.55,-348,22
26302,27124,822,0,GE-Phase,stroke,27102,27573,471,22,0.027,-800,-449
27124,28520,1396,0,GE-Phrase,206,27102,28175,1073,1051,0.753,22,345
27124,28520,1396,0,GE-Phase,stroke,27102,27573,471,449,0.322,22,947
27124,28520,1396,0,GE-Phase,retraction,27573,28175,602,602,0.431,-449,345
43520,44770,1250,0,GE-Phrase,217,43251,44383,1132,863,0.69,269,387
43520,44770,1250,0,GE-Phrase,218,44383,47057,2674,387,0.31,-863,-2287
43520,44770,1250,0,GE-Phase,preparation,43251,43910,659,390,0.312,269,860
43520,44770,1250,0,GE-Phase,stroke,43910,44383,473,473,0.378,-390,387
43520,44770,1250,0,GE-Phase,preparation,44383,44772,389,387,0.31,-863,-2
44770,45700,930,0,GE-Phrase,218,44383,47057,2674,930,1.0,387,-1357
44770,45700,930,0,GE-Phase,preparation,44383,44772,389,2,0.002,387,928
44770,45700,930,0,GE-Phase,stroke,44772,47057,2285,928,0.998,-2,-1357
45700,46309,609,0,GE-Phrase,218,44383,47057,2674,609,1.0,1317,-748
45700,46309,609,0,GE-Phase,stroke,44772,47057,2285,609,1.0,928,-748
46309,47250,941,0,GE-Phrase,218,44383,47057,2674,748,0.795,1926,193
46309,47250,941,0,GE-Phrase,219,47057,48898,1841,193,0.205,-748,-1648
46309,47250,941,0,GE-Phase,stroke,44772,47057,2285,748,0.795,1537,193
46309,47250,941,0,GE-Phase,stroke,47057,47597,540,193,0.205,-748,-347
14522,15590,1068,0,GE-Phrase,201,14551,15962,1411,1039,0.973,-29,-372
14522,15590,1068,0,GE-Phase,preparation,14551,14903,352,352,0.33,-29,687
14522,15590,1068,0,GE-Phase,stroke,14903,15374,471,471,0.441,-381,216
14522,15590,1068,0,GE-Phase,retraction,15374,15962,588,216,0.202,-852,-372
15590,15763,173,0,GE-Phrase,201,14551,15962,1411,173,1.0,1039,-199
15590,15763,173,0,GE-Phase,retraction,15374,15962,588,173,1.0,216,-199
15763,17363,1600,0,GE-Phrase,201,14551,15962,1411,199,0.124,1212,1401
15763,17363,1600,0,GE-Phase,retraction,15374,15962,588,199,0.124,389,1401
23045,24685,1640,0,GE-Phrase,203,21244,23590,2346,545,0.332,1801,1095
23045,24685,1640,0,GE-Phrase,204,23590,25583,1993,1095,0.668,-545,-898
23045,24685,1640,0,GE-Phase,hold,22444,23590,1146,545,0.332,601,1095
23045,24685,1640,0,GE-Phase,stroke,23590,24657,1067,1067,0.651,-545,28
23045,24685,1640,0,GE-Phase,hold,24657,25583,926,28,0.017,-1612,-898
24685,25317,632,0,GE-Phrase,204,23590,25583,1993,632,1.0,1095,-266
24685,25317,632,0,GE-Phase,hold,24657,25583,926,632,1.0,28,-266
25317,26200,883,0,GE-Phrase,204,23590,25583,1993,266,0.301,1727,617
25317,26200,883,0,GE-Phrase,205,25583,27102,1519,617,0.699,-266,-902
25317,26200,883,0,GE-Phase,hold,24657,25583,926,266,0.301,660,617
25317,26200,883,0,GE-Phase,preparation,25583,26149,566,566,0.641,-266,51
25317,26200,883,0,GE-Phase,stroke,26149,26650,501,51,0.058,-832,-450
26200,26302,102,0,GE-Phrase,205,25583,27102,1519,102,1.0,617,-800
26200,26302,102,0,GE-Phase,stroke,26149,26650,501,102,1.0,51,-348
26302,27124,822,0,GE-Phrase,205,25583,27102,1519,800,0.973,719,22
26302,27124,822,0,GE-Phrase,206,27102,28175,1073,22,0.027,-800,-1051
26302,27124,822,0,GE-Phase,stroke,26149,26650,501,348,0.423,153,474
26302,27124,822,0,GE-Phase,retraction,26650,27102,452,452,0.55,-348,22
26302,27124,822,0,GE-Phase,stroke,27102,27573,471,22,0.027,-800,-449
27124,28520,1396,0,GE-Phrase,206,27102,28175,1073,1051,0.753,22,345
27124,28520,1396,0,GE-Phase,stroke,27102,27573,471,449,0.322,22,947
27124,28520,1396,0,GE-Phase,retraction,27573,28175,602,602,0.431,-449,345
43520,44770,1250,0,GE-Phrase,217,43251,44383,1132,863,0.69,269,387
43520,44770,1250,0,GE-Phrase,218,44383,47057,2674,387,0.31,-863,-2287
43520,44770,1250,0,GE-Phase,preparation,43251,43910,659,390,0.312,269,860
43520,44770,1250,0,GE-Phase,stroke,43910,44383,473,473,0.378,-390,387
43520,44770,1250,0,GE-Phase,preparation,44383,44772,389,387,0.31,-863,-2
44770,45700,930,0,GE-Phrase,218,44383,47057,2674,930,1.0,387,-1357
44770,45700,930,0,GE-Phase,preparation,44383,44772,389,2,0.002,387,928
44770,45700,930,0,GE-Phase,stroke,44772,47057,2285,928,0.998,-2,-1357
45700,46309,609,0,GE-Phrase,218,44383,47057,2674,609,1.0,1317,-748
45700,46309,609,0,GE-Phase,stroke,44772,47057,2285,609,1.0,928,-748
46309,47250,941,0,GE-Phrase,218,44383,47057,2674,748,0.795,1926,193
46309,47250,941,0,GE-Phrase,219,47057,48898,1841,193,0.205,-748,-1648
46309,47250,941,0,GE-Phase,stroke,44772,47057,2285,748,0.795,1537,193
46309,47250,941,0,GE-Phase,stroke,47057,47597,540,193,0.205,-748,-347
14522,15590,1068,0,GE-Phrase,201,14551,15962,1411,1039,0.973,-29,-372
14522,15590,1068,0,GE-Phase,preparation,14551,14903,352,352,0.33,-29,687
14522,15590,1068,0,GE-Phase,stroke,14903,15374,471,471,0.441,-381,216
14522,15590,1068,0,GE-Phase,retraction,15374,15962,588,216,0.202,-852,-372
15590,15763,173,0,GE-Phrase,201,14551,15962,1411,173,1.0,1039,-199
15590,15763,173,0,GE-Phase,retraction,15374,15962,588,173,1.0,216,-199
15763,17363,1600,0,GE-Phrase,201,14551,15962,1411,199,0.124,1212,1401
15763,17363,1600,0,GE-Phase,retraction,15374,15962,588,199,0.124,389,1401
23045,24685,1640,0,GE-Phrase,203,21244,23590,2346,545,0.332,1801,1095
23045,24685,1640,0,GE-Phrase,204,23590,25583,1993,1095,0.668,-545,-898
23045,24685,1640,0,GE-Phase,hold,22444,23590,1146,545,0.332,601,1095
23045,24685,1640,0,GE-Phase,stroke,23590,24657,1067,1067,0.651,-545,28
23045,24685,1640,0,GE-Phase,hold,24657,25583,926,28,0.017,-1612,-898
24685,25317,632,0,GE-Phrase,204,23590,25583,1993,632,1.0,1095,-266
24685,25317,632,0,GE-Phase,hold,24657,25583,926,632,1.0,28,-266
25317,26200,883,0,GE-Phrase,204,23590,25583,1993,266,0.301,1727,617
25317,26200,883,0,GE-Phrase,205,25583,27102,1519,617,0.699,-266,-902
25317,26200,883,0,GE-Phase,hold,24657,25583,926,266,0.301,660,617
25317,26200,883,0,GE-Phase,preparation,25583,26149,566,566,0.641,-266,51
25317,26200,883,0,GE-Phase,stroke,26149,26650,501,51,0.058,-832,-450
26200,26302,102,0,GE-Phrase,205,25583,27102,1519,102,1.0,617,-800
26200,26302,102,0,GE-Phase,stroke,26149,26650,501,102,1.0,51,-348
26302,27124,822,0,GE-Phrase,205,25583,27102,1519,800,0.973,719,22
26302,27124,822,0,GE-Phrase,206,27102,28175,1073,22,0.027,-800,-1051
26302,27124,822,0,GE-Phase,stroke,26149,26650,501,348,0.423,153,474
26302,27124,822,0,GE-Phase,retraction,26650,27102,452,452,0.55,-348,22
26302,27124,822,0,GE-Phase,stroke,27102,27573,471,22,0.027,-800,-449
27124,28520,1396,0,GE-Phrase,206,27102,28175,1073,1051,0.753,22,345
27124,28520,1396,0,GE-Phase,stroke,27102,27573,471,449,0.322,22,947
27124,28520,1396,0,GE-Phase,retraction,27573,28175,602,602,0.431,-449,345
43520,44770,1250,0,GE-Phrase,217,43251,44383,1132,863,0.69,269,387
43520,44770,1250,0,GE-Phrase,218,44383,47057,2674,387,0.31,-863,-2287
43520,44770,1250,0,GE-Phase,preparation,43251,43910,659,390,0.312,269,860
43520,44770,1250,0,GE-Phase,stroke,43910,44383,473,473,0.378,-390,387
43520,44770,1250,0,GE-Phase,preparation,44383,44772,389,387,0.31,-863,-2
44770,45700,930,0,GE-Phrase,218,44383,47057,2674,930,1.0,387,-1357
44770,45700,930,0,GE-Phase,preparation,44383,44772,389,2,0.002,387,928
44770,45700,930,0,GE-Phase,stroke,44772,47057,2285,928,0.998,-2,-1357
45700,46309,609,0,GE-Phrase,218,44383,47057,2674,609,1.0,1317,-748
45700,46309,609,0,GE-Phase,stroke,44772,47057,2285,609,1.0,928,-748
46309,47250,941,0,GE-Phrase,218,44383,47057,2674,748,0.795,1926,193
46309,47250,941,0,GE-Phrase,219,47057,48898,1841,193,0.205,-748,-1648
46309,47250,941,0,GE-Phase,stroke,44772,47057,2285,748,0.795,1537,193
46309,47250,941,0,GE-Phase,stroke,47057,47597,540,193,0.205,-748,-347
14522,15590,1068,0,GE-Phrase,201,14551,15962,1411,1039,0.973,-29,-372
14522,15590,1068,0,GE-Phase,preparation,14551,14903,352,352,0.33,-29,687
14522,15590,1068,0,GE-Phase,stroke,14903,15374,471,471,0.441,-381,216
14522,15590,1068,0,GE-Phase,retraction,15374,15962,588,216,0.202,-852,-372
15590,15763,173,0,GE-Phrase,201,14551,15962,1411,173,1.0,1039,-199
15590,15763,173,0,GE-Phase,retraction,15374,15962,588,173,1.0,216,-199
15763,17363,1600,0,GE-Phrase,201,14551,15962,1411,199,0.124,1212,1401
15763,17363,1600,0,GE-Phase,retraction,15374,15962,588,199,0.124,389,1401
23045,24685,1640,0,GE-Phrase,203,21244,23590,2346,545,0.332,1801,1095
23045,24685,1640,0,GE-Phrase,204,23590,25583,1993,1095,0.668,-545,-898
23045,24685,1640,0,GE-Phase,hold,22444,23590,1146,545,0.332,601,1095
23045,24685,1640,0,GE-Phase,stroke,23590,24657,1067,1067,0.651,-545,28
23045,24685,1640,0,GE-Phase,hold,24657,25583,926,28,0.017,-1612,-898
24685,25317,632,0,GE-Phrase,204,23590,25583,1993,632,1.0,1095,-266
24685,25317,632,0,GE-Phase,hold,24657,25583,926,632,1.0,28,-266
25317,26200,883,0,GE-Phrase,204,23590,25583,1993,266,0.301,1727,617
25317,26200,883,0,GE-Phrase,205,25583,27102,1519,617,0.699,-266,-902
25317,26200,883,0,GE-Phase,hold,24657,25583,926,266,0.301,660,617
25317,26200,883,0,GE-Phase,preparation,25583,26149,566,566,0.641,-266,51
25317,26200,883,0,GE-Phase,stroke,26149,26650,501,51,0.058,-832,-450
26200,26302,102,0,GE-Phrase,205,25583,27102,1519,102,1.0,617,-800
26200,26302,102,0,GE-Phase,stroke,26149,26650,501,102,1.0,51,-348
26302,27124,822,0,GE-Phrase,205,25583,27102,1519,800,0.973,719,22
26302,27124,822,0,GE-Phrase,206,27102,28175,1073,22,0.027,-800,-1051
26302,27124,822,0,GE-Phase,stroke,26149,26650,501,348,0.423,153,474
26302,27124,822,0,GE-Phase,retraction,26650,27102,452,452,0.55,-348,22
26302,27124,822,0,GE-Phase,stroke,27102,27573,471,22,0.027,-800,-449
27124,28520,1396,0,GE-Phrase,206,27102,28175,1073,1051,0.753,22,345
27124,28520,1396,0,GE-Phase,stroke,27102,27573,471,449,0.322,22,947
27124,28520,1396,0,GE-Phase,retraction,27573,28175,602,602,0.431,-449,345
43520,44770,1250,0,GE-Phrase,217,43251,44383,1132,863,0.69,269,387
43520,44770,1250,0,GE-Phrase,218,44383,47057,2674,387,0.31,-863,-2287
43520,44770,1250,0,GE-Phase,preparation,43251,43910,659,390,0.312,269,860
43520,44770,1250,0,GE-Phase,stroke,43910,44383,473,473,0.378,-390,387
43520,44770,1250,0,GE-Phase,preparation,44383,44772,389,387,0.31,-863,-2
44770,45700,930,0,GE-Phrase,218,44383,47057,2674,930,1.0,387,-1357
44770,45700,930,0,GE-Phase,preparation,44383,44772,389,2,0.002,387,928
44770,45700,930,0,GE-Phase,stroke,44772,47057,2285,928,0.998,-2,-1357
45700,46309,609,0,GE-Phrase,218,44383,47057,2674,609,1.0,1317,-748
45700,46309,609,0,GE-Phase,stroke,44772,47057,2285,609,1.0,928,-748
46309,47250,941,0,GE-Phrase,218,44383,47057,2674,748,0.795,1926,193
46309,47250,941,0,GE-Phrase,219,47057,48898,1841,193,0.205,-748,-1648
46309,47250,941,0,GE-Phase,stroke,44772,47057,2285,748,0.795,1537,193
46309,47250,941,0,GE-Phase,stroke,47057,47597,540,193,0.205,-748,-347
14522,15590,1068,0,GE-Phrase,201,14551,15962,1411,1039,0.973,-29,-372
14522,15590,1068,0,GE-Phase,preparation,14551,14903,352,352,0.33,-29,687
14522,15590,1068,0,GE-Phase,stroke,14903,15374,471,471,0.441,-381,216
14522,15590,1068,0,GE-Phase,retraction,15374,15962,588,216,0.202,-852,-372
15590,15763,173,0,GE-Phrase,201,14551,15962,1411,173,1.0,1039,-199
15590,15763,173,0,GE-Phase,retraction,15374,15962,588,173,1.0,216,-199
15763,17363,1600,0,GE-Phrase,201,14551,15962,1411,199,0.124,1212,1401
15763,17363,1600,0,GE-Phase,retraction,15374,15962,588,199,0.124,389,1401
23045,24685,1640,0,GE-Phrase,203,21244,23590,2346,545,0.332,1801,1095
23045,24685,1640,0,GE-Phrase,204,23590,25583,1993,1095,0.668,-545,-898
23045,24685,1640,0,GE-Phase,hold,22444,23590,1146,545,0.332,601,1095
23045,24685,1640,0,GE-Phase,stroke,23590,24657,1067,1067,0.651,-545,28
23045,24685,1640,0,GE-Phase,hold,24657,25583,926,28,0.017,-1612,-898
24685,25317,632,0,GE-Phrase,204,23590,25583,1993,632,1.0,1095,-266
24685,25317,632,0,GE-Phase,hold,24657,25583,926,632,1.0,28,-266
25317,26200,883,0,GE-Phrase,204,23590,25583,1993,266,0.301,1727,617
25317,26200,883,0,GE-Phrase,205,25583,27102,1519,617,0.699,-266,-902
25317,26200,883,0,GE-Phase,hold,24657,25583,926,266,0.301,660,617
25317,26200,883,0,GE-Phase,preparation,25583,26149,566,566,0.641,-266,51
25317,26200,883,0,GE-Phase,stroke,26149,26650,501,51,0.058,-832,-450
26200,26302,102,0,GE-Phrase,205,25583,27102,1519,102,1.0,617,-800
26200,26302,102,0,GE-Phase,stroke,26149,26650,501,102,1.0,51,-348
26302,27124,822,0,GE-Phrase,205,25583,27102,1519,800,0.973,719,22
26302,27124,822,0,GE-Phrase,206,27102,28175,1073,22,0.027,-800,-1051
26302,27124,822,0,GE-Phase,stroke,26149,26650,501,348,0.423,153,474
26302,27124,822,0,GE-Phase,retraction,26650,27102,452,452,0.55,-348,22
26302,27124,822,0,GE-Phase,stroke,27102,27573,471,22,0.027,-800,-449
27124,28520,1396,0,GE-Phrase,206,27102,28175,1073,1051,0.753,22,345
27124,28520,1396,0,GE-Phase,stroke,27102,27573,471,449,0.322,22,947
27124,28520,1396,0,GE-Phase,retraction,27573,28175,602,602,0.431,-449,345
43520,44770,1250,0,GE-Phrase,217,43251,44383,1132,863,0.69,269,387
43520,44770,1250,0,GE-Phrase,218,44383,47057,2674,387,0.31,-863,-2287
43520,44770,1250,0,GE-Phase,preparation,43251,43910,659,390,0.312,269,860
43520,44770,1250,0,GE-Phase,stroke,43910,44383,473,473,0.378,-390,387
43520,44770,1250,0,GE-Phase,preparation,44383,44772,389,387,0.31,-863,-2
44770,45700,930,0,GE-Phrase,218,44383,47057,2674,930,1.0,387,-1357
44770,45700,930,0,GE-Phase,preparation,44383,44772,389,2,0.002,387,928
44770,45700,930,0,GE-Phase,stroke,44772,47057,2285,928,0.998,-2,-1357
45700,46309,609,0,GE-Phrase,218,44383,47057,2674,609,1.0,1317,-748
45700,46309,609,0,GE-Phase,stroke,44772,47057,2285,609,1.0,928,-748
46309,47250,941,0,GE-Phrase,218,44383,47057,2674,748,0.795,1926,193
46309,47250,941,0,GE-Phrase,219,47057,48898,1841,193,0.205,-748,-1648
46309,47250,941,0,GE-Phase,stroke,44772,47057,2285,748,0.795,1537,193
46309,47250,941,0,GE-Phase,stroke,47057,47597,540,193,0.205,-748,-347
14522,15590,1068,0,GE-Phrase,201,14551,15962,1411,1039,0.973,-29,-372
14522,15590,1068,0,GE-Phase,preparation,14551,14903,352,352,0.33,-29,687
14522,15590,1068,0,GE-Phase,stroke,14903,15374,471,471,0.441,-381,216
14522,15590,1068,0,GE-Phase,retraction,15374,15962,588,216,0.202,-852,-372
15590,15763,173,0,GE-Phrase,201,14551,15962,1411,173,1.0,1039,-199
15590,15763,173,0,GE-Phase,retraction,15374,15962,588,173,1.0,216,-199
15763,17363,1600,0,GE-Phrase,201,14551,15962,1411,199,0.124,1212,1401
15763,17363,1600,0,GE-Phase,retraction,15374,15962,588,199,0.124,389,1401
23045,24685,1640,0,GE-Phrase,203,21244,23590,2346,545,0.332,1801,1095
23045,24685,1640,0,GE-Phrase,204,23590,25583,1993,1095,0.668,-545,-898
23045,24685,1640,0,GE-Phase,hold,22444,23590,1146,545,0.332,601,1095
23045,24685,1640,0,GE-Phase,stroke,23590,24657,1067,1067,0.651,-545,28
23045,24685,1640,0,GE-Phase,hold,24657,25583,926,28,0.017,-1612,-898
24685,25317,632,0,GE-Phrase,204,23590,25583,1993,632,1.0,1095,-266
24685,25317,632,0,GE-Phase,hold,24657,25583,926,632,1.0,28,-266
25317,26200,883,0,GE-Phrase,204,23590,25583,1993,266,0.301,1727,617
25317,26200,883,0,GE-Phrase,205,25583,27102,1519,617,0.699,-266,-902
25317,26200,883,0,GE-Phase,hold,24657,25583,926,266,0.301,660,617
25317,26200,883,0,GE-Phase,preparation,25583,26149,566,566,0.641,-266,51
25317,26200,883,0,GE-Phase,stroke,26149,26650,501,51,0.058,-832,-450
26200,26302,102,0,GE-Phrase,205,25583,27102,1519,102,1.0,617,-800
26200,26302,102,0,GE-Phase,stroke,26149,26650,501,102,1.0,51,-348
26302,27124,822,0,GE-Phrase,205,25583,27102,1519,800,0.973,719,22
26302,27124,822,0,GE-Phrase,206,27102,28175,1073,22,0.027,-800,-1051
26302,27124,822,0,GE-Phase,stroke,26149,26650,501,348,0.423,153,474
26302,27124,822,0,GE-Phase,retraction,26650,27102,452,452,0.55,-348,22
26302,27124,822,0,GE-Phase,stroke,27102,27573,471,22,0.027,-800,-449
27124,28520,1396,0,GE-Phrase,206,27102,28175,1073,1051,0.753,22,345
27124,28520,1396,0,GE-Phase,stroke,27102,27573,471,449,0.322,22,947
27124,28520,1396,0,GE-Phase,retraction,27573,28175,602,602,0.431,-449,345
43520,44770,1250,0,GE-Phrase,217,43251,44383,1132,863,0.69,269,387
43520,44770,1250,0,GE-Phrase,218,44383,47057,2674,387,0.31,-863,-2287
43520,44770,1250,0,GE-Phase,preparation,43251,43910,659,390,0.312,269,860
43520,44770,1250,0,GE-Phase,stroke,43910,44383,473,473,0.378,-390,387
43520,44770,1250,0,GE-Phase,preparation,44383,44772,389,387,0.31,-863,-2
44770,45700,930,0,GE-Phrase,218,44383,47057,2674,930,1.0,387,-1357
44770,45700,930,0,GE-Phase,preparation,44383,44772,389,2,0.002,387,928
44770,45700,930,0,GE-Phase,stroke,44772,47057,2285,928,0.998,-2,-1357
45700,46309,609,0,GE-Phrase,218,44383,47057,2674,609,1.0,1317,-748
45700,46309,609,0,GE-Phase,stroke,44772,47057,2285,609,1.0,928,-748
46309,47250,941,0,GE-Phrase,218,44383,47057,2674,748,0.795,1926,193
46309,47250,941,0,GE-Phrase,219,47057,48898,1841,193,0.205,-748,-1648
46309,47250,941,0,GE-Phase,stroke,44772,47057,2285,748,0.795,1537,193
46309,47250,941,0,GE-Phase,stroke,47057,47597,540,193,0.205,-748,-347
14522,15590,1068,0,GE-Phrase,201,14551,15962,1411,1039,0.973,-29,-372
14522,15590,1068,0,GE-Phase,preparation,14551,14903,352,352,0.33,-29,687
14522,15590,1068,0,GE-Phase,stroke,14903,15374,471,471,0.441,-381,216
14522,15590,1068,0,GE-Phase,retraction,15374,15962,588,216,0.202,-852,-372
15590,15763,173,0,GE-Phrase,201,14551,15962,1411,173,1.0,1039,-199
15590,15763,173,0,GE-Phase,retraction,15374,15962,588,173,1.0,216,-199
15763,17363,1600,0,GE-Phrase,201,14551,15962,1411,199,0.124,1212,1401
15763,17363,1600,0,GE-Phase,retraction,15374,15962,588,199,0.124,389,1401
23045,24685,1640,0,GE-Phrase,203,21244,23590,2346,545,0.332,1801,1095
23045,24685,1640,0,GE-Phrase,204,23590,25583,1993,1095,0.668,-545,-898
23045,24685,1640,0,GE-Phase,hold,22444,23590,1146,545,0.332,601,1095
23045,24685,1640,0,GE-Phase,stroke,23590,24657,1067,1067,0.651,-545,28
23045,24685,1640,0,GE-Phase,hold,24657,25583,926,28,0.017,-1612,-898
24685,25317,632,0,GE-Phrase,204,23590,25583,1993,632,1.0,1095,-266
24685,25317,632,0,GE-Phase,hold,24657,25583,926,632,1.0,28,-266
25317,26200,883,0,GE-Phrase,204,23590,25583,1993,266,0.301,1727,617
25317,26200,883,0,GE-Phrase,205,25583,27102,1519,617,0.699,-266,-902
25317,26200,883,0,GE-Phase,hold,24657,25583,926,266,0.301,660,617
25317,26200,883,0,GE-Phase,preparation,25583,26149,566,566,0.641,-266,51
25317,26200,883,0,GE-Phase,stroke,26149,26650,501,51,0.058,-832,-450
26200,26302,102,0,GE-Phrase,205,25583,27102,1519,102,1.0,617,-800
26200,26302,102,0,GE-Phase,stroke,26149,26650,501,102,1.0,51,-348
26302,27124,822,0,GE-Phrase,205,25583,27102,1519,800,0.973,719,22
26302,27124,822,0,GE-Phrase,206,27102,28175,1073,22,0.027,-800,-1051
26302,27124,822,0,GE-Phase,stroke,26149,26650,501,348,0.423,153,474
26302,27124,822,0,GE-Phase,retraction,26650,27102,452,452,0.55,-348,22
26302,27124,822,0,GE-Phase,stroke,27102,27573,471,22,0.027,-800,-449
27124,28520,1396,0,GE-Phrase,206,27102,28175,1073,1051,0.753,22,345
27124,28520,1396,0,GE-Phase,stroke,27102,27573,471,449,0.322,22,947
27124,28520,1396,0,GE-Phase,retraction,27573,28175,602,602,0.431,-449,345
43520,44770,1250,0,GE-Phrase,217,43251,44383,1132,863,0.69,269,387
43520,44770,1250,0,GE-Phrase,218,44383,47057,2674,387,0.31,-863,-2287
43520,44770,1250,0,GE-Phase,preparation,43251,43910,659,390,0.312,269,860
43520,44770,1250,0,GE-Phase,stroke,43910,44383,473,473,0.378,-390,387
43520,44770,1250,0,GE-Phase,preparation,44383,44772,389,387,0.31,-863,-2
44770,45700,930,0,GE-Phrase,218,44383,47057,2674,930,1.0,387,-1357
44770,45700,930,0,GE-Phase,preparation,44383,44772,389,2,0.002,387,928
44770,45700,930,0,GE-Phase,stroke,44772,47057,2285,928,0.998,-2,-1357
45700,46309,609,0,GE-Phrase,218,44383,47057,2674,609,1.0,1317,-748
45700,46309,609,0,GE-Phase,stroke,44772,47057,2285,609,1.0,928,-748
46309,47250,941,0,GE-Phrase,218,44383,47057,2674,748,0.795,1926,193
46309,47250,941,0,GE-Phrase,219,47057,48898,1841,193,0.205,-748,-1648
46309,47250,941,0,GE-Phase,stroke,44772,47057,2285,748,0.795,1537,193
46309,47250,941,0,GE-Phase,stroke,47057,47597,540,193,0.205,-748,-347
14522,15590,1068,0,GE-Phrase,201,14551,15962,1411,1039,0.973,-29,-372
14522,15590,1068,0,GE-Phase,preparation,14551,14903,352,352,0.33,-29,687
14522,15590,1068,0,GE-Phase,stroke,14903,15374,471,471,0.441,-381,216
14522,15590,1068,0,GE-Phase,retraction,15374,15962,588,216,0.202,-852,-372
15590,15763,173,0,GE-Phrase,201,14551,15962,1411,173,1.0,1039,-199
15590,15763,173,0,GE-Phase,retraction,15374,15962,588,173,1.0,216,-199
15763,17363,1600,0,GE-Phrase,201,14551,15962,1411,199,0.124,1212,1401
15763,17363,1600,0,GE-Phase,retraction,15374,15962,588,199,0.124,389,1401
23045,24685,1640,0,GE-Phrase,203,21244,23590,2346,545,0.332,1801,1095
23045,24685,1640,0,GE-Phrase,204,23590,25583,1993,1095,0.668,-545,-898
23045,24685,1640,0,GE-Phase,hold,22444,23590,1146,545,0.332,601,1095
23045,24685,1640,0,GE-Phase,stroke,23590,24657,1067,1067,0.651,-545,28
23045,24685,1640,0,GE-Phase,hold,24657,25583,926,28,0.017,-1612,-898
24685,25317,632,0,GE-Phrase,204,23590,25583,1993,632,1.0,1095,-266
24685,25317,632,0,GE-Phase,hold,24657,25583,926,632,1.0,28,-266
25317,26200,883,0,GE-Phrase,204,23590,25583,1993,266,0.301,1727,617
25317,26200,883,0,GE-Phrase,205,25583,27102,1519,617,0.699,-266,-902
25317,26200,883,0,GE-Phase,hold,24657,25583,926,266,0.301,660,617
25317,26200,883,0,GE-Phase,preparation,25583,26149,566,566,0.641,-266,51
25317,26200,883,0,GE-Phase,stroke,26149,26650,501,51,0.058,-832,-450
26200,26302,102,0,GE-Phrase,205,25583,27102,1519,102,1.0,617,-800
26200,26302,102,0,GE-Phase,stroke,26149,26650,501,102,1.0,51,-348
26302,27124,822,0,GE-Phrase,205,25583,27102,1519,800,0.973,719,22
26302,27124,822,0,GE-Phrase,206,27102,28175,1073,22,0.027,-800,-1051
26302,27124,822,0,GE-Phase,stroke,26149,26650,501,348,0.423,153,474
26302,27124,822,0,GE-Phase,retraction,26650,27102,452,452,0.55,-348,22
26302,27124,822,0,GE-Phase,stroke,27102,27573,471,22,0.027,-800,-449
27124,28520,1396,0,GE-Phrase,206,27102,28175,1073,1051,0.753,22,345
27124,28520,1396,0,GE-Phase,stroke,27102,27573,471,449,0.322,22,947
27124,28520,1396,0,GE-Phase,retraction,27573,28175,602,602,0.431,-449,345
43520,44770,1250,0,GE-Phrase,217,43251,44383,1132,863,0.69,269,387
43520,44770,1250,0,GE-Phrase,218,44383,47057,2674,387,0.31,-863,-2287
43520,44770,1250,0,GE-Phase,preparation,43251,43910,659,390,0.312,269,860
43520,44770,1250,0,GE-Phase,stroke,43910,44383,473,473,0.378,-390,387
43520,44770,1250,0,GE-Phase,preparation,44383,44772,389,387,0.31,-863,-2
44770,45700,930,0,GE-Phrase,218,44383,47057,2674,930,1.0,387,-1357
44770,45700,930,0,GE-Phase,preparation,44383,44772,389,2,0.002,387,928
44770,45700,930,0,GE-Phase,stroke,44772,47057,2285,928,0.998,-2,-1357
45700,46309,609,0,GE-Phrase,218,44383,47057,2674,609,1.0,1317,-748
45700,46309,609,0,GE-Phase,stroke,44772,47057,2285,609,1.0,928,-748
46309,47250,941,0,GE-Phrase,218,44383,47057,2674,748,0.795,1926,193
46309,47250,941,0,GE-Phrase,219,47057,48898,1841,193,0.205,-748,-1648
46309,47250,941,0,GE-Phase,stroke,44772,47057,2285,748,0.795,1537,193
46309,47250,941,0,GE-Phase,stroke,47057,47597,540,193,0.205,-748,-347
14522,15590,1068,0,GE-Phrase,201,14551,15962,1411,1039,0.973,-29,-372
14522,15590,1068,0,GE-Phase,preparation,14551,14903,352,352,0.33,-29,687
14522,15590,1068,0,GE-Phase,stroke,14903,15374,471,471,0.441,-381,216
14522,15590,1068,0,GE-Phase,retraction,15374,15962,588,216,0.202,-852,-372
15590,15763,173,0,GE-Phrase,201,14551,15962,1411,173,1.0,1039,-199
15590,15763,173,0,GE-Phase,retraction,15374,15962,588,173,1.0,216,-199
15763,17363,1600,0,GE-Phrase,201,14551,15962,1411,199,0.124,1212,1401
15763,17363,1600,0,GE-Phase,retraction,15374,15962,588,199,0.124,389,1401
23045,24685,1640,0,GE-Phrase,203,21244,23590,2346,545,0.332,1801,1095
23045,24685,1640,0,GE-Phrase,204,23590,25583,1993,1095,0.668,-545,-898
23045,24685,1640,0,GE-Phase,hold,22444,23590,1146,545,0.332,601,1095
23045,24685,1640,0,GE-Phase,stroke,23590,24657,1067,1067,0.651,-545,28
23045,24685,1640,0,GE-Phase,hold,24657,25583,926,28,0.017,-1612,-898
24685,25317,632,0,GE-Phrase,204,23590,25583,1993,632,1.0,1095,-266
24685,25317,632,0,GE-Phase,hold,24657,25583,926,632,1.0,28,-266
25317,26200,883,0,GE-Phrase,204,23590,25583,1993,266,0.301,1727,617
25317,26200,883,0,GE-Phrase,205,25583,27102,1519,617,0.699,-266,-902
25317,26200,883,0,GE-Phase,hold,24657,25583,926,266,0.301,660,617
25317,26200,883,0,GE-Phase,preparation,25583,26149,566,566,0.641,-266,51
25317,26200,883,0,GE-Phase,stroke,26149,26650,501,51,0.058,-832,-450
26200,26302,102,0,GE-Phrase,205,25583,27102,1519,102,1.0,617,-800
26200,26302,102,0,GE-Phase,stroke,26149,26650,501,102,1.0,51,-348
26302,27124,822,0,GE-Phrase,205,25583,27102,1519,800,0.973,719,22
26302,27124,822,0,GE-Phrase,206,27102,28175,1073,22,0.027,-800,-1051
26302,27124,822,0,GE-Phase,stroke,26149,26650,501,348,0.423,153,474
26302,27124,822,0,GE-Phase,retraction,26650,27102,452,452,0.55,-348,22
26302,27124,822,0,GE-Phase,stroke,27102,27573,471,22,0.027,-800,-449
27124,28520,1396,0,GE-Phrase,206,27102,28175,1073,1051,0.753,22,345
27124,28520,1396,0,GE-Phase,stroke,27102,27573,471,449,0.322,22,947
27124,28520,1396,0,GE-Phase,retraction,27573,28175,602,602,0.431,-449,345
43520,44770,1250,0,GE-Phrase,217,43251,44383,1132,863,0.69,269,387
43520,44770,1250,0,GE-Phrase,218,44383,47057,2674,387,0.31,-863,-2287
43520,44770,1250,0,GE-Phase,preparation,43251,43910,659,390,0.312,269,860
43520,44770,1250,0,GE-Phase,stroke,43910,44383,473,473,0.378,-390,387
43520,44770,1250,0,GE-Phase,preparation,44383,44772,389,387,0.31,-863,-2
44770,45700,930,0,GE-Phrase,218,44383,47057,2674,930,1.0,387,-1357
44770,45700,930,0,GE-Phase,preparation,44383,44772,389,2,0.002,387,928
44770,45700,930,0,GE-Phase,stroke,44772,47057,2285,928,0.998,-2,-1357
45700,46309,609,0,GE-Phrase,218,44383,47057,2674,609,1.0,1317,-748
45700,46309,609,0,GE-Phase,stroke,44772,47057,2285,609,1.0,928,-748
46309,47250,941,0,GE-Phrase,218,44383,47057,2674,748,0.795,1926,193
46309,47250,941,0,GE-Phrase,219,47057,48898,1841,193,0.205,-748,-1648
46309,47250,941,0,GE-Phase,stroke,44772,47057,2285,748,0.795,1537,193
46309,47250,941,0,GE-Phase,stroke,47057,47597,540,193,0.205,-748,-347
14522,15590,1068,0,GE-Phrase,201,14551,15962,1411,1039,0.973,-29,-372
14522,15590,1068,0,GE-Phase,preparation,14551,14903,352,352,0.33,-29,687
14522,15590,1068,0,GE-Phase,stroke,14903,15374,471,471,0.441,-381,216
14522,15590,1068,0,GE-Phase,retraction,15374,15962,588,216,0.202,-852,-372
15590,15763,173,0,GE-Phrase,201,14551,15962,1411,173,1.0,1039,-199
15590,15763,173,0,GE-Phase,retraction,15374,15962,588,173,1.0,216,-199
15763,17363,1600,0,GE-Phrase,201,14551,15962,1411,199,0.124,1212,1401
15763,17363,1600,0,GE-Phase,retraction,15374,15962,588,199,0.124,389,1401
23045,24685,1640,0,GE-Phrase,203,21244,23590,2346,545,0.332,1801,1095
23045,24685,1640,0,GE-Phrase,204,23590,25583,1993,1095,0.668,-545,-898
23045,24685,1640,0,GE-Phase,hold,22444,23590,1146,545,0.332,601,1095
23045,24685,1640,0,GE-Phase,stroke,23590,24657,1067,1067,0.651,-545,28
23045,24685,1640,0,GE-Phase,hold,24657,25583,926,28,0.017,-1612,-898
24685,25317,632,0,GE-Phrase,204,23590,25583,1993,632,1.0,1095,-266
24685,25317,632,0,GE-Phase,hold,24657,25583,926,632,1.0,28,-266
25317,26200,883,0,GE-Phrase,204,23590,25583,1993,266,0.301,1727,617
25317,26200,883,0,GE-Phrase,205,25583,27102,1519,617,0.699,-266,-902
25317,26200,883,0,GE-Phase,hold,24657,25583,926,266,0.301,660,617
25317,26200,883,0,GE-Phase,preparation,25583,26149,566,566,0.641,-266,51
25317,26200,883,0,GE-Phase,stroke,26149,26650,501,51,0.058,-832,-450
26200,26302,102,0,GE-Phrase,205,25583,27102,1519,102,1.0,617,-800
26200,26302,102,0,GE-Phase,stroke,26149,26650,501,102,1.0,51,-348
26302,27124,822,0,GE-Phrase,205,25583,27102,1519,800,0.973,719,22
26302,27124,822,0,GE-Phrase,206,27102,28175,1073,22,0.027,-800,-1051
26302,27124,822,0,GE-Phase,stroke,26149,26650,501,348,0.423,153,474
26302,27124,822,0,GE-Phase,retraction,26650,27102,452,452,0.55,-348,22
26302,27124,822,0,GE-Phase,stroke,27102,27573,471,22,0.027,-800,-449
27124,28520,1396,0,GE-Phrase,206,27102,28175,1073,1051,0.753,22,345
27124,28520,1396,0,GE-Phase,stroke,27102,27573,471,449,0.322,22,947
27124,28520,1396,0,GE-Phase,retraction,27573,28175,602,602,0.431,-449,345
43520,44770,1250,0,GE-Phrase,217,43251,44383,1132,863,0.69,269,387
43520,44770,1250,0,GE-Phrase,218,44383,47057,2674,387,0.31,-863,-2287
43520,44770,1250,0,GE-Phase,preparation,43251,43910,659,390,0.312,269,860
43520,44770,1250,0,GE-Phase,stroke,43910,44383,473,473,0.378,-390,387
43520,44770,1250,0,GE-Phase,preparation,44383,44772,389,387,0.31,-863,-2
44770,45700,930,0,GE-Phrase,218,44383,47057,2674,930,1.0,387,-1357
44770,45700,930,0,GE-Phase,preparation,44383,44772,389,2,0.002,387,928
44770,45700,930,0,GE-Phase,stroke,44772,47057,2285,928,0.998,-2,-1357
45700,46309,609,0,GE-Phrase,218,44383,47057,2674,609,1.0,1317,-748
45700,46309,609,0,GE-Phase,stroke,44772,47057,2285,609,1.0,928,-748
46309,47250,941,0,GE-Phrase,218,44383,47057,2674,748,0.795,1926,193
46309,47250,941,0,GE-Phrase,219,47057,48898,1841,193,0.205,-748,-1648
46309,47250,941,0,GE-Phase,stroke,44772,47057,2285,748,0.795,1537,193
46309,47250,941,0,GE-Phase,stroke,47057,47597,540,193,0.205,-748,-347
14522,15590,1068,0,GE-Phrase,201,14551,15962,1411,1039,0.973,-29,-372
14522,15590,1068,0,GE-Phase,preparation,14551,14903,352,352,0.33,-29,687
14522,15590,1068,0,GE-Phase,stroke,14903,15374,471,471,0.441,-381,216
14522,15590,1068,0,GE-Phase,retraction,15374,15962,588,216,0.202,-852,-372
15590,15763,173,0,GE-Phrase,201,14551,15962,1411,173,1.0,1039,-199
15590,15763,173,0,GE-Phase,retraction,15374,15962,588,173,1.0,216,-199
15763,17363,1600,0,GE-Phrase,201,14551,15962,1411,199,0.124,1212,1401
15763,17363,1600,0,GE-Phase,retraction,15374,15962,588,199,0.124,389,1401
23045,24685,1640,0,GE-Phrase,203,21244,23590,2346,545,0.332,1801,1095
23045,24685,1640,0,GE-Phrase,204,23590,25583,1993,1095,0.668,-545,-898
23045,24685,1640,0,GE-Phase,hold,22444,23590,1146,545,0.332,601,1095
23045,24685,1640,0,GE-Phase,stroke,23590,24657,1067,1067,0.651,-545,28
23045,24685,1640,0,GE-Phase,hold,24657,25583,926,28,0.017,-1612,-898
24685,25317,632,0,GE-Phrase,204,23590,25583,1993,632,1.0,1095,-266
24685,25317,632,0,GE-Phase,hold,24657,25583,926,632,1.0,28,-266
25317,26200,883,0,GE-Phrase,204,23590,25583,1993,266,0.301,1727,617
25317,26200,883,0,GE-Phrase,205,25583,27102,1519,617,0.699,-266,-902
25317,26200,883,0,GE-Phase,hold,24657,25583,926,266,0.301,660,617
25317,26200,883,0,GE-Phase,preparation,25583,26149,566,566,0.641,-266,51
25317,26200,883,0,GE-Phase,stroke,26149,26650,501,51,0.058,-832,-450
26200,26302,102,0,GE-Phrase,205,25583,27102,1519,102,1.0,617,-800
26200,26302,102,0,GE-Phase,stroke,26149,26650,501,102,1.0,51,-348
26302,27124,822,0,GE-Phrase,205,25583,27102,1519,800,0.973,719,22
26302,27124,822,0,GE-Phrase,206,27102,28175,1073,22,0.027,-800,-1051
26302,27124,822,0,GE-Phase,stroke,26149,26650,501,348,0.423,153,474
26302,27124,822,0,GE-Phase,retraction,26650,27102,452,452,0.55,-348,22
26302,27124,822,0,GE-Phase,stroke,27102,27573,471,22,0.027,-800,-449
27124,28520,1396,0,GE-Phrase,206,27102,28175,1073,1051,0.753,22,345
27124,28520,1396,0,GE-Phase,stroke,27102,27573,471,449,0.322,22,947
27124,28520,1396,0,GE-Phase,retraction,27573,28175,602,602,0.431,-449,345
43520,44770,1250,0,GE-Phrase,217,43251,44383,1132,863,0.69,269,387
43520,44770,1250,0,GE-Phrase,218,44383,47057,2674,387,0.31,-863,-2287
43520,44770,1250,0,GE-Phase,preparation,43251,43910,659,390,0.312,269,860
43520,44770,1250,0,GE-Phase,stroke,43910,44383,473,473,0.378,-390,387
43520,44770,1250,0,GE-Phase,preparation,44383,44772,389,387,0.31,-863,-2
44770,45700,930,0,GE-Phrase,218,44383,47057,2674,930,1.0,387,-1357
44770,45700,930,0,GE-Phase,preparation,44383,44772,389,2,0.002,387,928
44770,45700,930,0,GE-Phase,stroke,44772,47057,2285,928,0.998,-2,-1357
45700,46309,609,0,GE-Phrase,218,44383,47057,2674,609,1.0,1317,-748
45700,46309,609,0,GE-Phase,stroke,44772,47057,2285,609,1.0,928,-748
46309,47250,941,0,GE-Phrase,218,44383,47057,2674,748,0.795,1926,193
46309,47250,941,0,GE-Phrase,219,47057,48898,1841,193,0.205,-748,-1648
46309,47250,941,0,GE-Phase,stroke,44772,47057,2285,748,0.795,1537,193
46309,47250,941,0,GE-Phase,stroke,47057,47597,540,193,0.205,-748,-347
14522,15590,1068,0,GE-Phrase,201,14551,15962,1411,1039,0.973,-29,-372
14522,15590,1068,0,GE-Phase,preparation,14551,14903,352,352,0.33,-29,687
14522,15590,1068,0,GE-Phase,stroke,14903,15374,471,471,0.441,-381,216
14522,15590,1068,0,GE-Phase,retraction,15374,15962,588,216,0.202,-852,-372
15590,15763,173,0,GE-Phrase,201,14551,15962,1411,173,1.0,1039,-199
15590,15763,173,0,GE-Phase,retraction,15374,15962,588,173,1.0,216,-199
15763,17363,1600,0,GE-Phrase,201,14551,15962,1411,199,0.124,1212,1401
15763,17363,1600,0,GE-Phase,retraction,15374,15962,588,199,0.124,389,1401
23045,24685,1640,0,GE-Phrase,203,21244,23590,2346,545,0.332,1801,1095
23045,24685,1640,0,GE-Phrase,204,23590,25583,1993,1095,0.668,-545,-898
23045,24685,1640,0,GE-Phase,hold,22444,23590,1146,545,0.332,601,1095
23045,24685,1640,0,GE-Phase,stroke,23590,24657,1067,1067,0.651,-545,28
23045,24685,1640,0,GE-Phase,hold,24657,25583,926,28,0.017,-1612,-898
24685,25317,632,0,GE-Phrase,204,23590,25583,1993,632,1.0,1095,-266
24685,25317,632,0,GE-Phase,hold,24657,25583,926,632,1.0,28,-266
25317,26200,883,0,GE-Phrase,204,23590,25583,1993,266,0.301,1727,617
25317,26200,883,0,GE-Phrase,205,25583,27102,1519,617,0.699,-266,-902
25317,26200,883,0,GE-Phase,hold,24657,25583,926,266,0.301,660,617
25317,26200,883,0,GE-Phase,preparation,25583,26149,566,566,0.641,-266,51
25317,26200,883,0,GE-Phase,stroke,26149,26650,501,51,0.058,-832,-450
26200,26302,102,0,GE-Phrase,205,25583,27102,1519,102,1.0,617,-800
26200,26302,102,0,GE-Phase,stroke,26149,26650,501,102,1.0,51,-348
26302,27124,822,0,GE-Phrase,205,25583,27102,1519,800,0.973,719,22
26302,27124,822,0,GE-Phrase,206,27102,28175,1073,22,0.027,-800,-1051
26302,27124,822,0,GE-Phase,stroke,26149,26650,501,348,0.423,153,474
26302,27124,822,0,GE-Phase,retraction,26650,27102,452,452,0.55,-348,22
26302,27124,822,0,GE-Phase,stroke,27102,27573,471,22,0.027,-800,-449
27124,28520,1396,0,GE-Phrase,206,27102,28175,1073,1051,0.753,22,345
27124,28520,1396,0,GE-Phase,stroke,27102,27573,471,449,0.322,22,947
27124,28520,1396,0,GE-Phase,retraction,27573,28175,602,602,0.431,-449,345
43520,44770,1250,0,GE-Phrase,217,43251,44383,1132,863,0.69,269,387
43520,44770,1250,0,GE-Phrase,218,44383,47057,2674,387,0.31,-863,-2287
43520,44770,1250,0,GE-Phase,preparation,43251,43910,659,390,0.312,269,860
43520,44770,1250,0,GE-Phase,stroke,43910,44383,473,473,0.378,-390,387
43520,44770,1250,0,GE-Phase,preparation,44383,44772,389,387,0.31,-863,-2
44770,45700,930,0,GE-Phrase,218,44383,47057,2674,930,1.0,387,-1357
44770,45700,930,0,GE-Phase,preparation,44383,44772,389,2,0.002,387,928
44770,45700,930,0,GE-Phase,stroke,44772,47057,2285,928,0.998,-2,-1357
45700,46309,609,0,GE-Phrase,218,44383,47057,2674,609,1.0,1317,-748
45700,46309,609,0,GE-Phase,stroke,44772,47057,2285,609,1.0,928,-748
46309,47250,941,0,GE-Phrase,218,44383,47057,2674,748,0.795,1926,193
46309,47250,941,0,GE-Phrase,219,47057,48898,1841,193,0.205,-748,-1648
46309,47250,941,0,GE-Phase,stroke,44772,47057,2285,748,0.795,1537,193
46309,47250,941,0,GE-Phase,stroke,47057,47597,540,193,0.205,-748,-347
14522,15590,1068,0,GE-Phrase,201,14551,15962,1411,1039,0.973,-29,-372
14522,15590,1068,0,GE-Phase,preparation,14551,14903,352,352,0.33,-29,687
14522,15590,1068,0,GE-Phase,stroke,14903,15374,471,471,0.441,-381,216
14522,15590,1068,0,GE-Phase,retraction,15374,15962,588,216,0.202,-852,-372
15590,15763,173,0,GE-Phrase,201,14551,15962,1411,173,1.0,1039,-199
15590,15763,173,0,GE-Phase,retraction,15374,15962,588,173,1.0,216,-199
15763,17363,1600,0,GE-Phrase,201,14551,15962,1411,199,0.124,1212,1401
15763,17363,1600,0,GE-Phase,retraction,15374,15962,588,199,0.124,389,1401
23045,24685,1640,0,GE-Phrase,203,21244,23590,2346,545,0.332,1801,1095
23045,24685,1640,0,GE-Phrase,204,23590,25583,1993,1095,0.668,-545,-898
23045,24685,1640,0,GE-Phase,hold,22444,23590,1146,545,0.332,601,1095
23045,24685,1640,0,GE-Phase,stroke,23590,24657,1067,1067,0.651,-545,28
23045,24685,1640,0,GE-Phase,hold,24657,25583,926,28,0.017,-1612,-898
24685,25317,632,0,GE-Phrase,204,23590,25583,1993,632,1.0,1095,-266
24685,25317,632,0,GE-Phase,hold,24657,25583,926,632,1.0,28,-266
25317,26200,883,0,GE-Phrase,204,23590,25583,1993,266,0.301,1727,617
25317,26200,883,0,GE-Phrase,205,25583,27102,1519,617,0.699,-266,-902
25317,26200,883,0,GE-Phase,hold,24657,25583,926,266,0.301,660,617
25317,26200,883,0,GE-Phase,preparation,25583,26149,566,566,0.641,-266,51
25317,26200,883,0,GE-Phase,stroke,26149,26650,501,51,0.058,-832,-450
26200,26302,102,0,GE-Phrase,205,25583,27102,1519,102,1.0,617,-800
26200,26302,102,0,GE-Phase,stroke,26149,26650,501,102,1.0,51,-348
26302,27124,822,0,GE-Phrase,205,25583,27102,1519,800,0.973,719,22
26302,27124,822,0,GE-Phrase,206,27102,28175,1073,22,0.027,-800,-1051
26302,27124,822,0,GE-Phase,stroke,26149,26650,501,348,0.423,153,474
26302,27124,822,0,GE-Phase,retraction,26650,27102,452,452,0.55,-348,22
26302,27124,822,0,GE-Phase,stroke,27102,27573,471,22,0.027,-800,-449
27124,28520,1396,0,GE-Phrase,206,27102,28175,1073,1051,0.753,22,345
27124,28520,1396,0,GE-Phase,stroke,27102,27573,471,449,0.322,22,947
27124,28520,1396,0,GE-Phase,retraction,27573,28175,602,602,0.431,-449,345
43520,44770,1250,0,GE-Phrase,217,43251,44383,1132,863,0.69,269,387
43520,44770,1250,0,GE-Phrase,218,44383,47057,2674,387,0.31,-863,-2287
43520,44770,1250,0,GE-Phase,preparation,43251,43910,659,390,0.312,269,860
43520,44770,1250,0,GE-Phase,stroke,43910,44383,473,473,0.378,-390,387
43520,44770,1250,0,GE-Phase,preparation,44383,44772,389,387,0.31,-863,-2
44770,45700,930,0,GE-Phrase,218,44383,47057,2674,930,1.0,387,-1357
44770,45700,930,0,GE-Phase,preparation,44383,44772,389,2,0.002,387,928
44770,45700,930,0,GE-Phase,stroke,44772,47057,2285,928,0.998,-2,-1357
45700,46309,609,0,GE-Phrase,218,44383,47057,2674,609,1.0,1317,-748
45700,46309,609,0,GE-Phase,stroke,44772,47057,2285,609,1.0,928,-748
46309,47250,941,0,GE-Phrase,218,44383,47057,2674,748,0.795,1926,193
46309,47250,941,0,GE-Phrase,219,47057,48898,1841,193,0.205,-748,-1648
46309,47250,941,0,GE-Phase,stroke,44772,47057,2285,748,0.795,1537,193
46309,47250,941,0,GE-Phase,stroke,47057,47597,540,193,0.205,-748,-347
14522,15590,1068,0,GE-Phrase,201,14551,15962,1411,1039,0.973,-29,-372
14522,15590,1068,0,GE-Phase,preparation,14551,14903,352,352,0.33,-29,687
14522,15590,1068,0,GE-Phase,stroke,14903,15374,471,471,0.441,-381,216
14522,15590,1068,0,GE-Phase,retraction,15374,15962,588,216,0.202,-852,-372
15590,15763,173,0,GE-Phrase,201,14551,15962,1411,173,1.0,1039,-199
15590,15763,173,0,GE-Phase,retraction,15374,15962,588,173,1.0,216,-199
15763,17363,1600,0,GE-Phrase,201,14551,15962,1411,199,0.124,1212,1401
15763,17363,1600,0,GE-Phase,retraction,15374,15962,588,199,0.124,389,1401
23045,24685,1640,0,GE-Phrase,203,21244,23590,2346,545,0.332,1801,1095
23045,24685,1640,0,GE-Phrase,204,23590,25583,1993,1095,0.668,-545,-898
23045,24685,1640,0,GE-Phase,hold,22444,23590,1146,545,0.332,601,1095
23045,24685,1640,0,GE-Phase,stroke,23590,24657,1067,1067,0.651,-545,28
23045,24685,1640,0,GE-Phase,hold,24657,25583,926,28,0.017,-1612,-898
24685,25317,632,0,GE-Phrase,204,23590,25583,1993,632,1.0,1095,-266
24685,25317,632,0,GE-Phase,hold,24657,25583,926,632,1.0,28,-266
25317,26200,883,0,GE-Phrase,204,23590,25583,1993,266,0.301,1727,617
25317,26200,883,0,GE-Phrase,205,25583,27102,1519,617,0.699,-266,-902
25317,26200,883,0,GE-Phase,hold,24657,25583,926,266,0.301,660,617
25317,26200,883,0,GE-Phase,preparation,25583,26149,566,566,0.641,-266,51
25317,26200,883,0,GE-Phase,stroke,26149,26650,501,51,0.058,-832,-450
26200,26302,102,0,GE-Phrase,205,25583,27102,1519,102,1.0,617,-800
26200,26302,102,0,GE-Phase,stroke,26149,26650,501,102,1.0,51,-348
26302,27124,822,0,GE-Phrase,205,25583,27102,1519,800,0.973,719,22
26302,27124,822,0,GE-Phrase,206,27102,28175,1073,22,0.027,-800,-1051
26302,27124,822,0,GE-Phase,stroke,26149,26650,501,348,0.423,153,474
26302,27124,822,0,GE-Phase,retraction,26650,27102,452,452,0.55,-348,22
26302,27124,822,0,GE-Phase,stroke,27102,27573,471,22,0.027,-800,-449
27124,28520,1396,0,GE-Phrase,206,27102,28175,1073,1051,0.753,22,345
27124,28520,1396,0,GE-Phase,stroke,27102,27573,471,449,0.322,22,947
27124,28520,1396,0,GE-Phase,retraction,27573,28175,602,602,0.431,-449,345
43520,44770,1250,0,GE-Phrase,217,43251,44383,1132,863,0.69,269,387
43520,44770,1250,0,GE-Phrase,218,44383,47057,2674,387,0.31,-863,-2287
43520,44770,1250,0,GE-Phase,preparation,43251,43910,659,390,0.312,269,860
43520,44770,1250,0,GE-Phase,stroke,43910,44383,473,473,0.378,-390,387
43520,44770,1250,0,GE-Phase,preparation,44383,44772,389,387,0.31,-863,-2
44770,45700,930,0,GE-Phrase,218,44383,47057,2674,930,1.0,387,-1357
44770,45700,930,0,GE-Phase,preparation,44383,44772,389,2,0.002,387,928
44770,45700,930,0,GE-Phase,stroke,44772,47057,2285,928,0.998,-2,-1357
45700,46309,609,0,GE-Phrase,218,44383,47057,2674,609,1.0,1317,-748
45700,46309,609,0,GE-Phase,stroke,44772,47057,2285,609,1.0,928,-748
46309,47250,941,0,GE-Phrase,218,44383,47057,2674,748,0.795,1926,193
46309,47250,941,0,GE-Phrase,219,47057,48898,1841,193,0.205,-748,-1648
46309,47250,941,0,GE-Phase,stroke,44772,47057,2285,748,0.795,1537,193
46309,47250,941,0,GE-Phase,stroke,47057,47597,540,193,0.205,-748,-347
14522,15590,1068,0,GE-Phrase,201,14551,15962,1411,1039,0.973,-29,-372
14522,15590,1068,0,GE-Phase,preparation,14551,14903,352,352,0.33,-29,687
14522,15590,1068,0,GE-Phase,stroke,14903,15374,471,471,0.441,-381,216
14522,15590,1068,0,GE-Phase,retraction,15374,15962,588,216,0.202,-852,-372
15590,15763,173,0,GE-Phrase,201,14551,15962,1411,173,1.0,1039,-199
15590,15763,173,0,GE-Phase,retraction,15374,15962,588,173,1.0,216,-199
15763,17363,1600,0,GE-Phrase,201,14551,15962,1411,199,0.124,1212,1401
15763,17363,1600,0,GE-Phase,retraction,15374,15962,588,199,0.124,389,1401
23045,24685,1640,0,GE-Phrase,203,21244,23590,2346,545,0.332,1801,1095
23045,24685,1640,0,GE-Phrase,204,23590,25583,1993,1095,0.668,-545,-898
23045,24685,1640,0,GE-Phase,hold,22444,23590,1146,545,0.332,601,1095
23045,24685,1640,0,GE-Phase,stroke,23590,24657,1067,1067,0.651,-545,28
23045,24685,1640,0,GE-Phase,hold,24657,25583,926,28,0.017,-1612,-898
24685,25317,632,0,GE-Phrase,204,23590,25583,1993,632,1.0,1095,-266
24685,25317,632,0,GE-Phase,hold,24657,25583,926,632,1.0,28,-266
25317,26200,883,0,GE-Phrase,204,23590,25583,1993,266,0.301,1727,617
25317,26200,883,0,GE-Phrase,205,25583,27102,1519,617,0.699,-266,-902
25317,26200,883,0,GE-Phase,hold,24657,25583,926,266,0.301,660,617
25317,26200,883,0,GE-Phase,preparation,25583,26149,566,566,0.641,-266,51
25317,26200,883,0,GE-Phase,stroke,26149,26650,501,51,0.058,-832,-450
26200,26302,102,0,GE-Phrase,205,25583,27102,1519,102,1.0,617,-800
26200,26302,102,0,GE-Phase,stroke,26149,26650,501,102,1.0,51,-348
26302,27124,822,0,GE-Phrase,205,25583,27102,1519,800,0.973,719,22
26302,27124,822,0,GE-Phrase,206,27102,28175,1073,22,0.027,-800,-1051
26302,27124,822,0,GE-Phase,stroke,26149,26650,501,348,0.423,153,474
26302,27124,822,0,GE-Phase,retraction,26650,27102,452,452,0.55,-348,22
26302,27124,822,0,GE-Phase,stroke,27102,27573,471,22,0.027,-800,-449
27124,28520,1396,0,GE-Phrase,206,27102,28175,1073,1051,0.753,22,345
27124,28520,1396,0,GE-Phase,stroke,27102,27573,471,449,0.322,22,947
27124,28520,1396,0,GE-Phase,retraction,27573,28175,602,602,0.431,-449,345
43520,44770,1250,0,GE-Phrase,217,43251,44383,1132,863,0.69,269,387
43520,44770,1250,0,GE-Phrase,218,44383,47057,2674,387,0.31,-863,-2287
43520,44770,1250,0,GE-Phase,preparation,43251,43910,659,390,0.312,269,860
43520,44770,1250,0,GE-Phase,stroke,43910,44383,473,473,0.378,-390,387
43520,44770,1250,0,GE-Phase,preparation,44383,44772,389,387,0.31,-863,-2
44770,45700,930,0,GE-Phrase,218,44383,47057,2674,930,1.0,387,-1357
44770,45700,930,0,GE-Phase,preparation,44383,44772,389,2,0.002,387,928
44770,45700,930,0,GE-Phase,stroke,44772,47057,2285,928,0.998,-2,-1357
45700,46309,609,0,GE-Phrase,218,44383,47057,2674,609,1.0,1317,-748
45700,46309,609,0,GE-Phase,stroke,44772,47057,2285,609,1.0,928,-748
46309,47250,941,0,GE-Phrase,218,44383,47057,2674,748,0.795,1926,193
46309,47250,941,0,GE-Phrase,219,47057,48898,1841,193,0.205,-748,-1648
46309,47250,941,0,GE-Phase,stroke,44772,47057,2285,748,0.795,1537,193
46309,47250,941,0,GE-Phase,stroke,47057,47597,540,193,0.205,-748,-347
14522,15590,1068,0,GE-Phrase,201,14551,15962,1411,1039,0.973,-29,-372
14522,15590,1068,0,GE-Phase,preparation,14551,14903,352,352,0.33,-29,687
14522,15590,1068,0,GE-Phase,stroke,14903,15374,471,471,0.441,-381,216
14522,15590,1068,0,GE-Phase,retraction,15374,15962,588,216,0.202,-852,-372
15590,15763,173,0,GE-Phrase,201,14551,15962,1411,173,1.0,1039,-199
15590,15763,173,0,GE-Phase,retraction,15374,15962,588,173,1.0,216,-199
15763,17363,1600,0,GE-Phrase,201,14551,15962,1411,199,0.124,1212,1401
15763,17363,1600,0,GE-Phase,retraction,15374,15962,588,199,0.124,389,1401
23045,24685,1640,0,GE-Phrase,203,21244,23590,2346,545,0.332,1801,1095
23045,24685,1640,0,GE-Phrase,204,23590,25583,1993,1095,0.668,-545,-898
23045,24685,1640,0,GE-Phase,hold,22444,23590,1146,545,0.332,601,1095
23045,24685,1640,0,GE-Phase,stroke,23590,24657,1067,1067,0.651,-545,28
23045,24685,1640,0,GE-Phase,hold,24657,25583,926,28,0.017,-1612,-898
24685,25317,632,0,GE-Phrase,204,23590,25583,1993,632,1.0,1095,-266
24685,25317,632,0,GE-Phase,hold,24657,25583,926,632,1.0,28,-266
25317,26200,883,0,GE-Phrase,204,23590,25583,1993,266,0.301,1727,617
25317,26200,883,0,GE-Phrase,205,25583,27102,1519,617,0.699,-266,-902
25317,26200,883,0,GE-Phase,hold,24657,25583,926,266,0.301,660,617
25317,26200,883,0,GE-Phase,preparation,25583,26149,566,566,0.641,-266,51
25317,26200,883,0,GE-Phase,stroke,26149,26650,501,51,0.058,-832,-450
26200,26302,102,0,GE-Phrase,205,25583,27102,1519,102,1.0,617,-800
26200,26302,102,0,GE-Phase,stroke,26149,26650,501,102,1.0,51,-348
26302,27124,822,0,GE-Phrase,205,25583,27102,1519,800,0.973,719,22
26302,27124,822,0,GE-Phrase,206,27102,28175,1073,22,0.027,-800,-1051
26302,27124,822,0,GE-Phase,stroke,26149,26650,501,348,0.423,153,474
26302,27124,822,0,GE-Phase,retraction,26650,27102,452,452,0.55,-348,22
26302,27124,822,0,GE-Phase,stroke,27102,27573,471,22,0.027,-800,-449
27124,28520,1396,0,GE-Phrase,206,27102,28175,1073,1051,0.753,22,345
27124,28520,1396,0,GE-Phase,stroke,27102,27573,471,449,0.322,22,947
27124,28520,1396,0,GE-Phase,retraction,27573,28175,602,602,0.431,-449,345
43520,44770,1250,0,GE-Phrase,217,43251,44383,1132,863,0.69,269,387
43520,44770,1250,0,GE-Phrase,218,44383,47057,2674,387,0.31,-863,-2287
43520,44770,1250,0,GE-Phase,preparation,43251,43910,659,390,0.312,269,860
43520,44770,1250,0,GE-Phase,stroke,43910,44383,473,473,0.378,-390,387
43520,44770,1250,0,GE-Phase,preparation,44383,44772,389,387,0.31,-863,-2
44770,45700,930,0,GE-Phrase,218,44383,47057,2674,930,1.0,387,-1357
44770,45700,930,0,GE-Phase,preparation,44383,44772,389,2,0.002,387,928
44770,45700,930,0,GE-Phase,stroke,44772,47057,2285,928,0.998,-2,-1357
45700,46309,609,0,GE-Phrase,218,44383,47057,2674,609,1.0,1317,-748
45700,46309,609,0,GE-Phase,stroke,44772,47057,2285,609,1.0,928,-748
46309,47250,941,0,GE-Phrase,218,44383,47057,2674,748,0.795,1926,193
46309,47250,941,0,GE-Phrase,219,47057,48898,1841,193,0.205,-748,-1648
46309,47250,941,0,GE-Phase,stroke,44772,47057,2285,748,0.795,1537,193
46309,47250,941,0,GE-Phase,stroke,47057,47597,540,193,0.205,-748,-347
14522,15590,1068,0,GE-Phrase,201,14551,15962,1411,1039,0.973,-29,-372
14522,15590,1068,0,GE-Phase,preparation,14551,14903,352,352,0.33,-29,687
14522,15590,1068,0,GE-Phase,stroke,14903,15374,471,471,0.441,-381,216
14522,15590,1068,0,GE-Phase,retraction,15374,15962,588,216,0.202,-852,-372
15590,15763,173,0,GE-Phrase,201,14551,15962,1411,173,1.0,1039,-199
15590,15763,173,0,GE-Phase,retraction,15374,15962,588,173,1.0,216,-199
15763,17363,1600,0,GE-Phrase,201,14551,15962,1411,199,0.124,1212,1401
15763,17363,1600,0,GE-Phase,retraction,15374,15962,588,199,0.124,389,1401
23045,24685,1640,0,GE-Phrase,203,21244,23590,2346,545,0.332,1801,1095
23045,24685,1640,0,GE-Phrase,204,23590,25583,1993,1095,0.668,-545,-898
23045,24685,1640,0,GE-Phase,hold,22444,23590,1146,545,0.332,601,1095
23045,24685,1640,0,GE-Phase,stroke,23590,24657,1067,1067,0.651,-545,28
23045,24685,1640,0,GE-Phase,hold,24657,25583,926,28,0.017,-1612,-898
24685,25317,632,0,GE-Phrase,204,23590,25583,1993,632,1.0,1095,-266
24685,25317,632,0,GE-Phase,hold,24657,25583,926,632,1.0,28,-266
25317,26200,883,0,GE-Phrase,204,23590,25583,1993,266,0.301,1727,617
25317,26200,883,0,GE-Phrase,205,25583,27102,1519,617,0.699,-266,-902
25317,26200,883,0,GE-Phase,hold,24657,25583,926,266,0.301,660,617
25317,26200,883,0,GE-Phase,preparation,25583,26149,566,566,0.641,-266,51
25317,26200,883,0,GE-Phase,stroke,26149,26650,501,51,0.058,-832,-450
26200,26302,102,0,GE-Phrase,205,25583,27102,1519,102,1.0,617,-800
26200,26302,102,0,GE-Phase,stroke,26149,26650,501,102,1.0,51,-348
26302,27124,822,0,GE-Phrase,205,25583,27102,1519,800,0.973,719,22
26302,27124,822,0,GE-Phrase,206,27102,28175,1073,22,0.027,-800,-1051
26302,27124,822,0,GE-Phase,stroke,26149,26650,501,348,0.423,153,474
26302,27124,822,0,GE-Phase,retraction,26650,27102,452,452,0.55,-348,22
26302,27124,822,0,GE-Phase,stroke,27102,27573,471,22,0.027,-800,-449
27124,28520,1396,0,GE-Phrase,206,27102,28175,1073,1051,0.753,22,345
27124,28520,1396,0,GE-Phase,stroke,27102,27573,471,449,0.322,22,947
27124,28520,1396,0,GE-Phase,retraction,27573,28175,602,602,0.431,-449,345
43520,44770,1250,0,GE-Phrase,217,43251,44383,1132,863,0.69,269,387
43520,44770,1250,0,GE-Phrase,218,44383,47057,2674,387,0.31,-863,-2287
43520,44770,1250,0,GE-Phase,preparation,43251,43910,659,390,0.312,269,860
43520,44770,1250,0,GE-Phase,stroke,43910,44383,473,473,0.378,-390,387
43520,44770,1250,0,GE-Phase,preparation,44383,44772,389,387,0.31,-863,-2
44770,45700,930,0,GE-Phrase,218,44383,47057,2674,930,1.0,387,-1357
44770,45700,930,0,GE-Phase,preparation,44383,44772,389,2,0.002,387,928
44770,45700,930,0,GE-Phase,stroke,44772,47057,2285,928,0.998,-2,-1357
45700,46309,609,0,GE-Phrase,218,44383,47057,2674,609,1.0,1317,-748
45700,46309,609,0,GE-Phase,stroke,44772,47057,2285,609,1.0,928,-748
46309,47250,941,0,GE-Phrase,218,44383,47057,2674,748,0.795,1926,193
46309,47250,941,0,GE-Phrase,219,47057,48898,1841,193,0.205,-748,-1648
46309,47250,941,0,GE-Phase,stroke,44772,47057,2285,748,0.795,1537,193
46309,47250,941,0,GE-Phase,stroke,47057,47597,540,193,0.205,-748,-347
14522,15590,1068,0,GE-Phrase,201,14551,15962,1411,1039,0.973,-29,-372
14522,15590,1068,0,GE-Phase,preparation,14551,14903,352,352,0.33,-29,687
14522,15590,1068,0,GE-Phase,stroke,14903,15374,471,471,0.441,-381,216
14522,15590,1068,0,GE-Phase,retraction,15374,15962,588,216,0.202,-852,-372
15590,15763,173,0,GE-Phrase,201,14551,15962,1411,173,1.0,1039,-199
15590,15763,173,0,GE-Phase,retraction,15374,15962,588,173,1.0,216,-199
15763,17363,1600,0,GE-Phrase,201,14551,15962,1411,199,0.124,1212,1401
15763,17363,1600,0,GE-Phase,retraction,15374,15962,588,199,0.124,389,1401
23045,24685,1640,0,GE-Phrase,203,21244,23590,2346,545,0.332,1801,1095
23045,24685,1640,0,GE-Phrase,204,23590,25583,1993,1095,0.668,-545,-898
23045,24685,1640,0,GE-Phase,hold,22444,23590,1146,545,0.332,601,1095
23045,24685,1640,0,GE-Phase,stroke,23590,24657,1067,1067,0.651,-545,28
23045,24685,1640,0,GE-Phase,hold,24657,25583,926,28,0.017,-1612,-898
24685,25317,632,0,GE-Phrase,204,23590,25583,1993,632,1.0,1095,-266
24685,25317,632,0,GE-Phase,hold,24657,25583,926,632,1.0,28,-266
25317,26200,883,0,GE-Phrase,204,23590,25583,1993,266,0.301,1727,617
25317,26200,883,0,GE-Phrase,205,25583,27102,1519,617,0.699,-266,-902
25317,26200,883,0,GE-Phase,hold,24657,25583,926,266,0.301,660,617
25317,26200,883,0,GE-Phase,preparation,25583,26149,566,566,0.641,-266,51
25317,26200,883,0,GE-Phase,stroke,26149,26650,501,51,0.058,-832,-450
26200,26302,102,0,GE-Phrase,205,25583,27102,1519,102,1.0,617,-800
26200,26302,102,0,GE-Phase,stroke,26149,26650,501,102,1.0,51,-348
26302,27124,822,0,GE-Phrase,205,25583,27102,1519,800,0.973,719,22
26302,27124,822,0,GE-Phrase,206,27102,28175,1073,22,0.027,-800,-1051
26302,27124,822,0,GE-Phase,stroke,26149,26650,501,348,0.423,153,474
26302,27124,822,0,GE-Phase,retraction,26650,27102,452,452,0.55,-348,22
26302,27124,822,0,GE-Phase,stroke,27102,27573,471,22,0.027,-800,-449
27124,28520,1396,0,GE-Phrase,206,27102,28175,1073,1051,0.753,22,345
27124,28520,1396,0,GE-Phase,stroke,27102,27573,471,449,0.322,22,947
27124,28520,1396,0,GE-Phase,retraction,27573,28175,602,602,0.431,-449,345
43520,44770,1250,0,GE-Phrase,217,43251,44383,1132,863,0.69,269,387
43520,44770,1250,0,GE-Phrase,218,44383,47057,2674,387,0.31,-863,-2287
43520,44770,1250,0,GE-Phase,preparation,43251,43910,659,390,0.312,269,860
43520,44770,1250,0,GE-Phase,stroke,43910,44383,473,473,0.378,-390,387
43520,44770,1250,0,GE-Phase,preparation,44383,44772,389,387,0.31,-863,-2
44770,45700,930,0,GE-Phrase,218,44383,47057,2674,930,1.0,387,-1357
44770,45700,930,0,GE-Phase,preparation,44383,44772,389,2,0.002,387,928
44770,45700,930,0,GE-Phase,stroke,44772,47057,2285,928,0.998,-2,-1357
45700,46309,609,0,GE-Phrase,218,44383,47057,2674,609,1.0,1317,-748
45700,46309,609,0,GE-Phase,stroke,44772,47057,2285,609,1.0,928,-748
46309,47250,941,0,GE-Phrase,218,44383,47057,2674,748,0.795,1926,193
46309,47250,941,0,GE-Phrase,219,47057,48898,1841,193,0.205,-748,-1648
46309,47250,941,0,GE-Phase,stroke,44772,47057,2285,748,0.795,1537,193
46309,47250,941,0,GE-Phase,stroke,47057,47597,540,193,0.205,-748,-347
14522,15590,1068,0,GE-Phrase,201,14551,15962,1411,1039,0.973,-29,-372
14522,15590,1068,0,GE-Phase,preparation,14551,14903,352,352,0.33,-29,687
14522,15590,1068,0,GE-Phase,stroke,14903,15374,471,471,0.441,-381,216
14522,15590,1068,0,GE-Phase,retraction,15374,15962,588,216,0.202,-852,-372
15590,15763,173,0,GE-Phrase,201,14551,15962,1411,173,1.0,1039,-199
15590,15763,173,0,GE-Phase,retraction,15374,15962,588,173,1.0,216,-199
15763,17363,1600,0,GE-Phrase,201,14551,15962,1411,199,0.124,1212,1401
15763,17363,1600,0,GE-Phase,retraction,15374,15962,588,199,0.124,389,1401
23045,24685,1640,0,GE-Phrase,203,21244,23590,2346,545,0.332,1801,1095
23045,24685,1640,0,GE-Phrase,204,23590,25583,1993,1095,0.668,-545,-898
23045,24685,1640,0,GE-Phase,hold,22444,23590,1146,545,0.332,601,1095
23045,24685,1640,0,GE-Phase,stroke,23590,24657,1067,1067,0.651,-545,28
23045,24685,1640,0,GE-Phase,hold,24657,25583,926,28,0.017,-1612,-898
24685,25317,632,0,GE-Phrase,204,23590,25583,1993,632,1.0,1095,-266
24685,25317,632,0,GE-Phase,hold,24657,25583,926,632,1.0,28,-266
25317,26200,883,0,GE-Phrase,204,23590,25583,1993,266,0.301,1727,617
25317,26200,883,0,GE-Phrase,205,25583,27102,1519,617,0.699,-266,-902
25317,26200,883,0,GE-Phase,hold,24657,25583,926,266,0.301,660,617
25317,26200,883,0,GE-Phase,preparation,25583,26149,566,566,0.641,-266,51
25317,26200,883,0,GE-Phase,stroke,26149,26650,501,51,0.058,-832,-450
26200,26302,102,0,GE-Phrase,205,25583,27102,1519,102,1.0,617,-800
26200,26302,102,0,GE-Phase,stroke,26149,26650,501,102,1.0,51,-348
26302,27124,822,0,GE-Phrase,205,25583,27102,1519,800,0.973,719,22
26302,27124,822,0,GE-Phrase,206,27102,28175,1073,22,0.027,-800,-1051
26302,27124,822,0,GE-Phase,stroke,26149,26650,501,348,0.423,153,474
26302,27124,822,0,GE-Phase,retraction,26650,27102,452,452,0.55,-348,22
26302,27124,822,0,GE-Phase,stroke,27102,27573,471,22,0.027,-800,-449
27124,28520,1396,0,GE-Phrase,206,27102,28175,1073,1051,0.753,22,345
27124,28520,1396,0,GE-Phase,stroke,27102,27573,471,449,0.322,22,947
27124,28520,1396,0,GE-Phase,retraction,27573,28175,602,602,0.431,-449,345
43520,44770,1250,0,GE-Phrase,217,43251,44383,1132,863,0.69,269,387
43520,44770,1250,0,GE-Phrase,218,44383,47057,2674,387,0.31,-863,-2287
43520,44770,1250,0,GE-Phase,preparation,43251,43910,659,390,0.312,269,860
43520,44770,1250,0,GE-Phase,stroke,43910,44383,473,473,0.378,-390,387
43520,44770,1250,0,GE-Phase,preparation,44383,44772,389,387,0.31,-863,-2
44770,45700,930,0,GE-Phrase,218,44383,47057,2674,930,1.0,387,-1357
44770,45700,930,0,GE-Phase,preparation,44383,44772,389,2,0.002,387,928
44770,45700,930,0,GE-Phase,stroke,44772,47057,2285,928,0.998,-2,-1357
45700,46309,609,0,GE-Phrase,218,44383,47057,2674,609,1.0,1317,-748
45700,46309,609,0,GE-Phase,stroke,44772,47057,2285,609,1.0,928,-748
46309,47250,941,0,GE-Phrase,218,44383,47057,2674,748,0.795,1926,193
46309,47250,941,0,GE-Phrase,219,47057,48898,1841,193,0.205,-748,-1648
46309,47250,941,0,GE-Phase,stroke,44772,47057,2285,748,0.795,1537,193
46309,47250,941,0,GE-Phase,stroke,47057,47597,540,193,0.205,-748,-347
14522,15590,1068,0,GE-Phrase,201,14551,15962,1411,1039,0.973,-29,-372
14522,15590,1068,0,GE-Phase,preparation,14551,14903,352,352,0.33,-29,687
14522,15590,1068,0,GE-Phase,stroke,14903,15374,471,471,0.441,-381,216
14522,15590,1068,0,GE-Phase,retraction,15374,15962,588,216,0.202,-852,-372
15590,15763,173,0,GE-Phrase,201,14551,15962,1411,173,1.0,1039,-199
15590,15763,173,0,GE-Phase,retraction,15374,15962,588,173,1.0,216,-199
15763,17363,1600,0,GE-Phrase,201,14551,15962,1411,199,0.124,1212,1401
15763,17363,1600,0,GE-Phase,retraction,15374,15962,588,199,0.124,389,1401
23045,24685,1640,0,GE-Phrase,203,21244,23590,2346,545,0.332,1801,1095
23045,24685,1640,0,GE-Phrase,204,23590,25583,1993,1095,0.668,-545,-898
23045,24685,1640,0,GE-Phase,hold,22444,23590,1146,545,0.332,601,1095
23045,24685,1640,0,GE-Phase,stroke,23590,24657,1067,1067,0.651,-545,28
23045,24685,1640,0,GE-Phase,hold,24657,25583,926,28,0.017,-1612,-898
24685,25317,632,0,GE-Phrase,204,23590,25583,1993,632,1.0,1095,-266
24685,25317,632,0,GE-Phase,hold,24657,25583,926,632,1.0,28,-266
25317,26200,883,0,GE-Phrase,204,23590,25583,1993,266,0.301,1727,617
25317,26200,883,0,GE-Phrase,205,25583,27102,1519,617,0.699,-266,-902
25317,26200,883,0,GE-Phase,hold,24657,25583,926,266,0.301,660,617
25317,26200,883,0,GE-Phase,preparation,25583,26149,566,566,0.641,-266,51
25317,26200,883,0,GE-Phase,stroke,26149,26650,501,51,0.058,-832,-450
26200,26302,102,0,GE-Phrase,205,25583,27102,1519,102,1.0,617,-800
26200,26302,102,0,GE-Phase,stroke,26149,26650,501,102,1.0,51,-348
26302,27124,822,0,GE-Phrase,205,25583,27102,1519,800,0.973,719,22
26302,27124,822,0,GE-Phrase,206,27102,28175,1073,22,0.027,-800,-1051
26302,27124,822,0,GE-Phase,stroke,26149,26650,501,348,0.423,153,474
26302,27124,822,0,GE-Phase,retraction,26650,27102,452,452,0.55,-348,22
26302,27124,822,0,GE-Phase,stroke,27102,27573,471,22,0.027,-800,-449
27124,28520,1396,0,GE-Phrase,206,27102,28175,1073,1051,0.753,22,345
27124,28520,1396,0,GE-Phase,stroke,27102,27573,471,449,0.322,22,947
27124,28520,1396,0,GE-Phase,retraction,27573,28175,602,602,0.431,-449,345
43520,44770,1250,0,GE-Phrase,217,43251,44383,1132,863,0.69,269,387
43520,44770,1250,0,GE-Phrase,218,44383,47057,2674,387,0.31,-863,-2287
43520,44770,1250,0,GE-Phase,preparation,43251,43910,659,390,0.312,269,860
43520,44770,1250,0,GE-Phase,stroke,43910,44383,473,473,0.378,-390,387
43520,44770,1250,0,GE-Phase,preparation,44383,44772,389,387,0.31,-863,-2
44770,45700,930,0,GE-Phrase,218,44383,47057,2674,930,1.0,387,-1357
44770,45700,930,0,GE-Phase,preparation,44383,44772,389,2,0.002,387,928
44770,45700,930,0,GE-Phase,stroke,44772,47057,2285,928,0.998,-2,-1357
45700,46309,609,0,GE-Phrase,218,44383,47057,2674,609,1.0,1317,-748
45700,46309,609,0,GE-Phase,stroke,44772,47057,2285,609,1.0,928,-748
46309,47250,941,0,GE-Phrase,218,44383,47057,2674,748,0.795,1926,193
46309,47250,941,0,GE-Phrase,219,47057,48898,1841,193,0.205,-748,-1648
46309,47250,941,0,GE-Phase,stroke,44772,47057,2285,748,0.795,1537,193
46309,47250,941,0,GE-Phase,stroke,47057,47597,540,193,0.205,-748,-347
14522,15590,1068,0,GE-Phrase,201,14551,15962,1411,1039,0.973,-29,-372
14522,15590,1068,0,GE-Phase,preparation,14551,14903,352,352,0.33,-29,687
14522,15590,1068,0,GE-Phase,stroke,14903,15374,471,471,0.441,-381,216
14522,15590,1068,0,GE-Phase,retraction,15374,15962,588,216,0.202,-852,-372
15590,15763,173,0,GE-Phrase,201,14551,15962,1411,173,1.0,1039,-199
15590,15763,173,0,GE-Phase,retraction,15374,15962,588,173,1.0,216,-199
15763,17363,1600,0,GE-Phrase,201,14551,15962,1411,199,0.124,1212,1401
15763,17363,1600,0,GE-Phase,retraction,15374,15962,588,199,0.124,389,1401
23045,24685,1640,0,GE-Phrase,203,21244,23590,2346,545,0.332,1801,1095
23045,24685,1640,0,GE-Phrase,204,23590,25583,1993,1095,0.668,-545,-898
23045,24685,1640,0,GE-Phase,hold,22444,23590,1146,545,0.332,601,1095
23045,24685,1640,0,GE-Phase,stroke,23590,24657,1067,1067,0.651,-545,28
23045,24685,1640,0,GE-Phase,hold,24657,25583,926,28,0.017,-1612,-898
24685,25317,632,0,GE-Phrase,204,23590,25583,1993,632,1.0,1095,-266
24685,25317,632,0,GE-Phase,hold,24657,25583,926,632,1.0,28,-266
25317,26200,883,0,GE-Phrase,204,23590,25583,1993,266,0.301,1727,617
25317,26200,883,0,GE-Phrase,205,25583,27102,1519,617,0.699,-266,-902
25317,26200,883,0,GE-Phase,hold,24657,25583,926,266,0.301,660,617
25317,26200,883,0,GE-Phase,preparation,25583,26149,566,566,0.641,-266,51
25317,26200,883,0,GE-Phase,stroke,26149,26650,501,51,0.058,-832,-450
26200,26302,102,0,GE-Phrase,205,25583,27102,1519,102,1.0,617,-800
26200,26302,102,0,GE-Phase,stroke,26149,26650,501,102,1.0,51,-348
26302,27124,822,0,GE-Phrase,205,25583,27102,1519,800,0.973,719,22
26302,27124,822,0,GE-Phrase,206,27102,28175,1073,22,0.027,-800,-1051
26302,27124,822,0,GE-Phase,stroke,26149,26650,501,348,0.423,153,474
26302,27124,822,0,GE-Phase,retraction,26650,27102,452,452,0.55,-348,22
26302,27124,822,0,GE-Phase,stroke,27102,27573,471,22,0.027,-800,-449
27124,28520,1396,0,GE-Phrase,206,27102,28175,1073,1051,0.753,22,345
27124,28520,1396,0,GE-Phase,stroke,27102,27573,471,449,0.322,22,947
27124,28520,1396,0,GE-Phase,retraction,27573,28175,602,602,0.431,-449,345
43520,44770,1250,0,GE-Phrase,217,43251,44383,1132,863,0.69,269,387
43520,44770,1250,0,GE-Phrase,218,44383,47057,2674,387,0.31,-863,-2287
43520,44770,1250,0,GE-Phase,preparation,43251,43910,659,390,0.312,269,860
43520,44770,1250,0,GE-Phase,stroke,43910,44383,473,473,0.378,-390,387
43520,44770,1250,0,GE-Phase,preparation,44383,44772,389,387,0.31,-863,-2
44770,45700,930,0,GE-Phrase,218,44383,47057,2674,930,1.0,387,-1357
44770,45700,930,0,GE-Phase,preparation,44383,44772,389,2,0.002,387,928
44770,45700,930,0,GE-Phase,stroke,44772,47057,2285,928,0.998,-2,-1357
45700,46309,609,0,GE-Phrase,218,44383,47057,2674,609,1.0,1317,-748
45700,46309,609,0,GE-Phase,stroke,44772,47057,2285,609,1.0,928,-748
46309,47250,941,0,GE-Phrase,218,44383,47057,2674,748,0.795,1926,193
46309,47250,941,0,GE-Phrase,219,47057,48898,1841,193,0.205,-748,-1648
46309,47250,941,0,GE-Phase,stroke,44772,47057,2285,748,0.795,1537,193
46309,47250,941,0,GE-Phase,stroke,47057,47597,540,193,0.205,-748,-347
14522,15590,1068,0,GE-Phrase,201,14551,15962,1411,1039,0.973,-29,-372
14522,15590,1068,0,GE-Phase,preparation,14551,14903,352,352,0.33,-29,687
14522,15590,1068,0,GE-Phase,stroke,14903,15374,471,471,0.441,-381,216
14522,15590,1068,0,GE-Phase,retraction,15374,15962,588,216,0.202,-852,-372
15590,15763,173,0,GE-Phrase,201,14551,15962,1411,173,1.0,1039,-199
15590,15763,173,0,GE-Phase,retraction,15374,15962,588,173,1.0,216,-199
15763,17363,1600,0,GE-Phrase,201,14551,15962,1411,199,0.124,1212,1401
15763,17363,1600,0,GE-Phase,retraction,15374,15962,588,199,0.124,389,1401
23045,24685,1640,0,GE-Phrase,203,21244,23590,2346,545,0.332,1801,1095
23045,24685,1640,0,GE-Phrase,204,23590,25583,1993,1095,0.668,-545,-898
23045,24685,1640,0,GE-Phase,hold,22444,23590,1146,545,0.332,601,1095
23045,24685,1640,0,GE-Phase,stroke,23590,24657,1067,1067,0.651,-545,28
23045,24685,1640,0,GE-Phase,hold,24657,25583,926,28,0.017,-1612,-898
24685,25317,632,0,GE-Phrase,204,23590,25583,1993,632,1.0,1095,-266
24685,25317,632,0,GE-Phase,hold,24657,25583,926,632,1.0,28,-266
25317,26200,883,0,GE-Phrase,204,23590,25583,1993,266,0.301,1727,617
25317,26200,883,0,GE-Phrase,205,25583,27102,1519,617,0.699,-266,-902
25317,26200,883,0,GE-Phase,hold,24657,25583,926,266,0.301,660,617
25317,26200,883,0,GE-Phase,preparation,25583,26149,566,566,0.641,-266,51
25317,26200,883,0,GE-Phase,stroke,26149,26650,501,51,0.058,-832,-450
26200,26302,102,0,GE-Phrase,205,25583,27102,1519,102,1.0,617,-800
26200,26302,102,0,GE-Phase,stroke,26149,26650,501,102,1.0,51,-348
26302,27124,822,0,GE-Phrase,205,25583,27102,1519,800,0.973,719,22
26302,27124,822,0,GE-Phrase,206,27102,28175,1073,22,0.027,-800,-1051
26302,27124,822,0,GE-Phase,stroke,26149,26650,501,348,0.423,153,474
26302,27124,822,0,GE-Phase,retraction,26650,27102,452,452,0.55,-348,22
26302,27124,822,0,GE-Phase,stroke,27102,27573,471,22,0.027,-800,-449
27124,28520,1396,0,GE-Phrase,206,27102,28175,1073,1051,0.753,22,345
27124,28520,1396,0,GE-Phase,stroke,27102,27573,471,449,0.322,22,947
27124,28520,1396,0,GE-Phase,retraction,27573,28175,602,602,0.431,-449,345
43520,44770,1250,0,GE-Phrase,217,43251,44383,1132,863,0.69,269,387
43520,44770,1250,0,GE-Phrase,218,44383,47057,2674,387,0.31,-863,-2287
43520,44770,1250,0,GE-Phase,preparation,43251,43910,659,390,0.312,269,860
43520,44770,1250,0,GE-Phase,stroke,43910,44383,473,473,0.378,-390,387
43520,44770,1250,0,GE-Phase,preparation,44383,44772,389,387,0.31,-863,-2
44770,45700,930,0,GE-Phrase,218,44383,47057,2674,930,1.0,387,-1357
44770,45700,930,0,GE-Phase,preparation,44383,44772,389,2,0.002,387,928
44770,45700,930,0,GE-Phase,stroke,44772,47057,2285,928,0.998,-2,-1357
45700,46309,609,0,GE-Phrase,218,44383,47057,2674,609,1.0,1317,-748
45700,46309,609,0,GE-Phase,stroke,44772,47057,2285,609,1.0,928,-748
46309,47250,941,0,GE-Phrase,218,44383,47057,2674,748,0.795,1926,193
46309,47250,941,0,GE-Phrase,219,47057,48898,1841,193,0.205,-748,-1648
46309,47250,941,0,GE-Phase,stroke,44772,47057,2285,748,0.795,1537,193
46309,47250,941,0,GE-Phase,stroke,47057,47597,540,193,0.205,-748,-347
14522,15590,1068,0,GE-Phrase,201,14551,15962,1411,1039,0.973,-29,-372
14522,15590,1068,0,GE-Phase,preparation,14551,14903,352,352,0.33,-29,687
14522,15590,1068,0,GE-Phase,stroke,14903,15374,471,471,0.441,-381,216
14522,15590,1068,0,GE-Phase,retraction,15374,15962,588,216,0.202,-852,-372
15590,15763,173,0,GE-Phrase,201,14551,15962,1411,173,1.0,1039,-199
15590,15763,173,0,GE-Phase,retraction,15374,15962,588,173,1.0,216,-199
15763,17363,1600,0,GE-Phrase,201,14551,15962,1411,199,0.124,1212,1401
15763,17363,1600,0,GE-Phase,retraction,15374,15962,588,199,0.124,389,1401
23045,24685,1640,0,GE-Phrase,203,21244,23590,2346,545,0.332,1801,1095
23045,24685,1640,0,GE-Phrase,204,23590,25583,1993,1095,0.668,-545,-898
23045,24685,1640,0,GE-Phase,hold,22444,23590,1146,545,0.332,601,1095
23045,24685,1640,0,GE-Phase,stroke,23590,24657,1067,1067,0.651,-545,28
23045,24685,1640,0,GE-Phase,hold,24657,25583,926,28,0.017,-1612,-898
24685,25317,632,0,GE-Phrase,204,23590,25583,1993,632,1.0,1095,-266
24685,25317,632,0,GE-Phase,hold,24657,25583,926,632,1.0,28,-266
25317,26200,883,0,GE-Phrase,204,23590,25583,1993,266,0.301,1727,617
25317,26200,883,0,GE-Phrase,205,25583,27102,1519,617,0.699,-266,-902
25317,26200,883,0,GE-Phase,hold,24657,25583,926,266,0.301,660,617
25317,26200,883,0,GE-Phase,preparation,25583,26149,566,566,0.641,-266,51
25317,26200,883,0,GE-Phase,stroke,26149,26650,501,51,0.058,-832,-450
26200,26302,102,0,GE-Phrase,205,25583,27102,1519,102,1.0,617,-800
26200,26302,102,0,GE-Phase,stroke,26149,26650,501,102,1.0,51,-348
26302,27124,822,0,GE-Phrase,205,25583,27102,1519,800,0.973,719,22
26302,27124,822,0,GE-Phrase,206,27102,28175,1073,22,0.027,-800,-1051
26302,27124,822,0,GE-Phase,stroke,26149,26650,501,348,0.423,153,474
26302,27124,822,0,GE-Phase,retraction,26650,27102,452,452,0.55,-348,22
26302,27124,822,0,GE-Phase,stroke,27102,27573,471,22,0.027,-800,-449
27124,28520,1396,0,GE-Phrase,206,27102,28175,1073,1051,0.753,22,345
27124,28520,1396,0,GE-Phase,stroke,27102,27573,471,449,0.322,22,947
27124,28520,1396,0,GE-Phase,retraction,27573,28175,602,602,0.431,-449,345
43520,44770,1250,0,GE-Phrase,217,43251,44383,1132,863,0.69,269,387
43520,44770,1250,0,GE-Phrase,218,44383,47057,2674,387,0.31,-863,-2287
43520,44770,1250,0,GE-Phase,preparation,43251,43910,659,390,0.312,269,860
43520,44770,1250,0,GE-Phase,stroke,43910,44383,473,473,0.378,-390,387
43520,44770,1250,0,GE-Phase,preparation,44383,44772,389,387,0.31,-863,-2
44770,45700,930,0,GE-Phrase,218,44383,47057,2674,930,1.0,387,-1357
44770,45700,930,0,GE-Phase,preparation,44383,44772,389,2,0.002,387,928
44770,45700,930,0,GE-Phase,stroke,44772,47057,2285,928,0.998,-2,-1357
45700,46309,609,0,GE-Phrase,218,44383,47057,2674,609,1.0,1317,-748
45700,46309,609,0,GE-Phase,stroke,44772,47057,2285,609,1.0,928,-748
46309,47250,941,0,GE-Phrase,218,44383,47057,2674,748,0.795,1926,193
46309,47250,941,0,GE-Phrase,219,47057,48898,1841,193,0.205,-748,-1648
46309,47250,941,0,GE-Phase,stroke,44772,47057,2285,748,0.795,1537,193
46309,47250,941,0,GE-Phase,stroke,47057,47597,540,193,0.205,-748,-347
14522,15590,1068,0,GE-Phrase,201,14551,15962,1411,1039,0.973,-29,-372
14522,15590,1068,0,GE-Phase,preparation,14551,14903,352,352,0.33,-29,687
14522,15590,1068,0,GE-Phase,stroke,14903,15374,471,471,0.441,-381,216
14522,15590,1068,0,GE-Phase,retraction,15374,15962,588,216,0.202,-852,-372
15590,15763,173,0,GE-Phrase,201,14551,15962,1411,173,1.0,1039,-199
15590,15763,173,0,GE-Phase,retraction,15374,15962,588,173,1.0,216,-199
15763,17363,1600,0,GE-Phrase,201,14551,15962,1411,199,0.124,1212,1401
15763,17363,1600,0,GE-Phase,retraction,15374,15962,588,199,0.124,389,1401
23045,24685,1640,0,GE-Phrase,203,21244,23590,2346,545,0.332,1801,1095
23045,24685,1640,0,GE-Phrase,204,23590,25583,1993,1095,0.668,-545,-898
23045,24685,1640,0,GE-Phase,hold,22444,23590,1146,545,0.332,601,1095
23045,24685,1640,0,GE-Phase,stroke,23590,24657,1067,1067,0.651,-545,28
23045,24685,1640,0,GE-Phase,hold,24657,25583,926,28,0.017,-1612,-898
24685,25317,632,0,GE-Phrase,204,23590,25583,1993,632,1.0,1095,-266
24685,25317,632,0,GE-Phase,hold,24657,25583,926,632,1.0,28,-266
25317,26200,883,0,GE-Phrase,204,23590,25583,1993,266,0.301,1727,617
25317,26200,883,0,GE-Phrase,205,25583,27102,1519,617,0.699,-266,-902
25317,26200,883,0,GE-Phase,hold,24657,25583,926,266,0.301,660,617
25317,26200,883,0,GE-Phase,preparation,25583,26149,566,566,0.641,-266,51
25317,26200,883,0,GE-Phase,stroke,26149,26650,501,51,0.058,-832,-450
26200,26302,102,0,GE-Phrase,205,25583,27102,1519,102,1.0,617,-800
26200,26302,102,0,GE-Phase,stroke,26149,26650,501,102,1.0,51,-348
26302,27124,822,0,GE-Phrase,205,25583,27102,1519,800,0.973,719,22
26302,27124,822,0,GE-Phrase,206,27102,28175,1073,22,0.027,-800,-1051
26302,27124,822,0,GE-Phase,stroke,26149,26650,501,348,0.423,153,474
26302,27124,822,0,GE-Phase,retraction,26650,27102,452,452,0.55,-348,22
26302,27124,822,0,GE-Phase,stroke,27102,27573,471,22,0.027,-800,-449
27124,28520,1396,0,GE-Phrase,206,27102,28175,1073,1051,0.753,22,345
27124,28520,1396,0,GE-Phase,stroke,27102,27573,471,449,0.322,22,947
27124,28520,1396,0,GE-Phase,retraction,27573,28175,602,602,0.431,-449,345
43520,44770,1250,0,GE-Phrase,217,43251,44383,1132,863,0.69,269,387
43520,44770,1250,0,GE-Phrase,218,44383,47057,2674,387,0.31,-863,-2287
43520,44770,1250,0,GE-Phase,preparation,43251,43910,659,390,0.312,269,860
43520,44770,1250,0,GE-Phase,stroke,43910,44383,473,473,0.378,-390,387
43520,44770,1250,0,GE-Phase,preparation,44383,44772,389,387,0.31,-863,-2
44770,45700,930,0,GE-Phrase,218,44383,47057,2674,930,1.0,387,-1357
44770,45700,930,0,GE-Phase,preparation,44383,44772,389,2,0.002,387,928
44770,45700,930,0,GE-Phase,stroke,44772,47057,2285,928,0.998,-2,-1357
45700,46309,609,0,GE-Phrase,218,44383,47057,2674,609,1.0,1317,-748
45700,46309,609,0,GE-Phase,stroke,44772,47057,2285,609,1.0,928,-748
46309,47250,941,0,GE-Phrase,218,44383,47057,2674,748,0.795,1926,193
46309,47250,941,0,GE-Phrase,219,47057,48898,1841,193,0.205,-748,-1648
46309,47250,941,0,GE-Phase,stroke,44772,47057,2285,748,0.795,1537,193
46309,47250,941,0,GE-Phase,stroke,47057,47597,540,193,0.205,-748,-347
14522,15590,1068,0,GE-Phrase,201,14551,15962,1411,1039,0.973,-29,-372
14522,15590,1068,0,GE-Phase,preparation,14551,14903,352,352,0.33,-29,687
14522,15590,1068,0,GE-Phase,stroke,14903,15374,471,471,0.441,-381,216
14522,15590,1068,0,GE-Phase,retraction,15374,15962,588,216,0.202,-852,-372
15590,15763,173,0,GE-Phrase,201,14551,15962,1411,173,1.0,1039,-199
15590,15763,173,0,GE-Phase,retraction,15374,15962,588,173,1.0,216,-199
15763,17363,1600,0,GE-Phrase,201,14551,15962,1411,199,0.124,1212,1401
15763,17363,1600,0,GE-Phase,retraction,15374,15962,588,199,0.124,389,1401
23045,24685,1640,0,GE-Phrase,203,21244,23590,2346,545,0.332,1801,1095
23045,24685,1640,0,GE-Phrase,204,23590,25583,1993,1095,0.668,-545,-898
23045,24685,1640,0,GE-Phase,hold,22444,23590,1146,545,0.332,601,1095
23045,24685,1640,0,GE-Phase,stroke,23590,24657,1067,1067,0.651,-545,28
23045,24685,1640,0,GE-Phase,hold,24657,25583,926,28,0.017,-1612,-898
24685,25317,632,0,GE-Phrase,204,23590,25583,1993,632,1.0,1095,-266
24685,25317,632,0,GE-Phase,hold,24657,25583,926,632,1.0,28,-266
25317,26200,883,0,GE-Phrase,204,23590,25583,1993,266,0.301,1727,617
25317,26200,883,0,GE-Phrase,205,25583,27102,1519,617,0.699,-266,-902
25317,26200,883,0,GE-Phase,hold,24657,25583,926,266,0.301,660,617
25317,26200,883,0,GE-Phase,preparation,25583,26149,566,566,0.641,-266,51
25317,26200,883,0,GE-Phase,stroke,26149,26650,501,51,0.058,-832,-450
26200,26302,102,0,GE-Phrase,205,25583,27102,1519,102,1.0,617,-800
26200,26302,102,0,GE-Phase,stroke,26149,26650,501,102,1.0,51,-348
26302,27124,822,0,GE-Phrase,205,25583,27102,1519,800,0.973,719,22
26302,27124,822,0,GE-Phrase,206,27102,28175,1073,22,0.027,-800,-1051
26302,27124,822,0,GE-Phase,stroke,26149,26650,501,348,0.423,153,474
26302,27124,822,0,GE-Phase,retraction,26650,27102,452,452,0.55,-348,22
26302,27124,822,0,GE-Phase,stroke,27102,27573,471,22,0.027,-800,-449
27124,28520,1396,0,GE-Phrase,206,27102,28175,1073,1051,0.753,22,345
27124,28520,1396,0,GE-Phase,stroke,27102,27573,471,449,0.322,22,947
27124,28520,1396,0,GE-Phase,retraction,27573,28175,602,602,0.431,-449,345
43520,44770,1250,0,GE-Phrase,217,43251,44383,1132,863,0.69,269,387
43520,44770,1250,0,GE-Phrase,218,44383,47057,2674,387,0.31,-863,-2287
43520,44770,1250,0,GE-Phase,preparation,43251,43910,659,390,0.312,269,860
43520,44770,1250,0,GE-Phase,stroke,43910,44383,473,473,0.378,-390,387
43520,44770,1250,0,GE-Phase,preparation,44383,44772,389,387,0.31,-863,-2
44770,45700,930,0,GE-Phrase,218,44383,47057,2674,930,1.0,387,-1357
44770,45700,930,0,GE-Phase,preparation,44383,44772,389,2,0.002,387,928
44770,45700,930,0,GE-Phase,stroke,44772,47057,2285,928,0.998,-2,-1357
45700,46309,609,0,GE-Phrase,218,44383,47057,2674,609,1.0,1317,-748
45700,46309,609,0,GE-Phase,stroke,44772,47057,2285,609,1.0,928,-748
46309,47250,941,0,GE-Phrase,218,44383,47057,2674,748,0.795,1926,193
46309,47250,941,0,GE-Phrase,219,47057,48898,1841,193,0.205,-748,-1648
46309,47250,941,0,GE-Phase,stroke,44772,47057,2285,748,0.795,1537,193
46309,47250,941,0,GE-Phase,stroke,47057,47597,540,193,0.205,-748,-347
14522,15590,1068,0,GE-Phrase,201,14551,15962,1411,1039,0.973,-29,-372
14522,15590,1068,0,GE-Phase,preparation,14551,14903,352,352,0.33,-29,687
14522,15590,1068,0,GE-Phase,stroke,14903,15374,471,471,0.441,-381,216
14522,15590,1068,0,GE-Phase,retraction,15374,15962,588,216,0.202,-852,-372
15590,15763,173,0,GE-Phrase,201,14551,15962,1411,173,1.0,1039,-199
15590,15763,173,0,GE-Phase,retraction,15374,15962,588,173,1.0,216,-199
15763,17363,1600,0,GE-Phrase,201,14551,15962,1411,199,0.124,1212,1401
15763,17363,1600,0,GE-Phase,retraction,15374,15962,588,199,0.124,389,1401
23045,24685,1640,0,GE-Phrase,203,21244,23590,2346,545,0.332,1801,1095
23045,24685,1640,0,GE-Phrase,204,23590,25583,1993,1095,0.668,-545,-898
23045,24685,1640,0,GE-Phase,hold,22444,23590,1146,545,0.332,601,1095
23045,24685,1640,0,GE-Phase,stroke,23590,24657,1067,1067,0.651,-545,28
23045,24685,1640,0,GE-Phase,hold,24657,25583,926,28,0.017,-1612,-898
24685,25317,632,0,GE-Phrase,204,23590,25583,1993,632,1.0,1095,-266
24685,25317,632,0,GE-Phase,hold,24657,25583,926,632,1.0,28,-266
25317,26200,883,0,GE-Phrase,204,23590,25583,1993,266,0.301,1727,617
25317,26200,883,0,GE-Phrase,205,25583,27102,1519,617,0.699,-266,-902
25317,26200,883,0,GE-Phase,hold,24657,25583,926,266,0.301,660,617
25317,26200,883,0,GE-Phase,preparation,25583,26149,566,566,0.641,-266,51
25317,26200,883,0,GE-Phase,stroke,26149,26650,501,51,0.058,-832,-450
26200,26302,102,0,GE-Phrase,205,25583,27102,1519,102,1.0,617,-800
26200,26302,102,0,GE-Phase,stroke,26149,26650,501,102,1.0,51,-348
26302,27124,822,0,GE-Phrase,205,25583,27102,1519,800,0.973,719,22
26302,27124,822,0,GE-Phrase,206,27102,28175,1073,22,0.027,-800,-1051
26302,27124,822,0,GE-Phase,stroke,26149,26650,501,348,0.423,153,474
26302,27124,822,0,GE-Phase,retraction,26650,27102,452,452,0.55,-348,22
26302,27124,822,0,GE-Phase,stroke,27102,27573,471,22,0.027,-800,-449
27124,28520,1396,0,GE-Phrase,206,27102,28175,1073,1051,0.753,22,345
27124,28520,1396,0,GE-Phase,stroke,27102,27573,471,449,0.322,22,947
27124,28520,1396,0,GE-Phase,retraction,27573,28175,602,602,0.431,-449,345
43520,44770,1250,0,GE-Phrase,217,43251,44383,1132,863,0.69,269,387
43520,44770,1250,0,GE-Phrase,218,44383,47057,2674,387,0.31,-863,-2287
43520,44770,1250,0,GE-Phase,preparation,43251,43910,659,390,0.312,269,860
43520,44770,1250,0,GE-Phase,stroke,43910,44383,473,473,0.378,-390,387
43520,44770,1250,0,GE-Phase,preparation,44383,44772,389,387,0.31,-863,-2
44770,45700,930,0,GE-Phrase,218,44383,47057,2674,930,1.0,387,-1357
44770,45700,930,0,GE-Phase,preparation,44383,44772,389,2,0.002,387,928
44770,45700,930,0,GE-Phase,stroke,44772,47057,2285,928,0.998,-2,-1357
45700,46309,609,0,GE-Phrase,218,44383,47057,2674,609,1.0,1317,-748
45700,46309,609,0,GE-Phase,stroke,44772,47057,2285,609,1.0,928,-748
46309,47250,941,0,GE-Phrase,218,44383,47057,2674,748,0.795,1926,193
46309,47250,941,0,GE-Phrase,219,47057,48898,1841,193,0.205,-748,-1648
46309,47250,941,0,GE-Phase,stroke,44772,47057,2285,748,0.795,1537,193
46309,47250,941,0,GE-Phase,stroke,47057,47597,540,193,0.205,-748,-347
14522,15590,1068,0,GE-Phrase,201,14551,15962,1411,1039,0.973,-29,-372
14522,15590,1068,0,GE-Phase,preparation,14551,14903,352,352,0.33,-29,687
14522,15590,1068,0,GE-Phase,stroke,14903,15374,471,471,0.441,-381,216
14522,15590,1068,0,GE-Phase,retraction,15374,15962,588,216,0.202,-852,-372
15590,15763,173,0,GE-Phrase,201,14551,15962,1411,173,1.0,1039,-199
15590,15763,173,0,GE-Phase,retraction,15374,15962,588,173,1.0,216,-199
15763,17363,1600,0,GE-Phrase,201,14551,15962,1411,199,0.124,1212,1401
15763,17363,1600,0,GE-Phase,retraction,15374,15962,588,199,0.124,389,1401
23045,24685,1640,0,GE-Phrase,203,21244,23590,2346,545,0.332,1801,1095
23045,24685,1640,0,GE-Phrase,204,23590,25583,1993,1095,0.668,-545,-898
23045,24685,1640,0,GE-Phase,hold,22444,23590,1146,545,0.332,601,1095
23045,24685,1640,0,GE-Phase,stroke,23590,24657,1067,1067,0.651,-545,28
23045,24685,1640,0,GE-Phase,hold,24657,25583,926,28,0.017,-1612,-898
24685,25317,632,0,GE-Phrase,204,23590,25583,1993,632,1.0,1095,-266
24685,25317,632,0,GE-Phase,hold,24657,25583,926,632,1.0,28,-266
25317,26200,883,0,GE-Phrase,204,23590,25583,1993,266,0.301,1727,617
25317,26200,883,0,GE-Phrase,205,25583,27102,1519,617,0.699,-266,-902
25317,26200,883,0,GE-Phase,hold,24657,25583,926,266,0.301,660,617
25317,26200,883,0,GE-Phase,preparation,25583,26149,566,566,0.641,-266,51
25317,26200,883,0,GE-Phase,stroke,26149,26650,501,51,0.058,-832,-450
26200,26302,102,0,GE-Phrase,205,25583,27102,1519,102,1.0,617,-800
26200,26302,102,0,GE-Phase,stroke,26149,26650,501,102,1.0,51,-348
26302,27124,822,0,GE-Phrase,205,25583,27102,1519,800,0.973,719,22
26302,27124,822,0,GE-Phrase,206,27102,28175,1073,22,0.027,-800,-1051
26302,27124,822,0,GE-Phase,stroke,26149,26650,501,348,0.423,153,474
26302,27124,822,0,GE-Phase,retraction,26650,27102,452,452,0.55,-348,22
26302,27124,822,0,GE-Phase,stroke,27102,27573,471,22,0.027,-800,-449
27124,28520,1396,0,GE-Phrase,206,27102,28175,1073,1051,0.753,22,345
27124,28520,1396,0,GE-Phase,stroke,27102,27573,471,449,0.322,22,947
27124,28520,1396,0,GE-Phase,retraction,27573,28175,602,602,0.431,-449,345
43520,44770,1250,0,GE-Phrase,217,43251,44383,1132,863,0.69,269,387
43520,44770,1250,0,GE-Phrase,218,44383,47057,2674,387,0.31,-863,-2287
43520,44770,1250,0,GE-Phase,preparation,43251,43910,659,390,0.312,269,860
43520,44770,1250,0,GE-Phase,stroke,43910,44383,473,473,0.378,-390,387
43520,44770,1250,0,GE-Phase,preparation,44383,44772,389,387,0.31,-863,-2
44770,45700,930,0,GE-Phrase,218,44383,47057,2674,930,1.0,387,-1357
44770,45700,930,0,GE-Phase,preparation,44383,44772,389,2,0.002,387,928
44770,45700,930,0,GE-Phase,stroke,44772,47057,2285,928,0.998,-2,-1357
45700,46309,609,0,GE-Phrase,218,44383,47057,2674,609,1.0,1317,-748
45700,46309,609,0,GE-Phase,stroke,44772,47057,2285,609,1.0,928,-748
46309,47250,941,0,GE-Phrase,218,44383,47057,2674,748,0.795,1926,193
46309,47250,941,0,GE-Phrase,219,47057,48898,1841,193,0.205,-748,-1648
46309,47250,941,0,GE-Phase,stroke,44772,47057,2285,748,0.795,1537,193
46309,47250,941,0,GE-Phase,stroke,47057,47597,540,193,0.205,-748,-347
14522,15590,1068,0,GE-Phrase,201,14551,15962,1411,1039,0.973,-29,-372
14522,15590,1068,0,GE-Phase,preparation,14551,14903,352,352,0.33,-29,687
14522,15590,1068,0,GE-Phase,stroke,14903,15374,471,471,0.441,-381,216
14522,15590,1068,0,GE-Phase,retraction,15374,15962,588,216,0.202,-852,-372
15590,15763,173,0,GE-Phrase,201,14551,15962,1411,173,1.0,1039,-199
15590,15763,173,0,GE-Phase,retraction,15374,15962,588,173,1.0,216,-199
15763,17363,1600,0,GE-Phrase,201,14551,15962,1411,199,0.124,1212,1401
15763,17363,1600,0,GE-Phase,retraction,15374,15962,588,199,0.124,389,1401
23045,24685,1640,0,GE-Phrase,203,21244,23590,2346,545,0.332,1801,1095
23045,24685,1640,0,GE-Phrase,204,23590,25583,1993,1095,0.668,-545,-898
23045,24685,1640,0,GE-Phase,hold,22444,23590,1146,545,0.332,601,1095
23045,24685,1640,0,GE-Phase,stroke,23590,24657,1067,1067,0.651,-545,28
23045,24685,1640,0,GE-Phase,hold,24657,25583,926,28,0.017,-1612,-898
24685,25317,632,0,GE-Phrase,204,23590,25583,1993,632,1.0,1095,-266
24685,25317,632,0,GE-Phase,hold,24657,25583,926,632,1.0,28,-266
25317,26200,883,0,GE-Phrase,204,23590,25583,1993,266,0.301,1727,617
25317,26200,883,0,GE-Phrase,205,25583,27102,1519,617,0.699,-266,-902
25317,26200,883,0,GE-Phase,hold,24657,25583,926,266,0.301,660,617
25317,26200,883,0,GE-Phase,preparation,25583,26149,566,566,0.641,-266,51
25317,26200,883,0,GE-Phase,stroke,26149,26650,501,51,0.058,-832,-450
26200,26302,102,0,GE-Phrase,205,25583,27102,1519,102,1.0,617,-800
26200,26302,102,0,GE-Phase,stroke,26149,26650,501,102,1.0,51,-348
26302,27124,822,0,GE-Phrase,205,25583,27102,1519,800,0.973,719,22
26302,27124,822,0,GE-Phrase,206,27102,28175,1073,22,0.027,-800,-1051
26302,27124,822,0,GE-Phase,stroke,26149,26650,501,348,0.423,153,474
26302,27124,822,0,GE-Phase,retraction,26650,27102,452,452,0.55,-348,22
26302,27124,822,0,GE-Phase,stroke,27102,27573,471,22,0.027,-800,-449
27124,28520,1396,0,GE-Phrase,206,27102,28175,1073,1051,0.753,22,345
27124,28520,1396,0,GE-Phase,stroke,27102,27573,471,449,0.322,22,947
27124,28520,1396,0,GE-Phase,retraction,27573,28175,602,602,0.431,-449,345
43520,44770,1250,0,GE-Phrase,217,43251,44383,1132,863,0.69,269,387
43520,44770,1250,0,GE-Phrase,218,44383,47057,2674,387,0.31,-863,-2287
43520,44770,1250,0,GE-Phase,preparation,43251,43910,659,390,0.312,269,860
43520,44770,1250,0,GE-Phase,stroke,43910,44383,473,473,0.378,-390,387
43520,44770,1250,0,GE-Phase,preparation,44383,44772,389,387,0.31,-863,-2
44770,45700,930,0,GE-Phrase,218,44383,47057,2674,930,1.0,387,-1357
44770,45700,930,0,GE-Phase,preparation,44383,44772,389,2,0.002,387,928
44770,45700,930,0,GE-Phase,stroke,44772,47057,2285,928,0.998,-2,-1357
45700,46309,609,0,GE-Phrase,218,44383,47057,2674,609,1.0,1317,-748
45700,46309,609,0,GE-Phase,stroke,44772,47057,2285,609,1.0,928,-748
46309,47250,941,0,GE-Phrase,218,44383,47057,2674,748,0.795,1926,193
46309,47250,941,0,GE-Phrase,219,47057,48898,1841,193,0.205,-748,-1648
46309,47250,941,0,GE-Phase,stroke,44772,47057,2285,748,0.795,1537,193
46309,47250,941,0,GE-Phase,stroke,47057,47597,540,193,0.205,-748,-347
14522,15590,1068,0,GE-Phrase,201,14551,15962,1411,1039,0.973,-29,-372
14522,15590,1068,0,GE-Phase,preparation,14551,14903,352,352,0.33,-29,687
14522,15590,1068,0,GE-Phase,stroke,14903,15374,471,471,0.441,-381,216
14522,15590,1068,0,GE-Phase,retraction,15374,15962,588,216,0.202,-852,-372
15590,15763,173,0,GE-Phrase,201,14551,15962,1411,173,1.0,1039,-199
15590,15763,173,0,GE-Phase,retraction,15374,15962,588,173,1.0,216,-199
15763,17363,1600,0,GE-Phrase,201,14551,15962,1411,199,0.124,1212,1401
15763,17363,1600,0,GE-Phase,retraction,15374,15962,588,199,0.124,389,1401
23045,24685,1640,0,GE-Phrase,203,21244,23590,2346,545,0.332,1801,1095
23045,24685,1640,0,GE-Phrase,204,23590,25583,1993,1095,0.668,-545,-898
23045,24685,1640,0,GE-Phase,hold,22444,23590,1146,545,0.332,601,1095
23045,24685,1640,0,GE-Phase,stroke,23590,24657,1067,1067,0.651,-545,28
23045,24685,1640,0,GE-Phase,hold,24657,25583,926,28,0.017,-1612,-898
24685,25317,632,0,GE-Phrase,204,23590,25583,1993,632,1.0,1095,-266
24685,25317,632,0,GE-Phase,hold,24657,25583,926,632,1.0,28,-266
25317,26200,883,0,GE-Phrase,204,23590,25583,1993,266,0.301,1727,617
25317,26200,883,0,GE-Phrase,205,25583,27102,1519,617,0.699,-266,-902
25317,26200,883,0,GE-Phase,hold,24657,25583,926,266,0.301,660,617
25317,26200,883,0,GE-Phase,preparation,25583,26149,566,566,0.641,-266,51
25317,26200,883,0,GE-Phase,stroke,26149,26650,501,51,0.058,-832,-450
26200,26302,102,0,GE-Phrase,205,25583,27102,1519,102,1.0,617,-800
26200,26302,102,0,GE-Phase,stroke,26149,26650,501,102,1.0,51,-348
26302,27124,822,0,GE-Phrase,205,25583,27102,1519,800,0.973,719,22
26302,27124,822,0,GE-Phrase,206,27102,28175,1073,22,0.027,-800,-1051
26302,27124,822,0,GE-Phase,stroke,26149,26650,501,348,0.423,153,474
26302,27124,822,0,GE-Phase,retraction,26650,27102,452,452,0.55,-348,22
26302,27124,822,0,GE-Phase,stroke,27102,27573,471,22,0.027,-800,-449
27124,28520,1396,0,GE-Phrase,206,27102,28175,1073,1051,0.753,22,345
27124,28520,1396,0,GE-Phase,stroke,27102,27573,471,449,0.322,22,947
27124,28520,1396,0,GE-Phase,retraction,27573,28175,602,602,0.431,-449,345
43520,44770,1250,0,GE-Phrase,217,43251,44383,1132,863,0.69,269,387
43520,44770,1250,0,GE-Phrase,218,44383,47057,2674,387,0.31,-863,-2287
43520,44770,1250,0,GE-Phase,preparation,43251,43910,659,390,0.312,269,860
43520,44770,1250,0,GE-Phase,stroke,43910,44383,473,473,0.378,-390,387
43520,44770,1250,0,GE-Phase,preparation,44383,44772,389,387,0.31,-863,-2
44770,45700,930,0,GE-Phrase,218,44383,47057,2674,930,1.0,387,-1357
44770,45700,930,0,GE-Phase,preparation,44383,44772,389,2,0.002,387,928
44770,45700,930,0,GE-Phase,stroke,44772,47057,2285,928,0.998,-2,-1357
45700,46309,609,0,GE-Phrase,218,44383,47057,2674,609,1.0,1317,-748
45700,46309,609,0,GE-Phase,stroke,44772,47057,2285,609,1.0,928,-748
46309,47250,941,0,GE-Phrase,218,44383,47057,2674,748,0.795,1926,193
46309,47250,941,0,GE-Phrase,219,47057,48898,1841,193,0.205,-748,-1648
46309,47250,941,0,GE-Phase,stroke,44772,47057,2285,748,0.795,1537,193
46309,47250,941,0,GE-Phase,stroke,47057,47597,540,193,0.205,-748,-347
14522,15590,1068,0,GE-Phrase,201,14551,15962,1411,1039,0.973,-29,-372
14522,15590,1068,0,GE-Phase,preparation,14551,14903,352,352,0.33,-29,687
14522,15590,1068,0,GE-Phase,stroke,14903,15374,471,471,0.441,-381,216
14522,15590,1068,0,GE-Phase,retraction,15374,15962,588,216,0.202,-852,-372
15590,15763,173,0,GE-Phrase,201,14551,15962,1411,173,1.0,1039,-199
15590,15763,173,0,GE-Phase,retraction,15374,15962,588,173,1.0,216,-199
15763,17363,1600,0,GE-Phrase,201,14551,15962,1411,199,0.124,1212,1401
15763,17363,1600,0,GE-Phase,retraction,15374,15962,588,199,0.124,389,1401
23045,24685,1640,0,GE-Phrase,203,21244,23590,2346,545,0.332,1801,1095
23045,24685,1640,0,GE-Phrase,204,23590,25583,1993,1095,0.668,-545,-898
23045,24685,1640,0,GE-Phase,hold,22444,23590,1146,545,0.332,601,1095
23045,24685,1640,0,GE-Phase,stroke,23590,24657,1067,1067,0.651,-545,28
23045,24685,1640,0,GE-Phase,hold,24657,25583,926,28,0.017,-1612,-898
24685,25317,632,0,GE-Phrase,204,23590,25583,1993,632,1.0,1095,-266
24685,25317,632,0,GE-Phase,hold,24657,25583,926,632,1.0,28,-266
25317,26200,883,0,GE-Phrase,204,23590,25583,1993,266,0.301,1727,617
25317,26200,883,0,GE-Phrase,205,25583,27102,1519,617,0.699,-266,-902
25317,26200,883,0,GE-Phase,hold,24657,25583,926,266,0.301,660,617
25317,26200,883,0,GE-Phase,preparation,25583,26149,566,566,0.641,-266,51
25317,26200,883,0,GE-Phase,stroke,26149,26650,501,51,0.058,-832,-450
26200,26302,102,0,GE-Phrase,205,25583,27102,1519,102,1.0,617,-800
26200,26302,102,0,GE-Phase,stroke,26149,26650,501,102,1.0,51,-348
26302,27124,822,0,GE-Phrase,205,25583,27102,1519,800,0.973,719,22
26302,27124,822,0,GE-Phrase,206,27102,28175,1073,22,0.027,-800,-1051
26302,27124,822,0,GE-Phase,stroke,26149,26650,501,348,0.423,153,474
26302,27124,822,0,GE-Phase,retraction,26650,27102,452,452,0.55,-348,22
26302,27124,822,0,GE-Phase,stroke,27102,27573,471,22,0.027,-800,-449
27124,28520,1396,0,GE-Phrase,206,27102,28175,1073,1051,0.753,22,345
27124,28520,1396,0,GE-Phase,stroke,27102,27573,471,449,0.322,22,947
27124,28520,1396,0,GE-Phase,retraction,27573,28175,602,602,0.431,-449,345
43520,44770,1250,0,GE-Phrase,217,43251,44383,1132,863,0.69,269,387
43520,44770,1250,0,GE-Phrase,218,44383,47057,2674,387,0.31,-863,-2287
43520,44770,1250,0,GE-Phase,preparation,43251,43910,659,390,0.312,269,860
43520,44770,1250,0,GE-Phase,stroke,43910,44383,473,473,0.378,-390,387
43520,44770,1250,0,GE-Phase,preparation,44383,44772,389,387,0.31,-863,-2
44770,45700,930,0,GE-Phrase,218,44383,47057,2674,930,1.0,387,-1357
44770,45700,930,0,GE-Phase,preparation,44383,44772,389,2,0.002,387,928
44770,45700,930,0,GE-Phase,stroke,44772,47057,2285,928,0.998,-2,-1357
45700,46309,609,0,GE-Phrase,218,44383,47057,2674,609,1.0,1317,-748
45700,46309,609,0,GE-Phase,stroke,44772,47057,2285,609,1.0,928,-748
46309,47250,941,0,GE-Phrase,218,44383,47057,2674,748,0.795,1926,193
46309,47250,941,0,GE-Phrase,219,47057,48898,1841,193,0.205,-748,-1648
46309,47250,941,0,GE-Phase,stroke,44772,47057,2285,748,0.795,1537,193
46309,47250,941,0,GE-Phase,stroke,47057,47597,540,193,0.205,-748,-347
14522,15590,1068,0,GE-Phrase,201,14551,15962,1411,1039,0.973,-29,-372
14522,15590,1068,0,GE-Phase,preparation,14551,14903,352,352,0.33,-29,687
14522,15590,1068,0,GE-Phase,stroke,14903,15374,471,471,0.441,-381,216
14522,15590,1068,0,GE-Phase,retraction,15374,15962,588,216,0.202,-852,-372
15590,15763,173,0,GE-Phrase,201,14551,15962,1411,173,1.0,1039,-199
15590,15763,173,0,GE-Phase,retraction,15374,15962,588,173,1.0,216,-199
15763,17363,1600,0,GE-Phrase,201,14551,15962,1411,199,0.124,1212,1401
15763,17363,1600,0,GE-Phase,retraction,15374,15962,588,199,0.124,389,1401
23045,24685,1640,0,GE-Phrase,203,21244,23590,2346,545,0.332,1801,1095
23045,24685,1640,0,GE-Phrase,204,23590,25583,1993,1095,0.668,-545,-898
23045,24685,1640,0,GE-Phase,hold,22444,23590,1146,545,0.332,601,1095
23045,24685,1640,0,GE-Phase,stroke,23590,24657,1067,1067,0.651,-545,28
23045,24685,1640,0,GE-Phase,hold,24657,25583,926,28,0.017,-1612,-898
24685,25317,632,0,GE-Phrase,204,23590,25583,1993,632,1.0,1095,-266
24685,25317,632,0,GE-Phase,hold,24657,25583,926,632,1.0,28,-266
25317,26200,883,0,GE-Phrase,204,23590,25583,1993,266,0.301,1727,617
25317,26200,883,0,GE-Phrase,205,25583,27102,1519,617,0.699,-266,-902
25317,26200,883,0,GE-Phase,hold,24657,25583,926,266,0.301,660,617
25317,26200,883,0,GE-Phase,preparation,25583,26149,566,566,0.641,-266,51
25317,26200,883,0,GE-Phase,stroke,26149,26650,501,51,0.058,-832,-450
26200,26302,102,0,GE-Phrase,205,25583,27102,1519,102,1.0,617,-800
26200,26302,102,0,GE-Phase,stroke,26149,26650,501,102,1.0,51,-348
26302,27124,822,0,GE-Phrase,205,25583,27102,1519,800,0.973,719,22
26302,27124,822,0,GE-Phrase,206,27102,28175,1073,22,0.027,-800,-1051
26302,27124,822,0,GE-Phase,stroke,26149,26650,501,348,0.423,153,474
26302,27124,822,0,GE-Phase,retraction,26650,27102,452,452,0.55,-348,22
26302,27124,822,0,GE-Phase,stroke,27102,27573,471,22,0.027,-800,-449
27124,28520,1396,0,GE-Phrase,206,27102,28175,1073,1051,0.753,22,345
27124,28520,1396,0,GE-Phase,stroke,27102,27573,471,449,0.322,22,947
27124,28520,1396,0,GE-Phase,retraction,27573,28175,602,602,0.431,-449,345
43520,44770,1250,0,GE-Phrase,217,43251,44383,1132,863,0.69,269,387
43520,44770,1250,0,GE-Phrase,218,44383,47057,2674,387,0.31,-863,-2287
43520,44770,1250,0,GE-Phase,preparation,43251,43910,659,390,0.312,269,860
43520,44770,1250,0,GE-Phase,stroke,43910,44383,473,473,0.378,-390,387
43520,44770,1250,0,GE-Phase,preparation,44383,44772,389,387,0.31,-863,-2
44770,45700,930,0,GE-Phrase,218,44383,47057,2674,930,1.0,387,-1357
44770,45700,930,0,GE-Phase,preparation,44383,44772,389,2,0.002,387,928
44770,45700,930,0,GE-Phase,stroke,44772,47057,2285,928,0.998,-2,-1357
45700,46309,609,0,GE-Phrase,218,44383,47057,2674,609,1.0,1317,-748
45700,46309,609,0,GE-Phase,stroke,44772,47057,2285,609,1.0,928,-748
46309,47250,941,0,GE-Phrase,218,44383,47057,2674,748,0.795,1926,193
46309,47250,941,0,GE-Phrase,219,47057,48898,1841,193,0.205,-748,-1648
46309,47250,941,0,GE-Phase,stroke,44772,47057,2285,748,0.795,1537,193
46309,47250,941,0,GE-Phase,stroke,47057,47597,540,193,0.205,-748,-347
14522,15590,1068,0,GE-Phrase,201,14551,15962,1411,1039,0.973,-29,-372
14522,15590,1068,0,GE-Phase,preparation,14551,14903,352,352,0.33,-29,687
14522,15590,1068,0,GE-Phase,stroke,14903,15374,471,471,0.441,-381,216
14522,15590,1068,0,GE-Phase,retraction,15374,15962,588,216,0.202,-852,-372
15590,15763,173,0,GE-Phrase,201,14551,15962,1411,173,1.0,1039,-199
15590,15763,173,0,GE-Phase,retraction,15374,15962,588,173,1.0,216,-199
15763,17363,1600,0,GE-Phrase,201,14551,15962,1411,199,0.124,1212,1401
15763,17363,1600,0,GE-Phase,retraction,15374,15962,588,199,0.124,389,1401
23045,24685,1640,0,GE-Phrase,203,21244,23590,2346,545,0.332,1801,1095
23045,24685,1640,0,GE-Phrase,204,23590,25583,1993,1095,0.668,-545,-898
23045,24685,1640,0,GE-Phase,hold,22444,23590,1146,545,0.332,601,1095
23045,24685,1640,0,GE-Phase,stroke,23590,24657,1067,1067,0.651,-545,28
23045,24685,1640,0,GE-Phase,hold,24657,25583,926,28,0.017,-1612,-898
24685,25317,632,0,GE-Phrase,204,23590,25583,1993,632,1.0,1095,-266
24685,25317,632,0,GE-Phase,hold,24657,25583,926,632,1.0,28,-266
25317,26200,883,0,GE-Phrase,204,23590,25583,1993,266,0.301,1727,617
25317,26200,883,0,GE-Phrase,205,25583,27102,1519,617,0.699,-266,-902
25317,26200,883,0,GE-Phase,hold,24657,25583,926,266,0.301,660,617
25317,26200,883,0,GE-Phase,preparation,25583,26149,566,566,0.641,-266,51
25317,26200,883,0,GE-Phase,stroke,26149,26650,501,51,0.058,-832,-450
26200,26302,102,0,GE-Phrase,205,25583,27102,1519,102,1.0,617,-800
26200,26302,102,0,GE-Phase,stroke,26149,26650,501,102,1.0,51,-348
26302,27124,822,0,GE-Phrase,205,25583,27102,1519,800,0.973,719,22
26302,27124,822,0,GE-Phrase,206,27102,28175,1073,22,0.027,-800,-1051
26302,27124,822,0,GE-Phase,stroke,26149,26650,501,348,0.423,153,474
26302,27124,822,0,GE-Phase,retraction,26650,27102,452,452,0.55,-348,22
26302,27124,822,0,GE-Phase,stroke,27102,27573,471,22,0.027,-800,-449
27124,28520,1396,0,GE-Phrase,206,27102,28175,1073,1051,0.753,22,345
27124,28520,1396,0,GE-Phase,stroke,27102,27573,471,449,0.322,22,947
27124,28520,1396,0,GE-Phase,retraction,27573,28175,602,602,0.431,-449,345
43520,44770,1250,0,GE-Phrase,217,43251,44383,1132,863,0.69,269,387
43520,44770,1250,0,GE-Phrase,218,44383,47057,2674,387,0.31,-863,-2287
43520,44770,1250,0,GE-Phase,preparation,43251,43910,659,390,0.312,269,860
43520,44770,1250,0,GE-Phase,stroke,43910,44383,473,473,0.378,-390,387
43520,44770,1250,0,GE-Phase,preparation,44383,44772,389,387,0.31,-863,-2
44770,45700,930,0,GE-Phrase,218,44383,47057,2674,930,1.0,387,-1357
44770,45700,930,0,GE-Phase,preparation,44383,44772,389,2,0.002,387,928
44770,45700,930,0,GE-Phase,stroke,44772,47057,2285,928,0.998,-2,-1357
45700,46309,609,0,GE-Phrase,218,44383,47057,2674,609,1.0,1317,-748
45700,46309,609,0,GE-Phase,stroke,44772,47057,2285,609,1.0,928,-748
46309,47250,941,0,GE-Phrase,218,44383,47057,2674,748,0.795,1926,193
46309,47250,941,0,GE-Phrase,219,47057,48898,1841,193,0.205,-748,-1648
46309,47250,941,0,GE-Phase,stroke,44772,47057,2285,748,0.795,1537,193
46309,47250,941,0,GE-Phase,stroke,47057,47597,540,193,0.205,-748,-347
14522,15590,1068,0,GE-Phrase,201,14551,15962,1411,1039,0.973,-29,-372
14522,15590,1068,0,GE-Phase,preparation,14551,14903,352,352,0.33,-29,687
14522,15590,1068,0,GE-Phase,stroke,14903,15374,471,471,0.441,-381,216
14522,15590,1068,0,GE-Phase,retraction,15374,15962,588,216,0.202,-852,-372
15590,15763,173,0,GE-Phrase,201,14551,15962,1411,173,1.0,1039,-199
15590,15763,173,0,GE-Phase,retraction,15374,15962,588,173,1.0,216,-199
15763,17363,1600,0,GE-Phrase,201,14551,15962,1411,199,0.124,1212,1401
15763,17363,1600,0,GE-Phase,retraction,15374,15962,588,199,0.124,389,1401
23045,24685,1640,0,GE-Phrase,203,21244,23590,2346,545,0.332,1801,1095
23045,24685,1640,0,GE-Phrase,204,23590,25583,1993,1095,0.668,-545,-898
23045,24685,1640,0,GE-Phase,hold,22444,23590,1146,545,0.332,601,1095
23045,24685,1640,0,GE-Phase,stroke,23590,24657,1067,1067,0.651,-545,28
23045,24685,1640,0,GE-Phase,hold,24657,25583,926,28,0.017,-1612,-898
24685,25317,632,0,GE-Phrase,204,23590,25583,1993,632,1.0,1095,-266
24685,25317,632,0,GE-Phase,hold,24657,25583,926,632,1.0,28,-266
25317,26200,883,0,GE-Phrase,204,23590,25583,1993,266,0.301,1727,617
25317,26200,883,0,GE-Phrase,205,25583,27102,1519,617,0.699,-266,-902
25317,26200,883,0,GE-Phase,hold,24657,25583,926,266,0.301,660,617
25317,26200,883,0,GE-Phase,preparation,25583,26149,566,566,0.641,-266,51
25317,26200,883,0,GE-Phase,stroke,26149,26650,501,51,0.058,-832,-450
26200,26302,102,0,GE-Phrase,205,25583,27102,1519,102,1.0,617,-800
26200,26302,102,0,GE-Phase,stroke,26149,26650,501,102,1.0,51,-348
26302,27124,822,0,GE-Phrase,205,25583,27102,1519,800,0.973,719,22
26302,27124,822,0,GE-Phrase,206,27102,28175,1073,22,0.027,-800,-1051
26302,27124,822,0,GE-Phase,stroke,26149,26650,501,348,0.423,153,474
26302,27124,822,0,GE-Phase,retraction,26650,27102,452,452,0.55,-348,22
26302,27124,822,0,GE-Phase,stroke,27102,27573,471,22,0.027,-800,-449
27124,28520,1396,0,GE-Phrase,206,27102,28175,1073,1051,0.753,22,345
27124,28520,1396,0,GE-Phase,stroke,27102,27573,471,449,0.322,22,947
27124,28520,1396,0,GE-Phase,retraction,27573,28175,602,602,0.431,-449,345
43520,44770,1250,0,GE-Phrase,217,43251,44383,1132,863,0.69,269,387
43520,44770,1250,0,GE-Phrase,218,44383,47057,2674,387,0.31,-863,-2287
43520,44770,1250,0,GE-Phase,preparation,43251,43910,659,390,0.312,269,860
43520,44770,1250,0,GE-Phase,stroke,43910,44383,473,473,0.378,-390,387
43520,44770,1250,0,GE-Phase,preparation,44383,44772,389,387,0.31,-863,-2
44770,45700,930,0,GE-Phrase,218,44383,47057,2674,930,1.0,387,-1357
44770,45700,930,0,GE-Phase,preparation,44383,44772,389,2,0.002,387,928
44770,45700,930,0,GE-Phase,stroke,44772,47057,2285,928,0.998,-2,-1357
45700,46309,609,0,GE-Phrase,218,44383,47057,2674,609,1.0,1317,-748
45700,46309,609,0,GE-Phase,stroke,44772,47057,2285,609,1.0,928,-748
46309,47250,941,0,GE-Phrase,218,44383,47057,2674,748,0.795,1926,193
46309,47250,941,0,GE-Phrase,219,47057,48898,1841,193,0.205,-748,-1648
46309,47250,941,0,GE-Phase,stroke,44772,47057,2285,748,0.795,1537,193
46309,47250,941,0,GE-Phase,stroke,47057,47597,540,193,0.205,-748,-347
14522,15590,1068,0,GE-Phrase,201,14551,15962,1411,1039,0.973,-29,-372
14522,15590,1068,0,GE-Phase,preparation,14551,14903,352,352,0.33,-29,687
14522,15590,1068,0,GE-Phase,stroke,14903,15374,471,471,0.441,-381,216
14522,15590,1068,0,GE-Phase,retraction,15374,15962,588,216,0.202,-852,-372
15590,15763,173,0,GE-Phrase,201,14551,15962,1411,173,1.0,1039,-199
15590,15763,173,0,GE-Phase,retraction,15374,15962,588,173,1.0,216,-199
15763,17363,1600,0,GE-Phrase,201,14551,15962,1411,199,0.124,1212,1401
15763,17363,1600,0,GE-Phase,retraction,15374,15962,588,199,0.124,389,1401
23045,24685,1640,0,GE-Phrase,203,21244,23590,2346,545,0.332,1801,1095
23045,24685,1640,0,GE-Phrase,204,23590,25583,1993,1095,0.668,-545,-898
23045,24685,1640,0,GE-Phase,hold,22444,23590,1146,545,0.332,601,1095
23045,24685,1640,0,GE-Phase,stroke,23590,24657,1067,1067,0.651,-545,28
23045,24685,1640,0,GE-Phase,hold,24657,25583,926,28,0.017,-1612,-898
24685,25317,632,0,GE-Phrase,204,23590,25583,1993,632,1.0,1095,-266
24685,25317,632,0,GE-Phase,hold,24657,25583,926,632,1.0,28,-266
25317,26200,883,0,GE-Phrase,204,23590,25583,1993,266,0.301,1727,617
25317,26200,883,0,GE-Phrase,205,25583,27102,1519,617,0.699,-266,-902
25317,26200,883,0,GE-Phase,hold,24657,25583,926,266,0.301,660,617
25317,26200,883,0,GE-Phase,preparation,25583,26149,566,566,0.641,-266,51
25317,26200,883,0,GE-Phase,stroke,26149,26650,501,51,0.058,-832,-450
26200,26302,102,0,GE-Phrase,205,25583,27102,1519,102,1.0,617,-800
26200,26302,102,0,GE-Phase,stroke,26149,26650,501,102,1.0,51,-348
26302,27124,822,0,GE-Phrase,205,25583,27102,1519,800,0.973,719,22
26302,27124,822,0,GE-Phrase,206,27102,28175,1073,22,0.027,-800,-1051
26302,27124,822,0,GE-Phase,stroke,26149,26650,501,348,0.423,153,474
26302,27124,822,0,GE-Phase,retraction,26650,27102,452,452,0.55,-348,22
26302,27124,822,0,GE-Phase,stroke,27102,27573,471,22,0.027,-800,-449
27124,28520,1396,0,GE-Phrase,206,27102,28175,1073,1051,0.753,22,345
27124,28520,1396,0,GE-Phase,stroke,27102,27573,471,449,0.322,22,947
27124,28520,1396,0,GE-Phase,retraction,27573,28175,602,602,0.431,-449,345
43520,44770,1250,0,GE-Phrase,217,43251,44383,1132,863,0.69,269,387
43520,44770,1250,0,GE-Phrase,218,44383,47057,2674,387,0.31,-863,-2287
43520,44770,1250,0,GE-Phase,preparation,43251,43910,659,390,0.312,269,860
43520,44770,1250,0,GE-Phase,stroke,43910,44383,473,473,0.378,-390,387
43520,44770,1250,0,GE-Phase,preparation,44383,44772,389,387,0.31,-863,-2
44770,45700,930,0,GE-Phrase,218,44383,47057,2674,930,1.0,387,-1357
44770,45700,930,0,GE-Phase,preparation,44383,44772,389,2,0.002,387,928
44770,45700,930,0,GE-Phase,stroke,44772,47057,2285,928,0.998,-2,-1357
45700,46309,609,0,GE-Phrase,218,44383,47057,2674,609,1.0,1317,-748
45700,46309,609,0,GE-Phase,stroke,44772,47057,2285,609,1.0,928,-748
46309,47250,941,0,GE-Phrase,218,44383,47057,2674,748,0.795,1926,193
46309,47250,941,0,GE-Phrase,219,47057,48898,1841,193,0.205,-748,-1648
46309,47250,941,0,GE-Phase,stroke,44772,47057,2285,748,0.795,1537,193
46309,47250,941,0,GE-Phase,stroke,47057,47597,540,193,0.205,-748,-347
14522,15590,1068,0,GE-Phrase,201,14551,15962,1411,1039,0.973,-29,-372
14522,15590,1068,0,GE-Phase,preparation,14551,14903,352,352,0.33,-29,687
14522,15590,1068,0,GE-Phase,stroke,14903,15374,471,471,0.441,-381,216
14522,15590,1068,0,GE-Phase,retraction,15374,15962,588,216,0.202,-852,-372
15590,15763,173,0,GE-Phrase,201,14551,15962,1411,173,1.0,1039,-199
15590,15763,173,0,GE-Phase,retraction,15374,15962,588,173,1.0,216,-199
15763,17363,1600,0,GE-Phrase,201,14551,15962,1411,199,0.124,1212,1401
15763,17363,1600,0,GE-Phase,retraction,15374,15962,588,199,0.124,389,1401
23045,24685,1640,0,GE-Phrase,203,21244,23590,2346,545,0.332,1801,1095
23045,24685,1640,0,GE-Phrase,204,23590,25583,1993,1095,0.668,-545,-898
23045,24685,1640,0,GE-Phase,hold,22444,23590,1146,545,0.332,601,1095
23045,24685,1640,0,GE-Phase,stroke,23590,24657,1067,1067,0.651,-545,28
23045,24685,1640,0,GE-Phase,hold,24657,25583,926,28,0.017,-1612,-898
24685,25317,632,0,GE-Phrase,204,23590,25583,1993,632,1.0,1095,-266
24685,25317,632,0,GE-Phase,hold,24657,25583,926,632,1.0,28,-266
25317,26200,883,0,GE-Phrase,204,23590,25583,1993,266,0.301,1727,617
25317,26200,883,0,GE-Phrase,205,25583,27102,1519,617,0.699,-266,-902
25317,26200,883,0,GE-Phase,hold,24657,25583,926,266,0.301,660,617
25317,26200,883,0,GE-Phase,preparation,25583,26149,566,566,0.641,-266,51
25317,26200,883,0,GE-Phase,stroke,26149,26650,501,51,0.058,-832,-450
26200,26302,102,0,GE-Phrase,205,25583,27102,1519,102,1.0,617,-800
26200,26302,102,0,GE-Phase,stroke,26149,26650,501,102,1.0,51,-348
26302,27124,822,0,GE-Phrase,205,25583,27102,1519,800,0.973,719,22
26302,27124,822,0,GE-Phrase,206,27102,28175,1073,22,0.027,-800,-1051
26302,27124,822,0,GE-Phase,stroke,26149,26650,501,348,0.423,153,474
26302,27124,822,0,GE-Phase,retraction,26650,27102,452,452,0.55,-348,22
26302,27124,822,0,GE-Phase,stroke,27102,27573,471,22,0.027,-800,-449
27124,28520,1396,0,GE-Phrase,206,27102,28175,1073,1051,0.753,22,345
27124,28520,1396,0,GE-Phase,stroke,27102,27573,471,449,0.322,22,947
27124,28520,1396,0,GE-Phase,retraction,27573,28175,602,602,0.431,-449,345
43520,44770,1250,0,GE-Phrase,217,43251,44383,1132,863,0.69,269,387
43520,44770,1250,0,GE-Phrase,218,44383,47057,2674,387,0.31,-863,-2287
43520,44770,1250,0,GE-Phase,preparation,43251,43910,659,390,0.312,269,860
43520,44770,1250,0,GE-Phase,stroke,43910,44383,473,473,0.378,-390,387
43520,44770,1250,0,GE-Phase,preparation,44383,44772,389,387,0.31,-863,-2
44770,45700,930,0,GE-Phrase,218,44383,47057,2674,930,1.0,387,-1357
44770,45700,930,0,GE-Phase,preparation,44383,44772,389,2,0.002,387,928
44770,45700,930,0,GE-Phase,stroke,44772,47057,2285,928,0.998,-2,-1357
45700,46309,609,0,GE-Phrase,218,44383,47057,2674,609,1.0,1317,-748
45700,46309,609,0,GE-Phase,stroke,44772,47057,2285,609,1.0,928,-748
46309,47250,941,0,GE-Phrase,218,44383,47057,2674,748,0.795,1926,193
46309,47250,941,0,GE-Phrase,219,47057,48898,1841,193,0.205,-748,-1648
46309,47250,941,0,GE-Phase,stroke,44772,47057,2285,748,0.795,1537,193
46309,47250,941,0,GE-Phase,stroke,47057,47597,540,193,0.205,-748,-347
14522,15590,1068,0,GE-Phrase,201,14551,15962,1411,1039,0.973,-29,-372
14522,15590,1068,0,GE-Phase,preparation,14551,14903,352,352,0.33,-29,687
14522,15590,1068,0,GE-Phase,stroke,14903,15374,471,471,0.441,-381,216
14522,15590,1068,0,GE-Phase,retraction,15374,15962,588,216,0.202,-852,-372
15590,15763,173,0,GE-Phrase,201,14551,15962,1411,173,1.0,1039,-199
15590,15763,173,0,GE-Phase,retraction,15374,15962,588,173,1.0,216,-199
15763,17363,1600,0,GE-Phrase,201,14551,15962,1411,199,0.124,1212,1401
15763,17363,1600,0,GE-Phase,retraction,15374,15962,588,199,0.124,389,1401
23045,24685,1640,0,GE-Phrase,203,21244,23590,2346,545,0.332,1801,1095
23045,24685,1640,0,GE-Phrase,204,23590,25583,1993,1095,0.668,-545,-898
23045,24685,1640,0,GE-Phase,hold,22444,23590,1146,545,0.332,601,1095
23045,24685,1640,0,GE-Phase,stroke,23590,24657,1067,1067,0.651,-545,28
23045,24685,1640,0,GE-Phase,hold,24657,25583,926,28,0.017,-1612,-898
24685,25317,632,0,GE-Phrase,204,23590,25583,1993,632,1.0,1095,-266
24685,25317,632,0,GE-Phase,hold,24657,25583,926,632,1.0,28,-266
25317,26200,883,0,GE-Phrase,204,23590,25583,1993,266,0.301,1727,617
25317,26200,883,0,GE-Phrase,205,25583,27102,1519,617,0.699,-266,-902
25317,26200,883,0,GE-Phase,hold,24657,25583,926,266,0.301,660,617
25317,26200,883,0,GE-Phase,preparation,25583,26149,566,566,0.641,-266,51
25317,26200,883,0,GE-Phase,stroke,26149,26650,501,51,0.058,-832,-450
26200,26302,102,0,GE-Phrase,205,25583,27102,1519,102,1.0,617,-800
26200,26302,102,0,GE-Phase,stroke,26149,26650,501,102,1.0,51,-348
26302,27124,822,0,GE-Phrase,205,25583,27102,1519,800,0.973,719,22
26302,27124,822,0,GE-Phrase,206,27102,28175,1073,22,0.027,-800,-1051
26302,27124,822,0,GE-Phase,stroke,26149,26650,501,348,0.423,153,474
26302,27124,822,0,GE-Phase,retraction,26650,27102,452,452,0.55,-348,22
26302,27124,822,0,GE-Phase,stroke,27102,27573,471,22,0.027,-800,-449
27124,28520,1396,0,GE-Phrase,206,27102,28175,1073,1051,0.753,22,345
27124,28520,1396,0,GE-Phase,stroke,27102,27573,471,449,0.322,22,947
27124,28520,1396,0,GE-Phase,retraction,27573,28175,602,602,0.431,-449,345
43520,44770,1250,0,GE-Phrase,217,43251,44383,1132,863,0.69,269,387
43520,44770,1250,0,GE-Phrase,218,44383,47057,2674,387,0.31,-863,-2287
43520,44770,1250,0,GE-Phase,preparation,43251,43910,659,390,0.312,269,860
43520,44770,1250,0,GE-Phase,stroke,43910,44383,473,473,0.378,-390,387
43520,44770,1250,0,GE-Phase,preparation,44383,44772,389,387,0.31,-863,-2
44770,45700,930,0,GE-Phrase,218,44383,47057,2674,930,1.0,387,-1357
44770,45700,930,0,GE-Phase,preparation,44383,44772,389,2,0.002,387,928
44770,45700,930,0,GE-Phase,stroke,44772,47057,2285,928,0.998,-2,-1357
45700,46309,609,0,GE-Phrase,218,44383,47057,2674,609,1.0,1317,-748
45700,46309,609,0,GE-Phase,stroke,44772,47057,2285,609,1.0,928,-748
46309,47250,941,0,GE-Phrase,218,44383,47057,2674,748,0.795,1926,193
46309,47250,941,0,GE-Phrase,219,47057,48898,1841,193,0.205,-748,-1648
46309,47250,941,0,GE-Phase,stroke,44772,47057,2285,748,0.795,1537,193
46309,47250,941,0,GE-Phase,stroke,47057,47597,540,193,0.205,-748,-347
14522,15590,1068,0,GE-Phrase,201,14551,15962,1411,1039,0.973,-29,-372
14522,15590,1068,0,GE-Phase,preparation,14551,14903,352,352,0.33,-29,687
14522,15590,1068,0,GE-Phase,stroke,14903,15374,471,471,0.441,-381,216
14522,15590,1068,0,GE-Phase,retraction,15374,15962,588,216,0.202,-852,-372
15590,15763,173,0,GE-Phrase,201,14551,15962,1411,173,1.0,1039,-199
15590,15763,173,0,GE-Phase,retraction,15374,15962,588,173,1.0,216,-199
15763,17363,1600,0,GE-Phrase,201,14551,15962,1411,199,0.124,1212,1401
15763,17363,1600,0,GE-Phase,retraction,15374,15962,588,199,0.124,389,1401
23045,24685,1640,0,GE-Phrase,203,21244,23590,2346,545,0.332,1801,1095
23045,24685,1640,0,GE-Phrase,204,23590,25583,1993,1095,0.668,-545,-898
23045,24685,1640,0,GE-Phase,hold,22444,23590,1146,545,0.332,601,1095
23045,24685,1640,0,GE-Phase,stroke,23590,24657,1067,1067,0.651,-545,28
23045,24685,1640,0,GE-Phase,hold,24657,25583,926,28,0.017,-1612,-898
24685,25317,632,0,GE-Phrase,204,23590,25583,1993,632,1.0,1095,-266
24685,25317,632,0,GE-Phase,hold,24657,25583,926,632,1.0,28,-266
25317,26200,883,0,GE-Phrase,204,23590,25583,1993,266,0.301,1727,617
25317,26200,883,0,GE-Phrase,205,25583,27102,1519,617,0.699,-266,-902
25317,26200,883,0,GE-Phase,hold,24657,25583,926,266,0.301,660,617
25317,26200,883,0,GE-Phase,preparation,25583,26149,566,566,0.641,-266,51
25317,26200,883,0,GE-Phase,stroke,26149,26650,501,51,0.058,-832,-450
26200,26302,102,0,GE-Phrase,205,25583,27102,1519,102,1.0,617,-800
26200,26302,102,0,GE-Phase,stroke,26149,26650,501,102,1.0,51,-348
26302,27124,822,0,GE-Phrase,205,25583,27102,1519,800,0.973,719,22
26302,27124,822,0,GE-Phrase,206,27102,28175,1073,22,0.027,-800,-1051
26302,27124,822,0,GE-Phase,stroke,26149,26650,501,348,0.423,153,474
26302,27124,822,0,GE-Phase,retraction,26650,27102,452,452,0.55,-348,22
26302,27124,822,0,GE-Phase,stroke,27102,27573,471,22,0.027,-800,-449
27124,28520,1396,0,GE-Phrase,206,27102,28175,1073,1051,0.753,22,345
27124,28520,1396,0,GE-Phase,stroke,27102,27573,471,449,0.322,22,947
27124,28520,1396,0,GE-Phase,retraction,27573,28175,602,602,0.431,-449,345
43520,44770,1250,0,GE-Phrase,217,43251,44383,1132,863,0.69,269,387
43520,44770,1250,0,GE-Phrase,218,44383,47057,2674,387,0.31,-863,-2287
43520,44770,1250,0,GE-Phase,preparation,43251,43910,659,390,0.312,269,860
43520,44770,1250,0,GE-Phase,stroke,43910,44383,473,473,0.378,-390,387
43520,44770,1250,0,GE-Phase,preparation,44383,44772,389,387,0.31,-863,-2
44770,45700,930,0,GE-Phrase,218,44383,47057,2674,930,1.0,387,-1357
44770,45700,930,0,GE-Phase,preparation,44383,44772,389,2,0.002,387,928
44770,45700,930,0,GE-Phase,stroke,44772,47057,2285,928,0.998,-2,-1357
45700,46309,609,0,GE-Phrase,218,44383,47057,2674,609,1.0,1317,-748
45700,46309,609,0,GE-Phase,stroke,44772,47057,2285,609,1.0,928,-748
46309,47250,941,0,GE-Phrase,218,44383,47057,2674,748,0.795,1926,193
46309,47250,941,0,GE-Phrase,219,47057,48898,1841,193,0.205,-748,-1648
46309,47250,941,0,GE-Phase,stroke,44772,47057,2285,748,0.795,1537,193
46309,47250,941,0,GE-Phase,stroke,47057,47597,540,193,0.205,-748,-347
14522,15590,1068,0,GE-Phrase,201,14551,15962,1411,1039,0.973,-29,-372
14522,15590,1068,0,GE-Phase,preparation,14551,14903,352,352,0.33,-29,687
14522,15590,1068,0,GE-Phase,stroke,14903,15374,471,471,0.441,-381,216
14522,15590,1068,0,GE-Phase,retraction,15374,15962,588,216,0.202,-852,-372
15590,15763,173,0,GE-Phrase,201,14551,15962,1411,173,1.0,1039,-199
15590,15763,173,0,GE-Phase,retraction,15374,15962,588,173,1.0,216,-199
15763,17363,1600,0,GE-Phrase,201,14551,15962,1411,199,0.124,1212,1401
15763,17363,1600,0,GE-Phase,retraction,15374,15962,588,199,0.124,389,1401
23045,24685,1640,0,GE-Phrase,203,21244,23590,2346,545,0.332,1801,1095
23045,24685,1640,0,GE-Phrase,204,23590,25583,1993,1095,0.668,-545,-898
23045,24685,1640,0,GE-Phase,hold,22444,23590,1146,545,0.332,601,1095
23045,24685,1640,0,GE-Phase,stroke,23590,24657,1067,1067,0.651,-545,28
23045,24685,1640,0,GE-Phase,hold,24657,25583,926,28,0.017,-1612,-898
24685,25317,632,0,GE-Phrase,204,23590,25583,1993,632,1.0,1095,-266
24685,25317,632,0,GE-Phase,hold,24657,25583,926,632,1.0,28,-266
25317,26200,883,0,GE-Phrase,204,23590,25583,1993,266,0.301,1727,617
25317,26200,883,0,GE-Phrase,205,25583,27102,1519,617,0.699,-266,-902
25317,26200,883,0,GE-Phase,hold,24657,25583,926,266,0.301,660,617
25317,26200,883,0,GE-Phase,preparation,25583,26149,566,566,0.641,-266,51
25317,26200,883,0,GE-Phase,stroke,26149,26650,501,51,0.058,-832,-450
26200,26302,102,0,GE-Phrase,205,25583,27102,1519,102,1.0,617,-800
26200,26302,102,0,GE-Phase,stroke,26149,26650,501,102,1.0,51,-348
26302,27124,822,0,GE-Phrase,205,25583,27102,1519,800,0.973,719,22
26302,27124,822,0,GE-Phrase,206,27102,28175,1073,22,0.027,-800,-1051
26302,27124,822,0,GE-Phase,stroke,26149,26650,501,348,0.423,153,474
26302,27124,822,0,GE-Phase,retraction,26650,27102,452,452,0.55,-348,22
26302,27124,822,0,GE-Phase,stroke,27102,27573,471,22,0.027,-800,-449
27124,28520,1396,0,GE-Phrase,206,27102,28175,1073,1051,0.753,22,345
27124,28520,1396,0,GE-Phase,stroke,27102,27573,471,449,0.322,22,947
27124,28520,1396,0,GE-Phase,retraction,27573,28175,602,602,0.431,-449,345
43520,44770,1250,0,GE-Phrase,217,43251,44383,1132,863,0.69,269,387
43520,44770,1250,0,GE-Phrase,218,44383,47057,2674,387,0.31,-863,-2287
43520,44770,1250,0,GE-Phase,preparation,43251,43910,659,390,0.312,269,860
43520,44770,1250,0,GE-Phase,stroke,43910,44383,473,473,0.378,-390,387
43520,44770,1250,0,GE-Phase,preparation,44383,44772,389,387,0.31,-863,-2
44770,45700,930,0,GE-Phrase,218,44383,47057,2674,930,1.0,387,-1357
44770,45700,930,0,GE-Phase,preparation,44383,44772,389,2,0.002,387,928
44770,45700,930,0,GE-Phase,stroke,44772,47057,2285,928,0.998,-2,-1357
45700,46309,609,0,GE-Phrase,218,44383,47057,2674,609,1.0,1317,-748
45700,46309,609,0,GE-Phase,stroke,44772,47057,2285,609,1.0,928,-748
46309,47250,941,0,GE-Phrase,218,44383,47057,2674,748,0.795,1926,193
46309,47250,941,0,GE-Phrase,219,47057,48898,1841,193,0.205,-748,-1648
46309,47250,941,0,GE-Phase,stroke,44772,47057,2285,748,0.795,1537,193
46309,47250,941,0,GE-Phase,stroke,47057,47597,540,193,0.205,-748,-347
14522,15590,1068,0,GE-Phrase,201,14551,15962,1411,1039,0.973,-29,-372
14522,15590,1068,0,GE-Phase,preparation,14551,14903,352,352,0.33,-29,687
14522,15590,1068,0,GE-Phase,stroke,14903,15374,471,471,0.441,-381,216
14522,15590,1068,0,GE-Phase,retraction,15374,15962,588,216,0.202,-852,-372
15590,15763,173,0,GE-Phrase,201,14551,15962,1411,173,1.0,1039,-199
15590,15763,173,0,GE-Phase,retraction,15374,15962,588,173,1.0,216,-199
15763,17363,1600,0,GE-Phrase,201,14551,15962,1411,199,0.124,1212,1401
15763,17363,1600,0,GE-Phase,retraction,15374,15962,588,199,0.124,389,1401
23045,24685,1640,0,GE-Phrase,203,21244,23590,2346,545,0.332,1801,1095
23045,24685,1640,0,GE-Phrase,204,23590,25583,1993,1095,0.668,-545,-898
23045,24685,1640,0,GE-Phase,hold,22444,23590,1146,545,0.332,601,1095
23045,24685,1640,0,GE-Phase,stroke,23590,24657,1067,1067,0.651,-545,28
23045,24685,1640,0,GE-Phase,hold,24657,25583,926,28,0.017,-1612,-898
24685,25317,632,0,GE-Phrase,204,23590,25583,1993,632,1.0,1095,-266
24685,25317,632,0,GE-Phase,hold,24657,25583,926,632,1.0,28,-266
25317,26200,883,0,GE-Phrase,204,23590,25583,1993,266,0.301,1727,617
25317,26200,883,0,GE-Phrase,205,25583,27102,1519,617,0.699,-266,-902
25317,26200,883,0,GE-Phase,hold,24657,25583,926,266,0.301,660,617
25317,26200,883,0,GE-Phase,preparation,25583,26149,566,566,0.641,-266,51
25317,26200,883,0,GE-Phase,stroke,26149,26650,501,51,0.058,-832,-450
26200,26302,102,0,GE-Phrase,205,25583,27102,1519,102,1.0,617,-800
26200,26302,102,0,GE-Phase,stroke,26149,26650,501,102,1.0,51,-348
26302,27124,822,0,GE-Phrase,205,25583,27102,1519,800,0.973,719,22
26302,27124,822,0,GE-Phrase,206,27102,28175,1073,22,0.027,-800,-1051
26302,27124,822,0,GE-Phase,stroke,26149,26650,501,348,0.423,153,474
26302,27124,822,0,GE-Phase,retraction,26650,27102,452,452,0.55,-348,22
26302,27124,822,0,GE-Phase,stroke,27102,27573,471,22,0.027,-800,-449
27124,28520,1396,0,GE-Phrase,206,27102,28175,1073,1051,0.753,22,345
27124,28520,1396,0,GE-Phase,stroke,27102,27573,471,449,0.322,22,947
27124,28520,1396,0,GE-Phase,retraction,27573,28175,602,602,0.431,-449,345
43520,44770,1250,0,GE-Phrase,217,43251,44383,1132,863,0.69,269,387
43520,44770,1250,0,GE-Phrase,218,44383,47057,2674,387,0.31,-863,-2287
43520,44770,1250,0,GE-Phase,preparation,43251,43910,659,390,0.312,269,860
43520,44770,1250,0,GE-Phase,stroke,43910,44383,473,473,0.378,-390,387
43520,44770,1250,0,GE-Phase,preparation,44383,44772,389,387,0.31,-863,-2
44770,45700,930,0,GE-Phrase,218,44383,47057,2674,930,1.0,387,-1357
44770,45700,930,0,GE-Phase,preparation,44383,44772,389,2,0.002,387,928
44770,45700,930,0,GE-Phase,stroke,44772,47057,2285,928,0.998,-2,-1357
45700,46309,609,0,GE-Phrase,218,44383,47057,2674,609,1.0,1317,-748
45700,46309,609,0,GE-Phase,stroke,44772,47057,2285,609,1.0,928,-748
46309,47250,941,0,GE-Phrase,218,44383,47057,2674,748,0.795,1926,193
46309,47250,941,0,GE-Phrase,219,47057,48898,1841,193,0.205,-748,-1648
46309,47250,941,0,GE-Phase,stroke,44772,47057,2285,748,0.795,1537,193
46309,47250,941,0,GE-Phase,stroke,47057,47597,540,193,0.205,-748,-347
14522,15590,1068,0,GE-Phrase,201,14551,15962,1411,1039,0.973,-29,-372
14522,15590,1068,0,GE-Phase,preparation,14551,14903,352,352,0.33,-29,687
14522,15590,1068,0,GE-Phase,stroke,14903,15374,471,471,0.441,-381,216
14522,15590,1068,0,GE-Phase,retraction,15374,15962,588,216,0.202,-852,-372
15590,15763,173,0,GE-Phrase,201,14551,15962,1411,173,1.0,1039,-199
15590,15763,173,0,GE-Phase,retraction,15374,15962,588,173,1.0,216,-199
15763,17363,1600,0,GE-Phrase,201,14551,15962,1411,199,0.124,1212,1401
15763,17363,1600,0,GE-Phase,retraction,15374,15962,588,199,0.124,389,1401
23045,24685,1640,0,GE-Phrase,203,21244,23590,2346,545,0.332,1801,1095
23045,24685,1640,0,GE-Phrase,204,23590,25583,1993,1095,0.668,-545,-898
23045,24685,1640,0,GE-Phase,hold,22444,23590,1146,545,0.332,601,1095
23045,24685,1640,0,GE-Phase,stroke,23590,24657,1067,1067,0.651,-545,28
23045,24685,1640,0,GE-Phase,hold,24657,25583,926,28,0.017,-1612,-898
24685,25317,632,0,GE-Phrase,204,23590,25583,1993,632,1.0,1095,-266
24685,25317,632,0,GE-Phase,hold,24657,25583,926,632,1.0,28,-266
25317,26200,883,0,GE-Phrase,204,23590,25583,1993,266,0.301,1727,617
25317,26200,883,0,GE-Phrase,205,25583,27102,1519,617,0.699,-266,-902
25317,26200,883,0,GE-Phase,hold,24657,25583,926,266,0.301,660,617
25317,26200,883,0,GE-Phase,preparation,25583,26149,566,566,0.641,-266,51
25317,26200,883,0,GE-Phase,stroke,26149,26650,501,51,0.058,-832,-450
26200,26302,102,0,GE-Phrase,205,25583,27102,1519,102,1.0,617,-800
26200,26302,102,0,GE-Phase,stroke,26149,26650,501,102,1.0,51,-348
26302,27124,822,0,GE-Phrase,205,25583,27102,1519,800,0.973,719,22
26302,27124,822,0,GE-Phrase,206,27102,28175,1073,22,0.027,-800,-1051
26302,27124,822,0,GE-Phase,stroke,26149,26650,501,348,0.423,153,474
26302,27124,822,0,GE-Phase,retraction,26650,27102,452,452,0.55,-348,22
26302,27124,822,0,GE-Phase,stroke,27102,27573,471,22,0.027,-800,-449
27124,28520,1396,0,GE-Phrase,206,27102,28175,1073,1051,0.753,22,345
27124,28520,1396,0,GE-Phase,stroke,27102,27573,471,449,0.322,22,947
27124,28520,1396,0,GE-Phase,retraction,27573,28175,602,602,0.431,-449,345
43520,44770,1250,0,GE-Phrase,217,43251,44383,1132,863,0.69,269,387
43520,44770,1250,0,GE-Phrase,218,44383,47057,2674,387,0.31,-863,-2287
43520,44770,1250,0,GE-Phase,preparation,43251,43910,659,390,0.312,269,860
43520,44770,1250,0,GE-Phase,stroke,43910,44383,473,473,0.378,-390,387
43520,44770,1250,0,GE-Phase,preparation,44383,44772,389,387,0.31,-863,-2
44770,45700,930,0,GE-Phrase,218,44383,47057,2674,930,1.0,387,-1357
44770,45700,930,0,GE-Phase,preparation,44383,44772,389,2,0.002,387,928
44770,45700,930,0,GE-Phase,stroke,44772,47057,2285,928,0.998,-2,-1357
45700,46309,609,0,GE-Phrase,218,44383,47057,2674,609,1.0,1317,-748
45700,46309,609,0,GE-Phase,stroke,44772,47057,2285,609,1.0,928,-748
46309,47250,941,0,GE-Phrase,218,44383,47057,2674,748,0.795,1926,193
46309,47250,941,0,GE-Phrase,219,47057,48898,1841,193,0.205,-748,-1648
46309,47250,941,0,GE-Phase,stroke,44772,47057,2285,748,0.795,1537,193
46309,47250,941,0,GE-Phase,stroke,47057,47597,540,193,0.205,-748,-347
14522,15590,1068,0,GE-Phrase,201,14551,15962,1411,1039,0.973,-29,-372
14522,15590,1068,0,GE-Phase,preparation,14551,14903,352,352,0.33,-29,687
14522,15590,1068,0,GE-Phase,stroke,14903,15374,471,471,0.441,-381,216
14522,15590,1068,0,GE-Phase,retraction,15374,15962,588,216,0.202,-852,-372
15590,15763,173,0,GE-Phrase,201,14551,15962,1411,173,1.0,1039,-199
15590,15763,173,0,GE-Phase,retraction,15374,15962,588,173,1.0,216,-199
15763,17363,1600,0,GE-Phrase,201,14551,15962,1411,199,0.124,1212,1401
15763,17363,1600,0,GE-Phase,retraction,15374,15962,588,199,0.124,389,1401
23045,24685,1640,0,GE-Phrase,203,21244,23590,2346,545,0.332,1801,1095
23045,24685,1640,0,GE-Phrase,204,23590,25583,1993,1095,0.668,-545,-898
23045,24685,1640,0,GE-Phase,hold,22444,23590,1146,545,0.332,601,1095
23045,24685,1640,0,GE-Phase,stroke,23590,24657,1067,1067,0.651,-545,28
23045,24685,1640,0,GE-Phase,hold,24657,25583,926,28,0.017,-1612,-898
24685,25317,632,0,GE-Phrase,204,23590,25583,1993,632,1.0,1095,-266
24685,25317,632,0,GE-Phase,hold,24657,25583,926,632,1.0,28,-266
25317,26200,883,0,GE-Phrase,204,23590,25583,1993,266,0.301,1727,617
25317,26200,883,0,GE-Phrase,205,25583,27102,1519,617,0.699,-266,-902
25317,26200,883,0,GE-Phase,hold,24657,25583,926,266,0.301,660,617
25317,26200,883,0,GE-Phase,preparation,25583,26149,566,566,0.641,-266,51
25317,26200,883,0,GE-Phase,stroke,26149,26650,501,51,0.058,-832,-450
26200,26302,102,0,GE-Phrase,205,25583,27102,1519,102,1.0,617,-800
26200,26302,102,0,GE-Phase,stroke,26149,26650,501,102,1.0,51,-348
26302,27124,822,0,GE-Phrase,205,25583,27102,1519,800,0.973,719,22
26302,27124,822,0,GE-Phrase,206,27102,28175,1073,22,0.027,-800,-1051
26302,27124,822,0,GE-Phase,stroke,26149,26650,501,348,0.423,153,474
26302,27124,822,0,GE-Phase,retraction,26650,27102,452,452,0.55,-348,22
26302,27124,822,0,GE-Phase,stroke,27102,27573,471,22,0.027,-800,-449
27124,28520,1396,0,GE-Phrase,206,27102,28175,1073,1051,0.753,22,345
27124,28520,1396,0,GE-Phase,stroke,27102,27573,471,449,0.322,22,947
27124,28520,1396,0,GE-Phase,retraction,27573,28175,602,602,0.431,-449,345
43520,44770,1250,0,GE-Phrase,217,43251,44383,1132,863,0.69,269,387
43520,44770,1250,0,GE-Phrase,218,44383,47057,2674,387,0.31,-863,-2287
43520,44770,1250,0,GE-Phase,preparation,43251,43910,659,390,0.312,269,860
43520,44770,1250,0,GE-Phase,stroke,43910,44383,473,473,0.378,-390,387
43520,44770,1250,0,GE-Phase,preparation,44383,44772,389,387,0.31,-863,-2
44770,45700,930,0,GE-Phrase,218,44383,47057,2674,930,1.0,387,-1357
44770,45700,930,0,GE-Phase,preparation,44383,44772,389,2,0.002,387,928
44770,45700,930,0,GE-Phase,stroke,44772,47057,2285,928,0.998,-2,-1357
45700,46309,609,0,GE-Phrase,218,44383,47057,2674,609,1.0,1317,-748
45700,46309,609,0,GE-Phase,stroke,44772,47057,2285,609,1.0,928,-748
46309,47250,941,0,GE-Phrase,218,44383,47057,2674,748,0.795,1926,193
46309,47250,941,0,GE-Phrase,219,47057,48898,1841,193,0.205,-748,-1648
46309,47250,941,0,GE-Phase,stroke,44772,47057,2285,748,0.795,1537,193
46309,47250,941,0,GE-Phase,stroke,47057,47597,540,193,0.205,-748,-347
14522,15590,1068,0,GE-Phrase,201,14551,15962,1411,1039,0.973,-29,-372
14522,15590,1068,0,GE-Phase,preparation,14551,14903,352,352,0.33,-29,687
14522,15590,1068,0,GE-Phase,stroke,14903,15374,471,471,0.441,-381,216
14522,15590,1068,0,GE-Phase,retraction,15374,15962,588,216,0.202,-852,-372
15590,15763,173,0,GE-Phrase,201,14551,15962,1411,173,1.0,1039,-199
15590,15763,173,0,GE-Phase,retraction,15374,15962,588,173,1.0,216,-199
15763,17363,1600,0,GE-Phrase,201,14551,15962,1411,199,0.124,1212,1401
15763,17363,1600,0,GE-Phase,retraction,15374,15962,588,199,0.124,389,1401
23045,24685,1640,0,GE-Phrase,203,21244,23590,2346,545,0.332,1801,1095
23045,24685,1640,0,GE-Phrase,204,23590,25583,1993,1095,0.668,-545,-898
23045,24685,1640,0,GE-Phase,hold,22444,23590,1146,545,0.332,601,1095
23045,24685,1640,0,GE-Phase,stroke,23590,24657,1067,1067,0.651,-545,28
23045,24685,1640,0,GE-Phase,hold,24657,25583,926,28,0.017,-1612,-898
24685,25317,632,0,GE-Phrase,204,23590,25583,1993,632,1.0,1095,-266
24685,25317,632,0,GE-Phase,hold,24657,25583,926,632,1.0,28,-266
25317,26200,883,0,GE-Phrase,204,23590,25583,1993,266,0.301,1727,617
25317,26200,883,0,GE-Phrase,205,25583,27102,1519,617,0.699,-266,-902
25317,26200,883,0,GE-Phase,hold,24657,25583,926,266,0.301,660,617
25317,26200,883,0,GE-Phase,preparation,25583,26149,566,566,0.641,-266,51
25317,26200,883,0,GE-Phase,stroke,26149,26650,501,51,0.058,-832,-450
26200,26302,102,0,GE-Phrase,205,25583,27102,1519,102,1.0,617,-800
26200,26302,102,0,GE-Phase,stroke,26149,26650,501,102,1.0,51,-348
26302,27124,822,0,GE-Phrase,205,25583,27102,1519,800,0.973,719,22
26302,27124,822,0,GE-Phrase,206,27102,28175,1073,22,0.027,-800,-1051
26302,27124,822,0,GE-Phase,stroke,26149,26650,501,348,0.423,153,474
26302,27124,822,0,GE-Phase,retraction,26650,27102,452,452,0.55,-348,22
26302,27124,822,0,GE-Phase,stroke,27102,27573,471,22,0.027,-800,-449
27124,28520,1396,0,GE-Phrase,206,27102,28175,1073,1051,0.753,22,345
27124,28520,1396,0,GE-Phase,stroke,27102,27573,471,449,0.322,22,947
27124,28520,1396,0,GE-Phase,retraction,27573,28175,602,602,0.431,-449,345
43520,44770,1250,0,GE-Phrase,217,43251,44383,1132,863,0.69,269,387
43520,44770,1250,0,GE-Phrase,218,44383,47057,2674,387,0.31,-863,-2287
43520,44770,1250,0,GE-Phase,preparation,43251,43910,659,390,0.312,269,860
43520,44770,1250,0,GE-Phase,stroke,43910,44383,473,473,0.378,-390,387
43520,44770,1250,0,GE-Phase,preparation,44383,44772,389,387,0.31,-863,-2
44770,45700,930,0,GE-Phrase,218,44383,47057,2674,930,1.0,387,-1357
44770,45700,930,0,GE-Phase,preparation,44383,44772,389,2,0.002,387,928
44770,45700,930,0,GE-Phase,stroke,44772,47057,2285,928,0.998,-2,-1357
45700,46309,609,0,GE-Phrase,218,44383,47057,2674,609,1.0,1317,-748
45700,46309,609,0,GE-Phase,stroke,44772,47057,2285,609,1.0,928,-748
46309,47250,941,0,GE-Phrase,218,44383,47057,2674,748,0.795,1926,193
46309,47250,941,0,GE-Phrase,219,47057,48898,1841,193,0.205,-748,-1648
46309,47250,941,0,GE-Phase,stroke,44772,47057,2285,748,0.795,1537,193
46309,47250,941,0,GE-Phase,stroke,47057,47597,540,193,0.205,-748,-347
14522,15590,1068,0,GE-Phrase,201,14551,15962,1411,1039,0.973,-29,-372
14522,15590,1068,0,GE-Phase,preparation,14551,14903,352,352,0.33,-29,687
14522,15590,1068,0,GE-Phase,stroke,14903,15374,471,471,0.441,-381,216
14522,15590,1068,0,GE-Phase,retraction,15374,15962,588,216,0.202,-852,-372
15590,15763,173,0,GE-Phrase,201,14551,15962,1411,173,1.0,1039,-199
15590,15763,173,0,GE-Phase,retraction,15374,15962,588,173,1.0,216,-199
15763,17363,1600,0,GE-Phrase,201,14551,15962,1411,199,0.124,1212,1401
15763,17363,1600,0,GE-Phase,retraction,15374,15962,588,199,0.124,389,1401
23045,24685,1640,0,GE-Phrase,203,21244,23590,2346,545,0.332,1801,1095
23045,24685,1640,0,GE-Phrase,204,23590,25583,1993,1095,0.668,-545,-898
23045,24685,1640,0,GE-Phase,hold,22444,23590,1146,545,0.332,601,1095
23045,24685,1640,0,GE-Phase,stroke,23590,24657,1067,1067,0.651,-545,28
23045,24685,1640,0,GE-Phase,hold,24657,25583,926,28,0.017,-1612,-898
24685,25317,632,0,GE-Phrase,204,23590,25583,1993,632,1.0,1095,-266
24685,25317,632,0,GE-Phase,hold,24657,25583,926,632,1.0,28,-266
25317,26200,883,0,GE-Phrase,204,23590,25583,1993,266,0.301,1727,617
25317,26200,883,0,GE-Phrase,205,25583,27102,1519,617,0.699,-266,-902
25317,26200,883,0,GE-Phase,hold,24657,25583,926,266,0.301,660,617
25317,26200,883,0,GE-Phase,preparation,25583,26149,566,566,0.641,-266,51
25317,26200,883,0,GE-Phase,stroke,26149,26650,501,51,0.058,-832,-450
26200,26302,102,0,GE-Phrase,205,25583,27102,1519,102,1.0,617,-800
26200,26302,102,0,GE-Phase,stroke,26149,26650,501,102,1.0,51,-348
26302,27124,822,0,GE-Phrase,205,25583,27102,1519,800,0.973,719,22
26302,27124,822,0,GE-Phrase,206,27102,28175,1073,22,0.027,-800,-1051
26302,27124,822,0,GE-Phase,stroke,26149,26650,501,348,0.423,153,474
26302,27124,822,0,GE-Phase,retraction,26650,27102,452,452,0.55,-348,22
26302,27124,822,0,GE-Phase,stroke,27102,27573,471,22,0.027,-800,-449
27124,28520,1396,0,GE-Phrase,206,27102,28175,1073,1051,0.753,22,345
27124,28520,1396,0,GE-Phase,stroke,27102,27573,471,449,0.322,22,947
27124,28520,1396,0,GE-Phase,retraction,27573,28175,602,602,0.431,-449,345
43520,44770,1250,0,GE-Phrase,217,43251,44383,1132,863,0.69,269,387
43520,44770,1250,0,GE-Phrase,218,44383,47057,2674,387,0.31,-863,-2287
43520,44770,1250,0,GE-Phase,preparation,43251,43910,659,390,0.312,269,860
43520,44770,1250,0,GE-Phase,stroke,43910,44383,473,473,0.378,-390,387
43520,44770,1250,0,GE-Phase,preparation,44383,44772,389,387,0.31,-863,-2
44770,45700,930,0,GE-Phrase,218,44383,47057,2674,930,1.0,387,-1357
44770,45700,930,0,GE-Phase,preparation,44383,44772,389,2,0.002,387,928
44770,45700,930,0,GE-Phase,stroke,44772,47057,2285,928,0.998,-2,-1357
45700,46309,609,0,GE-Phrase,218,44383,47057,2674,609,1.0,1317,-748
45700,46309,609,0,GE-Phase,stroke,44772,47057,2285,609,1.0,928,-748
46309,47250,941,0,GE-Phrase,218,44383,47057,2674,748,0.795,1926,193
46309,47250,941,0,GE-Phrase,219,47057,48898,1841,193,0.205,-748,-1648
46309,47250,941,0,GE-Phase,stroke,44772,47057,2285,748,0.795,1537,193
46309,47250,941,0,GE-Phase,stroke,47057,47597,540,193,0.205,-748,-347
14522,15590,1068,0,GE-Phrase,201,14551,15962,1411,1039,0.973,-29,-372
14522,15590,1068,0,GE-Phase,preparation,14551,14903,352,352,0.33,-29,687
14522,15590,1068,0,GE-Phase,stroke,14903,15374,471,471,0.441,-381,216
14522,15590,1068,0,GE-Phase,retraction,15374,15962,588,216,0.202,-852,-372
15590,15763,173,0,GE-Phrase,201,14551,15962,1411,173,1.0,1039,-199
15590,15763,173,0,GE-Phase,retraction,15374,15962,588,173,1.0,216,-199
15763,17363,1600,0,GE-Phrase,201,14551,15962,1411,199,0.124,1212,1401
15763,17363,1600,0,GE-Phase,retraction,15374,15962,588,199,0.124,389,1401
23045,24685,1640,0,GE-Phrase,203,21244,23590,2346,545,0.332,1801,1095
23045,24685,1640,0,GE-Phrase,204,23590,25583,1993,1095,0.668,-545,-898
23045,24685,1640,0,GE-Phase,hold,22444,23590,1146,545,0.332,601,1095
23045,24685,1640,0,GE-Phase,stroke,23590,24657,1067,1067,0.651,-545,28
23045,24685,1640,0,GE-Phase,hold,24657,25583,926,28,0.017,-1612,-898
24685,25317,632,0,GE-Phrase,204,23590,25583,1993,632,1.0,1095,-266
24685,25317,632,0,GE-Phase,hold,24657,25583,926,632,1.0,28,-266
25317,26200,883,0,GE-Phrase,204,23590,25583,1993,266,0.301,1727,617
25317,26200,883,0,GE-Phrase,205,25583,27102,1519,617,0.699,-266,-902
25317,26200,883,0,GE-Phase,hold,24657,25583,926,266,0.301,660,617
25317,26200,883,0,GE-Phase,preparation,25583,26149,566,566,0.641,-266,51
25317,26200,883,0,GE-Phase,stroke,26149,26650,501,51,0.058,-832,-450
26200,26302,102,0,GE-Phrase,205,25583,27102,1519,102,1.0,617,-800
26200,26302,102,0,GE-Phase,stroke,26149,26650,501,102,1.0,51,-348
26302,27124,822,0,GE-Phrase,205,25583,27102,1519,800,0.973,719,22
26302,27124,822,0,GE-Phrase,206,27102,28175,1073,22,0.027,-800,-1051
26302,27124,822,0,GE-Phase,stroke,26149,26650,501,348,0.423,153,474
26302,27124,822,0,GE-Phase,retraction,26650,27102,452,452,0.55,-348,22
26302,27124,822,0,GE-Phase,stroke,27102,27573,471,22,0.027,-800,-449
27124,28520,1396,0,GE-Phrase,206,27102,28175,1073,1051,0.753,22,345
27124,28520,1396,0,GE-Phase,stroke,27102,27573,471,449,0.322,22,947
27124,28520,1396,0,GE-Phase,retraction,27573,28175,602,602,0.431,-449,345
43520,44770,1250,0,GE-Phrase,217,43251,44383,1132,863,0.69,269,387
43520,44770,1250,0,GE-Phrase,218,44383,47057,2674,387,0.31,-863,-2287
43520,44770,1250,0,GE-Phase,preparation,43251,43910,659,390,0.312,269,860
43520,44770,1250,0,GE-Phase,stroke,43910,44383,473,473,0.378,-390,387
43520,44770,1250,0,GE-Phase,preparation,44383,44772,389,387,0.31,-863,-2
44770,45700,930,0,GE-Phrase,218,44383,47057,2674,930,1.0,387,-1357
44770,45700,930,0,GE-Phase,preparation,44383,44772,389,2,0.002,387,928
44770,45700,930,0,GE-Phase,stroke,44772,47057,2285,928,0.998,-2,-1357
45700,46309,609,0,GE-Phrase,218,44383,47057,2674,609,1.0,1317,-748
45700,46309,609,0,GE-Phase,stroke,44772,47057,2285,609,1.0,928,-748
46309,47250,941,0,GE-Phrase,218,44383,47057,2674,748,0.795,1926,193
46309,47250,941,0,GE-Phrase,219,47057,48898,1841,193,0.205,-748,-1648
46309,47250,941,0,GE-Phase,stroke,44772,47057,2285,748,0.795,1537,193
46309,47250,941,0,GE-Phase,stroke,47057,47597,540,193,0.205,-748,-347
14522,15590,1068,0,GE-Phrase,201,14551,15962,1411,1039,0.973,-29,-372
14522,15590,1068,0,GE-Phase,preparation,14551,14903,352,352,0.33,-29,687
14522,15590,1068,0,GE-Phase,stroke,14903,15374,471,471,0.441,-381,216
14522,15590,1068,0,GE-Phase,retraction,15374,15962,588,216,0.202,-852,-372
15590,15763,173,0,GE-Phrase,201,14551,15962,1411,173,1.0,1039,-199
15590,15763,173,0,GE-Phase,retraction,15374,15962,588,173,1.0,216,-199
15763,17363,1600,0,GE-Phrase,201,14551,15962,1411,199,0.124,1212,1401
15763,17363,1600,0,GE-Phase,retraction,15374,15962,588,199,0.124,389,1401
23045,24685,1640,0,GE-Phrase,203,21244,23590,2346,545,0.332,1801,1095
23045,24685,1640,0,GE-Phrase,204,23590,25583,1993,1095,0.668,-545,-898
23045,24685,1640,0,GE-Phase,hold,22444,23590,1146,545,0.332,601,1095
23045,24685,1640,0,GE-Phase,stroke,23590,24657,1067,1067,0.651,-545,28
23045,24685,1640,0,GE-Phase,hold,24657,25583,926,28,0.017,-1612,-898
24685,25317,632,0,GE-Phrase,204,23590,25583,1993,632,1.0,1095,-266
24685,25317,632,0,GE-Phase,hold,24657,25583,926,632,1.0,28,-266
25317,26200,883,0,GE-Phrase,204,23590,25583,1993,266,0.301,1727,617
25317,26200,883,0,GE-Phrase,205,25583,27102,1519,617,0.699,-266,-902
25317,26200,883,0,GE-Phase,hold,24657,25583,926,266,0.301,660,617
25317,26200,883,0,GE-Phase,preparation,25583,26149,566,566,0.641,-266,51
25317,26200,883,0,GE-Phase,stroke,26149,26650,501,51,0.058,-832,-450
26200,26302,102,0,GE-Phrase,205,25583,27102,1519,102,1.0,617,-800
26200,26302,102,0,GE-Phase,stroke,26149,26650,501,102,1.0,51,-348
26302,27124,822,0,GE-Phrase,205,25583,27102,1519,800,0.973,719,22
26302,27124,822,0,GE-Phrase,206,27102,28175,1073,22,0.027,-800,-1051
26302,27124,822,0,GE-Phase,stroke,26149,26650,501,348,0.423,153,474
26302,27124,822,0,GE-Phase,retraction,26650,27102,452,452,0.55,-348,22
26302,27124,822,0,GE-Phase,stroke,27102,27573,471,22,0.027,-800,-449
27124,28520,1396,0,GE-Phrase,206,27102,28175,1073,1051,0.753,22,345
27124,28520,1396,0,GE-Phase,stroke,27102,27573,471,449,0.322,22,947
27124,28520,1396,0,GE-Phase,retraction,27573,28175,602,602,0.431,-449,345
43520,44770,1250,0,GE-Phrase,217,43251,44383,1132,863,0.69,269,387
43520,44770,1250,0,GE-Phrase,218,44383,47057,2674,387,0.31,-863,-2287
43520,44770,1250,0,GE-Phase,preparation,43251,43910,659,390,0.312,269,860
43520,44770,1250,0,GE-Phase,stroke,43910,44383,473,473,0.378,-390,387
43520,44770,1250,0,GE-Phase,preparation,44383,44772,389,387,0.31,-863,-2
44770,45700,930,0,GE-Phrase,218,44383,47057,2674,930,1.0,387,-1357
44770,45700,930,0,GE-Phase,preparation,44383,44772,389,2,0.002,387,928
44770,45700,930,0,GE-Phase,stroke,44772,47057,2285,928,0.998,-2,-1357
45700,46309,609,0,GE-Phrase,218,44383,47057,2674,609,1.0,1317,-748
45700,46309,609,0,GE-Phase,stroke,44772,47057,2285,609,1.0,928,-748
46309,47250,941,0,GE-Phrase,218,44383,47057,2674,748,0.795,1926,193
46309,47250,941,0,GE-Phrase,219,47057,48898,1841,193,0.205,-748,-1648
46309,47250,941,0,GE-Phase,stroke,44772,47057,2285,748,0.795,1537,193
46309,47250,941,0,GE-Phase,stroke,47057,47597,540,193,0.205,-748,-347
45810,46185,375,0,GE-Phrase,201,43285,46196,2911,375,1.0,2525,-11
45810,46185,375,0,GE-Phase,retraction,45605,46196,591,375,1.0,205,-11
46185,48220,2035,0,GE-Phrase,201,43285,46196,2911,11,0.005,2900,2024
46185,48220,2035,0,GE-Phrase,202,46196,50278,4082,2024,0.995,-11,-2058
46185,48220,2035,0,GE-Phase,retraction,45605,46196,591,11,0.005,580,2024
46185,48220,2035,0,GE-Phase,preparation,46196,47482,1286,1286,0.632,-11,738
46185,48220,2035,0,GE-Phase,stroke,47482,50132,2650,738,0.363,-1297,-1912
48950,50259,1309,0,GE-Phrase,202,46196,50278,4082,1309,1.0,2754,-19
48950,50259,1309,0,GE-Phase,stroke,47482,50132,2650,1182,0.903,1468,127
48950,50259,1309,0,GE-Phase,retraction,50132,50278,146,127,0.097,-1182,-19
101775,103364,1589,0,GE-Phrase,226,101601,103369,1768,1589,1.0,174,-5
101775,103364,1589,0,GE-Phase,stroke,101601,102234,633,459,0.289,174,1130
101775,103364,1589,0,GE-Phase,retraction,102234,103369,1135,1130,0.711,-459,-5
106840,108290,1450,0,GE-Phrase,229,105764,107960,2196,1120,0.772,1076,330
106840,108290,1450,0,GE-Phrase,230,107960,110406,2446,330,0.228,-1120,-2116
106840,108290,1450,0,GE-Phase,stroke,105764,107960,2196,1120,0.772,1076,330
106840,108290,1450,0,GE-Phase,stroke,107960,110406,2446,330,0.228,-1120,-2116
108290,108671,381,0,GE-Phrase,230,107960,110406,2446,381,1.0,330,-1735
108290,108671,381,0,GE-Phase,stroke,107960,110406,2446,381,1.0,330,-1735
108671,109369,698,0,GE-Phrase,230,107960,110406,2446,698,1.0,711,-1037
108671,109369,698,0,GE-Phase,stroke,107960,110406,2446,698,1.0,711,-1037
109369,110382,1013,0,GE-Phrase,230,107960,110406,2446,1013,1.0,1409,-24
109369,110382,1013,0,GE-Phase,stroke,107960,110406,2446,1013,1.0,1409,-24
111370,113448,2078,0,GE-Phrase,232,111344,112091,747,721,0.347,26,1357
111370,113448,2078,0,GE-Phrase,233,112091,112627,536,536,0.258,-721,821
111370,113448,2078,0,GE-Phrase,234,112627,113705,1078,821,0.395,-1257,-257
111370,113448,2078,0,GE-Phase,stroke,111344,112091,747,721,0.347,26,1357
111370,113448,2078,0,GE-Phase,stroke,112091,112627,536,536,0.258,-721,821
111370,113448,2078,0,GE-Phase,preparation,112627,113297,670,670,0.322,-1257,151
111370,113448,2078,0,GE-Phase,stroke,113297,113705,408,151,0.073,-1927,-257
124510,125180,670,0,GE-Phrase,241,121878,125705,3827,670,1.0,2632,-525
124510,125180,670,0,GE-Phase,stroke,122442,125705,3263,670,1.0,2068,-525
125180,125513,333,0,GE-Phrase,241,121878,125705,3827,333,1.0,3302,-192
125180,125513,333,0,GE-Phase,stroke,122442,125705,3263,333,1.0,2738,-192
45810,46185,375,0,GE-Phrase,201,43285,46196,2911,375,1.0,2525,-11
45810,46185,375,0,GE-Phase,retraction,45605,46196,591,375,1.0,205,-11
46185,48220,2035,0,GE-Phrase,201,43285,46196,2911,11,0.005,2900,2024
46185,48220,2035,0,GE-Phrase,202,46196,50278,4082,2024,0.995,-11,-2058
46185,48220,2035,0,GE-Phase,retraction,45605,46196,591,11,0.005,580,2024
46185,48220,2035,0,GE-Phase,preparation,46196,47482,1286,1286,0.632,-11,738
46185,48220,2035,0,GE-Phase,stroke,47482,50132,2650,738,0.363,-1297,-1912
48950,50259,1309,0,GE-Phrase,202,46196,50278,4082,1309,1.0,2754,-19
48950,50259,1309,0,GE-Phase,stroke,47482,50132,2650,1182,0.903,1468,127
48950,50259,1309,0,GE-Phase,retraction,50132,50278,146,127,0.097,-1182,-19
101775,103364,1589,0,GE-Phrase,226,101601,103369,1768,1589,1.0,174,-5
101775,103364,1589,0,GE-Phase,stroke,101601,102234,633,459,0.289,174,1130
101775,103364,1589,0,GE-Phase,retraction,102234,103369,1135,1130,0.711,-459,-5
106840,108290,1450,0,GE-Phrase,229,105764,107960,2196,1120,0.772,1076,330
106840,108290,1450,0,GE-Phrase,230,107960,110406,2446,330,0.228,-1120,-2116
106840,108290,1450,0,GE-Phase,stroke,105764,107960,2196,1120,0.772,1076,330
106840,108290,1450,0,GE-Phase,stroke,107960,110406,2446,330,0.228,-1120,-2116
108290,108671,381,0,GE-Phrase,230,107960,110406,2446,381,1.0,330,-1735
108290,108671,381,0,GE-Phase,stroke,107960,110406,2446,381,1.0,330,-1735
108671,109369,698,0,GE-Phrase,230,107960,110406,2446,698,1.0,711,-1037
108671,109369,698,0,GE-Phase,stroke,107960,110406,2446,698,1.0,711,-1037
109369,110382,1013,0,GE-Phrase,230,107960,110406,2446,1013,1.0,1409,-24
109369,110382,1013,0,GE-Phase,stroke,107960,110406,2446,1013,1.0,1409,-24
111370,113448,2078,0,GE-Phrase,232,111344,112091,747,721,0.347,26,1357
111370,113448,2078,0,GE-Phrase,233,112091,112627,536,536,0.258,-721,821
111370,113448,2078,0,GE-Phrase,234,112627,113705,1078,821,0.395,-1257,-257
111370,113448,2078,0,GE-Phase,stroke,111344,112091,747,721,0.347,26,1357
111370,113448,2078,0,GE-Phase,stroke,112091,112627,536,536,0.258,-721,821
111370,113448,2078,0,GE-Phase,preparation,112627,113297,670,670,0.322,-1257,151
111370,113448,2078,0,GE-Phase,stroke,113297,113705,408,151,0.073,-1927,-257
124510,125180,670,0,GE-Phrase,241,121878,125705,3827,670,1.0,2632,-525
124510,125180,670,0,GE-Phase,stroke,122442,125705,3263,670,1.0,2068,-525
125180,125513,333,0,GE-Phrase,241,121878,125705,3827,333,1.0,3302,-192
125180,125513,333,0,GE-Phase,stroke,122442,125705,3263,333,1.0,2738,-192
45810,46185,375,0,GE-Phrase,201,43285,46196,2911,375,1.0,2525,-11
45810,46185,375,0,GE-Phase,retraction,45605,46196,591,375,1.0,205,-11
46185,48220,2035,0,GE-Phrase,201,43285,46196,2911,11,0.005,2900,2024
46185,48220,2035,0,GE-Phrase,202,46196,50278,4082,2024,0.995,-11,-2058
46185,48220,2035,0,GE-Phase,retraction,45605,46196,591,11,0.005,580,2024
46185,48220,2035,0,GE-Phase,preparation,46196,47482,1286,1286,0.632,-11,738
46185,48220,2035,0,GE-Phase,stroke,47482,50132,2650,738,0.363,-1297,-1912
48950,50259,1309,0,GE-Phrase,202,46196,50278,4082,1309,1.0,2754,-19
48950,50259,1309,0,GE-Phase,stroke,47482,50132,2650,1182,0.903,1468,127
48950,50259,1309,0,GE-Phase,retraction,50132,50278,146,127,0.097,-1182,-19
101775,103364,1589,0,GE-Phrase,226,101601,103369,1768,1589,1.0,174,-5
101775,103364,1589,0,GE-Phase,stroke,101601,102234,633,459,0.289,174,1130
101775,103364,1589,0,GE-Phase,retraction,102234,103369,1135,1130,0.711,-459,-5
106840,108290,1450,0,GE-Phrase,229,105764,107960,2196,1120,0.772,1076,330
106840,108290,1450,0,GE-Phrase,230,107960,110406,2446,330,0.228,-1120,-2116
106840,108290,1450,0,GE-Phase,stroke,105764,107960,2196,1120,0.772,1076,330
106840,108290,1450,0,GE-Phase,stroke,107960,110406,2446,330,0.228,-1120,-2116
108290,108671,381,0,GE-Phrase,230,107960,110406,2446,381,1.0,330,-1735
108290,108671,381,0,GE-Phase,stroke,107960,110406,2446,381,1.0,330,-1735
108671,109369,698,0,GE-Phrase,230,107960,110406,2446,698,1.0,711,-1037
108671,109369,698,0,GE-Phase,stroke,107960,110406,2446,698,1.0,711,-1037
109369,110382,1013,0,GE-Phrase,230,107960,110406,2446,1013,1.0,1409,-24
109369,110382,1013,0,GE-Phase,stroke,107960,110406,2446,1013,1.0,1409,-24
111370,113448,2078,0,GE-Phrase,232,111344,112091,747,721,0.347,26,1357
111370,113448,2078,0,GE-Phrase,233,112091,112627,536,536,0.258,-721,821
111370,113448,2078,0,GE-Phrase,234,112627,113705,1078,821,0.395,-1257,-257
111370,113448,2078,0,GE-Phase,stroke,111344,112091,747,721,0.347,26,1357
111370,113448,2078,0,GE-Phase,stroke,112091,112627,536,536,0.258,-721,821
111370,113448,2078,0,GE-Phase,preparation,112627,113297,670,670,0.322,-1257,151
111370,113448,2078,0,GE-Phase,stroke,113297,113705,408,151,0.073,-1927,-257
124510,125180,670,0,GE-Phrase,241,121878,125705,3827,670,1.0,2632,-525
124510,125180,670,0,GE-Phase,stroke,122442,125705,3263,670,1.0,2068,-525
125180,125513,333,0,GE-Phrase,241,121878,125705,3827,333,1.0,3302,-192
125180,125513,333,0,GE-Phase,stroke,122442,125705,3263,333,1.0,2738,-192
45810,46185,375,0,GE-Phrase,201,43285,46196,2911,375,1.0,2525,-11
45810,46185,375,0,GE-Phase,retraction,45605,46196,591,375,1.0,205,-11
46185,48220,2035,0,GE-Phrase,201,43285,46196,2911,11,0.005,2900,2024
46185,48220,2035,0,GE-Phrase,202,46196,50278,4082,2024,0.995,-11,-2058
46185,48220,2035,0,GE-Phase,retraction,45605,46196,591,11,0.005,580,2024
46185,48220,2035,0,GE-Phase,preparation,46196,47482,1286,1286,0.632,-11,738
46185,48220,2035,0,GE-Phase,stroke,47482,50132,2650,738,0.363,-1297,-1912
48950,50259,1309,0,GE-Phrase,202,46196,50278,4082,1309,1.0,2754,-19
48950,50259,1309,0,GE-Phase,stroke,47482,50132,2650,1182,0.903,1468,127
48950,50259,1309,0,GE-Phase,retraction,50132,50278,146,127,0.097,-1182,-19
101775,103364,1589,0,GE-Phrase,226,101601,103369,1768,1589,1.0,174,-5
101775,103364,1589,0,GE-Phase,stroke,101601,102234,633,459,0.289,174,1130
101775,103364,1589,0,GE-Phase,retraction,102234,103369,1135,1130,0.711,-459,-5
106840,108290,1450,0,GE-Phrase,229,105764,107960,2196,1120,0.772,1076,330
106840,108290,1450,0,GE-Phrase,230,107960,110406,2446,330,0.228,-1120,-2116
106840,108290,1450,0,GE-Phase,stroke,105764,107960,2196,1120,0.772,1076,330
106840,108290,1450,0,GE-Phase,stroke,107960,110406,2446,330,0.228,-1120,-2116
108290,108671,381,0,GE-Phrase,230,107960,110406,2446,381,1.0,330,-1735
108290,108671,381,0,GE-Phase,stroke,107960,110406,2446,381,1.0,330,-1735
108671,109369,698,0,GE-Phrase,230,107960,110406,2446,698,1.0,711,-1037
108671,109369,698,0,GE-Phase,stroke,107960,110406,2446,698,1.0,711,-1037
109369,110382,1013,0,GE-Phrase,230,107960,110406,2446,1013,1.0,1409,-24
109369,110382,1013,0,GE-Phase,stroke,107960,110406,2446,1013,1.0,1409,-24
111370,113448,2078,0,GE-Phrase,232,111344,112091,747,721,0.347,26,1357
111370,113448,2078,0,GE-Phrase,233,112091,112627,536,536,0.258,-721,821
111370,113448,2078,0,GE-Phrase,234,112627,113705,1078,821,0.395,-1257,-257
111370,113448,2078,0,GE-Phase,stroke,111344,112091,747,721,0.347,26,1357
111370,113448,2078,0,GE-Phase,stroke,112091,112627,536,536,0.258,-721,821
111370,113448,2078,0,GE-Phase,preparation,112627,113297,670,670,0.322,-1257,151
111370,113448,2078,0,GE-Phase,stroke,113297,113705,408,151,0.073,-1927,-257
124510,125180,670,0,GE-Phrase,241,121878,125705,3827,670,1.0,2632,-525
124510,125180,670,0,GE-Phase,stroke,122442,125705,3263,670,1.0,2068,-525
125180,125513,333,0,GE-Phrase,241,121878,125705,3827,333,1.0,3302,-192
125180,125513,333,0,GE-Phase,stroke,122442,125705,3263,333,1.0,2738,-192
45810,46185,375,0,GE-Phrase,201,43285,46196,2911,375,1.0,2525,-11
45810,46185,375,0,GE-Phase,retraction,45605,46196,591,375,1.0,205,-11
46185,48220,2035,0,GE-Phrase,201,43285,46196,2911,11,0.005,2900,2024
46185,48220,2035,0,GE-Phrase,202,46196,50278,4082,2024,0.995,-11,-2058
46185,48220,2035,0,GE-Phase,retraction,45605,46196,591,11,0.005,580,2024
46185,48220,2035,0,GE-Phase,preparation,46196,47482,1286,1286,0.632,-11,738
46185,48220,2035,0,GE-Phase,stroke,47482,50132,2650,738,0.363,-1297,-1912
48950,50259,1309,0,GE-Phrase,202,46196,50278,4082,1309,1.0,2754,-19
48950,50259,1309,0,GE-Phase,stroke,47482,50132,2650,1182,0.903,1468,127
48950,50259,1309,0,GE-Phase,retraction,50132,50278,146,127,0.097,-1182,-19
101775,103364,1589,0,GE-Phrase,226,101601,103369,1768,1589,1.0,174,-5
101775,103364,1589,0,GE-Phase,stroke,101601,102234,633,459,0.289,174,1130
101775,103364,1589,0,GE-Phase,retraction,102234,103369,1135,1130,0.711,-459,-5
106840,108290,1450,0,GE-Phrase,229,105764,107960,2196,1120,0.772,1076,330
106840,108290,1450,0,GE-Phrase,230,107960,110406,2446,330,0.228,-1120,-2116
106840,108290,1450,0,GE-Phase,stroke,105764,107960,2196,1120,0.772,1076,330
106840,108290,1450,0,GE-Phase,stroke,107960,110406,2446,330,0.228,-1120,-2116
108290,108671,381,0,GE-Phrase,230,107960,110406,2446,381,1.0,330,-1735
108290,108671,381,0,GE-Phase,stroke,107960,110406,2446,381,1.0,330,-1735
108671,109369,698,0,GE-Phrase,230,107960,110406,2446,698,1.0,711,-1037
108671,109369,698,0,GE-Phase,stroke,107960,110406,2446,698,1.0,711,-1037
109369,110382,1013,0,GE-Phrase,230,107960,110406,2446,1013,1.0,1409,-24
109369,110382,1013,0,GE-Phase,stroke,107960,110406,2446,1013,1.0,1409,-24
111370,113448,2078,0,GE-Phrase,232,111344,112091,747,721,0.347,26,1357
111370,113448,2078,0,GE-Phrase,233,112091,112627,536,536,0.258,-721,821
111370,113448,2078,0,GE-Phrase,234,112627,113705,1078,821,0.395,-1257,-257
111370,113448,2078,0,GE-Phase,stroke,111344,112091,747,721,0.347,26,1357
111370,113448,2078,0,GE-Phase,stroke,112091,112627,536,536,0.258,-721,821
111370,113448,2078,0,GE-Phase,preparation,112627,113297,670,670,0.322,-1257,151
111370,113448,2078,0,GE-Phase,stroke,113297,113705,408,151,0.073,-1927,-257
124510,125180,670,0,GE-Phrase,241,121878,125705,3827,670,1.0,2632,-525
124510,125180,670,0,GE-Phase,stroke,122442,125705,3263,670,1.0,2068,-525
125180,125513,333,0,GE-Phrase,241,121878,125705,3827,333,1.0,3302,-192
125180,125513,333,0,GE-Phase,stroke,122442,125705,3263,333,1.0,2738,-192
45810,46185,375,0,GE-Phrase,201,43285,46196,2911,375,1.0,2525,-11
45810,46185,375,0,GE-Phase,retraction,45605,46196,591,375,1.0,205,-11
46185,48220,2035,0,GE-Phrase,201,43285,46196,2911,11,0.005,2900,2024
46185,48220,2035,0,GE-Phrase,202,46196,50278,4082,2024,0.995,-11,-2058
46185,48220,2035,0,GE-Phase,retraction,45605,46196,591,11,0.005,580,2024
46185,48220,2035,0,GE-Phase,preparation,46196,47482,1286,1286,0.632,-11,738
46185,48220,2035,0,GE-Phase,stroke,47482,50132,2650,738,0.363,-1297,-1912
48950,50259,1309,0,GE-Phrase,202,46196,50278,4082,1309,1.0,2754,-19
48950,50259,1309,0,GE-Phase,stroke,47482,50132,2650,1182,0.903,1468,127
48950,50259,1309,0,GE-Phase,retraction,50132,50278,146,127,0.097,-1182,-19
101775,103364,1589,0,GE-Phrase,226,101601,103369,1768,1589,1.0,174,-5
101775,103364,1589,0,GE-Phase,stroke,101601,102234,633,459,0.289,174,1130
101775,103364,1589,0,GE-Phase,retraction,102234,103369,1135,1130,0.711,-459,-5
106840,108290,1450,0,GE-Phrase,229,105764,107960,2196,1120,0.772,1076,330
106840,108290,1450,0,GE-Phrase,230,107960,110406,2446,330,0.228,-1120,-2116
106840,108290,1450,0,GE-Phase,stroke,105764,107960,2196,1120,0.772,1076,330
106840,108290,1450,0,GE-Phase,stroke,107960,110406,2446,330,0.228,-1120,-2116
108290,108671,381,0,GE-Phrase,230,107960,110406,2446,381,1.0,330,-1735
108290,108671,381,0,GE-Phase,stroke,107960,110406,2446,381,1.0,330,-1735
108671,109369,698,0,GE-Phrase,230,107960,110406,2446,698,1.0,711,-1037
108671,109369,698,0,GE-Phase,stroke,107960,110406,2446,698,1.0,711,-1037
109369,110382,1013,0,GE-Phrase,230,107960,110406,2446,1013,1.0,1409,-24
109369,110382,1013,0,GE-Phase,stroke,107960,110406,2446,1013,1.0,1409,-24
111370,113448,2078,0,GE-Phrase,232,111344,112091,747,721,0.347,26,1357
111370,113448,2078,0,GE-Phrase,233,112091,112627,536,536,0.258,-721,821
111370,113448,2078,0,GE-Phrase,234,112627,113705,1078,821,0.395,-1257,-257
111370,113448,2078,0,GE-Phase,stroke,111344,112091,747,721,0.347,26,1357
111370,113448,2078,0,GE-Phase,stroke,112091,112627,536,536,0.258,-721,821
111370,113448,2078,0,GE-Phase,preparation,112627,113297,670,670,0.322,-1257,151
111370,113448,2078,0,GE-Phase,stroke,113297,113705,408,151,0.073,-1927,-257
124510,125180,670,0,GE-Phrase,241,121878,125705,3827,670,1.0,2632,-525
124510,125180,670,0,GE-Phase,stroke,122442,125705,3263,670,1.0,2068,-525
125180,125513,333,0,GE-Phrase,241,121878,125705,3827,333,1.0,3302,-192
125180,125513,333,0,GE-Phase,stroke,122442,125705,3263,333,1.0,2738,-192
45810,46185,375,0,GE-Phrase,201,43285,46196,2911,375,1.0,2525,-11
45810,46185,375,0,GE-Phase,retraction,45605,46196,591,375,1.0,205,-11
46185,48220,2035,0,GE-Phrase,201,43285,46196,2911,11,0.005,2900,2024
46185,48220,2035,0,GE-Phrase,202,46196,50278,4082,2024,0.995,-11,-2058
46185,48220,2035,0,GE-Phase,retraction,45605,46196,591,11,0.005,580,2024
46185,48220,2035,0,GE-Phase,preparation,46196,47482,1286,1286,0.632,-11,738
46185,48220,2035,0,GE-Phase,stroke,47482,50132,2650,738,0.363,-1297,-1912
48950,50259,1309,0,GE-Phrase,202,46196,50278,4082,1309,1.0,2754,-19
48950,50259,1309,0,GE-Phase,stroke,47482,50132,2650,1182,0.903,1468,127
48950,50259,1309,0,GE-Phase,retraction,50132,50278,146,127,0.097,-1182,-19
101775,103364,1589,0,GE-Phrase,226,101601,103369,1768,1589,1.0,174,-5
101775,103364,1589,0,GE-Phase,stroke,101601,102234,633,459,0.289,174,1130
101775,103364,1589,0,GE-Phase,retraction,102234,103369,1135,1130,0.711,-459,-5
106840,108290,1450,0,GE-Phrase,229,105764,107960,2196,1120,0.772,1076,330
106840,108290,1450,0,GE-Phrase,230,107960,110406,2446,330,0.228,-1120,-2116
106840,108290,1450,0,GE-Phase,stroke,105764,107960,2196,1120,0.772,1076,330
106840,108290,1450,0,GE-Phase,stroke,107960,110406,2446,330,0.228,-1120,-2116
108290,108671,381,0,GE-Phrase,230,107960,110406,2446,381,1.0,330,-1735
108290,108671,381,0,GE-Phase,stroke,107960,110406,2446,381,1.0,330,-1735
108671,109369,698,0,GE-Phrase,230,107960,110406,2446,698,1.0,711,-1037
108671,109369,698,0,GE-Phase,stroke,107960,110406,2446,698,1.0,711,-1037
109369,110382,1013,0,GE-Phrase,230,107960,110406,2446,1013,1.0,1409,-24
109369,110382,1013,0,GE-Phase,stroke,107960,110406,2446,1013,1.0,1409,-24
111370,113448,2078,0,GE-Phrase,232,111344,112091,747,721,0.347,26,1357
111370,113448,2078,0,GE-Phrase,233,112091,112627,536,536,0.258,-721,821
111370,113448,2078,0,GE-Phrase,234,112627,113705,1078,821,0.395,-1257,-257
111370,113448,2078,0,GE-Phase,stroke,111344,112091,747,721,0.347,26,1357
111370,113448,2078,0,GE-Phase,stroke,112091,112627,536,536,0.258,-721,821
111370,113448,2078,0,GE-Phase,preparation,112627,113297,670,670,0.322,-1257,151
111370,113448,2078,0,GE-Phase,stroke,113297,113705,408,151,0.073,-1927,-257
124510,125180,670,0,GE-Phrase,241,121878,125705,3827,670,1.0,2632,-525
124510,125180,670,0,GE-Phase,stroke,122442,125705,3263,670,1.0,2068,-525
125180,125513,333,0,GE-Phrase,241,121878,125705,3827,333,1.0,3302,-192
125180,125513,333,0,GE-Phase,stroke,122442,125705,3263,333,1.0,2738,-192
45810,46185,375,0,GE-Phrase,201,43285,46196,2911,375,1.0,2525,-11
45810,46185,375,0,GE-Phase,retraction,45605,46196,591,375,1.0,205,-11
46185,48220,2035,0,GE-Phrase,201,43285,46196,2911,11,0.005,2900,2024
46185,48220,2035,0,GE-Phrase,202,46196,50278,4082,2024,0.995,-11,-2058
46185,48220,2035,0,GE-Phase,retraction,45605,46196,591,11,0.005,580,2024
46185,48220,2035,0,GE-Phase,preparation,46196,47482,1286,1286,0.632,-11,738
46185,48220,2035,0,GE-Phase,stroke,47482,50132,2650,738,0.363,-1297,-1912
48950,50259,1309,0,GE-Phrase,202,46196,50278,4082,1309,1.0,2754,-19
48950,50259,1309,0,GE-Phase,stroke,47482,50132,2650,1182,0.903,1468,127
48950,50259,1309,0,GE-Phase,retraction,50132,50278,146,127,0.097,-1182,-19
101775,103364,1589,0,GE-Phrase,226,101601,103369,1768,1589,1.0,174,-5
101775,103364,1589,0,GE-Phase,stroke,101601,102234,633,459,0.289,174,1130
101775,103364,1589,0,GE-Phase,retraction,102234,103369,1135,1130,0.711,-459,-5
106840,108290,1450,0,GE-Phrase,229,105764,107960,2196,1120,0.772,1076,330
106840,108290,1450,0,GE-Phrase,230,107960,110406,2446,330,0.228,-1120,-2116
106840,108290,1450,0,GE-Phase,stroke,105764,107960,2196,1120,0.772,1076,330
106840,108290,1450,0,GE-Phase,stroke,107960,110406,2446,330,0.228,-1120,-2116
108290,108671,381,0,GE-Phrase,230,107960,110406,2446,381,1.0,330,-1735
108290,108671,381,0,GE-Phase,stroke,107960,110406,2446,381,1.0,330,-1735
108671,109369,698,0,GE-Phrase,230,107960,110406,2446,698,1.0,711,-1037
108671,109369,698,0,GE-Phase,stroke,107960,110406,2446,698,1.0,711,-1037
109369,110382,1013,0,GE-Phrase,230,107960,110406,2446,1013,1.0,1409,-24
109369,110382,1013,0,GE-Phase,stroke,107960,110406,2446,1013,1.0,1409,-24
111370,113448,2078,0,GE-Phrase,232,111344,112091,747,721,0.347,26,1357
111370,113448,2078,0,GE-Phrase,233,112091,112627,536,536,0.258,-721,821
111370,113448,2078,0,GE-Phrase,234,112627,113705,1078,821,0.395,-1257,-257
111370,113448,2078,0,GE-Phase,stroke,111344,112091,747,721,0.347,26,1357
111370,113448,2078,0,GE-Phase,stroke,112091,112627,536,536,0.258,-721,821
111370,113448,2078,0,GE-Phase,preparation,112627,113297,670,670,0.322,-1257,151
111370,113448,2078,0,GE-Phase,stroke,113297,113705,408,151,0.073,-1927,-257
124510,125180,670,0,GE-Phrase,241,121878,125705,3827,670,1.0,2632,-525
124510,125180,670,0,GE-Phase,stroke,122442,125705,3263,670,1.0,2068,-525
125180,125513,333,0,GE-Phrase,241,121878,125705,3827,333,1.0,3302,-192
125180,125513,333,0,GE-Phase,stroke,122442,125705,3263,333,1.0,2738,-192
45810,46185,375,0,GE-Phrase,201,43285,46196,2911,375,1.0,2525,-11
45810,46185,375,0,GE-Phase,retraction,45605,46196,591,375,1.0,205,-11
46185,48220,2035,0,GE-Phrase,201,43285,46196,2911,11,0.005,2900,2024
46185,48220,2035,0,GE-Phrase,202,46196,50278,4082,2024,0.995,-11,-2058
46185,48220,2035,0,GE-Phase,retraction,45605,46196,591,11,0.005,580,2024
46185,48220,2035,0,GE-Phase,preparation,46196,47482,1286,1286,0.632,-11,738
46185,48220,2035,0,GE-Phase,stroke,47482,50132,2650,738,0.363,-1297,-1912
48950,50259,1309,0,GE-Phrase,202,46196,50278,4082,1309,1.0,2754,-19
48950,50259,1309,0,GE-Phase,stroke,47482,50132,2650,1182,0.903,1468,127
48950,50259,1309,0,GE-Phase,retraction,50132,50278,146,127,0.097,-1182,-19
101775,103364,1589,0,GE-Phrase,226,101601,103369,1768,1589,1.0,174,-5
101775,103364,1589,0,GE-Phase,stroke,101601,102234,633,459,0.289,174,1130
101775,103364,1589,0,GE-Phase,retraction,102234,103369,1135,1130,0.711,-459,-5
106840,108290,1450,0,GE-Phrase,229,105764,107960,2196,1120,0.772,1076,330
106840,108290,1450,0,GE-Phrase,230,107960,110406,2446,330,0.228,-1120,-2116
106840,108290,1450,0,GE-Phase,stroke,105764,107960,2196,1120,0.772,1076,330
106840,108290,1450,0,GE-Phase,stroke,107960,110406,2446,330,0.228,-1120,-2116
108290,108671,381,0,GE-Phrase,230,107960,110406,2446,381,1.0,330,-1735
108290,108671,381,0,GE-Phase,stroke,107960,110406,2446,381,1.0,330,-1735
108671,109369,698,0,GE-Phrase,230,107960,110406,2446,698,1.0,711,-1037
108671,109369,698,0,GE-Phase,stroke,107960,110406,2446,698,1.0,711,-1037
109369,110382,1013,0,GE-Phrase,230,107960,110406,2446,1013,1.0,1409,-24
109369,110382,1013,0,GE-Phase,stroke,107960,110406,2446,1013,1.0,1409,-24
111370,113448,2078,0,GE-Phrase,232,111344,112091,747,721,0.347,26,1357
111370,113448,2078,0,GE-Phrase,233,112091,112627,536,536,0.258,-721,821
111370,113448,2078,0,GE-Phrase,234,112627,113705,1078,821,0.395,-1257,-257
111370,113448,2078,0,GE-Phase,stroke,111344,112091,747,721,0.347,26,1357
111370,113448,2078,0,GE-Phase,stroke,112091,112627,536,536,0.258,-721,821
111370,113448,2078,0,GE-Phase,preparation,112627,113297,670,670,0.322,-1257,151
111370,113448,2078,0,GE-Phase,stroke,113297,113705,408,151,0.073,-1927,-257
124510,125180,670,0,GE-Phrase,241,121878,125705,3827,670,1.0,2632,-525
124510,125180,670,0,GE-Phase,stroke,122442,125705,3263,670,1.0,2068,-525
125180,125513,333,0,GE-Phrase,241,121878,125705,3827,333,1.0,3302,-192
125180,125513,333,0,GE-Phase,stroke,122442,125705,3263,333,1.0,2738,-192
45810,46185,375,0,GE-Phrase,201,43285,46196,2911,375,1.0,2525,-11
45810,46185,375,0,GE-Phase,retraction,45605,46196,591,375,1.0,205,-11
46185,48220,2035,0,GE-Phrase,201,43285,46196,2911,11,0.005,2900,2024
46185,48220,2035,0,GE-Phrase,202,46196,50278,4082,2024,0.995,-11,-2058
46185,48220,2035,0,GE-Phase,retraction,45605,46196,591,11,0.005,580,2024
46185,48220,2035,0,GE-Phase,preparation,46196,47482,1286,1286,0.632,-11,738
46185,48220,2035,0,GE-Phase,stroke,47482,50132,2650,738,0.363,-1297,-1912
48950,50259,1309,0,GE-Phrase,202,46196,50278,4082,1309,1.0,2754,-19
48950,50259,1309,0,GE-Phase,stroke,47482,50132,2650,1182,0.903,1468,127
48950,50259,1309,0,GE-Phase,retraction,50132,50278,146,127,0.097,-1182,-19
101775,103364,1589,0,GE-Phrase,226,101601,103369,1768,1589,1.0,174,-5
101775,103364,1589,0,GE-Phase,stroke,101601,102234,633,459,0.289,174,1130
101775,103364,1589,0,GE-Phase,retraction,102234,103369,1135,1130,0.711,-459,-5
106840,108290,1450,0,GE-Phrase,229,105764,107960,2196,1120,0.772,1076,330
106840,108290,1450,0,GE-Phrase,230,107960,110406,2446,330,0.228,-1120,-2116
106840,108290,1450,0,GE-Phase,stroke,105764,107960,2196,1120,0.772,1076,330
106840,108290,1450,0,GE-Phase,stroke,107960,110406,2446,330,0.228,-1120,-2116
108290,108671,381,0,GE-Phrase,230,107960,110406,2446,381,1.0,330,-1735
108290,108671,381,0,GE-Phase,stroke,107960,110406,2446,381,1.0,330,-1735
108671,109369,698,0,GE-Phrase,230,107960,110406,2446,698,1.0,711,-1037
108671,109369,698,0,GE-Phase,stroke,107960,110406,2446,698,1.0,711,-1037
109369,110382,1013,0,GE-Phrase,230,107960,110406,2446,1013,1.0,1409,-24
109369,110382,1013,0,GE-Phase,stroke,107960,110406,2446,1013,1.0,1409,-24
111370,113448,2078,0,GE-Phrase,232,111344,112091,747,721,0.347,26,1357
111370,113448,2078,0,GE-Phrase,233,112091,112627,536,536,0.258,-721,821
111370,113448,2078,0,GE-Phrase,234,112627,113705,1078,821,0.395,-1257,-257
111370,113448,2078,0,GE-Phase,stroke,111344,112091,747,721,0.347,26,1357
111370,113448,2078,0,GE-Phase,stroke,112091,112627,536,536,0.258,-721,821
111370,113448,2078,0,GE-Phase,preparation,112627,113297,670,670,0.322,-1257,151
111370,113448,2078,0,GE-Phase,stroke,113297,113705,408,151,0.073,-1927,-257
124510,125180,670,0,GE-Phrase,241,121878,125705,3827,670,1.0,2632,-525
124510,125180,670,0,GE-Phase,stroke,122442,125705,3263,670,1.0,2068,-525
125180,125513,333,0,GE-Phrase,241,121878,125705,3827,333,1.0,3302,-192
125180,125513,333,0,GE-Phase,stroke,122442,125705,3263,333,1.0,2738,-192
45810,46185,375,0,GE-Phrase,201,43285,46196,2911,375,1.0,2525,-11
45810,46185,375,0,GE-Phase,retraction,45605,46196,591,375,1.0,205,-11
46185,48220,2035,0,GE-Phrase,201,43285,46196,2911,11,0.005,2900,2024
46185,48220,2035,0,GE-Phrase,202,46196,50278,4082,2024,0.995,-11,-2058
46185,48220,2035,0,GE-Phase,retraction,45605,46196,591,11,0.005,580,2024
46185,48220,2035,0,GE-Phase,preparation,46196,47482,1286,1286,0.632,-11,738
46185,48220,2035,0,GE-Phase,stroke,47482,50132,2650,738,0.363,-1297,-1912
48950,50259,1309,0,GE-Phrase,202,46196,50278,4082,1309,1.0,2754,-19
48950,50259,1309,0,GE-Phase,stroke,47482,50132,2650,1182,0.903,1468,127
48950,50259,1309,0,GE-Phase,retraction,50132,50278,146,127,0.097,-1182,-19
101775,103364,1589,0,GE-Phrase,226,101601,103369,1768,1589,1.0,174,-5
101775,103364,1589,0,GE-Phase,stroke,101601,102234,633,459,0.289,174,1130
101775,103364,1589,0,GE-Phase,retraction,102234,103369,1135,1130,0.711,-459,-5
106840,108290,1450,0,GE-Phrase,229,105764,107960,2196,1120,0.772,1076,330
106840,108290,1450,0,GE-Phrase,230,107960,110406,2446,330,0.228,-1120,-2116
106840,108290,1450,0,GE-Phase,stroke,105764,107960,2196,1120,0.772,1076,330
106840,108290,1450,0,GE-Phase,stroke,107960,110406,2446,330,0.228,-1120,-2116
108290,108671,381,0,GE-Phrase,230,107960,110406,2446,381,1.0,330,-1735
108290,108671,381,0,GE-Phase,stroke,107960,110406,2446,381,1.0,330,-1735
108671,109369,698,0,GE-Phrase,230,107960,110406,2446,698,1.0,711,-1037
108671,109369,698,0,GE-Phase,stroke,107960,110406,2446,698,1.0,711,-1037
109369,110382,1013,0,GE-Phrase,230,107960,110406,2446,1013,1.0,1409,-24
109369,110382,1013,0,GE-Phase,stroke,107960,110406,2446,1013,1.0,1409,-24
111370,113448,2078,0,GE-Phrase,232,111344,112091,747,721,0.347,26,1357
111370,113448,2078,0,GE-Phrase,233,112091,112627,536,536,0.258,-721,821
111370,113448,2078,0,GE-Phrase,234,112627,113705,1078,821,0.395,-1257,-257
111370,113448,2078,0,GE-Phase,stroke,111344,112091,747,721,0.347,26,1357
111370,113448,2078,0,GE-Phase,stroke,112091,112627,536,536,0.258,-721,821
111370,113448,2078,0,GE-Phase,preparation,112627,113297,670,670,0.322,-1257,151
111370,113448,2078,0,GE-Phase,stroke,113297,113705,408,151,0.073,-1927,-257
124510,125180,670,0,GE-Phrase,241,121878,125705,3827,670,1.0,2632,-525
124510,125180,670,0,GE-Phase,stroke,122442,125705,3263,670,1.0,2068,-525
125180,125513,333,0,GE-Phrase,241,121878,125705,3827,333,1.0,3302,-192
125180,125513,333,0,GE-Phase,stroke,122442,125705,3263,333,1.0,2738,-192
45810,46185,375,0,GE-Phrase,201,43285,46196,2911,375,1.0,2525,-11
45810,46185,375,0,GE-Phase,retraction,45605,46196,591,375,1.0,205,-11
46185,48220,2035,0,GE-Phrase,201,43285,46196,2911,11,0.005,2900,2024
46185,48220,2035,0,GE-Phrase,202,46196,50278,4082,2024,0.995,-11,-2058
46185,48220,2035,0,GE-Phase,retraction,45605,46196,591,11,0.005,580,2024
46185,48220,2035,0,GE-Phase,preparation,46196,47482,1286,1286,0.632,-11,738
46185,48220,2035,0,GE-Phase,stroke,47482,50132,2650,738,0.363,-1297,-1912
48950,50259,1309,0,GE-Phrase,202,46196,50278,4082,1309,1.0,2754,-19
48950,50259,1309,0,GE-Phase,stroke,47482,50132,2650,1182,0.903,1468,127
48950,50259,1309,0,GE-Phase,retraction,50132,50278,146,127,0.097,-1182,-19
101775,103364,1589,0,GE-Phrase,226,101601,103369,1768,1589,1.0,174,-5
101775,103364,1589,0,GE-Phase,stroke,101601,102234,633,459,0.289,174,1130
101775,103364,1589,0,GE-Phase,retraction,102234,103369,1135,1130,0.711,-459,-5
106840,108290,1450,0,GE-Phrase,229,105764,107960,2196,1120,0.772,1076,330
106840,108290,1450,0,GE-Phrase,230,107960,110406,2446,330,0.228,-1120,-2116
106840,108290,1450,0,GE-Phase,stroke,105764,107960,2196,1120,0.772,1076,330
106840,108290,1450,0,GE-Phase,stroke,107960,110406,2446,330,0.228,-1120,-2116
108290,108671,381,0,GE-Phrase,230,107960,110406,2446,381,1.0,330,-1735
108290,108671,381,0,GE-Phase,stroke,107960,110406,2446,381,1.0,330,-1735
108671,109369,698,0,GE-Phrase,230,107960,110406,2446,698,1.0,711,-1037
108671,109369,698,0,GE-Phase,stroke,107960,110406,2446,698,1.0,711,-1037
109369,110382,1013,0,GE-Phrase,230,107960,110406,2446,1013,1.0,1409,-24
109369,110382,1013,0,GE-Phase,stroke,107960,110406,2446,1013,1.0,1409,-24
111370,113448,2078,0,GE-Phrase,232,111344,112091,747,721,0.347,26,1357
111370,113448,2078,0,GE-Phrase,233,112091,112627,536,536,0.258,-721,821
111370,113448,2078,0,GE-Phrase,234,112627,113705,1078,821,0.395,-1257,-257
111370,113448,2078,0,GE-Phase,stroke,111344,112091,747,721,0.347,26,1357
111370,113448,2078,0,GE-Phase,stroke,112091,112627,536,536,0.258,-721,821
111370,113448,2078,0,GE-Phase,preparation,112627,113297,670,670,0.322,-1257,151
111370,113448,2078,0,GE-Phase,stroke,113297,113705,408,151,0.073,-1927,-257
124510,125180,670,0,GE-Phrase,241,121878,125705,3827,670,1.0,2632,-525
124510,125180,670,0,GE-Phase,stroke,122442,125705,3263,670,1.0,2068,-525
125180,125513,333,0,GE-Phrase,241,121878,125705,3827,333,1.0,3302,-192
125180,125513,333,0,GE-Phase,stroke,122442,125705,3263,333,1.0,2738,-192
45810,46185,375,0,GE-Phrase,201,43285,46196,2911,375,1.0,2525,-11
45810,46185,375,0,GE-Phase,retraction,45605,46196,591,375,1.0,205,-11
46185,48220,2035,0,GE-Phrase,201,43285,46196,2911,11,0.005,2900,2024
46185,48220,2035,0,GE-Phrase,202,46196,50278,4082,2024,0.995,-11,-2058
46185,48220,2035,0,GE-Phase,retraction,45605,46196,591,11,0.005,580,2024
46185,48220,2035,0,GE-Phase,preparation,46196,47482,1286,1286,0.632,-11,738
46185,48220,2035,0,GE-Phase,stroke,47482,50132,2650,738,0.363,-1297,-1912
48950,50259,1309,0,GE-Phrase,202,46196,50278,4082,1309,1.0,2754,-19
48950,50259,1309,0,GE-Phase,stroke,47482,50132,2650,1182,0.903,1468,127
48950,50259,1309,0,GE-Phase,retraction,50132,50278,146,127,0.097,-1182,-19
101775,103364,1589,0,GE-Phrase,226,101601,103369,1768,1589,1.0,174,-5
101775,103364,1589,0,GE-Phase,stroke,101601,102234,633,459,0.289,174,1130
101775,103364,1589,0,GE-Phase,retraction,102234,103369,1135,1130,0.711,-459,-5
106840,108290,1450,0,GE-Phrase,229,105764,107960,2196,1120,0.772,1076,330
106840,108290,1450,0,GE-Phrase,230,107960,110406,2446,330,0.228,-1120,-2116
106840,108290,1450,0,GE-Phase,stroke,105764,107960,2196,1120,0.772,1076,330
106840,108290,1450,0,GE-Phase,stroke,107960,110406,2446,330,0.228,-1120,-2116
108290,108671,381,0,GE-Phrase,230,107960,110406,2446,381,1.0,330,-1735
108290,108671,381,0,GE-Phase,stroke,107960,110406,2446,381,1.0,330,-1735
108671,109369,698,0,GE-Phrase,230,107960,110406,2446,698,1.0,711,-1037
108671,109369,698,0,GE-Phase,stroke,107960,110406,2446,698,1.0,711,-1037
109369,110382,1013,0,GE-Phrase,230,107960,110406,2446,1013,1.0,1409,-24
109369,110382,1013,0,GE-Phase,stroke,107960,110406,2446,1013,1.0,1409,-24
111370,113448,2078,0,GE-Phrase,232,111344,112091,747,721,0.347,26,1357
111370,113448,2078,0,GE-Phrase,233,112091,112627,536,536,0.258,-721,821
111370,113448,2078,0,GE-Phrase,234,112627,113705,1078,821,0.395,-1257,-257
111370,113448,2078,0,GE-Phase,stroke,111344,112091,747,721,0.347,26,1357
111370,113448,2078,0,GE-Phase,stroke,112091,112627,536,536,0.258,-721,821
111370,113448,2078,0,GE-Phase,preparation,112627,113297,670,670,0.322,-1257,151
111370,113448,2078,0,GE-Phase,stroke,113297,113705,408,151,0.073,-1927,-257
124510,125180,670,0,GE-Phrase,241,121878,125705,3827,670,1.0,2632,-525
124510,125180,670,0,GE-Phase,stroke,122442,125705,3263,670,1.0,2068,-525
125180,125513,333,0,GE-Phrase,241,121878,125705,3827,333,1.0,3302,-192
125180,125513,333,0,GE-Phase,stroke,122442,125705,3263,333,1.0,2738,-192
45810,46185,375,0,GE-Phrase,201,43285,46196,2911,375,1.0,2525,-11
45810,46185,375,0,GE-Phase,retraction,45605,46196,591,375,1.0,205,-11
46185,48220,2035,0,GE-Phrase,201,43285,46196,2911,11,0.005,2900,2024
46185,48220,2035,0,GE-Phrase,202,46196,50278,4082,2024,0.995,-11,-2058
46185,48220,2035,0,GE-Phase,retraction,45605,46196,591,11,0.005,580,2024
46185,48220,2035,0,GE-Phase,preparation,46196,47482,1286,1286,0.632,-11,738
46185,48220,2035,0,GE-Phase,stroke,47482,50132,2650,738,0.363,-1297,-1912
48950,50259,1309,0,GE-Phrase,202,46196,50278,4082,1309,1.0,2754,-19
48950,50259,1309,0,GE-Phase,stroke,47482,50132,2650,1182,0.903,1468,127
48950,50259,1309,0,GE-Phase,retraction,50132,50278,146,127,0.097,-1182,-19
101775,103364,1589,0,GE-Phrase,226,101601,103369,1768,1589,1.0,174,-5
101775,103364,1589,0,GE-Phase,stroke,101601,102234,633,459,0.289,174,1130
101775,103364,1589,0,GE-Phase,retraction,102234,103369,1135,1130,0.711,-459,-5
106840,108290,1450,0,GE-Phrase,229,105764,107960,2196,1120,0.772,1076,330
106840,108290,1450,0,GE-Phrase,230,107960,110406,2446,330,0.228,-1120,-2116
106840,108290,1450,0,GE-Phase,stroke,105764,107960,2196,1120,0.772,1076,330
106840,108290,1450,0,GE-Phase,stroke,107960,110406,2446,330,0.228,-1120,-2116
108290,108671,381,0,GE-Phrase,230,107960,110406,2446,381,1.0,330,-1735
108290,108671,381,0,GE-Phase,stroke,107960,110406,2446,381,1.0,330,-1735
108671,109369,698,0,GE-Phrase,230,107960,110406,2446,698,1.0,711,-1037
108671,109369,698,0,GE-Phase,stroke,107960,110406,2446,698,1.0,711,-1037
109369,110382,1013,0,GE-Phrase,230,107960,110406,2446,1013,1.0,1409,-24
109369,110382,1013,0,GE-Phase,stroke,107960,110406,2446,1013,1.0,1409,-24
111370,113448,2078,0,GE-Phrase,232,111344,112091,747,721,0.347,26,1357
111370,113448,2078,0,GE-Phrase,233,112091,112627,536,536,0.258,-721,821
111370,113448,2078,0,GE-Phrase,234,112627,113705,1078,821,0.395,-1257,-257
111370,113448,2078,0,GE-Phase,stroke,111344,112091,747,721,0.347,26,1357
111370,113448,2078,0,GE-Phase,stroke,112091,112627,536,536,0.258,-721,821
111370,113448,2078,0,GE-Phase,preparation,112627,113297,670,670,0.322,-1257,151
111370,113448,2078,0,GE-Phase,stroke,113297,113705,408,151,0.073,-1927,-257
124510,125180,670,0,GE-Phrase,241,121878,125705,3827,670,1.0,2632,-525
124510,125180,670,0,GE-Phase,stroke,122442,125705,3263,670,1.0,2068,-525
125180,125513,333,0,GE-Phrase,241,121878,125705,3827,333,1.0,3302,-192
125180,125513,333,0,GE-Phase,stroke,122442,125705,3263,333,1.0,2738,-192
45810,46185,375,0,GE-Phrase,201,43285,46196,2911,375,1.0,2525,-11
45810,46185,375,0,GE-Phase,retraction,45605,46196,591,375,1.0,205,-11
46185,48220,2035,0,GE-Phrase,201,43285,46196,2911,11,0.005,2900,2024
46185,48220,2035,0,GE-Phrase,202,46196,50278,4082,2024,0.995,-11,-2058
46185,48220,2035,0,GE-Phase,retraction,45605,46196,591,11,0.005,580,2024
46185,48220,2035,0,GE-Phase,preparation,46196,47482,1286,1286,0.632,-11,738
46185,48220,2035,0,GE-Phase,stroke,47482,50132,2650,738,0.363,-1297,-1912
48950,50259,1309,0,GE-Phrase,202,46196,50278,4082,1309,1.0,2754,-19
48950,50259,1309,0,GE-Phase,stroke,47482,50132,2650,1182,0.903,1468,127
48950,50259,1309,0,GE-Phase,retraction,50132,50278,146,127,0.097,-1182,-19
101775,103364,1589,0,GE-Phrase,226,101601,103369,1768,1589,1.0,174,-5
101775,103364,1589,0,GE-Phase,stroke,101601,102234,633,459,0.289,174,1130
101775,103364,1589,0,GE-Phase,retraction,102234,103369,1135,1130,0.711,-459,-5
106840,108290,1450,0,GE-Phrase,229,105764,107960,2196,1120,0.772,1076,330
106840,108290,1450,0,GE-Phrase,230,107960,110406,2446,330,0.228,-1120,-2116
106840,108290,1450,0,GE-Phase,stroke,105764,107960,2196,1120,0.772,1076,330
106840,108290,1450,0,GE-Phase,stroke,107960,110406,2446,330,0.228,-1120,-2116
108290,108671,381,0,GE-Phrase,230,107960,110406,2446,381,1.0,330,-1735
108290,108671,381,0,GE-Phase,stroke,107960,110406,2446,381,1.0,330,-1735
108671,109369,698,0,GE-Phrase,230,107960,110406,2446,698,1.0,711,-1037
108671,109369,698,0,GE-Phase,stroke,107960,110406,2446,698,1.0,711,-1037
109369,110382,1013,0,GE-Phrase,230,107960,110406,2446,1013,1.0,1409,-24
109369,110382,1013,0,GE-Phase,stroke,107960,110406,2446,1013,1.0,1409,-24
111370,113448,2078,0,GE-Phrase,232,111344,112091,747,721,0.347,26,1357
111370,113448,2078,0,GE-Phrase,233,112091,112627,536,536,0.258,-721,821
111370,113448,2078,0,GE-Phrase,234,112627,113705,1078,821,0.395,-1257,-257
111370,113448,2078,0,GE-Phase,stroke,111344,112091,747,721,0.347,26,1357
111370,113448,2078,0,GE-Phase,stroke,112091,112627,536,536,0.258,-721,821
111370,113448,2078,0,GE-Phase,preparation,112627,113297,670,670,0.322,-1257,151
111370,113448,2078,0,GE-Phase,stroke,113297,113705,408,151,0.073,-1927,-257
124510,125180,670,0,GE-Phrase,241,121878,125705,3827,670,1.0,2632,-525
124510,125180,670,0,GE-Phase,stroke,122442,125705,3263,670,1.0,2068,-525
125180,125513,333,0,GE-Phrase,241,121878,125705,3827,333,1.0,3302,-192
125180,125513,333,0,GE-Phase,stroke,122442,125705,3263,333,1.0,2738,-192
45810,46185,375,0,GE-Phrase,201,43285,46196,2911,375,1.0,2525,-11
45810,46185,375,0,GE-Phase,retraction,45605,46196,591,375,1.0,205,-11
46185,48220,2035,0,GE-Phrase,201,43285,46196,2911,11,0.005,2900,2024
46185,48220,2035,0,GE-Phrase,202,46196,50278,4082,2024,0.995,-11,-2058
46185,48220,2035,0,GE-Phase,retraction,45605,46196,591,11,0.005,580,2024
46185,48220,2035,0,GE-Phase,preparation,46196,47482,1286,1286,0.632,-11,738
46185,48220,2035,0,GE-Phase,stroke,47482,50132,2650,738,0.363,-1297,-1912
48950,50259,1309,0,GE-Phrase,202,46196,50278,4082,1309,1.0,2754,-19
48950,50259,1309,0,GE-Phase,stroke,47482,50132,2650,1182,0.903,1468,127
48950,50259,1309,0,GE-Phase,retraction,50132,50278,146,127,0.097,-1182,-19
101775,103364,1589,0,GE-Phrase,226,101601,103369,1768,1589,1.0,174,-5
101775,103364,1589,0,GE-Phase,stroke,101601,102234,633,459,0.289,174,1130
101775,103364,1589,0,GE-Phase,retraction,102234,103369,1135,1130,0.711,-459,-5
106840,108290,1450,0,GE-Phrase,229,105764,107960,2196,1120,0.772,1076,330
106840,108290,1450,0,GE-Phrase,230,107960,110406,2446,330,0.228,-1120,-2116
106840,108290,1450,0,GE-Phase,stroke,105764,107960,2196,1120,0.772,1076,330
106840,108290,1450,0,GE-Phase,stroke,107960,110406,2446,330,0.228,-1120,-2116
108290,108671,381,0,GE-Phrase,230,107960,110406,2446,381,1.0,330,-1735
108290,108671,381,0,GE-Phase,stroke,107960,110406,2446,381,1.0,330,-1735
108671,109369,698,0,GE-Phrase,230,107960,110406,2446,698,1.0,711,-1037
108671,109369,698,0,GE-Phase,stroke,107960,110406,2446,698,1.0,711,-1037
109369,110382,1013,0,GE-Phrase,230,107960,110406,2446,1013,1.0,1409,-24
109369,110382,1013,0,GE-Phase,stroke,107960,110406,2446,1013,1.0,1409,-24
111370,113448,2078,0,GE-Phrase,232,111344,112091,747,721,0.347,26,1357
111370,113448,2078,0,GE-Phrase,233,112091,112627,536,536,0.258,-721,821
111370,113448,2078,0,GE-Phrase,234,112627,113705,1078,821,0.395,-1257,-257
111370,113448,2078,0,GE-Phase,stroke,111344,112091,747,721,0.347,26,1357
111370,113448,2078,0,GE-Phase,stroke,112091,112627,536,536,0.258,-721,821
111370,113448,2078,0,GE-Phase,preparation,112627,113297,670,670,0.322,-1257,151
111370,113448,2078,0,GE-Phase,stroke,113297,113705,408,151,0.073,-1927,-257
124510,125180,670,0,GE-Phrase,241,121878,125705,3827,670,1.0,2632,-525
124510,125180,670,0,GE-Phase,stroke,122442,125705,3263,670,1.0,2068,-525
125180,125513,333,0,GE-Phrase,241,121878,125705,3827,333,1.0,3302,-192
125180,125513,333,0,GE-Phase,stroke,122442,125705,3263,333,1.0,2738,-192
45810,46185,375,0,GE-Phrase,201,43285,46196,2911,375,1.0,2525,-11
45810,46185,375,0,GE-Phase,retraction,45605,46196,591,375,1.0,205,-11
46185,48220,2035,0,GE-Phrase,201,43285,46196,2911,11,0.005,2900,2024
46185,48220,2035,0,GE-Phrase,202,46196,50278,4082,2024,0.995,-11,-2058
46185,48220,2035,0,GE-Phase,retraction,45605,46196,591,11,0.005,580,2024
46185,48220,2035,0,GE-Phase,preparation,46196,47482,1286,1286,0.632,-11,738
46185,48220,2035,0,GE-Phase,stroke,47482,50132,2650,738,0.363,-1297,-1912
48950,50259,1309,0,GE-Phrase,202,46196,50278,4082,1309,1.0,2754,-19
48950,50259,1309,0,GE-Phase,stroke,47482,50132,2650,1182,0.903,1468,127
48950,50259,1309,0,GE-Phase,retraction,50132,50278,146,127,0.097,-1182,-19
101775,103364,1589,0,GE-Phrase,226,101601,103369,1768,1589,1.0,174,-5
101775,103364,1589,0,GE-Phase,stroke,101601,102234,633,459,0.289,174,1130
101775,103364,1589,0,GE-Phase,retraction,102234,103369,1135,1130,0.711,-459,-5
106840,108290,1450,0,GE-Phrase,229,105764,107960,2196,1120,0.772,1076,330
106840,108290,1450,0,GE-Phrase,230,107960,110406,2446,330,0.228,-1120,-2116
106840,108290,1450,0,GE-Phase,stroke,105764,107960,2196,1120,0.772,1076,330
106840,108290,1450,0,GE-Phase,stroke,107960,110406,2446,330,0.228,-1120,-2116
108290,108671,381,0,GE-Phrase,230,107960,110406,2446,381,1.0,330,-1735
108290,108671,381,0,GE-Phase,stroke,107960,110406,2446,381,1.0,330,-1735
108671,109369,698,0,GE-Phrase,230,107960,110406,2446,698,1.0,711,-1037
108671,109369,698,0,GE-Phase,stroke,107960,110406,2446,698,1.0,711,-1037
109369,110382,1013,0,GE-Phrase,230,107960,110406,2446,1013,1.0,1409,-24
109369,110382,1013,0,GE-Phase,stroke,107960,110406,2446,1013,1.0,1409,-24
111370,113448,2078,0,GE-Phrase,232,111344,112091,747,721,0.347,26,1357
111370,113448,2078,0,GE-Phrase,233,112091,112627,536,536,0.258,-721,821
111370,113448,2078,0,GE-Phrase,234,112627,113705,1078,821,0.395,-1257,-257
111370,113448,2078,0,GE-Phase,stroke,111344,112091,747,721,0.347,26,1357
111370,113448,2078,0,GE-Phase,stroke,112091,112627,536,536,0.258,-721,821
111370,113448,2078,0,GE-Phase,preparation,112627,113297,670,670,0.322,-1257,151
111370,113448,2078,0,GE-Phase,stroke,113297,113705,408,151,0.073,-1927,-257
124510,125180,670,0,GE-Phrase,241,121878,125705,3827,670,1.0,2632,-525
124510,125180,670,0,GE-Phase,stroke,122442,125705,3263,670,1.0,2068,-525
125180,125513,333,0,GE-Phrase,241,121878,125705,3827,333,1.0,3302,-192
125180,125513,333,0,GE-Phase,stroke,122442,125705,3263,333,1.0,2738,-192
45810,46185,375,0,GE-Phrase,201,43285,46196,2911,375,1.0,2525,-11
45810,46185,375,0,GE-Phase,retraction,45605,46196,591,375,1.0,205,-11
46185,48220,2035,0,GE-Phrase,201,43285,46196,2911,11,0.005,2900,2024
46185,48220,2035,0,GE-Phrase,202,46196,50278,4082,2024,0.995,-11,-2058
46185,48220,2035,0,GE-Phase,retraction,45605,46196,591,11,0.005,580,2024
46185,48220,2035,0,GE-Phase,preparation,46196,47482,1286,1286,0.632,-11,738
46185,48220,2035,0,GE-Phase,stroke,47482,50132,2650,738,0.363,-1297,-1912
48950,50259,1309,0,GE-Phrase,202,46196,50278,4082,1309,1.0,2754,-19
48950,50259,1309,0,GE-Phase,stroke,47482,50132,2650,1182,0.903,1468,127
48950,50259,1309,0,GE-Phase,retraction,50132,50278,146,127,0.097,-1182,-19
101775,103364,1589,0,GE-Phrase,226,101601,103369,1768,1589,1.0,174,-5
101775,103364,1589,0,GE-Phase,stroke,101601,102234,633,459,0.289,174,1130
101775,103364,1589,0,GE-Phase,retraction,102234,103369,1135,1130,0.711,-459,-5
106840,108290,1450,0,GE-Phrase,229,105764,107960,2196,1120,0.772,1076,330
106840,108290,1450,0,GE-Phrase,230,107960,110406,2446,330,0.228,-1120,-2116
106840,108290,1450,0,GE-Phase,stroke,105764,107960,2196,1120,0.772,1076,330
106840,108290,1450,0,GE-Phase,stroke,107960,110406,2446,330,0.228,-1120,-2116
108290,108671,381,0,GE-Phrase,230,107960,110406,2446,381,1.0,330,-1735
108290,108671,381,0,GE-Phase,stroke,107960,110406,2446,381,1.0,330,-1735
108671,109369,698,0,GE-Phrase,230,107960,110406,2446,698,1.0,711,-1037
108671,109369,698,0,GE-Phase,stroke,107960,110406,2446,698,1.0,711,-1037
109369,110382,1013,0,GE-Phrase,230,107960,110406,2446,1013,1.0,1409,-24
109369,110382,1013,0,GE-Phase,stroke,107960,110406,2446,1013,1.0,1409,-24
111370,113448,2078,0,GE-Phrase,232,111344,112091,747,721,0.347,26,1357
111370,113448,2078,0,GE-Phrase,233,112091,112627,536,536,0.258,-721,821
111370,113448,2078,0,GE-Phrase,234,112627,113705,1078,821,0.395,-1257,-257
111370,113448,2078,0,GE-Phase,stroke,111344,112091,747,721,0.347,26,1357
111370,113448,2078,0,GE-Phase,stroke,112091,112627,536,536,0.258,-721,821
111370,113448,2078,0,GE-Phase,preparation,112627,113297,670,670,0.322,-1257,151
111370,113448,2078,0,GE-Phase,stroke,113297,113705,408,151,0.073,-1927,-257
124510,125180,670,0,GE-Phrase,241,121878,125705,3827,670,1.0,2632,-525
124510,125180,670,0,GE-Phase,stroke,122442,125705,3263,670,1.0,2068,-525
125180,125513,333,0,GE-Phrase,241,121878,125705,3827,333,1.0,3302,-192
125180,125513,333,0,GE-Phase,stroke,122442,125705,3263,333,1.0,2738,-192
45810,46185,375,0,GE-Phrase,201,43285,46196,2911,375,1.0,2525,-11
45810,46185,375,0,GE-Phase,retraction,45605,46196,591,375,1.0,205,-11
46185,48220,2035,0,GE-Phrase,201,43285,46196,2911,11,0.005,2900,2024
46185,48220,2035,0,GE-Phrase,202,46196,50278,4082,2024,0.995,-11,-2058
46185,48220,2035,0,GE-Phase,retraction,45605,46196,591,11,0.005,580,2024
46185,48220,2035,0,GE-Phase,preparation,46196,47482,1286,1286,0.632,-11,738
46185,48220,2035,0,GE-Phase,stroke,47482,50132,2650,738,0.363,-1297,-1912
48950,50259,1309,0,GE-Phrase,202,46196,50278,4082,1309,1.0,2754,-19
48950,50259,1309,0,GE-Phase,stroke,47482,50132,2650,1182,0.903,1468,127
48950,50259,1309,0,GE-Phase,retraction,50132,50278,146,127,0.097,-1182,-19
101775,103364,1589,0,GE-Phrase,226,101601,103369,1768,1589,1.0,174,-5
101775,103364,1589,0,GE-Phase,stroke,101601,102234,633,459,0.289,174,1130
101775,103364,1589,0,GE-Phase,retraction,102234,103369,1135,1130,0.711,-459,-5
106840,108290,1450,0,GE-Phrase,229,105764,107960,2196,1120,0.772,1076,330
106840,108290,1450,0,GE-Phrase,230,107960,110406,2446,330,0.228,-1120,-2116
106840,108290,1450,0,GE-Phase,stroke,105764,107960,2196,1120,0.772,1076,330
106840,108290,1450,0,GE-Phase,stroke,107960,110406,2446,330,0.228,-1120,-2116
108290,108671,381,0,GE-Phrase,230,107960,110406,2446,381,1.0,330,-1735
108290,108671,381,0,GE-Phase,stroke,107960,110406,2446,381,1.0,330,-1735
108671,109369,698,0,GE-Phrase,230,107960,110406,2446,698,1.0,711,-1037
108671,109369,698,0,GE-Phase,stroke,107960,110406,2446,698,1.0,711,-1037
109369,110382,1013,0,GE-Phrase,230,107960,110406,2446,1013,1.0,1409,-24
109369,110382,1013,0,GE-Phase,stroke,107960,110406,2446,1013,1.0,1409,-24
111370,113448,2078,0,GE-Phrase,232,111344,112091,747,721,0.347,26,1357
111370,113448,2078,0,GE-Phrase,233,112091,112627,536,536,0.258,-721,821
111370,113448,2078,0,GE-Phrase,234,112627,113705,1078,821,0.395,-1257,-257
111370,113448,2078,0,GE-Phase,stroke,111344,112091,747,721,0.347,26,1357
111370,113448,2078,0,GE-Phase,stroke,112091,112627,536,536,0.258,-721,821
111370,113448,2078,0,GE-Phase,preparation,112627,113297,670,670,0.322,-1257,151
111370,113448,2078,0,GE-Phase,stroke,113297,113705,408,151,0.073,-1927,-257
124510,125180,670,0,GE-Phrase,241,121878,125705,3827,670,1.0,2632,-525
124510,125180,670,0,GE-Phase,stroke,122442,125705,3263,670,1.0,2068,-525
125180,125513,333,0,GE-Phrase,241,121878,125705,3827,333,1.0,3302,-192
125180,125513,333,0,GE-Phase,stroke,122442,125705,3263,333,1.0,2738,-192
45810,46185,375,0,GE-Phrase,201,43285,46196,2911,375,1.0,2525,-11
45810,46185,375,0,GE-Phase,retraction,45605,46196,591,375,1.0,205,-11
46185,48220,2035,0,GE-Phrase,201,43285,46196,2911,11,0.005,2900,2024
46185,48220,2035,0,GE-Phrase,202,46196,50278,4082,2024,0.995,-11,-2058
46185,48220,2035,0,GE-Phase,retraction,45605,46196,591,11,0.005,580,2024
46185,48220,2035,0,GE-Phase,preparation,46196,47482,1286,1286,0.632,-11,738
46185,48220,2035,0,GE-Phase,stroke,47482,50132,2650,738,0.363,-1297,-1912
48950,50259,1309,0,GE-Phrase,202,46196,50278,4082,1309,1.0,2754,-19
48950,50259,1309,0,GE-Phase,stroke,47482,50132,2650,1182,0.903,1468,127
48950,50259,1309,0,GE-Phase,retraction,50132,50278,146,127,0.097,-1182,-19
101775,103364,1589,0,GE-Phrase,226,101601,103369,1768,1589,1.0,174,-5
101775,103364,1589,0,GE-Phase,stroke,101601,102234,633,459,0.289,174,1130
101775,103364,1589,0,GE-Phase,retraction,102234,103369,1135,1130,0.711,-459,-5
106840,108290,1450,0,GE-Phrase,229,105764,107960,2196,1120,0.772,1076,330
106840,108290,1450,0,GE-Phrase,230,107960,110406,2446,330,0.228,-1120,-2116
106840,108290,1450,0,GE-Phase,stroke,105764,107960,2196,1120,0.772,1076,330
106840,108290,1450,0,GE-Phase,stroke,107960,110406,2446,330,0.228,-1120,-2116
108290,108671,381,0,GE-Phrase,230,107960,110406,2446,381,1.0,330,-1735
108290,108671,381,0,GE-Phase,stroke,107960,110406,2446,381,1.0,330,-1735
108671,109369,698,0,GE-Phrase,230,107960,110406,2446,698,1.0,711,-1037
108671,109369,698,0,GE-Phase,stroke,107960,110406,2446,698,1.0,711,-1037
109369,110382,1013,0,GE-Phrase,230,107960,110406,2446,1013,1.0,1409,-24
109369,110382,1013,0,GE-Phase,stroke,107960,110406,2446,1013,1.0,1409,-24
111370,113448,2078,0,GE-Phrase,232,111344,112091,747,721,0.347,26,1357
111370,113448,2078,0,GE-Phrase,233,112091,112627,536,536,0.258,-721,821
111370,113448,2078,0,GE-Phrase,234,112627,113705,1078,821,0.395,-1257,-257
111370,113448,2078,0,GE-Phase,stroke,111344,112091,747,721,0.347,26,1357
111370,113448,2078,0,GE-Phase,stroke,112091,112627,536,536,0.258,-721,821
111370,113448,2078,0,GE-Phase,preparation,112627,113297,670,670,0.322,-1257,151
111370,113448,2078,0,GE-Phase,stroke,113297,113705,408,151,0.073,-1927,-257
124510,125180,670,0,GE-Phrase,241,121878,125705,3827,670,1.0,2632,-525
124510,125180,670,0,GE-Phase,stroke,122442,125705,3263,670,1.0,2068,-525
125180,125513,333,0,GE-Phrase,241,121878,125705,3827,333,1.0,3302,-192
125180,125513,333,0,GE-Phase,stroke,122442,125705,3263,333,1.0,2738,-192
45810,46185,375,0,GE-Phrase,201,43285,46196,2911,375,1.0,2525,-11
45810,46185,375,0,GE-Phase,retraction,45605,46196,591,375,1.0,205,-11
46185,48220,2035,0,GE-Phrase,201,43285,46196,2911,11,0.005,2900,2024
46185,48220,2035,0,GE-Phrase,202,46196,50278,4082,2024,0.995,-11,-2058
46185,48220,2035,0,GE-Phase,retraction,45605,46196,591,11,0.005,580,2024
46185,48220,2035,0,GE-Phase,preparation,46196,47482,1286,1286,0.632,-11,738
46185,48220,2035,0,GE-Phase,stroke,47482,50132,2650,738,0.363,-1297,-1912
48950,50259,1309,0,GE-Phrase,202,46196,50278,4082,1309,1.0,2754,-19
48950,50259,1309,0,GE-Phase,stroke,47482,50132,2650,1182,0.903,1468,127
48950,50259,1309,0,GE-Phase,retraction,50132,50278,146,127,0.097,-1182,-19
101775,103364,1589,0,GE-Phrase,226,101601,103369,1768,1589,1.0,174,-5
101775,103364,1589,0,GE-Phase,stroke,101601,102234,633,459,0.289,174,1130
101775,103364,1589,0,GE-Phase,retraction,102234,103369,1135,1130,0.711,-459,-5
106840,108290,1450,0,GE-Phrase,229,105764,107960,2196,1120,0.772,1076,330
106840,108290,1450,0,GE-Phrase,230,107960,110406,2446,330,0.228,-1120,-2116
106840,108290,1450,0,GE-Phase,stroke,105764,107960,2196,1120,0.772,1076,330
106840,108290,1450,0,GE-Phase,stroke,107960,110406,2446,330,0.228,-1120,-2116
108290,108671,381,0,GE-Phrase,230,107960,110406,2446,381,1.0,330,-1735
108290,108671,381,0,GE-Phase,stroke,107960,110406,2446,381,1.0,330,-1735
108671,109369,698,0,GE-Phrase,230,107960,110406,2446,698,1.0,711,-1037
108671,109369,698,0,GE-Phase,stroke,107960,110406,2446,698,1.0,711,-1037
109369,110382,1013,0,GE-Phrase,230,107960,110406,2446,1013,1.0,1409,-24
109369,110382,1013,0,GE-Phase,stroke,107960,110406,2446,1013,1.0,1409,-24
111370,113448,2078,0,GE-Phrase,232,111344,112091,747,721,0.347,26,1357
111370,113448,2078,0,GE-Phrase,233,112091,112627,536,536,0.258,-721,821
111370,113448,2078,0,GE-Phrase,234,112627,113705,1078,821,0.395,-1257,-257
111370,113448,2078,0,GE-Phase,stroke,111344,112091,747,721,0.347,26,1357
111370,113448,2078,0,GE-Phase,stroke,112091,112627,536,536,0.258,-721,821
111370,113448,2078,0,GE-Phase,preparation,112627,113297,670,670,0.322,-1257,151
111370,113448,2078,0,GE-Phase,stroke,113297,113705,408,151,0.073,-1927,-257
124510,125180,670,0,GE-Phrase,241,121878,125705,3827,670,1.0,2632,-525
124510,125180,670,0,GE-Phase,stroke,122442,125705,3263,670,1.0,2068,-525
125180,125513,333,0,GE-Phrase,241,121878,125705,3827,333,1.0,3302,-192
125180,125513,333,0,GE-Phase,stroke,122442,125705,3263,333,1.0,2738,-192
45810,46185,375,0,GE-Phrase,201,43285,46196,2911,375,1.0,2525,-11
45810,46185,375,0,GE-Phase,retraction,45605,46196,591,375,1.0,205,-11
46185,48220,2035,0,GE-Phrase,201,43285,46196,2911,11,0.005,2900,2024
46185,48220,2035,0,GE-Phrase,202,46196,50278,4082,2024,0.995,-11,-2058
46185,48220,2035,0,GE-Phase,retraction,45605,46196,591,11,0.005,580,2024
46185,48220,2035,0,GE-Phase,preparation,46196,47482,1286,1286,0.632,-11,738
46185,48220,2035,0,GE-Phase,stroke,47482,50132,2650,738,0.363,-1297,-1912
48950,50259,1309,0,GE-Phrase,202,46196,50278,4082,1309,1.0,2754,-19
48950,50259,1309,0,GE-Phase,stroke,47482,50132,2650,1182,0.903,1468,127
48950,50259,1309,0,GE-Phase,retraction,50132,50278,146,127,0.097,-1182,-19
101775,103364,1589,0,GE-Phrase,226,101601,103369,1768,1589,1.0,174,-5
101775,103364,1589,0,GE-Phase,stroke,101601,102234,633,459,0.289,174,1130
101775,103364,1589,0,GE-Phase,retraction,102234,103369,1135,1130,0.711,-459,-5
106840,108290,1450,0,GE-Phrase,229,105764,107960,2196,1120,0.772,1076,330
106840,108290,1450,0,GE-Phrase,230,107960,110406,2446,330,0.228,-1120,-2116
106840,108290,1450,0,GE-Phase,stroke,105764,107960,2196,1120,0.772,1076,330
106840,108290,1450,0,GE-Phase,stroke,107960,110406,2446,330,0.228,-1120,-2116
108290,108671,381,0,GE-Phrase,230,107960,110406,2446,381,1.0,330,-1735
108290,108671,381,0,GE-Phase,stroke,107960,110406,2446,381,1.0,330,-1735
108671,109369,698,0,GE-Phrase,230,107960,110406,2446,698,1.0,711,-1037
108671,109369,698,0,GE-Phase,stroke,107960,110406,2446,698,1.0,711,-1037
109369,110382,1013,0,GE-Phrase,230,107960,110406,2446,1013,1.0,1409,-24
109369,110382,1013,0,GE-Phase,stroke,107960,110406,2446,1013,1.0,1409,-24
111370,113448,2078,0,GE-Phrase,232,111344,112091,747,721,0.347,26,1357
111370,113448,2078,0,GE-Phrase,233,112091,112627,536,536,0.258,-721,821
111370,113448,2078,0,GE-Phrase,234,112627,113705,1078,821,0.395,-1257,-257
111370,113448,2078,0,GE-Phase,stroke,111344,112091,747,721,0.347,26,1357
111370,113448,2078,0,GE-Phase,stroke,112091,112627,536,536,0.258,-721,821
111370,113448,2078,0,GE-Phase,preparation,112627,113297,670,670,0.322,-1257,151
111370,113448,2078,0,GE-Phase,stroke,113297,113705,408,151,0.073,-1927,-257
124510,125180,670,0,GE-Phrase,241,121878,125705,3827,670,1.0,2632,-525
124510,125180,670,0,GE-Phase,stroke,122442,125705,3263,670,1.0,2068,-525
125180,125513,333,0,GE-Phrase,241,121878,125705,3827,333,1.0,3302,-192
125180,125513,333,0,GE-Phase,stroke,122442,125705,3263,333,1.0,2738,-192
45810,46185,375,0,GE-Phrase,201,43285,46196,2911,375,1.0,2525,-11
45810,46185,375,0,GE-Phase,retraction,45605,46196,591,375,1.0,205,-11
46185,48220,2035,0,GE-Phrase,201,43285,46196,2911,11,0.005,2900,2024
46185,48220,2035,0,GE-Phrase,202,46196,50278,4082,2024,0.995,-11,-2058
46185,48220,2035,0,GE-Phase,retraction,45605,46196,591,11,0.005,580,2024
46185,48220,2035,0,GE-Phase,preparation,46196,47482,1286,1286,0.632,-11,738
46185,48220,2035,0,GE-Phase,stroke,47482,50132,2650,738,0.363,-1297,-1912
48950,50259,1309,0,GE-Phrase,202,46196,50278,4082,1309,1.0,2754,-19
48950,50259,1309,0,GE-Phase,stroke,47482,50132,2650,1182,0.903,1468,127
48950,50259,1309,0,GE-Phase,retraction,50132,50278,146,127,0.097,-1182,-19
101775,103364,1589,0,GE-Phrase,226,101601,103369,1768,1589,1.0,174,-5
101775,103364,1589,0,GE-Phase,stroke,101601,102234,633,459,0.289,174,1130
101775,103364,1589,0,GE-Phase,retraction,102234,103369,1135,1130,0.711,-459,-5
106840,108290,1450,0,GE-Phrase,229,105764,107960,2196,1120,0.772,1076,330
106840,108290,1450,0,GE-Phrase,230,107960,110406,2446,330,0.228,-1120,-2116
106840,108290,1450,0,GE-Phase,stroke,105764,107960,2196,1120,0.772,1076,330
106840,108290,1450,0,GE-Phase,stroke,107960,110406,2446,330,0.228,-1120,-2116
108290,108671,381,0,GE-Phrase,230,107960,110406,2446,381,1.0,330,-1735
108290,108671,381,0,GE-Phase,stroke,107960,110406,2446,381,1.0,330,-1735
108671,109369,698,0,GE-Phrase,230,107960,110406,2446,698,1.0,711,-1037
108671,109369,698,0,GE-Phase,stroke,107960,110406,2446,698,1.0,711,-1037
109369,110382,1013,0,GE-Phrase,230,107960,110406,2446,1013,1.0,1409,-24
109369,110382,1013,0,GE-Phase,stroke,107960,110406,2446,1013,1.0,1409,-24
111370,113448,2078,0,GE-Phrase,232,111344,112091,747,721,0.347,26,1357
111370,113448,2078,0,GE-Phrase,233,112091,112627,536,536,0.258,-721,821
111370,113448,2078,0,GE-Phrase,234,112627,113705,1078,821,0.395,-1257,-257
111370,113448,2078,0,GE-Phase,stroke,111344,112091,747,721,0.347,26,1357
111370,113448,2078,0,GE-Phase,stroke,112091,112627,536,536,0.258,-721,821
111370,113448,2078,0,GE-Phase,preparation,112627,113297,670,670,0.322,-1257,151
111370,113448,2078,0,GE-Phase,stroke,113297,113705,408,151,0.073,-1927,-257
124510,125180,670,0,GE-Phrase,241,121878,125705,3827,670,1.0,2632,-525
124510,125180,670,0,GE-Phase,stroke,122442,125705,3263,670,1.0,2068,-525
125180,125513,333,0,GE-Phrase,241,121878,125705,3827,333,1.0,3302,-192
125180,125513,333,0,GE-Phase,stroke,122442,125705,3263,333,1.0,2738,-192
45810,46185,375,0,GE-Phrase,201,43285,46196,2911,375,1.0,2525,-11
45810,46185,375,0,GE-Phase,retraction,45605,46196,591,375,1.0,205,-11
46185,48220,2035,0,GE-Phrase,201,43285,46196,2911,11,0.005,2900,2024
46185,48220,2035,0,GE-Phrase,202,46196,50278,4082,2024,0.995,-11,-2058
46185,48220,2035,0,GE-Phase,retraction,45605,46196,591,11,0.005,580,2024
46185,48220,2035,0,GE-Phase,preparation,46196,47482,1286,1286,0.632,-11,738
46185,48220,2035,0,GE-Phase,stroke,47482,50132,2650,738,0.363,-1297,-1912
48950,50259,1309,0,GE-Phrase,202,46196,50278,4082,1309,1.0,2754,-19
48950,50259,1309,0,GE-Phase,stroke,47482,50132,2650,1182,0.903,1468,127
48950,50259,1309,0,GE-Phase,retraction,50132,50278,146,127,0.097,-1182,-19
101775,103364,1589,0,GE-Phrase,226,101601,103369,1768,1589,1.0,174,-5
101775,103364,1589,0,GE-Phase,stroke,101601,102234,633,459,0.289,174,1130
101775,103364,1589,0,GE-Phase,retraction,102234,103369,1135,1130,0.711,-459,-5
106840,108290,1450,0,GE-Phrase,229,105764,107960,2196,1120,0.772,1076,330
106840,108290,1450,0,GE-Phrase,230,107960,110406,2446,330,0.228,-1120,-2116
106840,108290,1450,0,GE-Phase,stroke,105764,107960,2196,1120,0.772,1076,330
106840,108290,1450,0,GE-Phase,stroke,107960,110406,2446,330,0.228,-1120,-2116
108290,108671,381,0,GE-Phrase,230,107960,110406,2446,381,1.0,330,-1735
108290,108671,381,0,GE-Phase,stroke,107960,110406,2446,381,1.0,330,-1735
108671,109369,698,0,GE-Phrase,230,107960,110406,2446,698,1.0,711,-1037
108671,109369,698,0,GE-Phase,stroke,107960,110406,2446,698,1.0,711,-1037
109369,110382,1013,0,GE-Phrase,230,107960,110406,2446,1013,1.0,1409,-24
109369,110382,1013,0,GE-Phase,stroke,107960,110406,2446,1013,1.0,1409,-24
111370,113448,2078,0,GE-Phrase,232,111344,112091,747,721,0.347,26,1357
111370,113448,2078,0,GE-Phrase,233,112091,112627,536,536,0.258,-721,821
111370,113448,2078,0,GE-Phrase,234,112627,113705,1078,821,0.395,-1257,-257
111370,113448,2078,0,GE-Phase,stroke,111344,112091,747,721,0.347,26,1357
111370,113448,2078,0,GE-Phase,stroke,112091,112627,536,536,0.258,-721,821
111370,113448,2078,0,GE-Phase,preparation,112627,113297,670,670,0.322,-1257,151
111370,113448,2078,0,GE-Phase,stroke,113297,113705,408,151,0.073,-1927,-257
124510,125180,670,0,GE-Phrase,241,121878,125705,3827,670,1.0,2632,-525
124510,125180,670,0,GE-Phase,stroke,122442,125705,3263,670,1.0,2068,-525
125180,125513,333,0,GE-Phrase,241,121878,125705,3827,333,1.0,3302,-192
125180,125513,333,0,GE-Phase,stroke,122442,125705,3263,333,1.0,2738,-192
45810,46185,375,0,GE-Phrase,201,43285,46196,2911,375,1.0,2525,-11
45810,46185,375,0,GE-Phase,retraction,45605,46196,591,375,1.0,205,-11
46185,48220,2035,0,GE-Phrase,201,43285,46196,2911,11,0.005,2900,2024
46185,48220,2035,0,GE-Phrase,202,46196,50278,4082,2024,0.995,-11,-2058
46185,48220,2035,0,GE-Phase,retraction,45605,46196,591,11,0.005,580,2024
46185,48220,2035,0,GE-Phase,preparation,46196,47482,1286,1286,0.632,-11,738
46185,48220,2035,0,GE-Phase,stroke,47482,50132,2650,738,0.363,-1297,-1912
48950,50259,1309,0,GE-Phrase,202,46196,50278,4082,1309,1.0,2754,-19
48950,50259,1309,0,GE-Phase,stroke,47482,50132,2650,1182,0.903,1468,127
48950,50259,1309,0,GE-Phase,retraction,50132,50278,146,127,0.097,-1182,-19
101775,103364,1589,0,GE-Phrase,226,101601,103369,1768,1589,1.0,174,-5
101775,103364,1589,0,GE-Phase,stroke,101601,102234,633,459,0.289,174,1130
101775,103364,1589,0,GE-Phase,retraction,102234,103369,1135,1130,0.711,-459,-5
106840,108290,1450,0,GE-Phrase,229,105764,107960,2196,1120,0.772,1076,330
106840,108290,1450,0,GE-Phrase,230,107960,110406,2446,330,0.228,-1120,-2116
106840,108290,1450,0,GE-Phase,stroke,105764,107960,2196,1120,0.772,1076,330
106840,108290,1450,0,GE-Phase,stroke,107960,110406,2446,330,0.228,-1120,-2116
108290,108671,381,0,GE-Phrase,230,107960,110406,2446,381,1.0,330,-1735
108290,108671,381,0,GE-Phase,stroke,107960,110406,2446,381,1.0,330,-1735
108671,109369,698,0,GE-Phrase,230,107960,110406,2446,698,1.0,711,-1037
108671,109369,698,0,GE-Phase,stroke,107960,110406,2446,698,1.0,711,-1037
109369,110382,1013,0,GE-Phrase,230,107960,110406,2446,1013,1.0,1409,-24
109369,110382,1013,0,GE-Phase,stroke,107960,110406,2446,1013,1.0,1409,-24
111370,113448,2078,0,GE-Phrase,232,111344,112091,747,721,0.347,26,1357
111370,113448,2078,0,GE-Phrase,233,112091,112627,536,536,0.258,-721,821
111370,113448,2078,0,GE-Phrase,234,112627,113705,1078,821,0.395,-1257,-257
111370,113448,2078,0,GE-Phase,stroke,111344,112091,747,721,0.347,26,1357
111370,113448,2078,0,GE-Phase,stroke,112091,112627,536,536,0.258,-721,821
111370,113448,2078,0,GE-Phase,preparation,112627,113297,670,670,0.322,-1257,151
111370,113448,2078,0,GE-Phase,stroke,113297,113705,408,151,0.073,-1927,-257
124510,125180,670,0,GE-Phrase,241,121878,125705,3827,670,1.0,2632,-525
124510,125180,670,0,GE-Phase,stroke,122442,125705,3263,670,1.0,2068,-525
125180,125513,333,0,GE-Phrase,241,121878,125705,3827,333,1.0,3302,-192
125180,125513,333,0,GE-Phase,stroke,122442,125705,3263,333,1.0,2738,-192
45810,46185,375,0,GE-Phrase,201,43285,46196,2911,375,1.0,2525,-11
45810,46185,375,0,GE-Phase,retraction,45605,46196,591,375,1.0,205,-11
46185,48220,2035,0,GE-Phrase,201,43285,46196,2911,11,0.005,2900,2024
46185,48220,2035,0,GE-Phrase,202,46196,50278,4082,2024,0.995,-11,-2058
46185,48220,2035,0,GE-Phase,retraction,45605,46196,591,11,0.005,580,2024
46185,48220,2035,0,GE-Phase,preparation,46196,47482,1286,1286,0.632,-11,738
46185,48220,2035,0,GE-Phase,stroke,47482,50132,2650,738,0.363,-1297,-1912
48950,50259,1309,0,GE-Phrase,202,46196,50278,4082,1309,1.0,2754,-19
48950,50259,1309,0,GE-Phase,stroke,47482,50132,2650,1182,0.903,1468,127
48950,50259,1309,0,GE-Phase,retraction,50132,50278,146,127,0.097,-1182,-19
101775,103364,1589,0,GE-Phrase,226,101601,103369,1768,1589,1.0,174,-5
101775,103364,1589,0,GE-Phase,stroke,101601,102234,633,459,0.289,174,1130
101775,103364,1589,0,GE-Phase,retraction,102234,103369,1135,1130,0.711,-459,-5
106840,108290,1450,0,GE-Phrase,229,105764,107960,2196,1120,0.772,1076,330
106840,108290,1450,0,GE-Phrase,230,107960,110406,2446,330,0.228,-1120,-2116
106840,108290,1450,0,GE-Phase,stroke,105764,107960,2196,1120,0.772,1076,330
106840,108290,1450,0,GE-Phase,stroke,107960,110406,2446,330,0.228,-1120,-2116
108290,108671,381,0,GE-Phrase,230,107960,110406,2446,381,1.0,330,-1735
108290,108671,381,0,GE-Phase,stroke,107960,110406,2446,381,1.0,330,-1735
108671,109369,698,0,GE-Phrase,230,107960,110406,2446,698,1.0,711,-1037
108671,109369,698,0,GE-Phase,stroke,107960,110406,2446,698,1.0,711,-1037
109369,110382,1013,0,GE-Phrase,230,107960,110406,2446,1013,1.0,1409,-24
109369,110382,1013,0,GE-Phase,stroke,107960,110406,2446,1013,1.0,1409,-24
111370,113448,2078,0,GE-Phrase,232,111344,112091,747,721,0.347,26,1357
111370,113448,2078,0,GE-Phrase,233,112091,112627,536,536,0.258,-721,821
111370,113448,2078,0,GE-Phrase,234,112627,113705,1078,821,0.395,-1257,-257
111370,113448,2078,0,GE-Phase,stroke,111344,112091,747,721,0.347,26,1357
111370,113448,2078,0,GE-Phase,stroke,112091,112627,536,536,0.258,-721,821
111370,113448,2078,0,GE-Phase,preparation,112627,113297,670,670,0.322,-1257,151
111370,113448,2078,0,GE-Phase,stroke,113297,113705,408,151,0.073,-1927,-257
124510,125180,670,0,GE-Phrase,241,121878,125705,3827,670,1.0,2632,-525
124510,125180,670,0,GE-Phase,stroke,122442,125705,3263,670,1.0,2068,-525
125180,125513,333,0,GE-Phrase,241,121878,125705,3827,333,1.0,3302,-192
125180,125513,333,0,GE-Phase,stroke,122442,125705,3263,333,1.0,2738,-192
45810,46185,375,0,GE-Phrase,201,43285,46196,2911,375,1.0,2525,-11
45810,46185,375,0,GE-Phase,retraction,45605,46196,591,375,1.0,205,-11
46185,48220,2035,0,GE-Phrase,201,43285,46196,2911,11,0.005,2900,2024
46185,48220,2035,0,GE-Phrase,202,46196,50278,4082,2024,0.995,-11,-2058
46185,48220,2035,0,GE-Phase,retraction,45605,46196,591,11,0.005,580,2024
46185,48220,2035,0,GE-Phase,preparation,46196,47482,1286,1286,0.632,-11,738
46185,48220,2035,0,GE-Phase,stroke,47482,50132,2650,738,0.363,-1297,-1912
48950,50259,1309,0,GE-Phrase,202,46196,50278,4082,1309,1.0,2754,-19
48950,50259,1309,0,GE-Phase,stroke,47482,50132,2650,1182,0.903,1468,127
48950,50259,1309,0,GE-Phase,retraction,50132,50278,146,127,0.097,-1182,-19
101775,103364,1589,0,GE-Phrase,226,101601,103369,1768,1589,1.0,174,-5
101775,103364,1589,0,GE-Phase,stroke,101601,102234,633,459,0.289,174,1130
101775,103364,1589,0,GE-Phase,retraction,102234,103369,1135,1130,0.711,-459,-5
106840,108290,1450,0,GE-Phrase,229,105764,107960,2196,1120,0.772,1076,330
106840,108290,1450,0,GE-Phrase,230,107960,110406,2446,330,0.228,-1120,-2116
106840,108290,1450,0,GE-Phase,stroke,105764,107960,2196,1120,0.772,1076,330
106840,108290,1450,0,GE-Phase,stroke,107960,110406,2446,330,0.228,-1120,-2116
108290,108671,381,0,GE-Phrase,230,107960,110406,2446,381,1.0,330,-1735
108290,108671,381,0,GE-Phase,stroke,107960,110406,2446,381,1.0,330,-1735
108671,109369,698,0,GE-Phrase,230,107960,110406,2446,698,1.0,711,-1037
108671,109369,698,0,GE-Phase,stroke,107960,110406,2446,698,1.0,711,-1037
109369,110382,1013,0,GE-Phrase,230,107960,110406,2446,1013,1.0,1409,-24
109369,110382,1013,0,GE-Phase,stroke,107960,110406,2446,1013,1.0,1409,-24
111370,113448,2078,0,GE-Phrase,232,111344,112091,747,721,0.347,26,1357
111370,113448,2078,0,GE-Phrase,233,112091,112627,536,536,0.258,-721,821
111370,113448,2078,0,GE-Phrase,234,112627,113705,1078,821,0.395,-1257,-257
111370,113448,2078,0,GE-Phase,stroke,111344,112091,747,721,0.347,26,1357
111370,113448,2078,0,GE-Phase,stroke,112091,112627,536,536,0.258,-721,821
111370,113448,2078,0,GE-Phase,preparation,112627,113297,670,670,0.322,-1257,151
111370,113448,2078,0,GE-Phase,stroke,113297,113705,408,151,0.073,-1927,-257
124510,125180,670,0,GE-Phrase,241,121878,125705,3827,670,1.0,2632,-525
124510,125180,670,0,GE-Phase,stroke,122442,125705,3263,670,1.0,2068,-525
125180,125513,333,0,GE-Phrase,241,121878,125705,3827,333,1.0,3302,-192
125180,125513,333,0,GE-Phase,stroke,122442,125705,3263,333,1.0,2738,-192
45810,46185,375,0,GE-Phrase,201,43285,46196,2911,375,1.0,2525,-11
45810,46185,375,0,GE-Phase,retraction,45605,46196,591,375,1.0,205,-11
46185,48220,2035,0,GE-Phrase,201,43285,46196,2911,11,0.005,2900,2024
46185,48220,2035,0,GE-Phrase,202,46196,50278,4082,2024,0.995,-11,-2058
46185,48220,2035,0,GE-Phase,retraction,45605,46196,591,11,0.005,580,2024
46185,48220,2035,0,GE-Phase,preparation,46196,47482,1286,1286,0.632,-11,738
46185,48220,2035,0,GE-Phase,stroke,47482,50132,2650,738,0.363,-1297,-1912
48950,50259,1309,0,GE-Phrase,202,46196,50278,4082,1309,1.0,2754,-19
48950,50259,1309,0,GE-Phase,stroke,47482,50132,2650,1182,0.903,1468,127
48950,50259,1309,0,GE-Phase,retraction,50132,50278,146,127,0.097,-1182,-19
101775,103364,1589,0,GE-Phrase,226,101601,103369,1768,1589,1.0,174,-5
101775,103364,1589,0,GE-Phase,stroke,101601,102234,633,459,0.289,174,1130
101775,103364,1589,0,GE-Phase,retraction,102234,103369,1135,1130,0.711,-459,-5
106840,108290,1450,0,GE-Phrase,229,105764,107960,2196,1120,0.772,1076,330
106840,108290,1450,0,GE-Phrase,230,107960,110406,2446,330,0.228,-1120,-2116
106840,108290,1450,0,GE-Phase,stroke,105764,107960,2196,1120,0.772,1076,330
106840,108290,1450,0,GE-Phase,stroke,107960,110406,2446,330,0.228,-1120,-2116
108290,108671,381,0,GE-Phrase,230,107960,110406,2446,381,1.0,330,-1735
108290,108671,381,0,GE-Phase,stroke,107960,110406,2446,381,1.0,330,-1735
108671,109369,698,0,GE-Phrase,230,107960,110406,2446,698,1.0,711,-1037
108671,109369,698,0,GE-Phase,stroke,107960,110406,2446,698,1.0,711,-1037
109369,110382,1013,0,GE-Phrase,230,107960,110406,2446,1013,1.0,1409,-24
109369,110382,1013,0,GE-Phase,stroke,107960,110406,2446,1013,1.0,1409,-24
111370,113448,2078,0,GE-Phrase,232,111344,112091,747,721,0.347,26,1357
111370,113448,2078,0,GE-Phrase,233,112091,112627,536,536,0.258,-721,821
111370,113448,2078,0,GE-Phrase,234,112627,113705,1078,821,0.395,-1257,-257
111370,113448,2078,0,GE-Phase,stroke,111344,112091,747,721,0.347,26,1357
111370,113448,2078,0,GE-Phase,stroke,112091,112627,536,536,0.258,-721,821
111370,113448,2078,0,GE-Phase,preparation,112627,113297,670,670,0.322,-1257,151
111370,113448,2078,0,GE-Phase,stroke,113297,113705,408,151,0.073,-1927,-257
124510,125180,670,0,GE-Phrase,241,121878,125705,3827,670,1.0,2632,-525
124510,125180,670,0,GE-Phase,stroke,122442,125705,3263,670,1.0,2068,-525
125180,125513,333,0,GE-Phrase,241,121878,125705,3827,333,1.0,3302,-192
125180,125513,333,0,GE-Phase,stroke,122442,125705,3263,333,1.0,2738,-192
45810,46185,375,0,GE-Phrase,201,43285,46196,2911,375,1.0,2525,-11
45810,46185,375,0,GE-Phase,retraction,45605,46196,591,375,1.0,205,-11
46185,48220,2035,0,GE-Phrase,201,43285,46196,2911,11,0.005,2900,2024
46185,48220,2035,0,GE-Phrase,202,46196,50278,4082,2024,0.995,-11,-2058
46185,48220,2035,0,GE-Phase,retraction,45605,46196,591,11,0.005,580,2024
46185,48220,2035,0,GE-Phase,preparation,46196,47482,1286,1286,0.632,-11,738
46185,48220,2035,0,GE-Phase,stroke,47482,50132,2650,738,0.363,-1297,-1912
48950,50259,1309,0,GE-Phrase,202,46196,50278,4082,1309,1.0,2754,-19
48950,50259,1309,0,GE-Phase,stroke,47482,50132,2650,1182,0.903,1468,127
48950,50259,1309,0,GE-Phase,retraction,50132,50278,146,127,0.097,-1182,-19
101775,103364,1589,0,GE-Phrase,226,101601,103369,1768,1589,1.0,174,-5
101775,103364,1589,0,GE-Phase,stroke,101601,102234,633,459,0.289,174,1130
101775,103364,1589,0,GE-Phase,retraction,102234,103369,1135,1130,0.711,-459,-5
106840,108290,1450,0,GE-Phrase,229,105764,107960,2196,1120,0.772,1076,330
106840,108290,1450,0,GE-Phrase,230,107960,110406,2446,330,0.228,-1120,-2116
106840,108290,1450,0,GE-Phase,stroke,105764,107960,2196,1120,0.772,1076,330
106840,108290,1450,0,GE-Phase,stroke,107960,110406,2446,330,0.228,-1120,-2116
108290,108671,381,0,GE-Phrase,230,107960,110406,2446,381,1.0,330,-1735
108290,108671,381,0,GE-Phase,stroke,107960,110406,2446,381,1.0,330,-1735
108671,109369,698,0,GE-Phrase,230,107960,110406,2446,698,1.0,711,-1037
108671,109369,698,0,GE-Phase,stroke,107960,110406,2446,698,1.0,711,-1037
109369,110382,1013,0,GE-Phrase,230,107960,110406,2446,1013,1.0,1409,-24
109369,110382,1013,0,GE-Phase,stroke,107960,110406,2446,1013,1.0,1409,-24
111370,113448,2078,0,GE-Phrase,232,111344,112091,747,721,0.347,26,1357
111370,113448,2078,0,GE-Phrase,233,112091,112627,536,536,0.258,-721,821
111370,113448,2078,0,GE-Phrase,234,112627,113705,1078,821,0.395,-1257,-257
111370,113448,2078,0,GE-Phase,stroke,111344,112091,747,721,0.347,26,1357
111370,113448,2078,0,GE-Phase,stroke,112091,112627,536,536,0.258,-721,821
111370,113448,2078,0,GE-Phase,preparation,112627,113297,670,670,0.322,-1257,151
111370,113448,2078,0,GE-Phase,stroke,113297,113705,408,151,0.073,-1927,-257
124510,125180,670,0,GE-Phrase,241,121878,125705,3827,670,1.0,2632,-525
124510,125180,670,0,GE-Phase,stroke,122442,125705,3263,670,1.0,2068,-525
125180,125513,333,0,GE-Phrase,241,121878,125705,3827,333,1.0,3302,-192
125180,125513,333,0,GE-Phase,stroke,122442,125705,3263,333,1.0,2738,-192
45810,46185,375,0,GE-Phrase,201,43285,46196,2911,375,1.0,2525,-11
45810,46185,375,0,GE-Phase,retraction,45605,46196,591,375,1.0,205,-11
46185,48220,2035,0,GE-Phrase,201,43285,46196,2911,11,0.005,2900,2024
46185,48220,2035,0,GE-Phrase,202,46196,50278,4082,2024,0.995,-11,-2058
46185,48220,2035,0,GE-Phase,retraction,45605,46196,591,11,0.005,580,2024
46185,48220,2035,0,GE-Phase,preparation,46196,47482,1286,1286,0.632,-11,738
46185,48220,2035,0,GE-Phase,stroke,47482,50132,2650,738,0.363,-1297,-1912
48950,50259,1309,0,GE-Phrase,202,46196,50278,4082,1309,1.0,2754,-19
48950,50259,1309,0,GE-Phase,stroke,47482,50132,2650,1182,0.903,1468,127
48950,50259,1309,0,GE-Phase,retraction,50132,50278,146,127,0.097,-1182,-19
101775,103364,1589,0,GE-Phrase,226,101601,103369,1768,1589,1.0,174,-5
101775,103364,1589,0,GE-Phase,stroke,101601,102234,633,459,0.289,174,1130
101775,103364,1589,0,GE-Phase,retraction,102234,103369,1135,1130,0.711,-459,-5
106840,108290,1450,0,GE-Phrase,229,105764,107960,2196,1120,0.772,1076,330
106840,108290,1450,0,GE-Phrase,230,107960,110406,2446,330,0.228,-1120,-2116
106840,108290,1450,0,GE-Phase,stroke,105764,107960,2196,1120,0.772,1076,330
106840,108290,1450,0,GE-Phase,stroke,107960,110406,2446,330,0.228,-1120,-2116
108290,108671,381,0,GE-Phrase,230,107960,110406,2446,381,1.0,330,-1735
108290,108671,381,0,GE-Phase,stroke,107960,110406,2446,381,1.0,330,-1735
108671,109369,698,0,GE-Phrase,230,107960,110406,2446,698,1.0,711,-1037
108671,109369,698,0,GE-Phase,stroke,107960,110406,2446,698,1.0,711,-1037
109369,110382,1013,0,GE-Phrase,230,107960,110406,2446,1013,1.0,1409,-24
109369,110382,1013,0,GE-Phase,stroke,107960,110406,2446,1013,1.0,1409,-24
111370,113448,2078,0,GE-Phrase,232,111344,112091,747,721,0.347,26,1357
111370,113448,2078,0,GE-Phrase,233,112091,112627,536,536,0.258,-721,821
111370,113448,2078,0,GE-Phrase,234,112627,113705,1078,821,0.395,-1257,-257
111370,113448,2078,0,GE-Phase,stroke,111344,112091,747,721,0.347,26,1357
111370,113448,2078,0,GE-Phase,stroke,112091,112627,536,536,0.258,-721,821
111370,113448,2078,0,GE-Phase,preparation,112627,113297,670,670,0.322,-1257,151
111370,113448,2078,0,GE-Phase,stroke,113297,113705,408,151,0.073,-1927,-257
124510,125180,670,0,GE-Phrase,241,121878,125705,3827,670,1.0,2632,-525
124510,125180,670,0,GE-Phase,stroke,122442,125705,3263,670,1.0,2068,-525
125180,125513,333,0,GE-Phrase,241,121878,125705,3827,333,1.0,3302,-192
125180,125513,333,0,GE-Phase,stroke,122442,125705,3263,333,1.0,2738,-192
45810,46185,375,0,GE-Phrase,201,43285,46196,2911,375,1.0,2525,-11
45810,46185,375,0,GE-Phase,retraction,45605,46196,591,375,1.0,205,-11
46185,48220,2035,0,GE-Phrase,201,43285,46196,2911,11,0.005,2900,2024
46185,48220,2035,0,GE-Phrase,202,46196,50278,4082,2024,0.995,-11,-2058
46185,48220,2035,0,GE-Phase,retraction,45605,46196,591,11,0.005,580,2024
46185,48220,2035,0,GE-Phase,preparation,46196,47482,1286,1286,0.632,-11,738
46185,48220,2035,0,GE-Phase,stroke,47482,50132,2650,738,0.363,-1297,-1912
48950,50259,1309,0,GE-Phrase,202,46196,50278,4082,1309,1.0,2754,-19
48950,50259,1309,0,GE-Phase,stroke,47482,50132,2650,1182,0.903,1468,127
48950,50259,1309,0,GE-Phase,retraction,50132,50278,146,127,0.097,-1182,-19
101775,103364,1589,0,GE-Phrase,226,101601,103369,1768,1589,1.0,174,-5
101775,103364,1589,0,GE-Phase,stroke,101601,102234,633,459,0.289,174,1130
101775,103364,1589,0,GE-Phase,retraction,102234,103369,1135,1130,0.711,-459,-5
106840,108290,1450,0,GE-Phrase,229,105764,107960,2196,1120,0.772,1076,330
106840,108290,1450,0,GE-Phrase,230,107960,110406,2446,330,0.228,-1120,-2116
106840,108290,1450,0,GE-Phase,stroke,105764,107960,2196,1120,0.772,1076,330
106840,108290,1450,0,GE-Phase,stroke,107960,110406,2446,330,0.228,-1120,-2116
108290,108671,381,0,GE-Phrase,230,107960,110406,2446,381,1.0,330,-1735
108290,108671,381,0,GE-Phase,stroke,107960,110406,2446,381,1.0,330,-1735
108671,109369,698,0,GE-Phrase,230,107960,110406,2446,698,1.0,711,-1037
108671,109369,698,0,GE-Phase,stroke,107960,110406,2446,698,1.0,711,-1037
109369,110382,1013,0,GE-Phrase,230,107960,110406,2446,1013,1.0,1409,-24
109369,110382,1013,0,GE-Phase,stroke,107960,110406,2446,1013,1.0,1409,-24
111370,113448,2078,0,GE-Phrase,232,111344,112091,747,721,0.347,26,1357
111370,113448,2078,0,GE-Phrase,233,112091,112627,536,536,0.258,-721,821
111370,113448,2078,0,GE-Phrase,234,112627,113705,1078,821,0.395,-1257,-257
111370,113448,2078,0,GE-Phase,stroke,111344,112091,747,721,0.347,26,1357
111370,113448,2078,0,GE-Phase,stroke,112091,112627,536,536,0.258,-721,821
111370,113448,2078,0,GE-Phase,preparation,112627,113297,670,670,0.322,-1257,151
111370,113448,2078,0,GE-Phase,stroke,113297,113705,408,151,0.073,-1927,-257
124510,125180,670,0,GE-Phrase,241,121878,125705,3827,670,1.0,2632,-525
124510,125180,670,0,GE-Phase,stroke,122442,125705,3263,670,1.0,2068,-525
125180,125513,333,0,GE-Phrase,241,121878,125705,3827,333,1.0,3302,-192
125180,125513,333,0,GE-Phase,stroke,122442,125705,3263,333,1.0,2738,-192
45810,46185,375,0,GE-Phrase,201,43285,46196,2911,375,1.0,2525,-11
45810,46185,375,0,GE-Phase,retraction,45605,46196,591,375,1.0,205,-11
46185,48220,2035,0,GE-Phrase,201,43285,46196,2911,11,0.005,2900,2024
46185,48220,2035,0,GE-Phrase,202,46196,50278,4082,2024,0.995,-11,-2058
46185,48220,2035,0,GE-Phase,retraction,45605,46196,591,11,0.005,580,2024
46185,48220,2035,0,GE-Phase,preparation,46196,47482,1286,1286,0.632,-11,738
46185,48220,2035,0,GE-Phase,stroke,47482,50132,2650,738,0.363,-1297,-1912
48950,50259,1309,0,GE-Phrase,202,46196,50278,4082,1309,1.0,2754,-19
48950,50259,1309,0,GE-Phase,stroke,47482,50132,2650,1182,0.903,1468,127
48950,50259,1309,0,GE-Phase,retraction,50132,50278,146,127,0.097,-1182,-19
101775,103364,1589,0,GE-Phrase,226,101601,103369,1768,1589,1.0,174,-5
101775,103364,1589,0,GE-Phase,stroke,101601,102234,633,459,0.289,174,1130
101775,103364,1589,0,GE-Phase,retraction,102234,103369,1135,1130,0.711,-459,-5
106840,108290,1450,0,GE-Phrase,229,105764,107960,2196,1120,0.772,1076,330
106840,108290,1450,0,GE-Phrase,230,107960,110406,2446,330,0.228,-1120,-2116
106840,108290,1450,0,GE-Phase,stroke,105764,107960,2196,1120,0.772,1076,330
106840,108290,1450,0,GE-Phase,stroke,107960,110406,2446,330,0.228,-1120,-2116
108290,108671,381,0,GE-Phrase,230,107960,110406,2446,381,1.0,330,-1735
108290,108671,381,0,GE-Phase,stroke,107960,110406,2446,381,1.0,330,-1735
108671,109369,698,0,GE-Phrase,230,107960,110406,2446,698,1.0,711,-1037
108671,109369,698,0,GE-Phase,stroke,107960,110406,2446,698,1.0,711,-1037
109369,110382,1013,0,GE-Phrase,230,107960,110406,2446,1013,1.0,1409,-24
109369,110382,1013,0,GE-Phase,stroke,107960,110406,2446,1013,1.0,1409,-24
111370,113448,2078,0,GE-Phrase,232,111344,112091,747,721,0.347,26,1357
111370,113448,2078,0,GE-Phrase,233,112091,112627,536,536,0.258,-721,821
111370,113448,2078,0,GE-Phrase,234,112627,113705,1078,821,0.395,-1257,-257
111370,113448,2078,0,GE-Phase,stroke,111344,112091,747,721,0.347,26,1357
111370,113448,2078,0,GE-Phase,stroke,112091,112627,536,536,0.258,-721,821
111370,113448,2078,0,GE-Phase,preparation,112627,113297,670,670,0.322,-1257,151
111370,113448,2078,0,GE-Phase,stroke,113297,113705,408,151,0.073,-1927,-257
124510,125180,670,0,GE-Phrase,241,121878,125705,3827,670,1.0,2632,-525
124510,125180,670,0,GE-Phase,stroke,122442,125705,3263,670,1.0,2068,-525
125180,125513,333,0,GE-Phrase,241,121878,125705,3827,333,1.0,3302,-192
125180,125513,333,0,GE-Phase,stroke,122442,125705,3263,333,1.0,2738,-192
45810,46185,375,0,GE-Phrase,201,43285,46196,2911,375,1.0,2525,-11
45810,46185,375,0,GE-Phase,retraction,45605,46196,591,375,1.0,205,-11
46185,48220,2035,0,GE-Phrase,201,43285,46196,2911,11,0.005,2900,2024
46185,48220,2035,0,GE-Phrase,202,46196,50278,4082,2024,0.995,-11,-2058
46185,48220,2035,0,GE-Phase,retraction,45605,46196,591,11,0.005,580,2024
46185,48220,2035,0,GE-Phase,preparation,46196,47482,1286,1286,0.632,-11,738
46185,48220,2035,0,GE-Phase,stroke,47482,50132,2650,738,0.363,-1297,-1912
48950,50259,1309,0,GE-Phrase,202,46196,50278,4082,1309,1.0,2754,-19
48950,50259,1309,0,GE-Phase,stroke,47482,50132,2650,1182,0.903,1468,127
48950,50259,1309,0,GE-Phase,retraction,50132,50278,146,127,0.097,-1182,-19
101775,103364,1589,0,GE-Phrase,226,101601,103369,1768,1589,1.0,174,-5
101775,103364,1589,0,GE-Phase,stroke,101601,102234,633,459,0.289,174,1130
101775,103364,1589,0,GE-Phase,retraction,102234,103369,1135,1130,0.711,-459,-5
106840,108290,1450,0,GE-Phrase,229,105764,107960,2196,1120,0.772,1076,330
106840,108290,1450,0,GE-Phrase,230,107960,110406,2446,330,0.228,-1120,-2116
106840,108290,1450,0,GE-Phase,stroke,105764,107960,2196,1120,0.772,1076,330
106840,108290,1450,0,GE-Phase,stroke,107960,110406,2446,330,0.228,-1120,-2116
108290,108671,381,0,GE-Phrase,230,107960,110406,2446,381,1.0,330,-1735
108290,108671,381,0,GE-Phase,stroke,107960,110406,2446,381,1.0,330,-1735
108671,109369,698,0,GE-Phrase,230,107960,110406,2446,698,1.0,711,-1037
108671,109369,698,0,GE-Phase,stroke,107960,110406,2446,698,1.0,711,-1037
109369,110382,1013,0,GE-Phrase,230,107960,110406,2446,1013,1.0,1409,-24
109369,110382,1013,0,GE-Phase,stroke,107960,110406,2446,1013,1.0,1409,-24
111370,113448,2078,0,GE-Phrase,232,111344,112091,747,721,0.347,26,1357
111370,113448,2078,0,GE-Phrase,233,112091,112627,536,536,0.258,-721,821
111370,113448,2078,0,GE-Phrase,234,112627,113705,1078,821,0.395,-1257,-257
111370,113448,2078,0,GE-Phase,stroke,111344,112091,747,721,0.347,26,1357
111370,113448,2078,0,GE-Phase,stroke,112091,112627,536,536,0.258,-721,821
111370,113448,2078,0,GE-Phase,preparation,112627,113297,670,670,0.322,-1257,151
111370,113448,2078,0,GE-Phase,stroke,113297,113705,408,151,0.073,-1927,-257
124510,125180,670,0,GE-Phrase,241,121878,125705,3827,670,1.0,2632,-525
124510,125180,670,0,GE-Phase,stroke,122442,125705,3263,670,1.0,2068,-525
125180,125513,333,0,GE-Phrase,241,121878,125705,3827,333,1.0,3302,-192
125180,125513,333,0,GE-Phase,stroke,122442,125705,3263,333,1.0,2738,-192
45810,46185,375,0,GE-Phrase,201,43285,46196,2911,375,1.0,2525,-11
45810,46185,375,0,GE-Phase,retraction,45605,46196,591,375,1.0,205,-11
46185,48220,2035,0,GE-Phrase,201,43285,46196,2911,11,0.005,2900,2024
46185,48220,2035,0,GE-Phrase,202,46196,50278,4082,2024,0.995,-11,-2058
46185,48220,2035,0,GE-Phase,retraction,45605,46196,591,11,0.005,580,2024
46185,48220,2035,0,GE-Phase,preparation,46196,47482,1286,1286,0.632,-11,738
46185,48220,2035,0,GE-Phase,stroke,47482,50132,2650,738,0.363,-1297,-1912
48950,50259,1309,0,GE-Phrase,202,46196,50278,4082,1309,1.0,2754,-19
48950,50259,1309,0,GE-Phase,stroke,47482,50132,2650,1182,0.903,1468,127
48950,50259,1309,0,GE-Phase,retraction,50132,50278,146,127,0.097,-1182,-19
101775,103364,1589,0,GE-Phrase,226,101601,103369,1768,1589,1.0,174,-5
101775,103364,1589,0,GE-Phase,stroke,101601,102234,633,459,0.289,174,1130
101775,103364,1589,0,GE-Phase,retraction,102234,103369,1135,1130,0.711,-459,-5
106840,108290,1450,0,GE-Phrase,229,105764,107960,2196,1120,0.772,1076,330
106840,108290,1450,0,GE-Phrase,230,107960,110406,2446,330,0.228,-1120,-2116
106840,108290,1450,0,GE-Phase,stroke,105764,107960,2196,1120,0.772,1076,330
106840,108290,1450,0,GE-Phase,stroke,107960,110406,2446,330,0.228,-1120,-2116
108290,108671,381,0,GE-Phrase,230,107960,110406,2446,381,1.0,330,-1735
108290,108671,381,0,GE-Phase,stroke,107960,110406,2446,381,1.0,330,-1735
108671,109369,698,0,GE-Phrase,230,107960,110406,2446,698,1.0,711,-1037
108671,109369,698,0,GE-Phase,stroke,107960,110406,2446,698,1.0,711,-1037
109369,110382,1013,0,GE-Phrase,230,107960,110406,2446,1013,1.0,1409,-24
109369,110382,1013,0,GE-Phase,stroke,107960,110406,2446,1013,1.0,1409,-24
111370,113448,2078,0,GE-Phrase,232,111344,112091,747,721,0.347,26,1357
111370,113448,2078,0,GE-Phrase,233,112091,112627,536,536,0.258,-721,821
111370,113448,2078,0,GE-Phrase,234,112627,113705,1078,821,0.395,-1257,-257
111370,113448,2078,0,GE-Phase,stroke,111344,112091,747,721,0.347,26,1357
111370,113448,2078,0,GE-Phase,stroke,112091,112627,536,536,0.258,-721,821
111370,113448,2078,0,GE-Phase,preparation,112627,113297,670,670,0.322,-1257,151
111370,113448,2078,0,GE-Phase,stroke,113297,113705,408,151,0.073,-1927,-257
124510,125180,670,0,GE-Phrase,241,121878,125705,3827,670,1.0,2632,-525
124510,125180,670,0,GE-Phase,stroke,122442,125705,3263,670,1.0,2068,-525
125180,125513,333,0,GE-Phrase,241,121878,125705,3827,333,1.0,3302,-192
125180,125513,333,0,GE-Phase,stroke,122442,125705,3263,333,1.0,2738,-192
45810,46185,375,0,GE-Phrase,201,43285,46196,2911,375,1.0,2525,-11
45810,46185,375,0,GE-Phase,retraction,45605,46196,591,375,1.0,205,-11
46185,48220,2035,0,GE-Phrase,201,43285,46196,2911,11,0.005,2900,2024
46185,48220,2035,0,GE-Phrase,202,46196,50278,4082,2024,0.995,-11,-2058
46185,48220,2035,0,GE-Phase,retraction,45605,46196,591,11,0.005,580,2024
46185,48220,2035,0,GE-Phase,preparation,46196,47482,1286,1286,0.632,-11,738
46185,48220,2035,0,GE-Phase,stroke,47482,50132,2650,738,0.363,-1297,-1912
48950,50259,1309,0,GE-Phrase,202,46196,50278,4082,1309,1.0,2754,-19
48950,50259,1309,0,GE-Phase,stroke,47482,50132,2650,1182,0.903,1468,127
48950,50259,1309,0,GE-Phase,retraction,50132,50278,146,127,0.097,-1182,-19
101775,103364,1589,0,GE-Phrase,226,101601,103369,1768,1589,1.0,174,-5
101775,103364,1589,0,GE-Phase,stroke,101601,102234,633,459,0.289,174,1130
101775,103364,1589,0,GE-Phase,retraction,102234,103369,1135,1130,0.711,-459,-5
106840,108290,1450,0,GE-Phrase,229,105764,107960,2196,1120,0.772,1076,330
106840,108290,1450,0,GE-Phrase,230,107960,110406,2446,330,0.228,-1120,-2116
106840,108290,1450,0,GE-Phase,stroke,105764,107960,2196,1120,0.772,1076,330
106840,108290,1450,0,GE-Phase,stroke,107960,110406,2446,330,0.228,-1120,-2116
108290,108671,381,0,GE-Phrase,230,107960,110406,2446,381,1.0,330,-1735
108290,108671,381,0,GE-Phase,stroke,107960,110406,2446,381,1.0,330,-1735
108671,109369,698,0,GE-Phrase,230,107960,110406,2446,698,1.0,711,-1037
108671,109369,698,0,GE-Phase,stroke,107960,110406,2446,698,1.0,711,-1037
109369,110382,1013,0,GE-Phrase,230,107960,110406,2446,1013,1.0,1409,-24
109369,110382,1013,0,GE-Phase,stroke,107960,110406,2446,1013,1.0,1409,-24
111370,113448,2078,0,GE-Phrase,232,111344,112091,747,721,0.347,26,1357
111370,113448,2078,0,GE-Phrase,233,112091,112627,536,536,0.258,-721,821
111370,113448,2078,0,GE-Phrase,234,112627,113705,1078,821,0.395,-1257,-257
111370,113448,2078,0,GE-Phase,stroke,111344,112091,747,721,0.347,26,1357
111370,113448,2078,0,GE-Phase,stroke,112091,112627,536,536,0.258,-721,821
111370,113448,2078,0,GE-Phase,preparation,112627,113297,670,670,0.322,-1257,151
111370,113448,2078,0,GE-Phase,stroke,113297,113705,408,151,0.073,-1927,-257
124510,125180,670,0,GE-Phrase,241,121878,125705,3827,670,1.0,2632,-525
124510,125180,670,0,GE-Phase,stroke,122442,125705,3263,670,1.0,2068,-525
125180,125513,333,0,GE-Phrase,241,121878,125705,3827,333,1.0,3302,-192
125180,125513,333,0,GE-Phase,stroke,122442,125705,3263,333,1.0,2738,-192
45810,46185,375,0,GE-Phrase,201,43285,46196,2911,375,1.0,2525,-11
45810,46185,375,0,GE-Phase,retraction,45605,46196,591,375,1.0,205,-11
46185,48220,2035,0,GE-Phrase,201,43285,46196,2911,11,0.005,2900,2024
46185,48220,2035,0,GE-Phrase,202,46196,50278,4082,2024,0.995,-11,-2058
46185,48220,2035,0,GE-Phase,retraction,45605,46196,591,11,0.005,580,2024
46185,48220,2035,0,GE-Phase,preparation,46196,47482,1286,1286,0.632,-11,738
46185,48220,2035,0,GE-Phase,stroke,47482,50132,2650,738,0.363,-1297,-1912
48950,50259,1309,0,GE-Phrase,202,46196,50278,4082,1309,1.0,2754,-19
48950,50259,1309,0,GE-Phase,stroke,47482,50132,2650,1182,0.903,1468,127
48950,50259,1309,0,GE-Phase,retraction,50132,50278,146,127,0.097,-1182,-19
101775,103364,1589,0,GE-Phrase,226,101601,103369,1768,1589,1.0,174,-5
101775,103364,1589,0,GE-Phase,stroke,101601,102234,633,459,0.289,174,1130
101775,103364,1589,0,GE-Phase,retraction,102234,103369,1135,1130,0.711,-459,-5
106840,108290,1450,0,GE-Phrase,229,105764,107960,2196,1120,0.772,1076,330
106840,108290,1450,0,GE-Phrase,230,107960,110406,2446,330,0.228,-1120,-2116
106840,108290,1450,0,GE-Phase,stroke,105764,107960,2196,1120,0.772,1076,330
106840,108290,1450,0,GE-Phase,stroke,107960,110406,2446,330,0.228,-1120,-2116
108290,108671,381,0,GE-Phrase,230,107960,110406,2446,381,1.0,330,-1735
108290,108671,381,0,GE-Phase,stroke,107960,110406,2446,381,1.0,330,-1735
108671,109369,698,0,GE-Phrase,230,107960,110406,2446,698,1.0,711,-1037
108671,109369,698,0,GE-Phase,stroke,107960,110406,2446,698,1.0,711,-1037
109369,110382,1013,0,GE-Phrase,230,107960,110406,2446,1013,1.0,1409,-24
109369,110382,1013,0,GE-Phase,stroke,107960,110406,2446,1013,1.0,1409,-24
111370,113448,2078,0,GE-Phrase,232,111344,112091,747,721,0.347,26,1357
111370,113448,2078,0,GE-Phrase,233,112091,112627,536,536,0.258,-721,821
111370,113448,2078,0,GE-Phrase,234,112627,113705,1078,821,0.395,-1257,-257
111370,113448,2078,0,GE-Phase,stroke,111344,112091,747,721,0.347,26,1357
111370,113448,2078,0,GE-Phase,stroke,112091,112627,536,536,0.258,-721,821
111370,113448,2078,0,GE-Phase,preparation,112627,113297,670,670,0.322,-1257,151
111370,113448,2078,0,GE-Phase,stroke,113297,113705,408,151,0.073,-1927,-257
124510,125180,670,0,GE-Phrase,241,121878,125705,3827,670,1.0,2632,-525
124510,125180,670,0,GE-Phase,stroke,122442,125705,3263,670,1.0,2068,-525
125180,125513,333,0,GE-Phrase,241,121878,125705,3827,333,1.0,3302,-192
125180,125513,333,0,GE-Phase,stroke,122442,125705,3263,333,1.0,2738,-192
45810,46185,375,0,GE-Phrase,201,43285,46196,2911,375,1.0,2525,-11
45810,46185,375,0,GE-Phase,retraction,45605,46196,591,375,1.0,205,-11
46185,48220,2035,0,GE-Phrase,201,43285,46196,2911,11,0.005,2900,2024
46185,48220,2035,0,GE-Phrase,202,46196,50278,4082,2024,0.995,-11,-2058
46185,48220,2035,0,GE-Phase,retraction,45605,46196,591,11,0.005,580,2024
46185,48220,2035,0,GE-Phase,preparation,46196,47482,1286,1286,0.632,-11,738
46185,48220,2035,0,GE-Phase,stroke,47482,50132,2650,738,0.363,-1297,-1912
48950,50259,1309,0,GE-Phrase,202,46196,50278,4082,1309,1.0,2754,-19
48950,50259,1309,0,GE-Phase,stroke,47482,50132,2650,1182,0.903,1468,127
48950,50259,1309,0,GE-Phase,retraction,50132,50278,146,127,0.097,-1182,-19
101775,103364,1589,0,GE-Phrase,226,101601,103369,1768,1589,1.0,174,-5
101775,103364,1589,0,GE-Phase,stroke,101601,102234,633,459,0.289,174,1130
101775,103364,1589,0,GE-Phase,retraction,102234,103369,1135,1130,0.711,-459,-5
106840,108290,1450,0,GE-Phrase,229,105764,107960,2196,1120,0.772,1076,330
106840,108290,1450,0,GE-Phrase,230,107960,110406,2446,330,0.228,-1120,-2116
106840,108290,1450,0,GE-Phase,stroke,105764,107960,2196,1120,0.772,1076,330
106840,108290,1450,0,GE-Phase,stroke,107960,110406,2446,330,0.228,-1120,-2116
108290,108671,381,0,GE-Phrase,230,107960,110406,2446,381,1.0,330,-1735
108290,108671,381,0,GE-Phase,stroke,107960,110406,2446,381,1.0,330,-1735
108671,109369,698,0,GE-Phrase,230,107960,110406,2446,698,1.0,711,-1037
108671,109369,698,0,GE-Phase,stroke,107960,110406,2446,698,1.0,711,-1037
109369,110382,1013,0,GE-Phrase,230,107960,110406,2446,1013,1.0,1409,-24
109369,110382,1013,0,GE-Phase,stroke,107960,110406,2446,1013,1.0,1409,-24
111370,113448,2078,0,GE-Phrase,232,111344,112091,747,721,0.347,26,1357
111370,113448,2078,0,GE-Phrase,233,112091,112627,536,536,0.258,-721,821
111370,113448,2078,0,GE-Phrase,234,112627,113705,1078,821,0.395,-1257,-257
111370,113448,2078,0,GE-Phase,stroke,111344,112091,747,721,0.347,26,1357
111370,113448,2078,0,GE-Phase,stroke,112091,112627,536,536,0.258,-721,821
111370,113448,2078,0,GE-Phase,preparation,112627,113297,670,670,0.322,-1257,151
111370,113448,2078,0,GE-Phase,stroke,113297,113705,408,151,0.073,-1927,-257
124510,125180,670,0,GE-Phrase,241,121878,125705,3827,670,1.0,2632,-525
124510,125180,670,0,GE-Phase,stroke,122442,125705,3263,670,1.0,2068,-525
125180,125513,333,0,GE-Phrase,241,121878,125705,3827,333,1.0,3302,-192
125180,125513,333,0,GE-Phase,stroke,122442,125705,3263,333,1.0,2738,-192
45810,46185,375,0,GE-Phrase,201,43285,46196,2911,375,1.0,2525,-11
45810,46185,375,0,GE-Phase,retraction,45605,46196,591,375,1.0,205,-11
46185,48220,2035,0,GE-Phrase,201,43285,46196,2911,11,0.005,2900,2024
46185,48220,2035,0,GE-Phrase,202,46196,50278,4082,2024,0.995,-11,-2058
46185,48220,2035,0,GE-Phase,retraction,45605,46196,591,11,0.005,580,2024
46185,48220,2035,0,GE-Phase,preparation,46196,47482,1286,1286,0.632,-11,738
46185,48220,2035,0,GE-Phase,stroke,47482,50132,2650,738,0.363,-1297,-1912
48950,50259,1309,0,GE-Phrase,202,46196,50278,4082,1309,1.0,2754,-19
48950,50259,1309,0,GE-Phase,stroke,47482,50132,2650,1182,0.903,1468,127
48950,50259,1309,0,GE-Phase,retraction,50132,50278,146,127,0.097,-1182,-19
101775,103364,1589,0,GE-Phrase,226,101601,103369,1768,1589,1.0,174,-5
101775,103364,1589,0,GE-Phase,stroke,101601,102234,633,459,0.289,174,1130
101775,103364,1589,0,GE-Phase,retraction,102234,103369,1135,1130,0.711,-459,-5
106840,108290,1450,0,GE-Phrase,229,105764,107960,2196,1120,0.772,1076,330
106840,108290,1450,0,GE-Phrase,230,107960,110406,2446,330,0.228,-1120,-2116
106840,108290,1450,0,GE-Phase,stroke,105764,107960,2196,1120,0.772,1076,330
106840,108290,1450,0,GE-Phase,stroke,107960,110406,2446,330,0.228,-1120,-2116
108290,108671,381,0,GE-Phrase,230,107960,110406,2446,381,1.0,330,-1735
108290,108671,381,0,GE-Phase,stroke,107960,110406,2446,381,1.0,330,-1735
108671,109369,698,0,GE-Phrase,230,107960,110406,2446,698,1.0,711,-1037
108671,109369,698,0,GE-Phase,stroke,107960,110406,2446,698,1.0,711,-1037
109369,110382,1013,0,GE-Phrase,230,107960,110406,2446,1013,1.0,1409,-24
109369,110382,1013,0,GE-Phase,stroke,107960,110406,2446,1013,1.0,1409,-24
111370,113448,2078,0,GE-Phrase,232,111344,112091,747,721,0.347,26,1357
111370,113448,2078,0,GE-Phrase,233,112091,112627,536,536,0.258,-721,821
111370,113448,2078,0,GE-Phrase,234,112627,113705,1078,821,0.395,-1257,-257
111370,113448,2078,0,GE-Phase,stroke,111344,112091,747,721,0.347,26,1357
111370,113448,2078,0,GE-Phase,stroke,112091,112627,536,536,0.258,-721,821
111370,113448,2078,0,GE-Phase,preparation,112627,113297,670,670,0.322,-1257,151
111370,113448,2078,0,GE-Phase,stroke,113297,113705,408,151,0.073,-1927,-257
124510,125180,670,0,GE-Phrase,241,121878,125705,3827,670,1.0,2632,-525
124510,125180,670,0,GE-Phase,stroke,122442,125705,3263,670,1.0,2068,-525
125180,125513,333,0,GE-Phrase,241,121878,125705,3827,333,1.0,3302,-192
125180,125513,333,0,GE-Phase,stroke,122442,125705,3263,333,1.0,2738,-192
45810,46185,375,0,GE-Phrase,201,43285,46196,2911,375,1.0,2525,-11
45810,46185,375,0,GE-Phase,retraction,45605,46196,591,375,1.0,205,-11
46185,48220,2035,0,GE-Phrase,201,43285,46196,2911,11,0.005,2900,2024
46185,48220,2035,0,GE-Phrase,202,46196,50278,4082,2024,0.995,-11,-2058
46185,48220,2035,0,GE-Phase,retraction,45605,46196,591,11,0.005,580,2024
46185,48220,2035,0,GE-Phase,preparation,46196,47482,1286,1286,0.632,-11,738
46185,48220,2035,0,GE-Phase,stroke,47482,50132,2650,738,0.363,-1297,-1912
48950,50259,1309,0,GE-Phrase,202,46196,50278,4082,1309,1.0,2754,-19
48950,50259,1309,0,GE-Phase,stroke,47482,50132,2650,1182,0.903,1468,127
48950,50259,1309,0,GE-Phase,retraction,50132,50278,146,127,0.097,-1182,-19
101775,103364,1589,0,GE-Phrase,226,101601,103369,1768,1589,1.0,174,-5
101775,103364,1589,0,GE-Phase,stroke,101601,102234,633,459,0.289,174,1130
101775,103364,1589,0,GE-Phase,retraction,102234,103369,1135,1130,0.711,-459,-5
106840,108290,1450,0,GE-Phrase,229,105764,107960,2196,1120,0.772,1076,330
106840,108290,1450,0,GE-Phrase,230,107960,110406,2446,330,0.228,-1120,-2116
106840,108290,1450,0,GE-Phase,stroke,105764,107960,2196,1120,0.772,1076,330
106840,108290,1450,0,GE-Phase,stroke,107960,110406,2446,330,0.228,-1120,-2116
108290,108671,381,0,GE-Phrase,230,107960,110406,2446,381,1.0,330,-1735
108290,108671,381,0,GE-Phase,stroke,107960,110406,2446,381,1.0,330,-1735
108671,109369,698,0,GE-Phrase,230,107960,110406,2446,698,1.0,711,-1037
108671,109369,698,0,GE-Phase,stroke,107960,110406,2446,698,1.0,711,-1037
109369,110382,1013,0,GE-Phrase,230,107960,110406,2446,1013,1.0,1409,-24
109369,110382,1013,0,GE-Phase,stroke,107960,110406,2446,1013,1.0,1409,-24
111370,113448,2078,0,GE-Phrase,232,111344,112091,747,721,0.347,26,1357
111370,113448,2078,0,GE-Phrase,233,112091,112627,536,536,0.258,-721,821
111370,113448,2078,0,GE-Phrase,234,112627,113705,1078,821,0.395,-1257,-257
111370,113448,2078,0,GE-Phase,stroke,111344,112091,747,721,0.347,26,1357
111370,113448,2078,0,GE-Phase,stroke,112091,112627,536,536,0.258,-721,821
111370,113448,2078,0,GE-Phase,preparation,112627,113297,670,670,0.322,-1257,151
111370,113448,2078,0,GE-Phase,stroke,113297,113705,408,151,0.073,-1927,-257
124510,125180,670,0,GE-Phrase,241,121878,125705,3827,670,1.0,2632,-525
124510,125180,670,0,GE-Phase,stroke,122442,125705,3263,670,1.0,2068,-525
125180,125513,333,0,GE-Phrase,241,121878,125705,3827,333,1.0,3302,-192
125180,125513,333,0,GE-Phase,stroke,122442,125705,3263,333,1.0,2738,-192
45810,46185,375,0,GE-Phrase,201,43285,46196,2911,375,1.0,2525,-11
45810,46185,375,0,GE-Phase,retraction,45605,46196,591,375,1.0,205,-11
46185,48220,2035,0,GE-Phrase,201,43285,46196,2911,11,0.005,2900,2024
46185,48220,2035,0,GE-Phrase,202,46196,50278,4082,2024,0.995,-11,-2058
46185,48220,2035,0,GE-Phase,retraction,45605,46196,591,11,0.005,580,2024
46185,48220,2035,0,GE-Phase,preparation,46196,47482,1286,1286,0.632,-11,738
46185,48220,2035,0,GE-Phase,stroke,47482,50132,2650,738,0.363,-1297,-1912
48950,50259,1309,0,GE-Phrase,202,46196,50278,4082,1309,1.0,2754,-19
48950,50259,1309,0,GE-Phase,stroke,47482,50132,2650,1182,0.903,1468,127
48950,50259,1309,0,GE-Phase,retraction,50132,50278,146,127,0.097,-1182,-19
101775,103364,1589,0,GE-Phrase,226,101601,103369,1768,1589,1.0,174,-5
101775,103364,1589,0,GE-Phase,stroke,101601,102234,633,459,0.289,174,1130
101775,103364,1589,0,GE-Phase,retraction,102234,103369,1135,1130,0.711,-459,-5
106840,108290,1450,0,GE-Phrase,229,105764,107960,2196,1120,0.772,1076,330
106840,108290,1450,0,GE-Phrase,230,107960,110406,2446,330,0.228,-1120,-2116
106840,108290,1450,0,GE-Phase,stroke,105764,107960,2196,1120,0.772,1076,330
106840,108290,1450,0,GE-Phase,stroke,107960,110406,2446,330,0.228,-1120,-2116
108290,108671,381,0,GE-Phrase,230,107960,110406,2446,381,1.0,330,-1735
108290,108671,381,0,GE-Phase,stroke,107960,110406,2446,381,1.0,330,-1735
108671,109369,698,0,GE-Phrase,230,107960,110406,2446,698,1.0,711,-1037
108671,109369,698,0,GE-Phase,stroke,107960,110406,2446,698,1.0,711,-1037
109369,110382,1013,0,GE-Phrase,230,107960,110406,2446,1013,1.0,1409,-24
109369,110382,1013,0,GE-Phase,stroke,107960,110406,2446,1013,1.0,1409,-24
111370,113448,2078,0,GE-Phrase,232,111344,112091,747,721,0.347,26,1357
111370,113448,2078,0,GE-Phrase,233,112091,112627,536,536,0.258,-721,821
111370,113448,2078,0,GE-Phrase,234,112627,113705,1078,821,0.395,-1257,-257
111370,113448,2078,0,GE-Phase,stroke,111344,112091,747,721,0.347,26,1357
111370,113448,2078,0,GE-Phase,stroke,112091,112627,536,536,0.258,-721,821
111370,113448,2078,0,GE-Phase,preparation,112627,113297,670,670,0.322,-1257,151
111370,113448,2078,0,GE-Phase,stroke,113297,113705,408,151,0.073,-1927,-257
124510,125180,670,0,GE-Phrase,241,121878,125705,3827,670,1.0,2632,-525
124510,125180,670,0,GE-Phase,stroke,122442,125705,3263,670,1.0,2068,-525
125180,125513,333,0,GE-Phrase,241,121878,125705,3827,333,1.0,3302,-192
125180,125513,333,0,GE-Phase,stroke,122442,125705,3263,333,1.0,2738,-192
45810,46185,375,0,GE-Phrase,201,43285,46196,2911,375,1.0,2525,-11
45810,46185,375,0,GE-Phase,retraction,45605,46196,591,375,1.0,205,-11
46185,48220,2035,0,GE-Phrase,201,43285,46196,2911,11,0.005,2900,2024
46185,48220,2035,0,GE-Phrase,202,46196,50278,4082,2024,0.995,-11,-2058
46185,48220,2035,0,GE-Phase,retraction,45605,46196,591,11,0.005,580,2024
46185,48220,2035,0,GE-Phase,preparation,46196,47482,1286,1286,0.632,-11,738
46185,48220,2035,0,GE-Phase,stroke,47482,50132,2650,738,0.363,-1297,-1912
48950,50259,1309,0,GE-Phrase,202,46196,50278,4082,1309,1.0,2754,-19
48950,50259,1309,0,GE-Phase,stroke,47482,50132,2650,1182,0.903,1468,127
48950,50259,1309,0,GE-Phase,retraction,50132,50278,146,127,0.097,-1182,-19
101775,103364,1589,0,GE-Phrase,226,101601,103369,1768,1589,1.0,174,-5
101775,103364,1589,0,GE-Phase,stroke,101601,102234,633,459,0.289,174,1130
101775,103364,1589,0,GE-Phase,retraction,102234,103369,1135,1130,0.711,-459,-5
106840,108290,1450,0,GE-Phrase,229,105764,107960,2196,1120,0.772,1076,330
106840,108290,1450,0,GE-Phrase,230,107960,110406,2446,330,0.228,-1120,-2116
106840,108290,1450,0,GE-Phase,stroke,105764,107960,2196,1120,0.772,1076,330
106840,108290,1450,0,GE-Phase,stroke,107960,110406,2446,330,0.228,-1120,-2116
108290,108671,381,0,GE-Phrase,230,107960,110406,2446,381,1.0,330,-1735
108290,108671,381,0,GE-Phase,stroke,107960,110406,2446,381,1.0,330,-1735
108671,109369,698,0,GE-Phrase,230,107960,110406,2446,698,1.0,711,-1037
108671,109369,698,0,GE-Phase,stroke,107960,110406,2446,698,1.0,711,-1037
109369,110382,1013,0,GE-Phrase,230,107960,110406,2446,1013,1.0,1409,-24
109369,110382,1013,0,GE-Phase,stroke,107960,110406,2446,1013,1.0,1409,-24
111370,113448,2078,0,GE-Phrase,232,111344,112091,747,721,0.347,26,1357
111370,113448,2078,0,GE-Phrase,233,112091,112627,536,536,0.258,-721,821
111370,113448,2078,0,GE-Phrase,234,112627,113705,1078,821,0.395,-1257,-257
111370,113448,2078,0,GE-Phase,stroke,111344,112091,747,721,0.347,26,1357
111370,113448,2078,0,GE-Phase,stroke,112091,112627,536,536,0.258,-721,821
111370,113448,2078,0,GE-Phase,preparation,112627,113297,670,670,0.322,-1257,151
111370,113448,2078,0,GE-Phase,stroke,113297,113705,408,151,0.073,-1927,-257
124510,125180,670,0,GE-Phrase,241,121878,125705,3827,670,1.0,2632,-525
124510,125180,670,0,GE-Phase,stroke,122442,125705,3263,670,1.0,2068,-525
125180,125513,333,0,GE-Phrase,241,121878,125705,3827,333,1.0,3302,-192
125180,125513,333,0,GE-Phase,stroke,122442,125705,3263,333,1.0,2738,-192
45810,46185,375,0,GE-Phrase,201,43285,46196,2911,375,1.0,2525,-11
45810,46185,375,0,GE-Phase,retraction,45605,46196,591,375,1.0,205,-11
46185,48220,2035,0,GE-Phrase,201,43285,46196,2911,11,0.005,2900,2024
46185,48220,2035,0,GE-Phrase,202,46196,50278,4082,2024,0.995,-11,-2058
46185,48220,2035,0,GE-Phase,retraction,45605,46196,591,11,0.005,580,2024
46185,48220,2035,0,GE-Phase,preparation,46196,47482,1286,1286,0.632,-11,738
46185,48220,2035,0,GE-Phase,stroke,47482,50132,2650,738,0.363,-1297,-1912
48950,50259,1309,0,GE-Phrase,202,46196,50278,4082,1309,1.0,2754,-19
48950,50259,1309,0,GE-Phase,stroke,47482,50132,2650,1182,0.903,1468,127
48950,50259,1309,0,GE-Phase,retraction,50132,50278,146,127,0.097,-1182,-19
101775,103364,1589,0,GE-Phrase,226,101601,103369,1768,1589,1.0,174,-5
101775,103364,1589,0,GE-Phase,stroke,101601,102234,633,459,0.289,174,1130
101775,103364,1589,0,GE-Phase,retraction,102234,103369,1135,1130,0.711,-459,-5
106840,108290,1450,0,GE-Phrase,229,105764,107960,2196,1120,0.772,1076,330
106840,108290,1450,0,GE-Phrase,230,107960,110406,2446,330,0.228,-1120,-2116
106840,108290,1450,0,GE-Phase,stroke,105764,107960,2196,1120,0.772,1076,330
106840,108290,1450,0,GE-Phase,stroke,107960,110406,2446,330,0.228,-1120,-2116
108290,108671,381,0,GE-Phrase,230,107960,110406,2446,381,1.0,330,-1735
108290,108671,381,0,GE-Phase,stroke,107960,110406,2446,381,1.0,330,-1735
108671,109369,698,0,GE-Phrase,230,107960,110406,2446,698,1.0,711,-1037
108671,109369,698,0,GE-Phase,stroke,107960,110406,2446,698,1.0,711,-1037
109369,110382,1013,0,GE-Phrase,230,107960,110406,2446,1013,1.0,1409,-24
109369,110382,1013,0,GE-Phase,stroke,107960,110406,2446,1013,1.0,1409,-24
111370,113448,2078,0,GE-Phrase,232,111344,112091,747,721,0.347,26,1357
111370,113448,2078,0,GE-Phrase,233,112091,112627,536,536,0.258,-721,821
111370,113448,2078,0,GE-Phrase,234,112627,113705,1078,821,0.395,-1257,-257
111370,113448,2078,0,GE-Phase,stroke,111344,112091,747,721,0.347,26,1357
111370,113448,2078,0,GE-Phase,stroke,112091,112627,536,536,0.258,-721,821
111370,113448,2078,0,GE-Phase,preparation,112627,113297,670,670,0.322,-1257,151
111370,113448,2078,0,GE-Phase,stroke,113297,113705,408,151,0.073,-1927,-257
124510,125180,670,0,GE-Phrase,241,121878,125705,3827,670,1.0,2632,-525
124510,125180,670,0,GE-Phase,stroke,122442,125705,3263,670,1.0,2068,-525
125180,125513,333,0,GE-Phrase,241,121878,125705,3827,333,1.0,3302,-192
125180,125513,333,0,GE-Phase,stroke,122442,125705,3263,333,1.0,2738,-192
45810,46185,375,0,GE-Phrase,201,43285,46196,2911,375,1.0,2525,-11
45810,46185,375,0,GE-Phase,retraction,45605,46196,591,375,1.0,205,-11
46185,48220,2035,0,GE-Phrase,201,43285,46196,2911,11,0.005,2900,2024
46185,48220,2035,0,GE-Phrase,202,46196,50278,4082,2024,0.995,-11,-2058
46185,48220,2035,0,GE-Phase,retraction,45605,46196,591,11,0.005,580,2024
46185,48220,2035,0,GE-Phase,preparation,46196,47482,1286,1286,0.632,-11,738
46185,48220,2035,0,GE-Phase,stroke,47482,50132,2650,738,0.363,-1297,-1912
48950,50259,1309,0,GE-Phrase,202,46196,50278,4082,1309,1.0,2754,-19
48950,50259,1309,0,GE-Phase,stroke,47482,50132,2650,1182,0.903,1468,127
48950,50259,1309,0,GE-Phase,retraction,50132,50278,146,127,0.097,-1182,-19
101775,103364,1589,0,GE-Phrase,226,101601,103369,1768,1589,1.0,174,-5
101775,103364,1589,0,GE-Phase,stroke,101601,102234,633,459,0.289,174,1130
101775,103364,1589,0,GE-Phase,retraction,102234,103369,1135,1130,0.711,-459,-5
106840,108290,1450,0,GE-Phrase,229,105764,107960,2196,1120,0.772,1076,330
106840,108290,1450,0,GE-Phrase,230,107960,110406,2446,330,0.228,-1120,-2116
106840,108290,1450,0,GE-Phase,stroke,105764,107960,2196,1120,0.772,1076,330
106840,108290,1450,0,GE-Phase,stroke,107960,110406,2446,330,0.228,-1120,-2116
108290,108671,381,0,GE-Phrase,230,107960,110406,2446,381,1.0,330,-1735
108290,108671,381,0,GE-Phase,stroke,107960,110406,2446,381,1.0,330,-1735
108671,109369,698,0,GE-Phrase,230,107960,110406,2446,698,1.0,711,-1037
108671,109369,698,0,GE-Phase,stroke,107960,110406,2446,698,1.0,711,-1037
109369,110382,1013,0,GE-Phrase,230,107960,110406,2446,1013,1.0,1409,-24
109369,110382,1013,0,GE-Phase,stroke,107960,110406,2446,1013,1.0,1409,-24
111370,113448,2078,0,GE-Phrase,232,111344,112091,747,721,0.347,26,1357
111370,113448,2078,0,GE-Phrase,233,112091,112627,536,536,0.258,-721,821
111370,113448,2078,0,GE-Phrase,234,112627,113705,1078,821,0.395,-1257,-257
111370,113448,2078,0,GE-Phase,stroke,111344,112091,747,721,0.347,26,1357
111370,113448,2078,0,GE-Phase,stroke,112091,112627,536,536,0.258,-721,821
111370,113448,2078,0,GE-Phase,preparation,112627,113297,670,670,0.322,-1257,151
111370,113448,2078,0,GE-Phase,stroke,113297,113705,408,151,0.073,-1927,-257
124510,125180,670,0,GE-Phrase,241,121878,125705,3827,670,1.0,2632,-525
124510,125180,670,0,GE-Phase,stroke,122442,125705,3263,670,1.0,2068,-525
125180,125513,333,0,GE-Phrase,241,121878,125705,3827,333,1.0,3302,-192
125180,125513,333,0,GE-Phase,stroke,122442,125705,3263,333,1.0,2738,-192
45810,46185,375,0,GE-Phrase,201,43285,46196,2911,375,1.0,2525,-11
45810,46185,375,0,GE-Phase,retraction,45605,46196,591,375,1.0,205,-11
46185,48220,2035,0,GE-Phrase,201,43285,46196,2911,11,0.005,2900,2024
46185,48220,2035,0,GE-Phrase,202,46196,50278,4082,2024,0.995,-11,-2058
46185,48220,2035,0,GE-Phase,retraction,45605,46196,591,11,0.005,580,2024
46185,48220,2035,0,GE-Phase,preparation,46196,47482,1286,1286,0.632,-11,738
46185,48220,2035,0,GE-Phase,stroke,47482,50132,2650,738,0.363,-1297,-1912
48950,50259,1309,0,GE-Phrase,202,46196,50278,4082,1309,1.0,2754,-19
48950,50259,1309,0,GE-Phase,stroke,47482,50132,2650,1182,0.903,1468,127
48950,50259,1309,0,GE-Phase,retraction,50132,50278,146,127,0.097,-1182,-19
101775,103364,1589,0,GE-Phrase,226,101601,103369,1768,1589,1.0,174,-5
101775,103364,1589,0,GE-Phase,stroke,101601,102234,633,459,0.289,174,1130
101775,103364,1589,0,GE-Phase,retraction,102234,103369,1135,1130,0.711,-459,-5
106840,108290,1450,0,GE-Phrase,229,105764,107960,2196,1120,0.772,1076,330
106840,108290,1450,0,GE-Phrase,230,107960,110406,2446,330,0.228,-1120,-2116
106840,108290,1450,0,GE-Phase,stroke,105764,107960,2196,1120,0.772,1076,330
106840,108290,1450,0,GE-Phase,stroke,107960,110406,2446,330,0.228,-1120,-2116
108290,108671,381,0,GE-Phrase,230,107960,110406,2446,381,1.0,330,-1735
108290,108671,381,0,GE-Phase,stroke,107960,110406,2446,381,1.0,330,-1735
108671,109369,698,0,GE-Phrase,230,107960,110406,2446,698,1.0,711,-1037
108671,109369,698,0,GE-Phase,stroke,107960,110406,2446,698,1.0,711,-1037
109369,110382,1013,0,GE-Phrase,230,107960,110406,2446,1013,1.0,1409,-24
109369,110382,1013,0,GE-Phase,stroke,107960,110406,2446,1013,1.0,1409,-24
111370,113448,2078,0,GE-Phrase,232,111344,112091,747,721,0.347,26,1357
111370,113448,2078,0,GE-Phrase,233,112091,112627,536,536,0.258,-721,821
111370,113448,2078,0,GE-Phrase,234,112627,113705,1078,821,0.395,-1257,-257
111370,113448,2078,0,GE-Phase,stroke,111344,112091,747,721,0.347,26,1357
111370,113448,2078,0,GE-Phase,stroke,112091,112627,536,536,0.258,-721,821
111370,113448,2078,0,GE-Phase,preparation,112627,113297,670,670,0.322,-1257,151
111370,113448,2078,0,GE-Phase,stroke,113297,113705,408,151,0.073,-1927,-257
124510,125180,670,0,GE-Phrase,241,121878,125705,3827,670,1.0,2632,-525
124510,125180,670,0,GE-Phase,stroke,122442,125705,3263,670,1.0,2068,-525
125180,125513,333,0,GE-Phrase,241,121878,125705,3827,333,1.0,3302,-192
125180,125513,333,0,GE-Phase,stroke,122442,125705,3263,333,1.0,2738,-192
45810,46185,375,0,GE-Phrase,201,43285,46196,2911,375,1.0,2525,-11
45810,46185,375,0,GE-Phase,retraction,45605,46196,591,375,1.0,205,-11
46185,48220,2035,0,GE-Phrase,201,43285,46196,2911,11,0.005,2900,2024
46185,48220,2035,0,GE-Phrase,202,46196,50278,4082,2024,0.995,-11,-2058
46185,48220,2035,0,GE-Phase,retraction,45605,46196,591,11,0.005,580,2024
46185,48220,2035,0,GE-Phase,preparation,46196,47482,1286,1286,0.632,-11,738
46185,48220,2035,0,GE-Phase,stroke,47482,50132,2650,738,0.363,-1297,-1912
48950,50259,1309,0,GE-Phrase,202,46196,50278,4082,1309,1.0,2754,-19
48950,50259,1309,0,GE-Phase,stroke,47482,50132,2650,1182,0.903,1468,127
48950,50259,1309,0,GE-Phase,retraction,50132,50278,146,127,0.097,-1182,-19
101775,103364,1589,0,GE-Phrase,226,101601,103369,1768,1589,1.0,174,-5
101775,103364,1589,0,GE-Phase,stroke,101601,102234,633,459,0.289,174,1130
101775,103364,1589,0,GE-Phase,retraction,102234,103369,1135,1130,0.711,-459,-5
106840,108290,1450,0,GE-Phrase,229,105764,107960,2196,1120,0.772,1076,330
106840,108290,1450,0,GE-Phrase,230,107960,110406,2446,330,0.228,-1120,-2116
106840,108290,1450,0,GE-Phase,stroke,105764,107960,2196,1120,0.772,1076,330
106840,108290,1450,0,GE-Phase,stroke,107960,110406,2446,330,0.228,-1120,-2116
108290,108671,381,0,GE-Phrase,230,107960,110406,2446,381,1.0,330,-1735
108290,108671,381,0,GE-Phase,stroke,107960,110406,2446,381,1.0,330,-1735
108671,109369,698,0,GE-Phrase,230,107960,110406,2446,698,1.0,711,-1037
108671,109369,698,0,GE-Phase,stroke,107960,110406,2446,698,1.0,711,-1037
109369,110382,1013,0,GE-Phrase,230,107960,110406,2446,1013,1.0,1409,-24
109369,110382,1013,0,GE-Phase,stroke,107960,110406,2446,1013,1.0,1409,-24
111370,113448,2078,0,GE-Phrase,232,111344,112091,747,721,0.347,26,1357
111370,113448,2078,0,GE-Phrase,233,112091,112627,536,536,0.258,-721,821
111370,113448,2078,0,GE-Phrase,234,112627,113705,1078,821,0.395,-1257,-257
111370,113448,2078,0,GE-Phase,stroke,111344,112091,747,721,0.347,26,1357
111370,113448,2078,0,GE-Phase,stroke,112091,112627,536,536,0.258,-721,821
111370,113448,2078,0,GE-Phase,preparation,112627,113297,670,670,0.322,-1257,151
111370,113448,2078,0,GE-Phase,stroke,113297,113705,408,151,0.073,-1927,-257
124510,125180,670,0,GE-Phrase,241,121878,125705,3827,670,1.0,2632,-525
124510,125180,670,0,GE-Phase,stroke,122442,125705,3263,670,1.0,2068,-525
125180,125513,333,0,GE-Phrase,241,121878,125705,3827,333,1.0,3302,-192
125180,125513,333,0,GE-Phase,stroke,122442,125705,3263,333,1.0,2738,-192
45810,46185,375,0,GE-Phrase,201,43285,46196,2911,375,1.0,2525,-11
45810,46185,375,0,GE-Phase,retraction,45605,46196,591,375,1.0,205,-11
46185,48220,2035,0,GE-Phrase,201,43285,46196,2911,11,0.005,2900,2024
46185,48220,2035,0,GE-Phrase,202,46196,50278,4082,2024,0.995,-11,-2058
46185,48220,2035,0,GE-Phase,retraction,45605,46196,591,11,0.005,580,2024
46185,48220,2035,0,GE-Phase,preparation,46196,47482,1286,1286,0.632,-11,738
46185,48220,2035,0,GE-Phase,stroke,47482,50132,2650,738,0.363,-1297,-1912
48950,50259,1309,0,GE-Phrase,202,46196,50278,4082,1309,1.0,2754,-19
48950,50259,1309,0,GE-Phase,stroke,47482,50132,2650,1182,0.903,1468,127
48950,50259,1309,0,GE-Phase,retraction,50132,50278,146,127,0.097,-1182,-19
101775,103364,1589,0,GE-Phrase,226,101601,103369,1768,1589,1.0,174,-5
101775,103364,1589,0,GE-Phase,stroke,101601,102234,633,459,0.289,174,1130
101775,103364,1589,0,GE-Phase,retraction,102234,103369,1135,1130,0.711,-459,-5
106840,108290,1450,0,GE-Phrase,229,105764,107960,2196,1120,0.772,1076,330
106840,108290,1450,0,GE-Phrase,230,107960,110406,2446,330,0.228,-1120,-2116
106840,108290,1450,0,GE-Phase,stroke,105764,107960,2196,1120,0.772,1076,330
106840,108290,1450,0,GE-Phase,stroke,107960,110406,2446,330,0.228,-1120,-2116
108290,108671,381,0,GE-Phrase,230,107960,110406,2446,381,1.0,330,-1735
108290,108671,381,0,GE-Phase,stroke,107960,110406,2446,381,1.0,330,-1735
108671,109369,698,0,GE-Phrase,230,107960,110406,2446,698,1.0,711,-1037
108671,109369,698,0,GE-Phase,stroke,107960,110406,2446,698,1.0,711,-1037
109369,110382,1013,0,GE-Phrase,230,107960,110406,2446,1013,1.0,1409,-24
109369,110382,1013,0,GE-Phase,stroke,107960,110406,2446,1013,1.0,1409,-24
111370,113448,2078,0,GE-Phrase,232,111344,112091,747,721,0.347,26,1357
111370,113448,2078,0,GE-Phrase,233,112091,112627,536,536,0.258,-721,821
111370,113448,2078,0,GE-Phrase,234,112627,113705,1078,821,0.395,-1257,-257
111370,113448,2078,0,GE-Phase,stroke,111344,112091,747,721,0.347,26,1357
111370,113448,2078,0,GE-Phase,stroke,112091,112627,536,536,0.258,-721,821
111370,113448,2078,0,GE-Phase,preparation,112627,113297,670,670,0.322,-1257,151
111370,113448,2078,0,GE-Phase,stroke,113297,113705,408,151,0.073,-1927,-257
124510,125180,670,0,GE-Phrase,241,121878,125705,3827,670,1.0,2632,-525
124510,125180,670,0,GE-Phase,stroke,122442,125705,3263,670,1.0,2068,-525
125180,125513,333,0,GE-Phrase,241,121878,125705,3827,333,1.0,3302,-192
125180,125513,333,0,GE-Phase,stroke,122442,125705,3263,333,1.0,2738,-192
45810,46185,375,0,GE-Phrase,201,43285,46196,2911,375,1.0,2525,-11
45810,46185,375,0,GE-Phase,retraction,45605,46196,591,375,1.0,205,-11
46185,48220,2035,0,GE-Phrase,201,43285,46196,2911,11,0.005,2900,2024
46185,48220,2035,0,GE-Phrase,202,46196,50278,4082,2024,0.995,-11,-2058
46185,48220,2035,0,GE-Phase,retraction,45605,46196,591,11,0.005,580,2024
46185,48220,2035,0,GE-Phase,preparation,46196,47482,1286,1286,0.632,-11,738
46185,48220,2035,0,GE-Phase,stroke,47482,50132,2650,738,0.363,-1297,-1912
48950,50259,1309,0,GE-Phrase,202,46196,50278,4082,1309,1.0,2754,-19
48950,50259,1309,0,GE-Phase,stroke,47482,50132,2650,1182,0.903,1468,127
48950,50259,1309,0,GE-Phase,retraction,50132,50278,146,127,0.097,-1182,-19
101775,103364,1589,0,GE-Phrase,226,101601,103369,1768,1589,1.0,174,-5
101775,103364,1589,0,GE-Phase,stroke,101601,102234,633,459,0.289,174,1130
101775,103364,1589,0,GE-Phase,retraction,102234,103369,1135,1130,0.711,-459,-5
106840,108290,1450,0,GE-Phrase,229,105764,107960,2196,1120,0.772,1076,330
106840,108290,1450,0,GE-Phrase,230,107960,110406,2446,330,0.228,-1120,-2116
106840,108290,1450,0,GE-Phase,stroke,105764,107960,2196,1120,0.772,1076,330
106840,108290,1450,0,GE-Phase,stroke,107960,110406,2446,330,0.228,-1120,-2116
108290,108671,381,0,GE-Phrase,230,107960,110406,2446,381,1.0,330,-1735
108290,108671,381,0,GE-Phase,stroke,107960,110406,2446,381,1.0,330,-1735
108671,109369,698,0,GE-Phrase,230,107960,110406,2446,698,1.0,711,-1037
108671,109369,698,0,GE-Phase,stroke,107960,110406,2446,698,1.0,711,-1037
109369,110382,1013,0,GE-Phrase,230,107960,110406,2446,1013,1.0,1409,-24
109369,110382,1013,0,GE-Phase,stroke,107960,110406,2446,1013,1.0,1409,-24
111370,113448,2078,0,GE-Phrase,232,111344,112091,747,721,0.347,26,1357
111370,113448,2078,0,GE-Phrase,233,112091,112627,536,536,0.258,-721,821
111370,113448,2078,0,GE-Phrase,234,112627,113705,1078,821,0.395,-1257,-257
111370,113448,2078,0,GE-Phase,stroke,111344,112091,747,721,0.347,26,1357
111370,113448,2078,0,GE-Phase,stroke,112091,112627,536,536,0.258,-721,821
111370,113448,2078,0,GE-Phase,preparation,112627,113297,670,670,0.322,-1257,151
111370,113448,2078,0,GE-Phase,stroke,113297,113705,408,151,0.073,-1927,-257
124510,125180,670,0,GE-Phrase,241,121878,125705,3827,670,1.0,2632,-525
124510,125180,670,0,GE-Phase,stroke,122442,125705,3263,670,1.0,2068,-525
125180,125513,333,0,GE-Phrase,241,121878,125705,3827,333,1.0,3302,-192
125180,125513,333,0,GE-Phase,stroke,122442,125705,3263,333,1.0,2738,-192
45810,46185,375,0,GE-Phrase,201,43285,46196,2911,375,1.0,2525,-11
45810,46185,375,0,GE-Phase,retraction,45605,46196,591,375,1.0,205,-11
46185,48220,2035,0,GE-Phrase,201,43285,46196,2911,11,0.005,2900,2024
46185,48220,2035,0,GE-Phrase,202,46196,50278,4082,2024,0.995,-11,-2058
46185,48220,2035,0,GE-Phase,retraction,45605,46196,591,11,0.005,580,2024
46185,48220,2035,0,GE-Phase,preparation,46196,47482,1286,1286,0.632,-11,738
46185,48220,2035,0,GE-Phase,stroke,47482,50132,2650,738,0.363,-1297,-1912
48950,50259,1309,0,GE-Phrase,202,46196,50278,4082,1309,1.0,2754,-19
48950,50259,1309,0,GE-Phase,stroke,47482,50132,2650,1182,0.903,1468,127
48950,50259,1309,0,GE-Phase,retraction,50132,50278,146,127,0.097,-1182,-19
101775,103364,1589,0,GE-Phrase,226,101601,103369,1768,1589,1.0,174,-5
101775,103364,1589,0,GE-Phase,stroke,101601,102234,633,459,0.289,174,1130
101775,103364,1589,0,GE-Phase,retraction,102234,103369,1135,1130,0.711,-459,-5
106840,108290,1450,0,GE-Phrase,229,105764,107960,2196,1120,0.772,1076,330
106840,108290,1450,0,GE-Phrase,230,107960,110406,2446,330,0.228,-1120,-2116
106840,108290,1450,0,GE-Phase,stroke,105764,107960,2196,1120,0.772,1076,330
106840,108290,1450,0,GE-Phase,stroke,107960,110406,2446,330,0.228,-1120,-2116
108290,108671,381,0,GE-Phrase,230,107960,110406,2446,381,1.0,330,-1735
108290,108671,381,0,GE-Phase,stroke,107960,110406,2446,381,1.0,330,-1735
108671,109369,698,0,GE-Phrase,230,107960,110406,2446,698,1.0,711,-1037
108671,109369,698,0,GE-Phase,stroke,107960,110406,2446,698,1.0,711,-1037
109369,110382,1013,0,GE-Phrase,230,107960,110406,2446,1013,1.0,1409,-24
109369,110382,1013,0,GE-Phase,stroke,107960,110406,2446,1013,1.0,1409,-24
111370,113448,2078,0,GE-Phrase,232,111344,112091,747,721,0.347,26,1357
111370,113448,2078,0,GE-Phrase,233,112091,112627,536,536,0.258,-721,821
111370,113448,2078,0,GE-Phrase,234,112627,113705,1078,821,0.395,-1257,-257
111370,113448,2078,0,GE-Phase,stroke,111344,112091,747,721,0.347,26,1357
111370,113448,2078,0,GE-Phase,stroke,112091,112627,536,536,0.258,-721,821
111370,113448,2078,0,GE-Phase,preparation,112627,113297,670,670,0.322,-1257,151
111370,113448,2078,0,GE-Phase,stroke,113297,113705,408,151,0.073,-1927,-257
124510,125180,670,0,GE-Phrase,241,121878,125705,3827,670,1.0,2632,-525
124510,125180,670,0,GE-Phase,stroke,122442,125705,3263,670,1.0,2068,-525
125180,125513,333,0,GE-Phrase,241,121878,125705,3827,333,1.0,3302,-192
125180,125513,333,0,GE-Phase,stroke,122442,125705,3263,333,1.0,2738,-192
45810,46185,375,0,GE-Phrase,201,43285,46196,2911,375,1.0,2525,-11
45810,46185,375,0,GE-Phase,retraction,45605,46196,591,375,1.0,205,-11
46185,48220,2035,0,GE-Phrase,201,43285,46196,2911,11,0.005,2900,2024
46185,48220,2035,0,GE-Phrase,202,46196,50278,4082,2024,0.995,-11,-2058
46185,48220,2035,0,GE-Phase,retraction,45605,46196,591,11,0.005,580,2024
46185,48220,2035,0,GE-Phase,preparation,46196,47482,1286,1286,0.632,-11,738
46185,48220,2035,0,GE-Phase,stroke,47482,50132,2650,738,0.363,-1297,-1912
48950,50259,1309,0,GE-Phrase,202,46196,50278,4082,1309,1.0,2754,-19
48950,50259,1309,0,GE-Phase,stroke,47482,50132,2650,1182,0.903,1468,127
48950,50259,1309,0,GE-Phase,retraction,50132,50278,146,127,0.097,-1182,-19
101775,103364,1589,0,GE-Phrase,226,101601,103369,1768,1589,1.0,174,-5
101775,103364,1589,0,GE-Phase,stroke,101601,102234,633,459,0.289,174,1130
101775,103364,1589,0,GE-Phase,retraction,102234,103369,1135,1130,0.711,-459,-5
106840,108290,1450,0,GE-Phrase,229,105764,107960,2196,1120,0.772,1076,330
106840,108290,1450,0,GE-Phrase,230,107960,110406,2446,330,0.228,-1120,-2116
106840,108290,1450,0,GE-Phase,stroke,105764,107960,2196,1120,0.772,1076,330
106840,108290,1450,0,GE-Phase,stroke,107960,110406,2446,330,0.228,-1120,-2116
108290,108671,381,0,GE-Phrase,230,107960,110406,2446,381,1.0,330,-1735
108290,108671,381,0,GE-Phase,stroke,107960,110406,2446,381,1.0,330,-1735
108671,109369,698,0,GE-Phrase,230,107960,110406,2446,698,1.0,711,-1037
108671,109369,698,0,GE-Phase,stroke,107960,110406,2446,698,1.0,711,-1037
109369,110382,1013,0,GE-Phrase,230,107960,110406,2446,1013,1.0,1409,-24
109369,110382,1013,0,GE-Phase,stroke,107960,110406,2446,1013,1.0,1409,-24
111370,113448,2078,0,GE-Phrase,232,111344,112091,747,721,0.347,26,1357
111370,113448,2078,0,GE-Phrase,233,112091,112627,536,536,0.258,-721,821
111370,113448,2078,0,GE-Phrase,234,112627,113705,1078,821,0.395,-1257,-257
111370,113448,2078,0,GE-Phase,stroke,111344,112091,747,721,0.347,26,1357
111370,113448,2078,0,GE-Phase,stroke,112091,112627,536,536,0.258,-721,821
111370,113448,2078,0,GE-Phase,preparation,112627,113297,670,670,0.322,-1257,151
111370,113448,2078,0,GE-Phase,stroke,113297,113705,408,151,0.073,-1927,-257
124510,125180,670,0,GE-Phrase,241,121878,125705,3827,670,1.0,2632,-525
124510,125180,670,0,GE-Phase,stroke,122442,125705,3263,670,1.0,2068,-525
125180,125513,333,0,GE-Phrase,241,121878,125705,3827,333,1.0,3302,-192
125180,125513,333,0,GE-Phase,stroke,122442,125705,3263,333,1.0,2738,-192
45810,46185,375,0,GE-Phrase,201,43285,46196,2911,375,1.0,2525,-11
45810,46185,375,0,GE-Phase,retraction,45605,46196,591,375,1.0,205,-11
46185,48220,2035,0,GE-Phrase,201,43285,46196,2911,11,0.005,2900,2024
46185,48220,2035,0,GE-Phrase,202,46196,50278,4082,2024,0.995,-11,-2058
46185,48220,2035,0,GE-Phase,retraction,45605,46196,591,11,0.005,580,2024
46185,48220,2035,0,GE-Phase,preparation,46196,47482,1286,1286,0.632,-11,738
46185,48220,2035,0,GE-Phase,stroke,47482,50132,2650,738,0.363,-1297,-1912
48950,50259,1309,0,GE-Phrase,202,46196,50278,4082,1309,1.0,2754,-19
48950,50259,1309,0,GE-Phase,stroke,47482,50132,2650,1182,0.903,1468,127
48950,50259,1309,0,GE-Phase,retraction,50132,50278,146,127,0.097,-1182,-19
101775,103364,1589,0,GE-Phrase,226,101601,103369,1768,1589,1.0,174,-5
101775,103364,1589,0,GE-Phase,stroke,101601,102234,633,459,0.289,174,1130
101775,103364,1589,0,GE-Phase,retraction,102234,103369,1135,1130,0.711,-459,-5
106840,108290,1450,0,GE-Phrase,229,105764,107960,2196,1120,0.772,1076,330
106840,108290,1450,0,GE-Phrase,230,107960,110406,2446,330,0.228,-1120,-2116
106840,108290,1450,0,GE-Phase,stroke,105764,107960,2196,1120,0.772,1076,330
106840,108290,1450,0,GE-Phase,stroke,107960,110406,2446,330,0.228,-1120,-2116
108290,108671,381,0,GE-Phrase,230,107960,110406,2446,381,1.0,330,-1735
108290,108671,381,0,GE-Phase,stroke,107960,110406,2446,381,1.0,330,-1735
108671,109369,698,0,GE-Phrase,230,107960,110406,2446,698,1.0,711,-1037
108671,109369,698,0,GE-Phase,stroke,107960,110406,2446,698,1.0,711,-1037
109369,110382,1013,0,GE-Phrase,230,107960,110406,2446,1013,1.0,1409,-24
109369,110382,1013,0,GE-Phase,stroke,107960,110406,2446,1013,1.0,1409,-24
111370,113448,2078,0,GE-Phrase,232,111344,112091,747,721,0.347,26,1357
111370,113448,2078,0,GE-Phrase,233,112091,112627,536,536,0.258,-721,821
111370,113448,2078,0,GE-Phrase,234,112627,113705,1078,821,0.395,-1257,-257
111370,113448,2078,0,GE-Phase,stroke,111344,112091,747,721,0.347,26,1357
111370,113448,2078,0,GE-Phase,stroke,112091,112627,536,536,0.258,-721,821
111370,113448,2078,0,GE-Phase,preparation,112627,113297,670,670,0.322,-1257,151
111370,113448,2078,0,GE-Phase,stroke,113297,113705,408,151,0.073,-1927,-257
124510,125180,670,0,GE-Phrase,241,121878,125705,3827,670,1.0,2632,-525
124510,125180,670,0,GE-Phase,stroke,122442,125705,3263,670,1.0,2068,-525
125180,125513,333,0,GE-Phrase,241,121878,125705,3827,333,1.0,3302,-192
125180,125513,333,0,GE-Phase,stroke,122442,125705,3263,333,1.0,2738,-192
45810,46185,375,0,GE-Phrase,201,43285,46196,2911,375,1.0,2525,-11
45810,46185,375,0,GE-Phase,retraction,45605,46196,591,375,1.0,205,-11
46185,48220,2035,0,GE-Phrase,201,43285,46196,2911,11,0.005,2900,2024
46185,48220,2035,0,GE-Phrase,202,46196,50278,4082,2024,0.995,-11,-2058
46185,48220,2035,0,GE-Phase,retraction,45605,46196,591,11,0.005,580,2024
46185,48220,2035,0,GE-Phase,preparation,46196,47482,1286,1286,0.632,-11,738
46185,48220,2035,0,GE-Phase,stroke,47482,50132,2650,738,0.363,-1297,-1912
48950,50259,1309,0,GE-Phrase,202,46196,50278,4082,1309,1.0,2754,-19
48950,50259,1309,0,GE-Phase,stroke,47482,50132,2650,1182,0.903,1468,127
48950,50259,1309,0,GE-Phase,retraction,50132,50278,146,127,0.097,-1182,-19
101775,103364,1589,0,GE-Phrase,226,101601,103369,1768,1589,1.0,174,-5
101775,103364,1589,0,GE-Phase,stroke,101601,102234,633,459,0.289,174,1130
101775,103364,1589,0,GE-Phase,retraction,102234,103369,1135,1130,0.711,-459,-5
106840,108290,1450,0,GE-Phrase,229,105764,107960,2196,1120,0.772,1076,330
106840,108290,1450,0,GE-Phrase,230,107960,110406,2446,330,0.228,-1120,-2116
106840,108290,1450,0,GE-Phase,stroke,105764,107960,2196,1120,0.772,1076,330
106840,108290,1450,0,GE-Phase,stroke,107960,110406,2446,330,0.228,-1120,-2116
108290,108671,381,0,GE-Phrase,230,107960,110406,2446,381,1.0,330,-1735
108290,108671,381,0,GE-Phase,stroke,107960,110406,2446,381,1.0,330,-1735
108671,109369,698,0,GE-Phrase,230,107960,110406,2446,698,1.0,711,-1037
108671,109369,698,0,GE-Phase,stroke,107960,110406,2446,698,1.0,711,-1037
109369,110382,1013,0,GE-Phrase,230,107960,110406,2446,1013,1.0,1409,-24
109369,110382,1013,0,GE-Phase,stroke,107960,110406,2446,1013,1.0,1409,-24
111370,113448,2078,0,GE-Phrase,232,111344,112091,747,721,0.347,26,1357
111370,113448,2078,0,GE-Phrase,233,112091,112627,536,536,0.258,-721,821
111370,113448,2078,0,GE-Phrase,234,112627,113705,1078,821,0.395,-1257,-257
111370,113448,2078,0,GE-Phase,stroke,111344,112091,747,721,0.347,26,1357
111370,113448,2078,0,GE-Phase,stroke,112091,112627,536,536,0.258,-721,821
111370,113448,2078,0,GE-Phase,preparation,112627,113297,670,670,0.322,-1257,151
111370,113448,2078,0,GE-Phase,stroke,113297,113705,408,151,0.073,-1927,-257
124510,125180,670,0,GE-Phrase,241,121878,125705,3827,670,1.0,2632,-525
124510,125180,670,0,GE-Phase,stroke,122442,125705,3263,670,1.0,2068,-525
125180,125513,333,0,GE-Phrase,241,121878,125705,3827,333,1.0,3302,-192
125180,125513,333,0,GE-Phase,stroke,122442,125705,3263,333,1.0,2738,-192
45810,46185,375,0,GE-Phrase,201,43285,46196,2911,375,1.0,2525,-11
45810,46185,375,0,GE-Phase,retraction,45605,46196,591,375,1.0,205,-11
46185,48220,2035,0,GE-Phrase,201,43285,46196,2911,11,0.005,2900,2024
46185,48220,2035,0,GE-Phrase,202,46196,50278,4082,2024,0.995,-11,-2058
46185,48220,2035,0,GE-Phase,retraction,45605,46196,591,11,0.005,580,2024
46185,48220,2035,0,GE-Phase,preparation,46196,47482,1286,1286,0.632,-11,738
46185,48220,2035,0,GE-Phase,stroke,47482,50132,2650,738,0.363,-1297,-1912
48950,50259,1309,0,GE-Phrase,202,46196,50278,4082,1309,1.0,2754,-19
48950,50259,1309,0,GE-Phase,stroke,47482,50132,2650,1182,0.903,1468,127
48950,50259,1309,0,GE-Phase,retraction,50132,50278,146,127,0.097,-1182,-19
101775,103364,1589,0,GE-Phrase,226,101601,103369,1768,1589,1.0,174,-5
101775,103364,1589,0,GE-Phase,stroke,101601,102234,633,459,0.289,174,1130
101775,103364,1589,0,GE-Phase,retraction,102234,103369,1135,1130,0.711,-459,-5
106840,108290,1450,0,GE-Phrase,229,105764,107960,2196,1120,0.772,1076,330
106840,108290,1450,0,GE-Phrase,230,107960,110406,2446,330,0.228,-1120,-2116
106840,108290,1450,0,GE-Phase,stroke,105764,107960,2196,1120,0.772,1076,330
106840,108290,1450,0,GE-Phase,stroke,107960,110406,2446,330,0.228,-1120,-2116
108290,108671,381,0,GE-Phrase,230,107960,110406,2446,381,1.0,330,-1735
108290,108671,381,0,GE-Phase,stroke,107960,110406,2446,381,1.0,330,-1735
108671,109369,698,0,GE-Phrase,230,107960,110406,2446,698,1.0,711,-1037
108671,109369,698,0,GE-Phase,stroke,107960,110406,2446,698,1.0,711,-1037
109369,110382,1013,0,GE-Phrase,230,107960,110406,2446,1013,1.0,1409,-24
109369,110382,1013,0,GE-Phase,stroke,107960,110406,2446,1013,1.0,1409,-24
111370,113448,2078,0,GE-Phrase,232,111344,112091,747,721,0.347,26,1357
111370,113448,2078,0,GE-Phrase,233,112091,112627,536,536,0.258,-721,821
111370,113448,2078,0,GE-Phrase,234,112627,113705,1078,821,0.395,-1257,-257
111370,113448,2078,0,GE-Phase,stroke,111344,112091,747,721,0.347,26,1357
111370,113448,2078,0,GE-Phase,stroke,112091,112627,536,536,0.258,-721,821
111370,113448,2078,0,GE-Phase,preparation,112627,113297,670,670,0.322,-1257,151
111370,113448,2078,0,GE-Phase,stroke,113297,113705,408,151,0.073,-1927,-257
124510,125180,670,0,GE-Phrase,241,121878,125705,3827,670,1.0,2632,-525
124510,125180,670,0,GE-Phase,stroke,122442,125705,3263,670,1.0,2068,-525
125180,125513,333,0,GE-Phrase,241,121878,125705,3827,333,1.0,3302,-192
125180,125513,333,0,GE-Phase,stroke,122442,125705,3263,333,1.0,2738,-192
45810,46185,375,0,GE-Phrase,201,43285,46196,2911,375,1.0,2525,-11
45810,46185,375,0,GE-Phase,retraction,45605,46196,591,375,1.0,205,-11
46185,48220,2035,0,GE-Phrase,201,43285,46196,2911,11,0.005,2900,2024
46185,48220,2035,0,GE-Phrase,202,46196,50278,4082,2024,0.995,-11,-2058
46185,48220,2035,0,GE-Phase,retraction,45605,46196,591,11,0.005,580,2024
46185,48220,2035,0,GE-Phase,preparation,46196,47482,1286,1286,0.632,-11,738
46185,48220,2035,0,GE-Phase,stroke,47482,50132,2650,738,0.363,-1297,-1912
48950,50259,1309,0,GE-Phrase,202,46196,50278,4082,1309,1.0,2754,-19
48950,50259,1309,0,GE-Phase,stroke,47482,50132,2650,1182,0.903,1468,127
48950,50259,1309,0,GE-Phase,retraction,50132,50278,146,127,0.097,-1182,-19
101775,103364,1589,0,GE-Phrase,226,101601,103369,1768,1589,1.0,174,-5
101775,103364,1589,0,GE-Phase,stroke,101601,102234,633,459,0.289,174,1130
101775,103364,1589,0,GE-Phase,retraction,102234,103369,1135,1130,0.711,-459,-5
106840,108290,1450,0,GE-Phrase,229,105764,107960,2196,1120,0.772,1076,330
106840,108290,1450,0,GE-Phrase,230,107960,110406,2446,330,0.228,-1120,-2116
106840,108290,1450,0,GE-Phase,stroke,105764,107960,2196,1120,0.772,1076,330
106840,108290,1450,0,GE-Phase,stroke,107960,110406,2446,330,0.228,-1120,-2116
108290,108671,381,0,GE-Phrase,230,107960,110406,2446,381,1.0,330,-1735
108290,108671,381,0,GE-Phase,stroke,107960,110406,2446,381,1.0,330,-1735
108671,109369,698,0,GE-Phrase,230,107960,110406,2446,698,1.0,711,-1037
108671,109369,698,0,GE-Phase,stroke,107960,110406,2446,698,1.0,711,-1037
109369,110382,1013,0,GE-Phrase,230,107960,110406,2446,1013,1.0,1409,-24
109369,110382,1013,0,GE-Phase,stroke,107960,110406,2446,1013,1.0,1409,-24
111370,113448,2078,0,GE-Phrase,232,111344,112091,747,721,0.347,26,1357
111370,113448,2078,0,GE-Phrase,233,112091,112627,536,536,0.258,-721,821
111370,113448,2078,0,GE-Phrase,234,112627,113705,1078,821,0.395,-1257,-257
111370,113448,2078,0,GE-Phase,stroke,111344,112091,747,721,0.347,26,1357
111370,113448,2078,0,GE-Phase,stroke,112091,112627,536,536,0.258,-721,821
111370,113448,2078,0,GE-Phase,preparation,112627,113297,670,670,0.322,-1257,151
111370,113448,2078,0,GE-Phase,stroke,113297,113705,408,151,0.073,-1927,-257
124510,125180,670,0,GE-Phrase,241,121878,125705,3827,670,1.0,2632,-525
124510,125180,670,0,GE-Phase,stroke,122442,125705,3263,670,1.0,2068,-525
125180,125513,333,0,GE-Phrase,241,121878,125705,3827,333,1.0,3302,-192
125180,125513,333,0,GE-Phase,stroke,122442,125705,3263,333,1.0,2738,-192
45810,46185,375,0,GE-Phrase,201,43285,46196,2911,375,1.0,2525,-11
45810,46185,375,0,GE-Phase,retraction,45605,46196,591,375,1.0,205,-11
46185,48220,2035,0,GE-Phrase,201,43285,46196,2911,11,0.005,2900,2024
46185,48220,2035,0,GE-Phrase,202,46196,50278,4082,2024,0.995,-11,-2058
46185,48220,2035,0,GE-Phase,retraction,45605,46196,591,11,0.005,580,2024
46185,48220,2035,0,GE-Phase,preparation,46196,47482,1286,1286,0.632,-11,738
46185,48220,2035,0,GE-Phase,stroke,47482,50132,2650,738,0.363,-1297,-1912
48950,50259,1309,0,GE-Phrase,202,46196,50278,4082,1309,1.0,2754,-19
48950,50259,1309,0,GE-Phase,stroke,47482,50132,2650,1182,0.903,1468,127
48950,50259,1309,0,GE-Phase,retraction,50132,50278,146,127,0.097,-1182,-19
101775,103364,1589,0,GE-Phrase,226,101601,103369,1768,1589,1.0,174,-5
101775,103364,1589,0,GE-Phase,stroke,101601,102234,633,459,0.289,174,1130
101775,103364,1589,0,GE-Phase,retraction,102234,103369,1135,1130,0.711,-459,-5
106840,108290,1450,0,GE-Phrase,229,105764,107960,2196,1120,0.772,1076,330
106840,108290,1450,0,GE-Phrase,230,107960,110406,2446,330,0.228,-1120,-2116
106840,108290,1450,0,GE-Phase,stroke,105764,107960,2196,1120,0.772,1076,330
106840,108290,1450,0,GE-Phase,stroke,107960,110406,2446,330,0.228,-1120,-2116
108290,108671,381,0,GE-Phrase,230,107960,110406,2446,381,1.0,330,-1735
108290,108671,381,0,GE-Phase,stroke,107960,110406,2446,381,1.0,330,-1735
108671,109369,698,0,GE-Phrase,230,107960,110406,2446,698,1.0,711,-1037
108671,109369,698,0,GE-Phase,stroke,107960,110406,2446,698,1.0,711,-1037
109369,110382,1013,0,GE-Phrase,230,107960,110406,2446,1013,1.0,1409,-24
109369,110382,1013,0,GE-Phase,stroke,107960,110406,2446,1013,1.0,1409,-24
111370,113448,2078,0,GE-Phrase,232,111344,112091,747,721,0.347,26,1357
111370,113448,2078,0,GE-Phrase,233,112091,112627,536,536,0.258,-721,821
111370,113448,2078,0,GE-Phrase,234,112627,113705,1078,821,0.395,-1257,-257
111370,113448,2078,0,GE-Phase,stroke,111344,112091,747,721,0.347,26,1357
111370,113448,2078,0,GE-Phase,stroke,112091,112627,536,536,0.258,-721,821
111370,113448,2078,0,GE-Phase,preparation,112627,113297,670,670,0.322,-1257,151
111370,113448,2078,0,GE-Phase,stroke,113297,113705,408,151,0.073,-1927,-257
124510,125180,670,0,GE-Phrase,241,121878,125705,3827,670,1.0,2632,-525
124510,125180,670,0,GE-Phase,stroke,122442,125705,3263,670,1.0,2068,-525
125180,125513,333,0,GE-Phrase,241,121878,125705,3827,333,1.0,3302,-192
125180,125513,333,0,GE-Phase,stroke,122442,125705,3263,333,1.0,2738,-192
45810,46185,375,0,GE-Phrase,201,43285,46196,2911,375,1.0,2525,-11
45810,46185,375,0,GE-Phase,retraction,45605,46196,591,375,1.0,205,-11
46185,48220,2035,0,GE-Phrase,201,43285,46196,2911,11,0.005,2900,2024
46185,48220,2035,0,GE-Phrase,202,46196,50278,4082,2024,0.995,-11,-2058
46185,48220,2035,0,GE-Phase,retraction,45605,46196,591,11,0.005,580,2024
46185,48220,2035,0,GE-Phase,preparation,46196,47482,1286,1286,0.632,-11,738
46185,48220,2035,0,GE-Phase,stroke,47482,50132,2650,738,0.363,-1297,-1912
48950,50259,1309,0,GE-Phrase,202,46196,50278,4082,1309,1.0,2754,-19
48950,50259,1309,0,GE-Phase,stroke,47482,50132,2650,1182,0.903,1468,127
48950,50259,1309,0,GE-Phase,retraction,50132,50278,146,127,0.097,-1182,-19
101775,103364,1589,0,GE-Phrase,226,101601,103369,1768,1589,1.0,174,-5
101775,103364,1589,0,GE-Phase,stroke,101601,102234,633,459,0.289,174,1130
101775,103364,1589,0,GE-Phase,retraction,102234,103369,1135,1130,0.711,-459,-5
106840,108290,1450,0,GE-Phrase,229,105764,107960,2196,1120,0.772,1076,330
106840,108290,1450,0,GE-Phrase,230,107960,110406,2446,330,0.228,-1120,-2116
106840,108290,1450,0,GE-Phase,stroke,105764,107960,2196,1120,0.772,1076,330
106840,108290,1450,0,GE-Phase,stroke,107960,110406,2446,330,0.228,-1120,-2116
108290,108671,381,0,GE-Phrase,230,107960,110406,2446,381,1.0,330,-1735
108290,108671,381,0,GE-Phase,stroke,107960,110406,2446,381,1.0,330,-1735
108671,109369,698,0,GE-Phrase,230,107960,110406,2446,698,1.0,711,-1037
108671,109369,698,0,GE-Phase,stroke,107960,110406,2446,698,1.0,711,-1037
109369,110382,1013,0,GE-Phrase,230,107960,110406,2446,1013,1.0,1409,-24
109369,110382,1013,0,GE-Phase,stroke,107960,110406,2446,1013,1.0,1409,-24
111370,113448,2078,0,GE-Phrase,232,111344,112091,747,721,0.347,26,1357
111370,113448,2078,0,GE-Phrase,233,112091,112627,536,536,0.258,-721,821
111370,113448,2078,0,GE-Phrase,234,112627,113705,1078,821,0.395,-1257,-257
111370,113448,2078,0,GE-Phase,stroke,111344,112091,747,721,0.347,26,1357
111370,113448,2078,0,GE-Phase,stroke,112091,112627,536,536,0.258,-721,821
111370,113448,2078,0,GE-Phase,preparation,112627,113297,670,670,0.322,-1257,151
111370,113448,2078,0,GE-Phase,stroke,113297,113705,408,151,0.073,-1927,-257
124510,125180,670,0,GE-Phrase,241,121878,125705,3827,670,1.0,2632,-525
124510,125180,670,0,GE-Phase,stroke,122442,125705,3263,670,1.0,2068,-525
125180,125513,333,0,GE-Phrase,241,121878,125705,3827,333,1.0,3302,-192
125180,125513,333,0,GE-Phase,stroke,122442,125705,3263,333,1.0,2738,-192
45810,46185,375,0,GE-Phrase,201,43285,46196,2911,375,1.0,2525,-11
45810,46185,375,0,GE-Phase,retraction,45605,46196,591,375,1.0,205,-11
46185,48220,2035,0,GE-Phrase,201,43285,46196,2911,11,0.005,2900,2024
46185,48220,2035,0,GE-Phrase,202,46196,50278,4082,2024,0.995,-11,-2058
46185,48220,2035,0,GE-Phase,retraction,45605,46196,591,11,0.005,580,2024
46185,48220,2035,0,GE-Phase,preparation,46196,47482,1286,1286,0.632,-11,738
46185,48220,2035,0,GE-Phase,stroke,47482,50132,2650,738,0.363,-1297,-1912
48950,50259,1309,0,GE-Phrase,202,46196,50278,4082,1309,1.0,2754,-19
48950,50259,1309,0,GE-Phase,stroke,47482,50132,2650,1182,0.903,1468,127
48950,50259,1309,0,GE-Phase,retraction,50132,50278,146,127,0.097,-1182,-19
101775,103364,1589,0,GE-Phrase,226,101601,103369,1768,1589,1.0,174,-5
101775,103364,1589,0,GE-Phase,stroke,101601,102234,633,459,0.289,174,1130
101775,103364,1589,0,GE-Phase,retraction,102234,103369,1135,1130,0.711,-459,-5
106840,108290,1450,0,GE-Phrase,229,105764,107960,2196,1120,0.772,1076,330
106840,108290,1450,0,GE-Phrase,230,107960,110406,2446,330,0.228,-1120,-2116
106840,108290,1450,0,GE-Phase,stroke,105764,107960,2196,1120,0.772,1076,330
106840,108290,1450,0,GE-Phase,stroke,107960,110406,2446,330,0.228,-1120,-2116
108290,108671,381,0,GE-Phrase,230,107960,110406,2446,381,1.0,330,-1735
108290,108671,381,0,GE-Phase,stroke,107960,110406,2446,381,1.0,330,-1735
108671,109369,698,0,GE-Phrase,230,107960,110406,2446,698,1.0,711,-1037
108671,109369,698,0,GE-Phase,stroke,107960,110406,2446,698,1.0,711,-1037
109369,110382,1013,0,GE-Phrase,230,107960,110406,2446,1013,1.0,1409,-24
109369,110382,1013,0,GE-Phase,stroke,107960,110406,2446,1013,1.0,1409,-24
111370,113448,2078,0,GE-Phrase,232,111344,112091,747,721,0.347,26,1357
111370,113448,2078,0,GE-Phrase,233,112091,112627,536,536,0.258,-721,821
111370,113448,2078,0,GE-Phrase,234,112627,113705,1078,821,0.395,-1257,-257
111370,113448,2078,0,GE-Phase,stroke,111344,112091,747,721,0.347,26,1357
111370,113448,2078,0,GE-Phase,stroke,112091,112627,536,536,0.258,-721,821
111370,113448,2078,0,GE-Phase,preparation,112627,113297,670,670,0.322,-1257,151
111370,113448,2078,0,GE-Phase,stroke,113297,113705,408,151,0.073,-1927,-257
124510,125180,670,0,GE-Phrase,241,121878,125705,3827,670,1.0,2632,-525
124510,125180,670,0,GE-Phase,stroke,122442,125705,3263,670,1.0,2068,-525
125180,125513,333,0,GE-Phrase,241,121878,125705,3827,333,1.0,3302,-192
125180,125513,333,0,GE-Phase,stroke,122442,125705,3263,333,1.0,2738,-192
45810,46185,375,0,GE-Phrase,201,43285,46196,2911,375,1.0,2525,-11
45810,46185,375,0,GE-Phase,retraction,45605,46196,591,375,1.0,205,-11
46185,48220,2035,0,GE-Phrase,201,43285,46196,2911,11,0.005,2900,2024
46185,48220,2035,0,GE-Phrase,202,46196,50278,4082,2024,0.995,-11,-2058
46185,48220,2035,0,GE-Phase,retraction,45605,46196,591,11,0.005,580,2024
46185,48220,2035,0,GE-Phase,preparation,46196,47482,1286,1286,0.632,-11,738
46185,48220,2035,0,GE-Phase,stroke,47482,50132,2650,738,0.363,-1297,-1912
48950,50259,1309,0,GE-Phrase,202,46196,50278,4082,1309,1.0,2754,-19
48950,50259,1309,0,GE-Phase,stroke,47482,50132,2650,1182,0.903,1468,127
48950,50259,1309,0,GE-Phase,retraction,50132,50278,146,127,0.097,-1182,-19
101775,103364,1589,0,GE-Phrase,226,101601,103369,1768,1589,1.0,174,-5
101775,103364,1589,0,GE-Phase,stroke,101601,102234,633,459,0.289,174,1130
101775,103364,1589,0,GE-Phase,retraction,102234,103369,1135,1130,0.711,-459,-5
106840,108290,1450,0,GE-Phrase,229,105764,107960,2196,1120,0.772,1076,330
106840,108290,1450,0,GE-Phrase,230,107960,110406,2446,330,0.228,-1120,-2116
106840,108290,1450,0,GE-Phase,stroke,105764,107960,2196,1120,0.772,1076,330
106840,108290,1450,0,GE-Phase,stroke,107960,110406,2446,330,0.228,-1120,-2116
108290,108671,381,0,GE-Phrase,230,107960,110406,2446,381,1.0,330,-1735
108290,108671,381,0,GE-Phase,stroke,107960,110406,2446,381,1.0,330,-1735
108671,109369,698,0,GE-Phrase,230,107960,110406,2446,698,1.0,711,-1037
108671,109369,698,0,GE-Phase,stroke,107960,110406,2446,698,1.0,711,-1037
109369,110382,1013,0,GE-Phrase,230,107960,110406,2446,1013,1.0,1409,-24
109369,110382,1013,0,GE-Phase,stroke,107960,110406,2446,1013,1.0,1409,-24
111370,113448,2078,0,GE-Phrase,232,111344,112091,747,721,0.347,26,1357
111370,113448,2078,0,GE-Phrase,233,112091,112627,536,536,0.258,-721,821
111370,113448,2078,0,GE-Phrase,234,112627,113705,1078,821,0.395,-1257,-257
111370,113448,2078,0,GE-Phase,stroke,111344,112091,747,721,0.347,26,1357
111370,113448,2078,0,GE-Phase,stroke,112091,112627,536,536,0.258,-721,821
111370,113448,2078,0,GE-Phase,preparation,112627,113297,670,670,0.322,-1257,151
111370,113448,2078,0,GE-Phase,stroke,113297,113705,408,151,0.073,-1927,-257
124510,125180,670,0,GE-Phrase,241,121878,125705,3827,670,1.0,2632,-525
124510,125180,670,0,GE-Phase,stroke,122442,125705,3263,670,1.0,2068,-525
125180,125513,333,0,GE-Phrase,241,121878,125705,3827,333,1.0,3302,-192
125180,125513,333,0,GE-Phase,stroke,122442,125705,3263,333,1.0,2738,-192
45810,46185,375,0,GE-Phrase,201,43285,46196,2911,375,1.0,2525,-11
45810,46185,375,0,GE-Phase,retraction,45605,46196,591,375,1.0,205,-11
46185,48220,2035,0,GE-Phrase,201,43285,46196,2911,11,0.005,2900,2024
46185,48220,2035,0,GE-Phrase,202,46196,50278,4082,2024,0.995,-11,-2058
46185,48220,2035,0,GE-Phase,retraction,45605,46196,591,11,0.005,580,2024
46185,48220,2035,0,GE-Phase,preparation,46196,47482,1286,1286,0.632,-11,738
46185,48220,2035,0,GE-Phase,stroke,47482,50132,2650,738,0.363,-1297,-1912
48950,50259,1309,0,GE-Phrase,202,46196,50278,4082,1309,1.0,2754,-19
48950,50259,1309,0,GE-Phase,stroke,47482,50132,2650,1182,0.903,1468,127
48950,50259,1309,0,GE-Phase,retraction,50132,50278,146,127,0.097,-1182,-19
101775,103364,1589,0,GE-Phrase,226,101601,103369,1768,1589,1.0,174,-5
101775,103364,1589,0,GE-Phase,stroke,101601,102234,633,459,0.289,174,1130
101775,103364,1589,0,GE-Phase,retraction,102234,103369,1135,1130,0.711,-459,-5
106840,108290,1450,0,GE-Phrase,229,105764,107960,2196,1120,0.772,1076,330
106840,108290,1450,0,GE-Phrase,230,107960,110406,2446,330,0.228,-1120,-2116
106840,108290,1450,0,GE-Phase,stroke,105764,107960,2196,1120,0.772,1076,330
106840,108290,1450,0,GE-Phase,stroke,107960,110406,2446,330,0.228,-1120,-2116
108290,108671,381,0,GE-Phrase,230,107960,110406,2446,381,1.0,330,-1735
108290,108671,381,0,GE-Phase,stroke,107960,110406,2446,381,1.0,330,-1735
108671,109369,698,0,GE-Phrase,230,107960,110406,2446,698,1.0,711,-1037
108671,109369,698,0,GE-Phase,stroke,107960,110406,2446,698,1.0,711,-1037
109369,110382,1013,0,GE-Phrase,230,107960,110406,2446,1013,1.0,1409,-24
109369,110382,1013,0,GE-Phase,stroke,107960,110406,2446,1013,1.0,1409,-24
111370,113448,2078,0,GE-Phrase,232,111344,112091,747,721,0.347,26,1357
111370,113448,2078,0,GE-Phrase,233,112091,112627,536,536,0.258,-721,821
111370,113448,2078,0,GE-Phrase,234,112627,113705,1078,821,0.395,-1257,-257
111370,113448,2078,0,GE-Phase,stroke,111344,112091,747,721,0.347,26,1357
111370,113448,2078,0,GE-Phase,stroke,112091,112627,536,536,0.258,-721,821
111370,113448,2078,0,GE-Phase,preparation,112627,113297,670,670,0.322,-1257,151
111370,113448,2078,0,GE-Phase,stroke,113297,113705,408,151,0.073,-1927,-257
124510,125180,670,0,GE-Phrase,241,121878,125705,3827,670,1.0,2632,-525
124510,125180,670,0,GE-Phase,stroke,122442,125705,3263,670,1.0,2068,-525
125180,125513,333,0,GE-Phrase,241,121878,125705,3827,333,1.0,3302,-192
125180,125513,333,0,GE-Phase,stroke,122442,125705,3263,333,1.0,2738,-192
45810,46185,375,0,GE-Phrase,201,43285,46196,2911,375,1.0,2525,-11
45810,46185,375,0,GE-Phase,retraction,45605,46196,591,375,1.0,205,-11
46185,48220,2035,0,GE-Phrase,201,43285,46196,2911,11,0.005,2900,2024
46185,48220,2035,0,GE-Phrase,202,46196,50278,4082,2024,0.995,-11,-2058
46185,48220,2035,0,GE-Phase,retraction,45605,46196,591,11,0.005,580,2024
46185,48220,2035,0,GE-Phase,preparation,46196,47482,1286,1286,0.632,-11,738
46185,48220,2035,0,GE-Phase,stroke,47482,50132,2650,738,0.363,-1297,-1912
48950,50259,1309,0,GE-Phrase,202,46196,50278,4082,1309,1.0,2754,-19
48950,50259,1309,0,GE-Phase,stroke,47482,50132,2650,1182,0.903,1468,127
48950,50259,1309,0,GE-Phase,retraction,50132,50278,146,127,0.097,-1182,-19
101775,103364,1589,0,GE-Phrase,226,101601,103369,1768,1589,1.0,174,-5
101775,103364,1589,0,GE-Phase,stroke,101601,102234,633,459,0.289,174,1130
101775,103364,1589,0,GE-Phase,retraction,102234,103369,1135,1130,0.711,-459,-5
106840,108290,1450,0,GE-Phrase,229,105764,107960,2196,1120,0.772,1076,330
106840,108290,1450,0,GE-Phrase,230,107960,110406,2446,330,0.228,-1120,-2116
106840,108290,1450,0,GE-Phase,stroke,105764,107960,2196,1120,0.772,1076,330
106840,108290,1450,0,GE-Phase,stroke,107960,110406,2446,330,0.228,-1120,-2116
108290,108671,381,0,GE-Phrase,230,107960,110406,2446,381,1.0,330,-1735
108290,108671,381,0,GE-Phase,stroke,107960,110406,2446,381,1.0,330,-1735
108671,109369,698,0,GE-Phrase,230,107960,110406,2446,698,1.0,711,-1037
108671,109369,698,0,GE-Phase,stroke,107960,110406,2446,698,1.0,711,-1037
109369,110382,1013,0,GE-Phrase,230,107960,110406,2446,1013,1.0,1409,-24
109369,110382,1013,0,GE-Phase,stroke,107960,110406,2446,1013,1.0,1409,-24
111370,113448,2078,0,GE-Phrase,232,111344,112091,747,721,0.347,26,1357
111370,113448,2078,0,GE-Phrase,233,112091,112627,536,536,0.258,-721,821
111370,113448,2078,0,GE-Phrase,234,112627,113705,1078,821,0.395,-1257,-257
111370,113448,2078,0,GE-Phase,stroke,111344,112091,747,721,0.347,26,1357
111370,113448,2078,0,GE-Phase,stroke,112091,112627,536,536,0.258,-721,821
111370,113448,2078,0,GE-Phase,preparation,112627,113297,670,670,0.322,-1257,151
111370,113448,2078,0,GE-Phase,stroke,113297,113705,408,151,0.073,-1927,-257
124510,125180,670,0,GE-Phrase,241,121878,125705,3827,670,1.0,2632,-525
124510,125180,670,0,GE-Phase,stroke,122442,125705,3263,670,1.0,2068,-525
125180,125513,333,0,GE-Phrase,241,121878,125705,3827,333,1.0,3302,-192
125180,125513,333,0,GE-Phase,stroke,122442,125705,3263,333,1.0,2738,-192
45810,46185,375,0,GE-Phrase,201,43285,46196,2911,375,1.0,2525,-11
45810,46185,375,0,GE-Phase,retraction,45605,46196,591,375,1.0,205,-11
46185,48220,2035,0,GE-Phrase,201,43285,46196,2911,11,0.005,2900,2024
46185,48220,2035,0,GE-Phrase,202,46196,50278,4082,2024,0.995,-11,-2058
46185,48220,2035,0,GE-Phase,retraction,45605,46196,591,11,0.005,580,2024
46185,48220,2035,0,GE-Phase,preparation,46196,47482,1286,1286,0.632,-11,738
46185,48220,2035,0,GE-Phase,stroke,47482,50132,2650,738,0.363,-1297,-1912
48950,50259,1309,0,GE-Phrase,202,46196,50278,4082,1309,1.0,2754,-19
48950,50259,1309,0,GE-Phase,stroke,47482,50132,2650,1182,0.903,1468,127
48950,50259,1309,0,GE-Phase,retraction,50132,50278,146,127,0.097,-1182,-19
101775,103364,1589,0,GE-Phrase,226,101601,103369,1768,1589,1.0,174,-5
101775,103364,1589,0,GE-Phase,stroke,101601,102234,633,459,0.289,174,1130
101775,103364,1589,0,GE-Phase,retraction,102234,103369,1135,1130,0.711,-459,-5
106840,108290,1450,0,GE-Phrase,229,105764,107960,2196,1120,0.772,1076,330
106840,108290,1450,0,GE-Phrase,230,107960,110406,2446,330,0.228,-1120,-2116
106840,108290,1450,0,GE-Phase,stroke,105764,107960,2196,1120,0.772,1076,330
106840,108290,1450,0,GE-Phase,stroke,107960,110406,2446,330,0.228,-1120,-2116
108290,108671,381,0,GE-Phrase,230,107960,110406,2446,381,1.0,330,-1735
108290,108671,381,0,GE-Phase,stroke,107960,110406,2446,381,1.0,330,-1735
108671,109369,698,0,GE-Phrase,230,107960,110406,2446,698,1.0,711,-1037
108671,109369,698,0,GE-Phase,stroke,107960,110406,2446,698,1.0,711,-1037
109369,110382,1013,0,GE-Phrase,230,107960,110406,2446,1013,1.0,1409,-24
109369,110382,1013,0,GE-Phase,stroke,107960,110406,2446,1013,1.0,1409,-24
111370,113448,2078,0,GE-Phrase,232,111344,112091,747,721,0.347,26,1357
111370,113448,2078,0,GE-Phrase,233,112091,112627,536,536,0.258,-721,821
111370,113448,2078,0,GE-Phrase,234,112627,113705,1078,821,0.395,-1257,-257
111370,113448,2078,0,GE-Phase,stroke,111344,112091,747,721,0.347,26,1357
111370,113448,2078,0,GE-Phase,stroke,112091,112627,536,536,0.258,-721,821
111370,113448,2078,0,GE-Phase,preparation,112627,113297,670,670,0.322,-1257,151
111370,113448,2078,0,GE-Phase,stroke,113297,113705,408,151,0.073,-1927,-257
124510,125180,670,0,GE-Phrase,241,121878,125705,3827,670,1.0,2632,-525
124510,125180,670,0,GE-Phase,stroke,122442,125705,3263,670,1.0,2068,-525
125180,125513,333,0,GE-Phrase,241,121878,125705,3827,333,1.0,3302,-192
125180,125513,333,0,GE-Phase,stroke,122442,125705,3263,333,1.0,2738,-192
45810,46185,375,0,GE-Phrase,201,43285,46196,2911,375,1.0,2525,-11
45810,46185,375,0,GE-Phase,retraction,45605,46196,591,375,1.0,205,-11
46185,48220,2035,0,GE-Phrase,201,43285,46196,2911,11,0.005,2900,2024
46185,48220,2035,0,GE-Phrase,202,46196,50278,4082,2024,0.995,-11,-2058
46185,48220,2035,0,GE-Phase,retraction,45605,46196,591,11,0.005,580,2024
46185,48220,2035,0,GE-Phase,preparation,46196,47482,1286,1286,0.632,-11,738
46185,48220,2035,0,GE-Phase,stroke,47482,50132,2650,738,0.363,-1297,-1912
48950,50259,1309,0,GE-Phrase,202,46196,50278,4082,1309,1.0,2754,-19
48950,50259,1309,0,GE-Phase,stroke,47482,50132,2650,1182,0.903,1468,127
48950,50259,1309,0,GE-Phase,retraction,50132,50278,146,127,0.097,-1182,-19
101775,103364,1589,0,GE-Phrase,226,101601,103369,1768,1589,1.0,174,-5
101775,103364,1589,0,GE-Phase,stroke,101601,102234,633,459,0.289,174,1130
101775,103364,1589,0,GE-Phase,retraction,102234,103369,1135,1130,0.711,-459,-5
106840,108290,1450,0,GE-Phrase,229,105764,107960,2196,1120,0.772,1076,330
106840,108290,1450,0,GE-Phrase,230,107960,110406,2446,330,0.228,-1120,-2116
106840,108290,1450,0,GE-Phase,stroke,105764,107960,2196,1120,0.772,1076,330
106840,108290,1450,0,GE-Phase,stroke,107960,110406,2446,330,0.228,-1120,-2116
108290,108671,381,0,GE-Phrase,230,107960,110406,2446,381,1.0,330,-1735
108290,108671,381,0,GE-Phase,stroke,107960,110406,2446,381,1.0,330,-1735
108671,109369,698,0,GE-Phrase,230,107960,110406,2446,698,1.0,711,-1037
108671,109369,698,0,GE-Phase,stroke,107960,110406,2446,698,1.0,711,-1037
109369,110382,1013,0,GE-Phrase,230,107960,110406,2446,1013,1.0,1409,-24
109369,110382,1013,0,GE-Phase,stroke,107960,110406,2446,1013,1.0,1409,-24
111370,113448,2078,0,GE-Phrase,232,111344,112091,747,721,0.347,26,1357
111370,113448,2078,0,GE-Phrase,233,112091,112627,536,536,0.258,-721,821
111370,113448,2078,0,GE-Phrase,234,112627,113705,1078,821,0.395,-1257,-257
111370,113448,2078,0,GE-Phase,stroke,111344,112091,747,721,0.347,26,1357
111370,113448,2078,0,GE-Phase,stroke,112091,112627,536,536,0.258,-721,821
111370,113448,2078,0,GE-Phase,preparation,112627,113297,670,670,0.322,-1257,151
111370,113448,2078,0,GE-Phase,stroke,113297,113705,408,151,0.073,-1927,-257
124510,125180,670,0,GE-Phrase,241,121878,125705,3827,670,1.0,2632,-525
124510,125180,670,0,GE-Phase,stroke,122442,125705,3263,670,1.0,2068,-525
125180,125513,333,0,GE-Phrase,241,121878,125705,3827,333,1.0,3302,-192
125180,125513,333,0,GE-Phase,stroke,122442,125705,3263,333,1.0,2738,-192
45810,46185,375,0,GE-Phrase,201,43285,46196,2911,375,1.0,2525,-11
45810,46185,375,0,GE-Phase,retraction,45605,46196,591,375,1.0,205,-11
46185,48220,2035,0,GE-Phrase,201,43285,46196,2911,11,0.005,2900,2024
46185,48220,2035,0,GE-Phrase,202,46196,50278,4082,2024,0.995,-11,-2058
46185,48220,2035,0,GE-Phase,retraction,45605,46196,591,11,0.005,580,2024
46185,48220,2035,0,GE-Phase,preparation,46196,47482,1286,1286,0.632,-11,738
46185,48220,2035,0,GE-Phase,stroke,47482,50132,2650,738,0.363,-1297,-1912
48950,50259,1309,0,GE-Phrase,202,46196,50278,4082,1309,1.0,2754,-19
48950,50259,1309,0,GE-Phase,stroke,47482,50132,2650,1182,0.903,1468,127
48950,50259,1309,0,GE-Phase,retraction,50132,50278,146,127,0.097,-1182,-19
101775,103364,1589,0,GE-Phrase,226,101601,103369,1768,1589,1.0,174,-5
101775,103364,1589,0,GE-Phase,stroke,101601,102234,633,459,0.289,174,1130
101775,103364,1589,0,GE-Phase,retraction,102234,103369,1135,1130,0.711,-459,-5
106840,108290,1450,0,GE-Phrase,229,105764,107960,2196,1120,0.772,1076,330
106840,108290,1450,0,GE-Phrase,230,107960,110406,2446,330,0.228,-1120,-2116
106840,108290,1450,0,GE-Phase,stroke,105764,107960,2196,1120,0.772,1076,330
106840,108290,1450,0,GE-Phase,stroke,107960,110406,2446,330,0.228,-1120,-2116
108290,108671,381,0,GE-Phrase,230,107960,110406,2446,381,1.0,330,-1735
108290,108671,381,0,GE-Phase,stroke,107960,110406,2446,381,1.0,330,-1735
108671,109369,698,0,GE-Phrase,230,107960,110406,2446,698,1.0,711,-1037
108671,109369,698,0,GE-Phase,stroke,107960,110406,2446,698,1.0,711,-1037
109369,110382,1013,0,GE-Phrase,230,107960,110406,2446,1013,1.0,1409,-24
109369,110382,1013,0,GE-Phase,stroke,107960,110406,2446,1013,1.0,1409,-24
111370,113448,2078,0,GE-Phrase,232,111344,112091,747,721,0.347,26,1357
111370,113448,2078,0,GE-Phrase,233,112091,112627,536,536,0.258,-721,821
111370,113448,2078,0,GE-Phrase,234,112627,113705,1078,821,0.395,-1257,-257
111370,113448,2078,0,GE-Phase,stroke,111344,112091,747,721,0.347,26,1357
111370,113448,2078,0,GE-Phase,stroke,112091,112627,536,536,0.258,-721,821
111370,113448,2078,0,GE-Phase,preparation,112627,113297,670,670,0.322,-1257,151
111370,113448,2078,0,GE-Phase,stroke,113297,113705,408,151,0.073,-1927,-257
124510,125180,670,0,GE-Phrase,241,121878,125705,3827,670,1.0,2632,-525
124510,125180,670,0,GE-Phase,stroke,122442,125705,3263,670,1.0,2068,-525
125180,125513,333,0,GE-Phrase,241,121878,125705,3827,333,1.0,3302,-192
125180,125513,333,0,GE-Phase,stroke,122442,125705,3263,333,1.0,2738,-192
45810,46185,375,0,GE-Phrase,201,43285,46196,2911,375,1.0,2525,-11
45810,46185,375,0,GE-Phase,retraction,45605,46196,591,375,1.0,205,-11
46185,48220,2035,0,GE-Phrase,201,43285,46196,2911,11,0.005,2900,2024
46185,48220,2035,0,GE-Phrase,202,46196,50278,4082,2024,0.995,-11,-2058
46185,48220,2035,0,GE-Phase,retraction,45605,46196,591,11,0.005,580,2024
46185,48220,2035,0,GE-Phase,preparation,46196,47482,1286,1286,0.632,-11,738
46185,48220,2035,0,GE-Phase,stroke,47482,50132,2650,738,0.363,-1297,-1912
48950,50259,1309,0,GE-Phrase,202,46196,50278,4082,1309,1.0,2754,-19
48950,50259,1309,0,GE-Phase,stroke,47482,50132,2650,1182,0.903,1468,127
48950,50259,1309,0,GE-Phase,retraction,50132,50278,146,127,0.097,-1182,-19
101775,103364,1589,0,GE-Phrase,226,101601,103369,1768,1589,1.0,174,-5
101775,103364,1589,0,GE-Phase,stroke,101601,102234,633,459,0.289,174,1130
101775,103364,1589,0,GE-Phase,retraction,102234,103369,1135,1130,0.711,-459,-5
106840,108290,1450,0,GE-Phrase,229,105764,107960,2196,1120,0.772,1076,330
106840,108290,1450,0,GE-Phrase,230,107960,110406,2446,330,0.228,-1120,-2116
106840,108290,1450,0,GE-Phase,stroke,105764,107960,2196,1120,0.772,1076,330
106840,108290,1450,0,GE-Phase,stroke,107960,110406,2446,330,0.228,-1120,-2116
108290,108671,381,0,GE-Phrase,230,107960,110406,2446,381,1.0,330,-1735
108290,108671,381,0,GE-Phase,stroke,107960,110406,2446,381,1.0,330,-1735
108671,109369,698,0,GE-Phrase,230,107960,110406,2446,698,1.0,711,-1037
108671,109369,698,0,GE-Phase,stroke,107960,110406,2446,698,1.0,711,-1037
109369,110382,1013,0,GE-Phrase,230,107960,110406,2446,1013,1.0,1409,-24
109369,110382,1013,0,GE-Phase,stroke,107960,110406,2446,1013,1.0,1409,-24
111370,113448,2078,0,GE-Phrase,232,111344,112091,747,721,0.347,26,1357
111370,113448,2078,0,GE-Phrase,233,112091,112627,536,536,0.258,-721,821
111370,113448,2078,0,GE-Phrase,234,112627,113705,1078,821,0.395,-1257,-257
111370,113448,2078,0,GE-Phase,stroke,111344,112091,747,721,0.347,26,1357
111370,113448,2078,0,GE-Phase,stroke,112091,112627,536,536,0.258,-721,821
111370,113448,2078,0,GE-Phase,preparation,112627,113297,670,670,0.322,-1257,151
111370,113448,2078,0,GE-Phase,stroke,113297,113705,408,151,0.073,-1927,-257
124510,125180,670,0,GE-Phrase,241,121878,125705,3827,670,1.0,2632,-525
124510,125180,670,0,GE-Phase,stroke,122442,125705,3263,670,1.0,2068,-525
125180,125513,333,0,GE-Phrase,241,121878,125705,3827,333,1.0,3302,-192
125180,125513,333,0,GE-Phase,stroke,122442,125705,3263,333,1.0,2738,-192
45810,46185,375,0,GE-Phrase,201,43285,46196,2911,375,1.0,2525,-11
45810,46185,375,0,GE-Phase,retraction,45605,46196,591,375,1.0,205,-11
46185,48220,2035,0,GE-Phrase,201,43285,46196,2911,11,0.005,2900,2024
46185,48220,2035,0,GE-Phrase,202,46196,50278,4082,2024,0.995,-11,-2058
46185,48220,2035,0,GE-Phase,retraction,45605,46196,591,11,0.005,580,2024
46185,48220,2035,0,GE-Phase,preparation,46196,47482,1286,1286,0.632,-11,738
46185,48220,2035,0,GE-Phase,stroke,47482,50132,2650,738,0.363,-1297,-1912
48950,50259,1309,0,GE-Phrase,202,46196,50278,4082,1309,1.0,2754,-19
48950,50259,1309,0,GE-Phase,stroke,47482,50132,2650,1182,0.903,1468,127
48950,50259,1309,0,GE-Phase,retraction,50132,50278,146,127,0.097,-1182,-19
101775,103364,1589,0,GE-Phrase,226,101601,103369,1768,1589,1.0,174,-5
101775,103364,1589,0,GE-Phase,stroke,101601,102234,633,459,0.289,174,1130
101775,103364,1589,0,GE-Phase,retraction,102234,103369,1135,1130,0.711,-459,-5
106840,108290,1450,0,GE-Phrase,229,105764,107960,2196,1120,0.772,1076,330
106840,108290,1450,0,GE-Phrase,230,107960,110406,2446,330,0.228,-1120,-2116
106840,108290,1450,0,GE-Phase,stroke,105764,107960,2196,1120,0.772,1076,330
106840,108290,1450,0,GE-Phase,stroke,107960,110406,2446,330,0.228,-1120,-2116
108290,108671,381,0,GE-Phrase,230,107960,110406,2446,381,1.0,330,-1735
108290,108671,381,0,GE-Phase,stroke,107960,110406,2446,381,1.0,330,-1735
108671,109369,698,0,GE-Phrase,230,107960,110406,2446,698,1.0,711,-1037
108671,109369,698,0,GE-Phase,stroke,107960,110406,2446,698,1.0,711,-1037
109369,110382,1013,0,GE-Phrase,230,107960,110406,2446,1013,1.0,1409,-24
109369,110382,1013,0,GE-Phase,stroke,107960,110406,2446,1013,1.0,1409,-24
111370,113448,2078,0,GE-Phrase,232,111344,112091,747,721,0.347,26,1357
111370,113448,2078,0,GE-Phrase,233,112091,112627,536,536,0.258,-721,821
111370,113448,2078,0,GE-Phrase,234,112627,113705,1078,821,0.395,-1257,-257
111370,113448,2078,0,GE-Phase,stroke,111344,112091,747,721,0.347,26,1357
111370,113448,2078,0,GE-Phase,stroke,112091,112627,536,536,0.258,-721,821
111370,113448,2078,0,GE-Phase,preparation,112627,113297,670,670,0.322,-1257,151
111370,113448,2078,0,GE-Phase,stroke,113297,113705,408,151,0.073,-1927,-257
124510,125180,670,0,GE-Phrase,241,121878,125705,3827,670,1.0,2632,-525
124510,125180,670,0,GE-Phase,stroke,122442,125705,3263,670,1.0,2068,-525
125180,125513,333,0,GE-Phrase,241,121878,125705,3827,333,1.0,3302,-192
125180,125513,333,0,GE-Phase,stroke,122442,125705,3263,333,1.0,2738,-192
45810,46185,375,0,GE-Phrase,201,43285,46196,2911,375,1.0,2525,-11
45810,46185,375,0,GE-Phase,retraction,45605,46196,591,375,1.0,205,-11
46185,48220,2035,0,GE-Phrase,201,43285,46196,2911,11,0.005,2900,2024
46185,48220,2035,0,GE-Phrase,202,46196,50278,4082,2024,0.995,-11,-2058
46185,48220,2035,0,GE-Phase,retraction,45605,46196,591,11,0.005,580,2024
46185,48220,2035,0,GE-Phase,preparation,46196,47482,1286,1286,0.632,-11,738
46185,48220,2035,0,GE-Phase,stroke,47482,50132,2650,738,0.363,-1297,-1912
48950,50259,1309,0,GE-Phrase,202,46196,50278,4082,1309,1.0,2754,-19
48950,50259,1309,0,GE-Phase,stroke,47482,50132,2650,1182,0.903,1468,127
48950,50259,1309,0,GE-Phase,retraction,50132,50278,146,127,0.097,-1182,-19
101775,103364,1589,0,GE-Phrase,226,101601,103369,1768,1589,1.0,174,-5
101775,103364,1589,0,GE-Phase,stroke,101601,102234,633,459,0.289,174,1130
101775,103364,1589,0,GE-Phase,retraction,102234,103369,1135,1130,0.711,-459,-5
106840,108290,1450,0,GE-Phrase,229,105764,107960,2196,1120,0.772,1076,330
106840,108290,1450,0,GE-Phrase,230,107960,110406,2446,330,0.228,-1120,-2116
106840,108290,1450,0,GE-Phase,stroke,105764,107960,2196,1120,0.772,1076,330
106840,108290,1450,0,GE-Phase,stroke,107960,110406,2446,330,0.228,-1120,-2116
108290,108671,381,0,GE-Phrase,230,107960,110406,2446,381,1.0,330,-1735
108290,108671,381,0,GE-Phase,stroke,107960,110406,2446,381,1.0,330,-1735
108671,109369,698,0,GE-Phrase,230,107960,110406,2446,698,1.0,711,-1037
108671,109369,698,0,GE-Phase,stroke,107960,110406,2446,698,1.0,711,-1037
109369,110382,1013,0,GE-Phrase,230,107960,110406,2446,1013,1.0,1409,-24
109369,110382,1013,0,GE-Phase,stroke,107960,110406,2446,1013,1.0,1409,-24
111370,113448,2078,0,GE-Phrase,232,111344,112091,747,721,0.347,26,1357
111370,113448,2078,0,GE-Phrase,233,112091,112627,536,536,0.258,-721,821
111370,113448,2078,0,GE-Phrase,234,112627,113705,1078,821,0.395,-1257,-257
111370,113448,2078,0,GE-Phase,stroke,111344,112091,747,721,0.347,26,1357
111370,113448,2078,0,GE-Phase,stroke,112091,112627,536,536,0.258,-721,821
111370,113448,2078,0,GE-Phase,preparation,112627,113297,670,670,0.322,-1257,151
111370,113448,2078,0,GE-Phase,stroke,113297,113705,408,151,0.073,-1927,-257
124510,125180,670,0,GE-Phrase,241,121878,125705,3827,670,1.0,2632,-525
124510,125180,670,0,GE-Phase,stroke,122442,125705,3263,670,1.0,2068,-525
125180,125513,333,0,GE-Phrase,241,121878,125705,3827,333,1.0,3302,-192
125180,125513,333,0,GE-Phase,stroke,122442,125705,3263,333,1.0,2738,-192
45810,46185,375,0,GE-Phrase,201,43285,46196,2911,375,1.0,2525,-11
45810,46185,375,0,GE-Phase,retraction,45605,46196,591,375,1.0,205,-11
46185,48220,2035,0,GE-Phrase,201,43285,46196,2911,11,0.005,2900,2024
46185,48220,2035,0,GE-Phrase,202,46196,50278,4082,2024,0.995,-11,-2058
46185,48220,2035,0,GE-Phase,retraction,45605,46196,591,11,0.005,580,2024
46185,48220,2035,0,GE-Phase,preparation,46196,47482,1286,1286,0.632,-11,738
46185,48220,2035,0,GE-Phase,stroke,47482,50132,2650,738,0.363,-1297,-1912
48950,50259,1309,0,GE-Phrase,202,46196,50278,4082,1309,1.0,2754,-19
48950,50259,1309,0,GE-Phase,stroke,47482,50132,2650,1182,0.903,1468,127
48950,50259,1309,0,GE-Phase,retraction,50132,50278,146,127,0.097,-1182,-19
101775,103364,1589,0,GE-Phrase,226,101601,103369,1768,1589,1.0,174,-5
101775,103364,1589,0,GE-Phase,stroke,101601,102234,633,459,0.289,174,1130
101775,103364,1589,0,GE-Phase,retraction,102234,103369,1135,1130,0.711,-459,-5
106840,108290,1450,0,GE-Phrase,229,105764,107960,2196,1120,0.772,1076,330
106840,108290,1450,0,GE-Phrase,230,107960,110406,2446,330,0.228,-1120,-2116
106840,108290,1450,0,GE-Phase,stroke,105764,107960,2196,1120,0.772,1076,330
106840,108290,1450,0,GE-Phase,stroke,107960,110406,2446,330,0.228,-1120,-2116
108290,108671,381,0,GE-Phrase,230,107960,110406,2446,381,1.0,330,-1735
108290,108671,381,0,GE-Phase,stroke,107960,110406,2446,381,1.0,330,-1735
108671,109369,698,0,GE-Phrase,230,107960,110406,2446,698,1.0,711,-1037
108671,109369,698,0,GE-Phase,stroke,107960,110406,2446,698,1.0,711,-1037
109369,110382,1013,0,GE-Phrase,230,107960,110406,2446,1013,1.0,1409,-24
109369,110382,1013,0,GE-Phase,stroke,107960,110406,2446,1013,1.0,1409,-24
111370,113448,2078,0,GE-Phrase,232,111344,112091,747,721,0.347,26,1357
111370,113448,2078,0,GE-Phrase,233,112091,112627,536,536,0.258,-721,821
111370,113448,2078,0,GE-Phrase,234,112627,113705,1078,821,0.395,-1257,-257
111370,113448,2078,0,GE-Phase,stroke,111344,112091,747,721,0.347,26,1357
111370,113448,2078,0,GE-Phase,stroke,112091,112627,536,536,0.258,-721,821
111370,113448,2078,0,GE-Phase,preparation,112627,113297,670,670,0.322,-1257,151
111370,113448,2078,0,GE-Phase,stroke,113297,113705,408,151,0.073,-1927,-257
124510,125180,670,0,GE-Phrase,241,121878,125705,3827,670,1.0,2632,-525
124510,125180,670,0,GE-Phase,stroke,122442,125705,3263,670,1.0,2068,-525
125180,125513,333,0,GE-Phrase,241,121878,125705,3827,333,1.0,3302,-192
125180,125513,333,0,GE-Phase,stroke,122442,125705,3263,333,1.0,2738,-192
45810,46185,375,0,GE-Phrase,201,43285,46196,2911,375,1.0,2525,-11
45810,46185,375,0,GE-Phase,retraction,45605,46196,591,375,1.0,205,-11
46185,48220,2035,0,GE-Phrase,201,43285,46196,2911,11,0.005,2900,2024
46185,48220,2035,0,GE-Phrase,202,46196,50278,4082,2024,0.995,-11,-2058
46185,48220,2035,0,GE-Phase,retraction,45605,46196,591,11,0.005,580,2024
46185,48220,2035,0,GE-Phase,preparation,46196,47482,1286,1286,0.632,-11,738
46185,48220,2035,0,GE-Phase,stroke,47482,50132,2650,738,0.363,-1297,-1912
48950,50259,1309,0,GE-Phrase,202,46196,50278,4082,1309,1.0,2754,-19
48950,50259,1309,0,GE-Phase,stroke,47482,50132,2650,1182,0.903,1468,127
48950,50259,1309,0,GE-Phase,retraction,50132,50278,146,127,0.097,-1182,-19
101775,103364,1589,0,GE-Phrase,226,101601,103369,1768,1589,1.0,174,-5
101775,103364,1589,0,GE-Phase,stroke,101601,102234,633,459,0.289,174,1130
101775,103364,1589,0,GE-Phase,retraction,102234,103369,1135,1130,0.711,-459,-5
106840,108290,1450,0,GE-Phrase,229,105764,107960,2196,1120,0.772,1076,330
106840,108290,1450,0,GE-Phrase,230,107960,110406,2446,330,0.228,-1120,-2116
106840,108290,1450,0,GE-Phase,stroke,105764,107960,2196,1120,0.772,1076,330
106840,108290,1450,0,GE-Phase,stroke,107960,110406,2446,330,0.228,-1120,-2116
108290,108671,381,0,GE-Phrase,230,107960,110406,2446,381,1.0,330,-1735
108290,108671,381,0,GE-Phase,stroke,107960,110406,2446,381,1.0,330,-1735
108671,109369,698,0,GE-Phrase,230,107960,110406,2446,698,1.0,711,-1037
108671,109369,698,0,GE-Phase,stroke,107960,110406,2446,698,1.0,711,-1037
109369,110382,1013,0,GE-Phrase,230,107960,110406,2446,1013,1.0,1409,-24
109369,110382,1013,0,GE-Phase,stroke,107960,110406,2446,1013,1.0,1409,-24
111370,113448,2078,0,GE-Phrase,232,111344,112091,747,721,0.347,26,1357
111370,113448,2078,0,GE-Phrase,233,112091,112627,536,536,0.258,-721,821
111370,113448,2078,0,GE-Phrase,234,112627,113705,1078,821,0.395,-1257,-257
111370,113448,2078,0,GE-Phase,stroke,111344,112091,747,721,0.347,26,1357
111370,113448,2078,0,GE-Phase,stroke,112091,112627,536,536,0.258,-721,821
111370,113448,2078,0,GE-Phase,preparation,112627,113297,670,670,0.322,-1257,151
111370,113448,2078,0,GE-Phase,stroke,113297,113705,408,151,0.073,-1927,-257
124510,125180,670,0,GE-Phrase,241,121878,125705,3827,670,1.0,2632,-525
124510,125180,670,0,GE-Phase,stroke,122442,125705,3263,670,1.0,2068,-525
125180,125513,333,0,GE-Phrase,241,121878,125705,3827,333,1.0,3302,-192
125180,125513,333,0,GE-Phase,stroke,122442,125705,3263,333,1.0,2738,-192
45810,46185,375,0,GE-Phrase,201,43285,46196,2911,375,1.0,2525,-11
45810,46185,375,0,GE-Phase,retraction,45605,46196,591,375,1.0,205,-11
46185,48220,2035,0,GE-Phrase,201,43285,46196,2911,11,0.005,2900,2024
46185,48220,2035,0,GE-Phrase,202,46196,50278,4082,2024,0.995,-11,-2058
46185,48220,2035,0,GE-Phase,retraction,45605,46196,591,11,0.005,580,2024
46185,48220,2035,0,GE-Phase,preparation,46196,47482,1286,1286,0.632,-11,738
46185,48220,2035,0,GE-Phase,stroke,47482,50132,2650,738,0.363,-1297,-1912
48950,50259,1309,0,GE-Phrase,202,46196,50278,4082,1309,1.0,2754,-19
48950,50259,1309,0,GE-Phase,stroke,47482,50132,2650,1182,0.903,1468,127
48950,50259,1309,0,GE-Phase,retraction,50132,50278,146,127,0.097,-1182,-19
101775,103364,1589,0,GE-Phrase,226,101601,103369,1768,1589,1.0,174,-5
101775,103364,1589,0,GE-Phase,stroke,101601,102234,633,459,0.289,174,1130
101775,103364,1589,0,GE-Phase,retraction,102234,103369,1135,1130,0.711,-459,-5
106840,108290,1450,0,GE-Phrase,229,105764,107960,2196,1120,0.772,1076,330
106840,108290,1450,0,GE-Phrase,230,107960,110406,2446,330,0.228,-1120,-2116
106840,108290,1450,0,GE-Phase,stroke,105764,107960,2196,1120,0.772,1076,330
106840,108290,1450,0,GE-Phase,stroke,107960,110406,2446,330,0.228,-1120,-2116
108290,108671,381,0,GE-Phrase,230,107960,110406,2446,381,1.0,330,-1735
108290,108671,381,0,GE-Phase,stroke,107960,110406,2446,381,1.0,330,-1735
108671,109369,698,0,GE-Phrase,230,107960,110406,2446,698,1.0,711,-1037
108671,109369,698,0,GE-Phase,stroke,107960,110406,2446,698,1.0,711,-1037
109369,110382,1013,0,GE-Phrase,230,107960,110406,2446,1013,1.0,1409,-24
109369,110382,1013,0,GE-Phase,stroke,107960,110406,2446,1013,1.0,1409,-24
111370,113448,2078,0,GE-Phrase,232,111344,112091,747,721,0.347,26,1357
111370,113448,2078,0,GE-Phrase,233,112091,112627,536,536,0.258,-721,821
111370,113448,2078,0,GE-Phrase,234,112627,113705,1078,821,0.395,-1257,-257
111370,113448,2078,0,GE-Phase,stroke,111344,112091,747,721,0.347,26,1357
111370,113448,2078,0,GE-Phase,stroke,112091,112627,536,536,0.258,-721,821
111370,113448,2078,0,GE-Phase,preparation,112627,113297,670,670,0.322,-1257,151
111370,113448,2078,0,GE-Phase,stroke,113297,113705,408,151,0.073,-1927,-257
124510,125180,670,0,GE-Phrase,241,121878,125705,3827,670,1.0,2632,-525
124510,125180,670,0,GE-Phase,stroke,122442,125705,3263,670,1.0,2068,-525
125180,125513,333,0,GE-Phrase,241,121878,125705,3827,333,1.0,3302,-192
125180,125513,333,0,GE-Phase,stroke,122442,125705,3263,333,1.0,2738,-192
45810,46185,375,0,GE-Phrase,201,43285,46196,2911,375,1.0,2525,-11
45810,46185,375,0,GE-Phase,retraction,45605,46196,591,375,1.0,205,-11
46185,48220,2035,0,GE-Phrase,201,43285,46196,2911,11,0.005,2900,2024
46185,48220,2035,0,GE-Phrase,202,46196,50278,4082,2024,0.995,-11,-2058
46185,48220,2035,0,GE-Phase,retraction,45605,46196,591,11,0.005,580,2024
46185,48220,2035,0,GE-Phase,preparation,46196,47482,1286,1286,0.632,-11,738
46185,48220,2035,0,GE-Phase,stroke,47482,50132,2650,738,0.363,-1297,-1912
48950,50259,1309,0,GE-Phrase,202,46196,50278,4082,1309,1.0,2754,-19
48950,50259,1309,0,GE-Phase,stroke,47482,50132,2650,1182,0.903,1468,127
48950,50259,1309,0,GE-Phase,retraction,50132,50278,146,127,0.097,-1182,-19
101775,103364,1589,0,GE-Phrase,226,101601,103369,1768,1589,1.0,174,-5
101775,103364,1589,0,GE-Phase,stroke,101601,102234,633,459,0.289,174,1130
101775,103364,1589,0,GE-Phase,retraction,102234,103369,1135,1130,0.711,-459,-5
106840,108290,1450,0,GE-Phrase,229,105764,107960,2196,1120,0.772,1076,330
106840,108290,1450,0,GE-Phrase,230,107960,110406,2446,330,0.228,-1120,-2116
106840,108290,1450,0,GE-Phase,stroke,105764,107960,2196,1120,0.772,1076,330
106840,108290,1450,0,GE-Phase,stroke,107960,110406,2446,330,0.228,-1120,-2116
108290,108671,381,0,GE-Phrase,230,107960,110406,2446,381,1.0,330,-1735
108290,108671,381,0,GE-Phase,stroke,107960,110406,2446,381,1.0,330,-1735
108671,109369,698,0,GE-Phrase,230,107960,110406,2446,698,1.0,711,-1037
108671,109369,698,0,GE-Phase,stroke,107960,110406,2446,698,1.0,711,-1037
109369,110382,1013,0,GE-Phrase,230,107960,110406,2446,1013,1.0,1409,-24
109369,110382,1013,0,GE-Phase,stroke,107960,110406,2446,1013,1.0,1409,-24
111370,113448,2078,0,GE-Phrase,232,111344,112091,747,721,0.347,26,1357
111370,113448,2078,0,GE-Phrase,233,112091,112627,536,536,0.258,-721,821
111370,113448,2078,0,GE-Phrase,234,112627,113705,1078,821,0.395,-1257,-257
111370,113448,2078,0,GE-Phase,stroke,111344,112091,747,721,0.347,26,1357
111370,113448,2078,0,GE-Phase,stroke,112091,112627,536,536,0.258,-721,821
111370,113448,2078,0,GE-Phase,preparation,112627,113297,670,670,0.322,-1257,151
111370,113448,2078,0,GE-Phase,stroke,113297,113705,408,151,0.073,-1927,-257
124510,125180,670,0,GE-Phrase,241,121878,125705,3827,670,1.0,2632,-525
124510,125180,670,0,GE-Phase,stroke,122442,125705,3263,670,1.0,2068,-525
125180,125513,333,0,GE-Phrase,241,121878,125705,3827,333,1.0,3302,-192
125180,125513,333,0,GE-Phase,stroke,122442,125705,3263,333,1.0,2738,-192
45810,46185,375,0,GE-Phrase,201,43285,46196,2911,375,1.0,2525,-11
45810,46185,375,0,GE-Phase,retraction,45605,46196,591,375,1.0,205,-11
46185,48220,2035,0,GE-Phrase,201,43285,46196,2911,11,0.005,2900,2024
46185,48220,2035,0,GE-Phrase,202,46196,50278,4082,2024,0.995,-11,-2058
46185,48220,2035,0,GE-Phase,retraction,45605,46196,591,11,0.005,580,2024
46185,48220,2035,0,GE-Phase,preparation,46196,47482,1286,1286,0.632,-11,738
46185,48220,2035,0,GE-Phase,stroke,47482,50132,2650,738,0.363,-1297,-1912
48950,50259,1309,0,GE-Phrase,202,46196,50278,4082,1309,1.0,2754,-19
48950,50259,1309,0,GE-Phase,stroke,47482,50132,2650,1182,0.903,1468,127
48950,50259,1309,0,GE-Phase,retraction,50132,50278,146,127,0.097,-1182,-19
101775,103364,1589,0,GE-Phrase,226,101601,103369,1768,1589,1.0,174,-5
101775,103364,1589,0,GE-Phase,stroke,101601,102234,633,459,0.289,174,1130
101775,103364,1589,0,GE-Phase,retraction,102234,103369,1135,1130,0.711,-459,-5
106840,108290,1450,0,GE-Phrase,229,105764,107960,2196,1120,0.772,1076,330
106840,108290,1450,0,GE-Phrase,230,107960,110406,2446,330,0.228,-1120,-2116
106840,108290,1450,0,GE-Phase,stroke,105764,107960,2196,1120,0.772,1076,330
106840,108290,1450,0,GE-Phase,stroke,107960,110406,2446,330,0.228,-1120,-2116
108290,108671,381,0,GE-Phrase,230,107960,110406,2446,381,1.0,330,-1735
108290,108671,381,0,GE-Phase,stroke,107960,110406,2446,381,1.0,330,-1735
108671,109369,698,0,GE-Phrase,230,107960,110406,2446,698,1.0,711,-1037
108671,109369,698,0,GE-Phase,stroke,107960,110406,2446,698,1.0,711,-1037
109369,110382,1013,0,GE-Phrase,230,107960,110406,2446,1013,1.0,1409,-24
109369,110382,1013,0,GE-Phase,stroke,107960,110406,2446,1013,1.0,1409,-24
111370,113448,2078,0,GE-Phrase,232,111344,112091,747,721,0.347,26,1357
111370,113448,2078,0,GE-Phrase,233,112091,112627,536,536,0.258,-721,821
111370,113448,2078,0,GE-Phrase,234,112627,113705,1078,821,0.395,-1257,-257
111370,113448,2078,0,GE-Phase,stroke,111344,112091,747,721,0.347,26,1357
111370,113448,2078,0,GE-Phase,stroke,112091,112627,536,536,0.258,-721,821
111370,113448,2078,0,GE-Phase,preparation,112627,113297,670,670,0.322,-1257,151
111370,113448,2078,0,GE-Phase,stroke,113297,113705,408,151,0.073,-1927,-257
124510,125180,670,0,GE-Phrase,241,121878,125705,3827,670,1.0,2632,-525
124510,125180,670,0,GE-Phase,stroke,122442,125705,3263,670,1.0,2068,-525
125180,125513,333,0,GE-Phrase,241,121878,125705,3827,333,1.0,3302,-192
125180,125513,333,0,GE-Phase,stroke,122442,125705,3263,333,1.0,2738,-192
45810,46185,375,0,GE-Phrase,201,43285,46196,2911,375,1.0,2525,-11
45810,46185,375,0,GE-Phase,retraction,45605,46196,591,375,1.0,205,-11
46185,48220,2035,0,GE-Phrase,201,43285,46196,2911,11,0.005,2900,2024
46185,48220,2035,0,GE-Phrase,202,46196,50278,4082,2024,0.995,-11,-2058
46185,48220,2035,0,GE-Phase,retraction,45605,46196,591,11,0.005,580,2024
46185,48220,2035,0,GE-Phase,preparation,46196,47482,1286,1286,0.632,-11,738
46185,48220,2035,0,GE-Phase,stroke,47482,50132,2650,738,0.363,-1297,-1912
48950,50259,1309,0,GE-Phrase,202,46196,50278,4082,1309,1.0,2754,-19
48950,50259,1309,0,GE-Phase,stroke,47482,50132,2650,1182,0.903,1468,127
48950,50259,1309,0,GE-Phase,retraction,50132,50278,146,127,0.097,-1182,-19
101775,103364,1589,0,GE-Phrase,226,101601,103369,1768,1589,1.0,174,-5
101775,103364,1589,0,GE-Phase,stroke,101601,102234,633,459,0.289,174,1130
101775,103364,1589,0,GE-Phase,retraction,102234,103369,1135,1130,0.711,-459,-5
106840,108290,1450,0,GE-Phrase,229,105764,107960,2196,1120,0.772,1076,330
106840,108290,1450,0,GE-Phrase,230,107960,110406,2446,330,0.228,-1120,-2116
106840,108290,1450,0,GE-Phase,stroke,105764,107960,2196,1120,0.772,1076,330
106840,108290,1450,0,GE-Phase,stroke,107960,110406,2446,330,0.228,-1120,-2116
108290,108671,381,0,GE-Phrase,230,107960,110406,2446,381,1.0,330,-1735
108290,108671,381,0,GE-Phase,stroke,107960,110406,2446,381,1.0,330,-1735
108671,109369,698,0,GE-Phrase,230,107960,110406,2446,698,1.0,711,-1037
108671,109369,698,0,GE-Phase,stroke,107960,110406,2446,698,1.0,711,-1037
109369,110382,1013,0,GE-Phrase,230,107960,110406,2446,1013,1.0,1409,-24
109369,110382,1013,0,GE-Phase,stroke,107960,110406,2446,1013,1.0,1409,-24
111370,113448,2078,0,GE-Phrase,232,111344,112091,747,721,0.347,26,1357
111370,113448,2078,0,GE-Phrase,233,112091,112627,536,536,0.258,-721,821
111370,113448,2078,0,GE-Phrase,234,112627,113705,1078,821,0.395,-1257,-257
111370,113448,2078,0,GE-Phase,stroke,111344,112091,747,721,0.347,26,1357
111370,113448,2078,0,GE-Phase,stroke,112091,112627,536,536,0.258,-721,821
111370,113448,2078,0,GE-Phase,preparation,112627,113297,670,670,0.322,-1257,151
111370,113448,2078,0,GE-Phase,stroke,113297,113705,408,151,0.073,-1927,-257
124510,125180,670,0,GE-Phrase,241,121878,125705,3827,670,1.0,2632,-525
124510,125180,670,0,GE-Phase,stroke,122442,125705,3263,670,1.0,2068,-525
125180,125513,333,0,GE-Phrase,241,121878,125705,3827,333,1.0,3302,-192
125180,125513,333,0,GE-Phase,stroke,122442,125705,3263,333,1.0,2738,-192
45810,46185,375,0,GE-Phrase,201,43285,46196,2911,375,1.0,2525,-11
45810,46185,375,0,GE-Phase,retraction,45605,46196,591,375,1.0,205,-11
46185,48220,2035,0,GE-Phrase,201,43285,46196,2911,11,0.005,2900,2024
46185,48220,2035,0,GE-Phrase,202,46196,50278,4082,2024,0.995,-11,-2058
46185,48220,2035,0,GE-Phase,retraction,45605,46196,591,11,0.005,580,2024
46185,48220,2035,0,GE-Phase,preparation,46196,47482,1286,1286,0.632,-11,738
46185,48220,2035,0,GE-Phase,stroke,47482,50132,2650,738,0.363,-1297,-1912
48950,50259,1309,0,GE-Phrase,202,46196,50278,4082,1309,1.0,2754,-19
48950,50259,1309,0,GE-Phase,stroke,47482,50132,2650,1182,0.903,1468,127
48950,50259,1309,0,GE-Phase,retraction,50132,50278,146,127,0.097,-1182,-19
101775,103364,1589,0,GE-Phrase,226,101601,103369,1768,1589,1.0,174,-5
101775,103364,1589,0,GE-Phase,stroke,101601,102234,633,459,0.289,174,1130
101775,103364,1589,0,GE-Phase,retraction,102234,103369,1135,1130,0.711,-459,-5
106840,108290,1450,0,GE-Phrase,229,105764,107960,2196,1120,0.772,1076,330
106840,108290,1450,0,GE-Phrase,230,107960,110406,2446,330,0.228,-1120,-2116
106840,108290,1450,0,GE-Phase,stroke,105764,107960,2196,1120,0.772,1076,330
106840,108290,1450,0,GE-Phase,stroke,107960,110406,2446,330,0.228,-1120,-2116
108290,108671,381,0,GE-Phrase,230,107960,110406,2446,381,1.0,330,-1735
108290,108671,381,0,GE-Phase,stroke,107960,110406,2446,381,1.0,330,-1735
108671,109369,698,0,GE-Phrase,230,107960,110406,2446,698,1.0,711,-1037
108671,109369,698,0,GE-Phase,stroke,107960,110406,2446,698,1.0,711,-1037
109369,110382,1013,0,GE-Phrase,230,107960,110406,2446,1013,1.0,1409,-24
109369,110382,1013,0,GE-Phase,stroke,107960,110406,2446,1013,1.0,1409,-24
111370,113448,2078,0,GE-Phrase,232,111344,112091,747,721,0.347,26,1357
111370,113448,2078,0,GE-Phrase,233,112091,112627,536,536,0.258,-721,821
111370,113448,2078,0,GE-Phrase,234,112627,113705,1078,821,0.395,-1257,-257
111370,113448,2078,0,GE-Phase,stroke,111344,112091,747,721,0.347,26,1357
111370,113448,2078,0,GE-Phase,stroke,112091,112627,536,536,0.258,-721,821
111370,113448,2078,0,GE-Phase,preparation,112627,113297,670,670,0.322,-1257,151
111370,113448,2078,0,GE-Phase,stroke,113297,113705,408,151,0.073,-1927,-257
124510,125180,670,0,GE-Phrase,241,121878,125705,3827,670,1.0,2632,-525
124510,125180,670,0,GE-Phase,stroke,122442,125705,3263,670,1.0,2068,-525
125180,125513,333,0,GE-Phrase,241,121878,125705,3827,333,1.0,3302,-192
125180,125513,333,0,GE-Phase,stroke,122442,125705,3263,333,1.0,2738,-192
45810,46185,375,0,GE-Phrase,201,43285,46196,2911,375,1.0,2525,-11
45810,46185,375,0,GE-Phase,retraction,45605,46196,591,375,1.0,205,-11
46185,48220,2035,0,GE-Phrase,201,43285,46196,2911,11,0.005,2900,2024
46185,48220,2035,0,GE-Phrase,202,46196,50278,4082,2024,0.995,-11,-2058
46185,48220,2035,0,GE-Phase,retraction,45605,46196,591,11,0.005,580,2024
46185,48220,2035,0,GE-Phase,preparation,46196,47482,1286,1286,0.632,-11,738
46185,48220,2035,0,GE-Phase,stroke,47482,50132,2650,738,0.363,-1297,-1912
48950,50259,1309,0,GE-Phrase,202,46196,50278,4082,1309,1.0,2754,-19
48950,50259,1309,0,GE-Phase,stroke,47482,50132,2650,1182,0.903,1468,127
48950,50259,1309,0,GE-Phase,retraction,50132,50278,146,127,0.097,-1182,-19
101775,103364,1589,0,GE-Phrase,226,101601,103369,1768,1589,1.0,174,-5
101775,103364,1589,0,GE-Phase,stroke,101601,102234,633,459,0.289,174,1130
101775,103364,1589,0,GE-Phase,retraction,102234,103369,1135,1130,0.711,-459,-5
106840,108290,1450,0,GE-Phrase,229,105764,107960,2196,1120,0.772,1076,330
106840,108290,1450,0,GE-Phrase,230,107960,110406,2446,330,0.228,-1120,-2116
106840,108290,1450,0,GE-Phase,stroke,105764,107960,2196,1120,0.772,1076,330
106840,108290,1450,0,GE-Phase,stroke,107960,110406,2446,330,0.228,-1120,-2116
108290,108671,381,0,GE-Phrase,230,107960,110406,2446,381,1.0,330,-1735
108290,108671,381,0,GE-Phase,stroke,107960,110406,2446,381,1.0,330,-1735
108671,109369,698,0,GE-Phrase,230,107960,110406,2446,698,1.0,711,-1037
108671,109369,698,0,GE-Phase,stroke,107960,110406,2446,698,1.0,711,-1037
109369,110382,1013,0,GE-Phrase,230,107960,110406,2446,1013,1.0,1409,-24
109369,110382,1013,0,GE-Phase,stroke,107960,110406,2446,1013,1.0,1409,-24
111370,113448,2078,0,GE-Phrase,232,111344,112091,747,721,0.347,26,1357
111370,113448,2078,0,GE-Phrase,233,112091,112627,536,536,0.258,-721,821
111370,113448,2078,0,GE-Phrase,234,112627,113705,1078,821,0.395,-1257,-257
111370,113448,2078,0,GE-Phase,stroke,111344,112091,747,721,0.347,26,1357
111370,113448,2078,0,GE-Phase,stroke,112091,112627,536,536,0.258,-721,821
111370,113448,2078,0,GE-Phase,preparation,112627,113297,670,670,0.322,-1257,151
111370,113448,2078,0,GE-Phase,stroke,113297,113705,408,151,0.073,-1927,-257
124510,125180,670,0,GE-Phrase,241,121878,125705,3827,670,1.0,2632,-525
124510,125180,670,0,GE-Phase,stroke,122442,125705,3263,670,1.0,2068,-525
125180,125513,333,0,GE-Phrase,241,121878,125705,3827,333,1.0,3302,-192
125180,125513,333,0,GE-Phase,stroke,122442,125705,3263,333,1.0,2738,-192
45810,46185,375,0,GE-Phrase,201,43285,46196,2911,375,1.0,2525,-11
45810,46185,375,0,GE-Phase,retraction,45605,46196,591,375,1.0,205,-11
46185,48220,2035,0,GE-Phrase,201,43285,46196,2911,11,0.005,2900,2024
46185,48220,2035,0,GE-Phrase,202,46196,50278,4082,2024,0.995,-11,-2058
46185,48220,2035,0,GE-Phase,retraction,45605,46196,591,11,0.005,580,2024
46185,48220,2035,0,GE-Phase,preparation,46196,47482,1286,1286,0.632,-11,738
46185,48220,2035,0,GE-Phase,stroke,47482,50132,2650,738,0.363,-1297,-1912
48950,50259,1309,0,GE-Phrase,202,46196,50278,4082,1309,1.0,2754,-19
48950,50259,1309,0,GE-Phase,stroke,47482,50132,2650,1182,0.903,1468,127
48950,50259,1309,0,GE-Phase,retraction,50132,50278,146,127,0.097,-1182,-19
101775,103364,1589,0,GE-Phrase,226,101601,103369,1768,1589,1.0,174,-5
101775,103364,1589,0,GE-Phase,stroke,101601,102234,633,459,0.289,174,1130
101775,103364,1589,0,GE-Phase,retraction,102234,103369,1135,1130,0.711,-459,-5
106840,108290,1450,0,GE-Phrase,229,105764,107960,2196,1120,0.772,1076,330
106840,108290,1450,0,GE-Phrase,230,107960,110406,2446,330,0.228,-1120,-2116
106840,108290,1450,0,GE-Phase,stroke,105764,107960,2196,1120,0.772,1076,330
106840,108290,1450,0,GE-Phase,stroke,107960,110406,2446,330,0.228,-1120,-2116
108290,108671,381,0,GE-Phrase,230,107960,110406,2446,381,1.0,330,-1735
108290,108671,381,0,GE-Phase,stroke,107960,110406,2446,381,1.0,330,-1735
108671,109369,698,0,GE-Phrase,230,107960,110406,2446,698,1.0,711,-1037
108671,109369,698,0,GE-Phase,stroke,107960,110406,2446,698,1.0,711,-1037
109369,110382,1013,0,GE-Phrase,230,107960,110406,2446,1013,1.0,1409,-24
109369,110382,1013,0,GE-Phase,stroke,107960,110406,2446,1013,1.0,1409,-24
111370,113448,2078,0,GE-Phrase,232,111344,112091,747,721,0.347,26,1357
111370,113448,2078,0,GE-Phrase,233,112091,112627,536,536,0.258,-721,821
111370,113448,2078,0,GE-Phrase,234,112627,113705,1078,821,0.395,-1257,-257
111370,113448,2078,0,GE-Phase,stroke,111344,112091,747,721,0.347,26,1357
111370,113448,2078,0,GE-Phase,stroke,112091,112627,536,536,0.258,-721,821
111370,113448,2078,0,GE-Phase,preparation,112627,113297,670,670,0.322,-1257,151
111370,113448,2078,0,GE-Phase,stroke,113297,113705,408,151,0.073,-1927,-257
124510,125180,670,0,GE-Phrase,241,121878,125705,3827,670,1.0,2632,-525
124510,125180,670,0,GE-Phase,stroke,122442,125705,3263,670,1.0,2068,-525
125180,125513,333,0,GE-Phrase,241,121878,125705,3827,333,1.0,3302,-192
125180,125513,333,0,GE-Phase,stroke,122442,125705,3263,333,1.0,2738,-192
45810,46185,375,0,GE-Phrase,201,43285,46196,2911,375,1.0,2525,-11
45810,46185,375,0,GE-Phase,retraction,45605,46196,591,375,1.0,205,-11
46185,48220,2035,0,GE-Phrase,201,43285,46196,2911,11,0.005,2900,2024
46185,48220,2035,0,GE-Phrase,202,46196,50278,4082,2024,0.995,-11,-2058
46185,48220,2035,0,GE-Phase,retraction,45605,46196,591,11,0.005,580,2024
46185,48220,2035,0,GE-Phase,preparation,46196,47482,1286,1286,0.632,-11,738
46185,48220,2035,0,GE-Phase,stroke,47482,50132,2650,738,0.363,-1297,-1912
48950,50259,1309,0,GE-Phrase,202,46196,50278,4082,1309,1.0,2754,-19
48950,50259,1309,0,GE-Phase,stroke,47482,50132,2650,1182,0.903,1468,127
48950,50259,1309,0,GE-Phase,retraction,50132,50278,146,127,0.097,-1182,-19
101775,103364,1589,0,GE-Phrase,226,101601,103369,1768,1589,1.0,174,-5
101775,103364,1589,0,GE-Phase,stroke,101601,102234,633,459,0.289,174,1130
101775,103364,1589,0,GE-Phase,retraction,102234,103369,1135,1130,0.711,-459,-5
106840,108290,1450,0,GE-Phrase,229,105764,107960,2196,1120,0.772,1076,330
106840,108290,1450,0,GE-Phrase,230,107960,110406,2446,330,0.228,-1120,-2116
106840,108290,1450,0,GE-Phase,stroke,105764,107960,2196,1120,0.772,1076,330
106840,108290,1450,0,GE-Phase,stroke,107960,110406,2446,330,0.228,-1120,-2116
108290,108671,381,0,GE-Phrase,230,107960,110406,2446,381,1.0,330,-1735
108290,108671,381,0,GE-Phase,stroke,107960,110406,2446,381,1.0,330,-1735
108671,109369,698,0,GE-Phrase,230,107960,110406,2446,698,1.0,711,-1037
108671,109369,698,0,GE-Phase,stroke,107960,110406,2446,698,1.0,711,-1037
109369,110382,1013,0,GE-Phrase,230,107960,110406,2446,1013,1.0,1409,-24
109369,110382,1013,0,GE-Phase,stroke,107960,110406,2446,1013,1.0,1409,-24
111370,113448,2078,0,GE-Phrase,232,111344,112091,747,721,0.347,26,1357
111370,113448,2078,0,GE-Phrase,233,112091,112627,536,536,0.258,-721,821
111370,113448,2078,0,GE-Phrase,234,112627,113705,1078,821,0.395,-1257,-257
111370,113448,2078,0,GE-Phase,stroke,111344,112091,747,721,0.347,26,1357
111370,113448,2078,0,GE-Phase,stroke,112091,112627,536,536,0.258,-721,821
111370,113448,2078,0,GE-Phase,preparation,112627,113297,670,670,0.322,-1257,151
111370,113448,2078,0,GE-Phase,stroke,113297,113705,408,151,0.073,-1927,-257
124510,125180,670,0,GE-Phrase,241,121878,125705,3827,670,1.0,2632,-525
124510,125180,670,0,GE-Phase,stroke,122442,125705,3263,670,1.0,2068,-525
125180,125513,333,0,GE-Phrase,241,121878,125705,3827,333,1.0,3302,-192
125180,125513,333,0,GE-Phase,stroke,122442,125705,3263,333,1.0,2738,-192
45810,46185,375,0,GE-Phrase,201,43285,46196,2911,375,1.0,2525,-11
45810,46185,375,0,GE-Phase,retraction,45605,46196,591,375,1.0,205,-11
46185,48220,2035,0,GE-Phrase,201,43285,46196,2911,11,0.005,2900,2024
46185,48220,2035,0,GE-Phrase,202,46196,50278,4082,2024,0.995,-11,-2058
46185,48220,2035,0,GE-Phase,retraction,45605,46196,591,11,0.005,580,2024
46185,48220,2035,0,GE-Phase,preparation,46196,47482,1286,1286,0.632,-11,738
46185,48220,2035,0,GE-Phase,stroke,47482,50132,2650,738,0.363,-1297,-1912
48950,50259,1309,0,GE-Phrase,202,46196,50278,4082,1309,1.0,2754,-19
48950,50259,1309,0,GE-Phase,stroke,47482,50132,2650,1182,0.903,1468,127
48950,50259,1309,0,GE-Phase,retraction,50132,50278,146,127,0.097,-1182,-19
101775,103364,1589,0,GE-Phrase,226,101601,103369,1768,1589,1.0,174,-5
101775,103364,1589,0,GE-Phase,stroke,101601,102234,633,459,0.289,174,1130
101775,103364,1589,0,GE-Phase,retraction,102234,103369,1135,1130,0.711,-459,-5
106840,108290,1450,0,GE-Phrase,229,105764,107960,2196,1120,0.772,1076,330
106840,108290,1450,0,GE-Phrase,230,107960,110406,2446,330,0.228,-1120,-2116
106840,108290,1450,0,GE-Phase,stroke,105764,107960,2196,1120,0.772,1076,330
106840,108290,1450,0,GE-Phase,stroke,107960,110406,2446,330,0.228,-1120,-2116
108290,108671,381,0,GE-Phrase,230,107960,110406,2446,381,1.0,330,-1735
108290,108671,381,0,GE-Phase,stroke,107960,110406,2446,381,1.0,330,-1735
108671,109369,698,0,GE-Phrase,230,107960,110406,2446,698,1.0,711,-1037
108671,109369,698,0,GE-Phase,stroke,107960,110406,2446,698,1.0,711,-1037
109369,110382,1013,0,GE-Phrase,230,107960,110406,2446,1013,1.0,1409,-24
109369,110382,1013,0,GE-Phase,stroke,107960,110406,2446,1013,1.0,1409,-24
111370,113448,2078,0,GE-Phrase,232,111344,112091,747,721,0.347,26,1357
111370,113448,2078,0,GE-Phrase,233,112091,112627,536,536,0.258,-721,821
111370,113448,2078,0,GE-Phrase,234,112627,113705,1078,821,0.395,-1257,-257
111370,113448,2078,0,GE-Phase,stroke,111344,112091,747,721,0.347,26,1357
111370,113448,2078,0,GE-Phase,stroke,112091,112627,536,536,0.258,-721,821
111370,113448,2078,0,GE-Phase,preparation,112627,113297,670,670,0.322,-1257,151
111370,113448,2078,0,GE-Phase,stroke,113297,113705,408,151,0.073,-1927,-257
124510,125180,670,0,GE-Phrase,241,121878,125705,3827,670,1.0,2632,-525
124510,125180,670,0,GE-Phase,stroke,122442,125705,3263,670,1.0,2068,-525
125180,125513,333,0,GE-Phrase,241,121878,125705,3827,333,1.0,3302,-192
125180,125513,333,0,GE-Phase,stroke,122442,125705,3263,333,1.0,2738,-192
45810,46185,375,0,GE-Phrase,201,43285,46196,2911,375,1.0,2525,-11
45810,46185,375,0,GE-Phase,retraction,45605,46196,591,375,1.0,205,-11
46185,48220,2035,0,GE-Phrase,201,43285,46196,2911,11,0.005,2900,2024
46185,48220,2035,0,GE-Phrase,202,46196,50278,4082,2024,0.995,-11,-2058
46185,48220,2035,0,GE-Phase,retraction,45605,46196,591,11,0.005,580,2024
46185,48220,2035,0,GE-Phase,preparation,46196,47482,1286,1286,0.632,-11,738
46185,48220,2035,0,GE-Phase,stroke,47482,50132,2650,738,0.363,-1297,-1912
48950,50259,1309,0,GE-Phrase,202,46196,50278,4082,1309,1.0,2754,-19
48950,50259,1309,0,GE-Phase,stroke,47482,50132,2650,1182,0.903,1468,127
48950,50259,1309,0,GE-Phase,retraction,50132,50278,146,127,0.097,-1182,-19
101775,103364,1589,0,GE-Phrase,226,101601,103369,1768,1589,1.0,174,-5
101775,103364,1589,0,GE-Phase,stroke,101601,102234,633,459,0.289,174,1130
101775,103364,1589,0,GE-Phase,retraction,102234,103369,1135,1130,0.711,-459,-5
106840,108290,1450,0,GE-Phrase,229,105764,107960,2196,1120,0.772,1076,330
106840,108290,1450,0,GE-Phrase,230,107960,110406,2446,330,0.228,-1120,-2116
106840,108290,1450,0,GE-Phase,stroke,105764,107960,2196,1120,0.772,1076,330
106840,108290,1450,0,GE-Phase,stroke,107960,110406,2446,330,0.228,-1120,-2116
108290,108671,381,0,GE-Phrase,230,107960,110406,2446,381,1.0,330,-1735
108290,108671,381,0,GE-Phase,stroke,107960,110406,2446,381,1.0,330,-1735
108671,109369,698,0,GE-Phrase,230,107960,110406,2446,698,1.0,711,-1037
108671,109369,698,0,GE-Phase,stroke,107960,110406,2446,698,1.0,711,-1037
109369,110382,1013,0,GE-Phrase,230,107960,110406,2446,1013,1.0,1409,-24
109369,110382,1013,0,GE-Phase,stroke,107960,110406,2446,1013,1.0,1409,-24
111370,113448,2078,0,GE-Phrase,232,111344,112091,747,721,0.347,26,1357
111370,113448,2078,0,GE-Phrase,233,112091,112627,536,536,0.258,-721,821
111370,113448,2078,0,GE-Phrase,234,112627,113705,1078,821,0.395,-1257,-257
111370,113448,2078,0,GE-Phase,stroke,111344,112091,747,721,0.347,26,1357
111370,113448,2078,0,GE-Phase,stroke,112091,112627,536,536,0.258,-721,821
111370,113448,2078,0,GE-Phase,preparation,112627,113297,670,670,0.322,-1257,151
111370,113448,2078,0,GE-Phase,stroke,113297,113705,408,151,0.073,-1927,-257
124510,125180,670,0,GE-Phrase,241,121878,125705,3827,670,1.0,2632,-525
124510,125180,670,0,GE-Phase,stroke,122442,125705,3263,670,1.0,2068,-525
125180,125513,333,0,GE-Phrase,241,121878,125705,3827,333,1.0,3302,-192
125180,125513,333,0,GE-Phase,stroke,122442,125705,3263,333,1.0,2738,-192
45810,46185,375,0,GE-Phrase,201,43285,46196,2911,375,1.0,2525,-11
45810,46185,375,0,GE-Phase,retraction,45605,46196,591,375,1.0,205,-11
46185,48220,2035,0,GE-Phrase,201,43285,46196,2911,11,0.005,2900,2024
46185,48220,2035,0,GE-Phrase,202,46196,50278,4082,2024,0.995,-11,-2058
46185,48220,2035,0,GE-Phase,retraction,45605,46196,591,11,0.005,580,2024
46185,48220,2035,0,GE-Phase,preparation,46196,47482,1286,1286,0.632,-11,738
46185,48220,2035,0,GE-Phase,stroke,47482,50132,2650,738,0.363,-1297,-1912
48950,50259,1309,0,GE-Phrase,202,46196,50278,4082,1309,1.0,2754,-19
48950,50259,1309,0,GE-Phase,stroke,47482,50132,2650,1182,0.903,1468,127
48950,50259,1309,0,GE-Phase,retraction,50132,50278,146,127,0.097,-1182,-19
101775,103364,1589,0,GE-Phrase,226,101601,103369,1768,1589,1.0,174,-5
101775,103364,1589,0,GE-Phase,stroke,101601,102234,633,459,0.289,174,1130
101775,103364,1589,0,GE-Phase,retraction,102234,103369,1135,1130,0.711,-459,-5
106840,108290,1450,0,GE-Phrase,229,105764,107960,2196,1120,0.772,1076,330
106840,108290,1450,0,GE-Phrase,230,107960,110406,2446,330,0.228,-1120,-2116
106840,108290,1450,0,GE-Phase,stroke,105764,107960,2196,1120,0.772,1076,330
106840,108290,1450,0,GE-Phase,stroke,107960,110406,2446,330,0.228,-1120,-2116
108290,108671,381,0,GE-Phrase,230,107960,110406,2446,381,1.0,330,-1735
108290,108671,381,0,GE-Phase,stroke,107960,110406,2446,381,1.0,330,-1735
108671,109369,698,0,GE-Phrase,230,107960,110406,2446,698,1.0,711,-1037
108671,109369,698,0,GE-Phase,stroke,107960,110406,2446,698,1.0,711,-1037
109369,110382,1013,0,GE-Phrase,230,107960,110406,2446,1013,1.0,1409,-24
109369,110382,1013,0,GE-Phase,stroke,107960,110406,2446,1013,1.0,1409,-24
111370,113448,2078,0,GE-Phrase,232,111344,112091,747,721,0.347,26,1357
111370,113448,2078,0,GE-Phrase,233,112091,112627,536,536,0.258,-721,821
111370,113448,2078,0,GE-Phrase,234,112627,113705,1078,821,0.395,-1257,-257
111370,113448,2078,0,GE-Phase,stroke,111344,112091,747,721,0.347,26,1357
111370,113448,2078,0,GE-Phase,stroke,112091,112627,536,536,0.258,-721,821
111370,113448,2078,0,GE-Phase,preparation,112627,113297,670,670,0.322,-1257,151
111370,113448,2078,0,GE-Phase,stroke,113297,113705,408,151,0.073,-1927,-257
124510,125180,670,0,GE-Phrase,241,121878,125705,3827,670,1.0,2632,-525
124510,125180,670,0,GE-Phase,stroke,122442,125705,3263,670,1.0,2068,-525
125180,125513,333,0,GE-Phrase,241,121878,125705,3827,333,1.0,3302,-192
125180,125513,333,0,GE-Phase,stroke,122442,125705,3263,333,1.0,2738,-192
45810,46185,375,0,GE-Phrase,201,43285,46196,2911,375,1.0,2525,-11
45810,46185,375,0,GE-Phase,retraction,45605,46196,591,375,1.0,205,-11
46185,48220,2035,0,GE-Phrase,201,43285,46196,2911,11,0.005,2900,2024
46185,48220,2035,0,GE-Phrase,202,46196,50278,4082,2024,0.995,-11,-2058
46185,48220,2035,0,GE-Phase,retraction,45605,46196,591,11,0.005,580,2024
46185,48220,2035,0,GE-Phase,preparation,46196,47482,1286,1286,0.632,-11,738
46185,48220,2035,0,GE-Phase,stroke,47482,50132,2650,738,0.363,-1297,-1912
48950,50259,1309,0,GE-Phrase,202,46196,50278,4082,1309,1.0,2754,-19
48950,50259,1309,0,GE-Phase,stroke,47482,50132,2650,1182,0.903,1468,127
48950,50259,1309,0,GE-Phase,retraction,50132,50278,146,127,0.097,-1182,-19
101775,103364,1589,0,GE-Phrase,226,101601,103369,1768,1589,1.0,174,-5
101775,103364,1589,0,GE-Phase,stroke,101601,102234,633,459,0.289,174,1130
101775,103364,1589,0,GE-Phase,retraction,102234,103369,1135,1130,0.711,-459,-5
106840,108290,1450,0,GE-Phrase,229,105764,107960,2196,1120,0.772,1076,330
106840,108290,1450,0,GE-Phrase,230,107960,110406,2446,330,0.228,-1120,-2116
106840,108290,1450,0,GE-Phase,stroke,105764,107960,2196,1120,0.772,1076,330
106840,108290,1450,0,GE-Phase,stroke,107960,110406,2446,330,0.228,-1120,-2116
108290,108671,381,0,GE-Phrase,230,107960,110406,2446,381,1.0,330,-1735
108290,108671,381,0,GE-Phase,stroke,107960,110406,2446,381,1.0,330,-1735
108671,109369,698,0,GE-Phrase,230,107960,110406,2446,698,1.0,711,-1037
108671,109369,698,0,GE-Phase,stroke,107960,110406,2446,698,1.0,711,-1037
109369,110382,1013,0,GE-Phrase,230,107960,110406,2446,1013,1.0,1409,-24
109369,110382,1013,0,GE-Phase,stroke,107960,110406,2446,1013,1.0,1409,-24
111370,113448,2078,0,GE-Phrase,232,111344,112091,747,721,0.347,26,1357
111370,113448,2078,0,GE-Phrase,233,112091,112627,536,536,0.258,-721,821
111370,113448,2078,0,GE-Phrase,234,112627,113705,1078,821,0.395,-1257,-257
111370,113448,2078,0,GE-Phase,stroke,111344,112091,747,721,0.347,26,1357
111370,113448,2078,0,GE-Phase,stroke,112091,112627,536,536,0.258,-721,821
111370,113448,2078,0,GE-Phase,preparation,112627,113297,670,670,0.322,-1257,151
111370,113448,2078,0,GE-Phase,stroke,113297,113705,408,151,0.073,-1927,-257
124510,125180,670,0,GE-Phrase,241,121878,125705,3827,670,1.0,2632,-525
124510,125180,670,0,GE-Phase,stroke,122442,125705,3263,670,1.0,2068,-525
125180,125513,333,0,GE-Phrase,241,121878,125705,3827,333,1.0,3302,-192
125180,125513,333,0,GE-Phase,stroke,122442,125705,3263,333,1.0,2738,-192
45810,46185,375,0,GE-Phrase,201,43285,46196,2911,375,1.0,2525,-11
45810,46185,375,0,GE-Phase,retraction,45605,46196,591,375,1.0,205,-11
46185,48220,2035,0,GE-Phrase,201,43285,46196,2911,11,0.005,2900,2024
46185,48220,2035,0,GE-Phrase,202,46196,50278,4082,2024,0.995,-11,-2058
46185,48220,2035,0,GE-Phase,retraction,45605,46196,591,11,0.005,580,2024
46185,48220,2035,0,GE-Phase,preparation,46196,47482,1286,1286,0.632,-11,738
46185,48220,2035,0,GE-Phase,stroke,47482,50132,2650,738,0.363,-1297,-1912
48950,50259,1309,0,GE-Phrase,202,46196,50278,4082,1309,1.0,2754,-19
48950,50259,1309,0,GE-Phase,stroke,47482,50132,2650,1182,0.903,1468,127
48950,50259,1309,0,GE-Phase,retraction,50132,50278,146,127,0.097,-1182,-19
101775,103364,1589,0,GE-Phrase,226,101601,103369,1768,1589,1.0,174,-5
101775,103364,1589,0,GE-Phase,stroke,101601,102234,633,459,0.289,174,1130
101775,103364,1589,0,GE-Phase,retraction,102234,103369,1135,1130,0.711,-459,-5
106840,108290,1450,0,GE-Phrase,229,105764,107960,2196,1120,0.772,1076,330
106840,108290,1450,0,GE-Phrase,230,107960,110406,2446,330,0.228,-1120,-2116
106840,108290,1450,0,GE-Phase,stroke,105764,107960,2196,1120,0.772,1076,330
106840,108290,1450,0,GE-Phase,stroke,107960,110406,2446,330,0.228,-1120,-2116
108290,108671,381,0,GE-Phrase,230,107960,110406,2446,381,1.0,330,-1735
108290,108671,381,0,GE-Phase,stroke,107960,110406,2446,381,1.0,330,-1735
108671,109369,698,0,GE-Phrase,230,107960,110406,2446,698,1.0,711,-1037
108671,109369,698,0,GE-Phase,stroke,107960,110406,2446,698,1.0,711,-1037
109369,110382,1013,0,GE-Phrase,230,107960,110406,2446,1013,1.0,1409,-24
109369,110382,1013,0,GE-Phase,stroke,107960,110406,2446,1013,1.0,1409,-24
111370,113448,2078,0,GE-Phrase,232,111344,112091,747,721,0.347,26,1357
111370,113448,2078,0,GE-Phrase,233,112091,112627,536,536,0.258,-721,821
111370,113448,2078,0,GE-Phrase,234,112627,113705,1078,821,0.395,-1257,-257
111370,113448,2078,0,GE-Phase,stroke,111344,112091,747,721,0.347,26,1357
111370,113448,2078,0,GE-Phase,stroke,112091,112627,536,536,0.258,-721,821
111370,113448,2078,0,GE-Phase,preparation,112627,113297,670,670,0.322,-1257,151
111370,113448,2078,0,GE-Phase,stroke,113297,113705,408,151,0.073,-1927,-257
124510,125180,670,0,GE-Phrase,241,121878,125705,3827,670,1.0,2632,-525
124510,125180,670,0,GE-Phase,stroke,122442,125705,3263,670,1.0,2068,-525
125180,125513,333,0,GE-Phrase,241,121878,125705,3827,333,1.0,3302,-192
125180,125513,333,0,GE-Phase,stroke,122442,125705,3263,333,1.0,2738,-192
45810,46185,375,0,GE-Phrase,201,43285,46196,2911,375,1.0,2525,-11
45810,46185,375,0,GE-Phase,retraction,45605,46196,591,375,1.0,205,-11
46185,48220,2035,0,GE-Phrase,201,43285,46196,2911,11,0.005,2900,2024
46185,48220,2035,0,GE-Phrase,202,46196,50278,4082,2024,0.995,-11,-2058
46185,48220,2035,0,GE-Phase,retraction,45605,46196,591,11,0.005,580,2024
46185,48220,2035,0,GE-Phase,preparation,46196,47482,1286,1286,0.632,-11,738
46185,48220,2035,0,GE-Phase,stroke,47482,50132,2650,738,0.363,-1297,-1912
48950,50259,1309,0,GE-Phrase,202,46196,50278,4082,1309,1.0,2754,-19
48950,50259,1309,0,GE-Phase,stroke,47482,50132,2650,1182,0.903,1468,127
48950,50259,1309,0,GE-Phase,retraction,50132,50278,146,127,0.097,-1182,-19
101775,103364,1589,0,GE-Phrase,226,101601,103369,1768,1589,1.0,174,-5
101775,103364,1589,0,GE-Phase,stroke,101601,102234,633,459,0.289,174,1130
101775,103364,1589,0,GE-Phase,retraction,102234,103369,1135,1130,0.711,-459,-5
106840,108290,1450,0,GE-Phrase,229,105764,107960,2196,1120,0.772,1076,330
106840,108290,1450,0,GE-Phrase,230,107960,110406,2446,330,0.228,-1120,-2116
106840,108290,1450,0,GE-Phase,stroke,105764,107960,2196,1120,0.772,1076,330
106840,108290,1450,0,GE-Phase,stroke,107960,110406,2446,330,0.228,-1120,-2116
108290,108671,381,0,GE-Phrase,230,107960,110406,2446,381,1.0,330,-1735
108290,108671,381,0,GE-Phase,stroke,107960,110406,2446,381,1.0,330,-1735
108671,109369,698,0,GE-Phrase,230,107960,110406,2446,698,1.0,711,-1037
108671,109369,698,0,GE-Phase,stroke,107960,110406,2446,698,1.0,711,-1037
109369,110382,1013,0,GE-Phrase,230,107960,110406,2446,1013,1.0,1409,-24
109369,110382,1013,0,GE-Phase,stroke,107960,110406,2446,1013,1.0,1409,-24
111370,113448,2078,0,GE-Phrase,232,111344,112091,747,721,0.347,26,1357
111370,113448,2078,0,GE-Phrase,233,112091,112627,536,536,0.258,-721,821
111370,113448,2078,0,GE-Phrase,234,112627,113705,1078,821,0.395,-1257,-257
111370,113448,2078,0,GE-Phase,stroke,111344,112091,747,721,0.347,26,1357
111370,113448,2078,0,GE-Phase,stroke,112091,112627,536,536,0.258,-721,821
111370,113448,2078,0,GE-Phase,preparation,112627,113297,670,670,0.322,-1257,151
111370,113448,2078,0,GE-Phase,stroke,113297,113705,408,151,0.073,-1927,-257
124510,125180,670,0,GE-Phrase,241,121878,125705,3827,670,1.0,2632,-525
124510,125180,670,0,GE-Phase,stroke,122442,125705,3263,670,1.0,2068,-525
125180,125513,333,0,GE-Phrase,241,121878,125705,3827,333,1.0,3302,-192
125180,125513,333,0,GE-Phase,stroke,122442,125705,3263,333,1.0,2738,-192
45810,46185,375,0,GE-Phrase,201,43285,46196,2911,375,1.0,2525,-11
45810,46185,375,0,GE-Phase,retraction,45605,46196,591,375,1.0,205,-11
46185,48220,2035,0,GE-Phrase,201,43285,46196,2911,11,0.005,2900,2024
46185,48220,2035,0,GE-Phrase,202,46196,50278,4082,2024,0.995,-11,-2058
46185,48220,2035,0,GE-Phase,retraction,45605,46196,591,11,0.005,580,2024
46185,48220,2035,0,GE-Phase,preparation,46196,47482,1286,1286,0.632,-11,738
46185,48220,2035,0,GE-Phase,stroke,47482,50132,2650,738,0.363,-1297,-1912
48950,50259,1309,0,GE-Phrase,202,46196,50278,4082,1309,1.0,2754,-19
48950,50259,1309,0,GE-Phase,stroke,47482,50132,2650,1182,0.903,1468,127
48950,50259,1309,0,GE-Phase,retraction,50132,50278,146,127,0.097,-1182,-19
101775,103364,1589,0,GE-Phrase,226,101601,103369,1768,1589,1.0,174,-5
101775,103364,1589,0,GE-Phase,stroke,101601,102234,633,459,0.289,174,1130
101775,103364,1589,0,GE-Phase,retraction,102234,103369,1135,1130,0.711,-459,-5
106840,108290,1450,0,GE-Phrase,229,105764,107960,2196,1120,0.772,1076,330
106840,108290,1450,0,GE-Phrase,230,107960,110406,2446,330,0.228,-1120,-2116
106840,108290,1450,0,GE-Phase,stroke,105764,107960,2196,1120,0.772,1076,330
106840,108290,1450,0,GE-Phase,stroke,107960,110406,2446,330,0.228,-1120,-2116
108290,108671,381,0,GE-Phrase,230,107960,110406,2446,381,1.0,330,-1735
108290,108671,381,0,GE-Phase,stroke,107960,110406,2446,381,1.0,330,-1735
108671,109369,698,0,GE-Phrase,230,107960,110406,2446,698,1.0,711,-1037
108671,109369,698,0,GE-Phase,stroke,107960,110406,2446,698,1.0,711,-1037
109369,110382,1013,0,GE-Phrase,230,107960,110406,2446,1013,1.0,1409,-24
109369,110382,1013,0,GE-Phase,stroke,107960,110406,2446,1013,1.0,1409,-24
111370,113448,2078,0,GE-Phrase,232,111344,112091,747,721,0.347,26,1357
111370,113448,2078,0,GE-Phrase,233,112091,112627,536,536,0.258,-721,821
111370,113448,2078,0,GE-Phrase,234,112627,113705,1078,821,0.395,-1257,-257
111370,113448,2078,0,GE-Phase,stroke,111344,112091,747,721,0.347,26,1357
111370,113448,2078,0,GE-Phase,stroke,112091,112627,536,536,0.258,-721,821
111370,113448,2078,0,GE-Phase,preparation,112627,113297,670,670,0.322,-1257,151
111370,113448,2078,0,GE-Phase,stroke,113297,113705,408,151,0.073,-1927,-257
124510,125180,670,0,GE-Phrase,241,121878,125705,3827,670,1.0,2632,-525
124510,125180,670,0,GE-Phase,stroke,122442,125705,3263,670,1.0,2068,-525
125180,125513,333,0,GE-Phrase,241,121878,125705,3827,333,1.0,3302,-192
125180,125513,333,0,GE-Phase,stroke,122442,125705,3263,333,1.0,2738,-192
45810,46185,375,0,GE-Phrase,201,43285,46196,2911,375,1.0,2525,-11
45810,46185,375,0,GE-Phase,retraction,45605,46196,591,375,1.0,205,-11
46185,48220,2035,0,GE-Phrase,201,43285,46196,2911,11,0.005,2900,2024
46185,48220,2035,0,GE-Phrase,202,46196,50278,4082,2024,0.995,-11,-2058
46185,48220,2035,0,GE-Phase,retraction,45605,46196,591,11,0.005,580,2024
46185,48220,2035,0,GE-Phase,preparation,46196,47482,1286,1286,0.632,-11,738
46185,48220,2035,0,GE-Phase,stroke,47482,50132,2650,738,0.363,-1297,-1912
48950,50259,1309,0,GE-Phrase,202,46196,50278,4082,1309,1.0,2754,-19
48950,50259,1309,0,GE-Phase,stroke,47482,50132,2650,1182,0.903,1468,127
48950,50259,1309,0,GE-Phase,retraction,50132,50278,146,127,0.097,-1182,-19
101775,103364,1589,0,GE-Phrase,226,101601,103369,1768,1589,1.0,174,-5
101775,103364,1589,0,GE-Phase,stroke,101601,102234,633,459,0.289,174,1130
101775,103364,1589,0,GE-Phase,retraction,102234,103369,1135,1130,0.711,-459,-5
106840,108290,1450,0,GE-Phrase,229,105764,107960,2196,1120,0.772,1076,330
106840,108290,1450,0,GE-Phrase,230,107960,110406,2446,330,0.228,-1120,-2116
106840,108290,1450,0,GE-Phase,stroke,105764,107960,2196,1120,0.772,1076,330
106840,108290,1450,0,GE-Phase,stroke,107960,110406,2446,330,0.228,-1120,-2116
108290,108671,381,0,GE-Phrase,230,107960,110406,2446,381,1.0,330,-1735
108290,108671,381,0,GE-Phase,stroke,107960,110406,2446,381,1.0,330,-1735
108671,109369,698,0,GE-Phrase,230,107960,110406,2446,698,1.0,711,-1037
108671,109369,698,0,GE-Phase,stroke,107960,110406,2446,698,1.0,711,-1037
109369,110382,1013,0,GE-Phrase,230,107960,110406,2446,1013,1.0,1409,-24
109369,110382,1013,0,GE-Phase,stroke,107960,110406,2446,1013,1.0,1409,-24
111370,113448,2078,0,GE-Phrase,232,111344,112091,747,721,0.347,26,1357
111370,113448,2078,0,GE-Phrase,233,112091,112627,536,536,0.258,-721,821
111370,113448,2078,0,GE-Phrase,234,112627,113705,1078,821,0.395,-1257,-257
111370,113448,2078,0,GE-Phase,stroke,111344,112091,747,721,0.347,26,1357
111370,113448,2078,0,GE-Phase,stroke,112091,112627,536,536,0.258,-721,821
111370,113448,2078,0,GE-Phase,preparation,112627,113297,670,670,0.322,-1257,151
111370,113448,2078,0,GE-Phase,stroke,113297,113705,408,151,0.073,-1927,-257
124510,125180,670,0,GE-Phrase,241,121878,125705,3827,670,1.0,2632,-525
124510,125180,670,0,GE-Phase,stroke,122442,125705,3263,670,1.0,2068,-525
125180,125513,333,0,GE-Phrase,241,121878,125705,3827,333,1.0,3302,-192
125180,125513,333,0,GE-Phase,stroke,122442,125705,3263,333,1.0,2738,-192
45810,46185,375,0,GE-Phrase,201,43285,46196,2911,375,1.0,2525,-11
45810,46185,375,0,GE-Phase,retraction,45605,46196,591,375,1.0,205,-11
46185,48220,2035,0,GE-Phrase,201,43285,46196,2911,11,0.005,2900,2024
46185,48220,2035,0,GE-Phrase,202,46196,50278,4082,2024,0.995,-11,-2058
46185,48220,2035,0,GE-Phase,retraction,45605,46196,591,11,0.005,580,2024
46185,48220,2035,0,GE-Phase,preparation,46196,47482,1286,1286,0.632,-11,738
46185,48220,2035,0,GE-Phase,stroke,47482,50132,2650,738,0.363,-1297,-1912
48950,50259,1309,0,GE-Phrase,202,46196,50278,4082,1309,1.0,2754,-19
48950,50259,1309,0,GE-Phase,stroke,47482,50132,2650,1182,0.903,1468,127
48950,50259,1309,0,GE-Phase,retraction,50132,50278,146,127,0.097,-1182,-19
101775,103364,1589,0,GE-Phrase,226,101601,103369,1768,1589,1.0,174,-5
101775,103364,1589,0,GE-Phase,stroke,101601,102234,633,459,0.289,174,1130
101775,103364,1589,0,GE-Phase,retraction,102234,103369,1135,1130,0.711,-459,-5
106840,108290,1450,0,GE-Phrase,229,105764,107960,2196,1120,0.772,1076,330
106840,108290,1450,0,GE-Phrase,230,107960,110406,2446,330,0.228,-1120,-2116
106840,108290,1450,0,GE-Phase,stroke,105764,107960,2196,1120,0.772,1076,330
106840,108290,1450,0,GE-Phase,stroke,107960,110406,2446,330,0.228,-1120,-2116
108290,108671,381,0,GE-Phrase,230,107960,110406,2446,381,1.0,330,-1735
108290,108671,381,0,GE-Phase,stroke,107960,110406,2446,381,1.0,330,-1735
108671,109369,698,0,GE-Phrase,230,107960,110406,2446,698,1.0,711,-1037
108671,109369,698,0,GE-Phase,stroke,107960,110406,2446,698,1.0,711,-1037
109369,110382,1013,0,GE-Phrase,230,107960,110406,2446,1013,1.0,1409,-24
109369,110382,1013,0,GE-Phase,stroke,107960,110406,2446,1013,1.0,1409,-24
111370,113448,2078,0,GE-Phrase,232,111344,112091,747,721,0.347,26,1357
111370,113448,2078,0,GE-Phrase,233,112091,112627,536,536,0.258,-721,821
111370,113448,2078,0,GE-Phrase,234,112627,113705,1078,821,0.395,-1257,-257
111370,113448,2078,0,GE-Phase,stroke,111344,112091,747,721,0.347,26,1357
111370,113448,2078,0,GE-Phase,stroke,112091,112627,536,536,0.258,-721,821
111370,113448,2078,0,GE-Phase,preparation,112627,113297,670,670,0.322,-1257,151
111370,113448,2078,0,GE-Phase,stroke,113297,113705,408,151,0.073,-1927,-257
124510,125180,670,0,GE-Phrase,241,121878,125705,3827,670,1.0,2632,-525
124510,125180,670,0,GE-Phase,stroke,122442,125705,3263,670,1.0,2068,-525
125180,125513,333,0,GE-Phrase,241,121878,125705,3827,333,1.0,3302,-192
125180,125513,333,0,GE-Phase,stroke,122442,125705,3263,333,1.0,2738,-192
45810,46185,375,0,GE-Phrase,201,43285,46196,2911,375,1.0,2525,-11
45810,46185,375,0,GE-Phase,retraction,45605,46196,591,375,1.0,205,-11
46185,48220,2035,0,GE-Phrase,201,43285,46196,2911,11,0.005,2900,2024
46185,48220,2035,0,GE-Phrase,202,46196,50278,4082,2024,0.995,-11,-2058
46185,48220,2035,0,GE-Phase,retraction,45605,46196,591,11,0.005,580,2024
46185,48220,2035,0,GE-Phase,preparation,46196,47482,1286,1286,0.632,-11,738
46185,48220,2035,0,GE-Phase,stroke,47482,50132,2650,738,0.363,-1297,-1912
48950,50259,1309,0,GE-Phrase,202,46196,50278,4082,1309,1.0,2754,-19
48950,50259,1309,0,GE-Phase,stroke,47482,50132,2650,1182,0.903,1468,127
48950,50259,1309,0,GE-Phase,retraction,50132,50278,146,127,0.097,-1182,-19
101775,103364,1589,0,GE-Phrase,226,101601,103369,1768,1589,1.0,174,-5
101775,103364,1589,0,GE-Phase,stroke,101601,102234,633,459,0.289,174,1130
101775,103364,1589,0,GE-Phase,retraction,102234,103369,1135,1130,0.711,-459,-5
106840,108290,1450,0,GE-Phrase,229,105764,107960,2196,1120,0.772,1076,330
106840,108290,1450,0,GE-Phrase,230,107960,110406,2446,330,0.228,-1120,-2116
106840,108290,1450,0,GE-Phase,stroke,105764,107960,2196,1120,0.772,1076,330
106840,108290,1450,0,GE-Phase,stroke,107960,110406,2446,330,0.228,-1120,-2116
108290,108671,381,0,GE-Phrase,230,107960,110406,2446,381,1.0,330,-1735
108290,108671,381,0,GE-Phase,stroke,107960,110406,2446,381,1.0,330,-1735
108671,109369,698,0,GE-Phrase,230,107960,110406,2446,698,1.0,711,-1037
108671,109369,698,0,GE-Phase,stroke,107960,110406,2446,698,1.0,711,-1037
109369,110382,1013,0,GE-Phrase,230,107960,110406,2446,1013,1.0,1409,-24
109369,110382,1013,0,GE-Phase,stroke,107960,110406,2446,1013,1.0,1409,-24
111370,113448,2078,0,GE-Phrase,232,111344,112091,747,721,0.347,26,1357
111370,113448,2078,0,GE-Phrase,233,112091,112627,536,536,0.258,-721,821
111370,113448,2078,0,GE-Phrase,234,112627,113705,1078,821,0.395,-1257,-257
111370,113448,2078,0,GE-Phase,stroke,111344,112091,747,721,0.347,26,1357
111370,113448,2078,0,GE-Phase,stroke,112091,112627,536,536,0.258,-721,821
111370,113448,2078,0,GE-Phase,preparation,112627,113297,670,670,0.322,-1257,151
111370,113448,2078,0,GE-Phase,stroke,113297,113705,408,151,0.073,-1927,-257
124510,125180,670,0,GE-Phrase,241,121878,125705,3827,670,1.0,2632,-525
124510,125180,670,0,GE-Phase,stroke,122442,125705,3263,670,1.0,2068,-525
125180,125513,333,0,GE-Phrase,241,121878,125705,3827,333,1.0,3302,-192
125180,125513,333,0,GE-Phase,stroke,122442,125705,3263,333,1.0,2738,-192
45810,46185,375,0,GE-Phrase,201,43285,46196,2911,375,1.0,2525,-11
45810,46185,375,0,GE-Phase,retraction,45605,46196,591,375,1.0,205,-11
46185,48220,2035,0,GE-Phrase,201,43285,46196,2911,11,0.005,2900,2024
46185,48220,2035,0,GE-Phrase,202,46196,50278,4082,2024,0.995,-11,-2058
46185,48220,2035,0,GE-Phase,retraction,45605,46196,591,11,0.005,580,2024
46185,48220,2035,0,GE-Phase,preparation,46196,47482,1286,1286,0.632,-11,738
46185,48220,2035,0,GE-Phase,stroke,47482,50132,2650,738,0.363,-1297,-1912
48950,50259,1309,0,GE-Phrase,202,46196,50278,4082,1309,1.0,2754,-19
48950,50259,1309,0,GE-Phase,stroke,47482,50132,2650,1182,0.903,1468,127
48950,50259,1309,0,GE-Phase,retraction,50132,50278,146,127,0.097,-1182,-19
101775,103364,1589,0,GE-Phrase,226,101601,103369,1768,1589,1.0,174,-5
101775,103364,1589,0,GE-Phase,stroke,101601,102234,633,459,0.289,174,1130
101775,103364,1589,0,GE-Phase,retraction,102234,103369,1135,1130,0.711,-459,-5
106840,108290,1450,0,GE-Phrase,229,105764,107960,2196,1120,0.772,1076,330
106840,108290,1450,0,GE-Phrase,230,107960,110406,2446,330,0.228,-1120,-2116
106840,108290,1450,0,GE-Phase,stroke,105764,107960,2196,1120,0.772,1076,330
106840,108290,1450,0,GE-Phase,stroke,107960,110406,2446,330,0.228,-1120,-2116
108290,108671,381,0,GE-Phrase,230,107960,110406,2446,381,1.0,330,-1735
108290,108671,381,0,GE-Phase,stroke,107960,110406,2446,381,1.0,330,-1735
108671,109369,698,0,GE-Phrase,230,107960,110406,2446,698,1.0,711,-1037
108671,109369,698,0,GE-Phase,stroke,107960,110406,2446,698,1.0,711,-1037
109369,110382,1013,0,GE-Phrase,230,107960,110406,2446,1013,1.0,1409,-24
109369,110382,1013,0,GE-Phase,stroke,107960,110406,2446,1013,1.0,1409,-24
111370,113448,2078,0,GE-Phrase,232,111344,112091,747,721,0.347,26,1357
111370,113448,2078,0,GE-Phrase,233,112091,112627,536,536,0.258,-721,821
111370,113448,2078,0,GE-Phrase,234,112627,113705,1078,821,0.395,-1257,-257
111370,113448,2078,0,GE-Phase,stroke,111344,112091,747,721,0.347,26,1357
111370,113448,2078,0,GE-Phase,stroke,112091,112627,536,536,0.258,-721,821
111370,113448,2078,0,GE-Phase,preparation,112627,113297,670,670,0.322,-1257,151
111370,113448,2078,0,GE-Phase,stroke,113297,113705,408,151,0.073,-1927,-257
124510,125180,670,0,GE-Phrase,241,121878,125705,3827,670,1.0,2632,-525
124510,125180,670,0,GE-Phase,stroke,122442,125705,3263,670,1.0,2068,-525
125180,125513,333,0,GE-Phrase,241,121878,125705,3827,333,1.0,3302,-192
125180,125513,333,0,GE-Phase,stroke,122442,125705,3263,333,1.0,2738,-192
45810,46185,375,0,GE-Phrase,201,43285,46196,2911,375,1.0,2525,-11
45810,46185,375,0,GE-Phase,retraction,45605,46196,591,375,1.0,205,-11
46185,48220,2035,0,GE-Phrase,201,43285,46196,2911,11,0.005,2900,2024
46185,48220,2035,0,GE-Phrase,202,46196,50278,4082,2024,0.995,-11,-2058
46185,48220,2035,0,GE-Phase,retraction,45605,46196,591,11,0.005,580,2024
46185,48220,2035,0,GE-Phase,preparation,46196,47482,1286,1286,0.632,-11,738
46185,48220,2035,0,GE-Phase,stroke,47482,50132,2650,738,0.363,-1297,-1912
48950,50259,1309,0,GE-Phrase,202,46196,50278,4082,1309,1.0,2754,-19
48950,50259,1309,0,GE-Phase,stroke,47482,50132,2650,1182,0.903,1468,127
48950,50259,1309,0,GE-Phase,retraction,50132,50278,146,127,0.097,-1182,-19
101775,103364,1589,0,GE-Phrase,226,101601,103369,1768,1589,1.0,174,-5
101775,103364,1589,0,GE-Phase,stroke,101601,102234,633,459,0.289,174,1130
101775,103364,1589,0,GE-Phase,retraction,102234,103369,1135,1130,0.711,-459,-5
106840,108290,1450,0,GE-Phrase,229,105764,107960,2196,1120,0.772,1076,330
106840,108290,1450,0,GE-Phrase,230,107960,110406,2446,330,0.228,-1120,-2116
106840,108290,1450,0,GE-Phase,stroke,105764,107960,2196,1120,0.772,1076,330
106840,108290,1450,0,GE-Phase,stroke,107960,110406,2446,330,0.228,-1120,-2116
108290,108671,381,0,GE-Phrase,230,107960,110406,2446,381,1.0,330,-1735
108290,108671,381,0,GE-Phase,stroke,107960,110406,2446,381,1.0,330,-1735
108671,109369,698,0,GE-Phrase,230,107960,110406,2446,698,1.0,711,-1037
108671,109369,698,0,GE-Phase,stroke,107960,110406,2446,698,1.0,711,-1037
109369,110382,1013,0,GE-Phrase,230,107960,110406,2446,1013,1.0,1409,-24
109369,110382,1013,0,GE-Phase,stroke,107960,110406,2446,1013,1.0,1409,-24
111370,113448,2078,0,GE-Phrase,232,111344,112091,747,721,0.347,26,1357
111370,113448,2078,0,GE-Phrase,233,112091,112627,536,536,0.258,-721,821
111370,113448,2078,0,GE-Phrase,234,112627,113705,1078,821,0.395,-1257,-257
111370,113448,2078,0,GE-Phase,stroke,111344,112091,747,721,0.347,26,1357
111370,113448,2078,0,GE-Phase,stroke,112091,112627,536,536,0.258,-721,821
111370,113448,2078,0,GE-Phase,preparation,112627,113297,670,670,0.322,-1257,151
111370,113448,2078,0,GE-Phase,stroke,113297,113705,408,151,0.073,-1927,-257
124510,125180,670,0,GE-Phrase,241,121878,125705,3827,670,1.0,2632,-525
124510,125180,670,0,GE-Phase,stroke,122442,125705,3263,670,1.0,2068,-525
125180,125513,333,0,GE-Phrase,241,121878,125705,3827,333,1.0,3302,-192
125180,125513,333,0,GE-Phase,stroke,122442,125705,3263,333,1.0,2738,-192
45810,46185,375,0,GE-Phrase,201,43285,46196,2911,375,1.0,2525,-11
45810,46185,375,0,GE-Phase,retraction,45605,46196,591,375,1.0,205,-11
46185,48220,2035,0,GE-Phrase,201,43285,46196,2911,11,0.005,2900,2024
46185,48220,2035,0,GE-Phrase,202,46196,50278,4082,2024,0.995,-11,-2058
46185,48220,2035,0,GE-Phase,retraction,45605,46196,591,11,0.005,580,2024
46185,48220,2035,0,GE-Phase,preparation,46196,47482,1286,1286,0.632,-11,738
46185,48220,2035,0,GE-Phase,stroke,47482,50132,2650,738,0.363,-1297,-1912
48950,50259,1309,0,GE-Phrase,202,46196,50278,4082,1309,1.0,2754,-19
48950,50259,1309,0,GE-Phase,stroke,47482,50132,2650,1182,0.903,1468,127
48950,50259,1309,0,GE-Phase,retraction,50132,50278,146,127,0.097,-1182,-19
101775,103364,1589,0,GE-Phrase,226,101601,103369,1768,1589,1.0,174,-5
101775,103364,1589,0,GE-Phase,stroke,101601,102234,633,459,0.289,174,1130
101775,103364,1589,0,GE-Phase,retraction,102234,103369,1135,1130,0.711,-459,-5
106840,108290,1450,0,GE-Phrase,229,105764,107960,2196,1120,0.772,1076,330
106840,108290,1450,0,GE-Phrase,230,107960,110406,2446,330,0.228,-1120,-2116
106840,108290,1450,0,GE-Phase,stroke,105764,107960,2196,1120,0.772,1076,330
106840,108290,1450,0,GE-Phase,stroke,107960,110406,2446,330,0.228,-1120,-2116
108290,108671,381,0,GE-Phrase,230,107960,110406,2446,381,1.0,330,-1735
108290,108671,381,0,GE-Phase,stroke,107960,110406,2446,381,1.0,330,-1735
108671,109369,698,0,GE-Phrase,230,107960,110406,2446,698,1.0,711,-1037
108671,109369,698,0,GE-Phase,stroke,107960,110406,2446,698,1.0,711,-1037
109369,110382,1013,0,GE-Phrase,230,107960,110406,2446,1013,1.0,1409,-24
109369,110382,1013,0,GE-Phase,stroke,107960,110406,2446,1013,1.0,1409,-24
111370,113448,2078,0,GE-Phrase,232,111344,112091,747,721,0.347,26,1357
111370,113448,2078,0,GE-Phrase,233,112091,112627,536,536,0.258,-721,821
111370,113448,2078,0,GE-Phrase,234,112627,113705,1078,821,0.395,-1257,-257
111370,113448,2078,0,GE-Phase,stroke,111344,112091,747,721,0.347,26,1357
111370,113448,2078,0,GE-Phase,stroke,112091,112627,536,536,0.258,-721,821
111370,113448,2078,0,GE-Phase,preparation,112627,113297,670,670,0.322,-1257,151
111370,113448,2078,0,GE-Phase,stroke,113297,113705,408,151,0.073,-1927,-257
124510,125180,670,0,GE-Phrase,241,121878,125705,3827,670,1.0,2632,-525
124510,125180,670,0,GE-Phase,stroke,122442,125705,3263,670,1.0,2068,-525
125180,125513,333,0,GE-Phrase,241,121878,125705,3827,333,1.0,3302,-192
125180,125513,333,0,GE-Phase,stroke,122442,125705,3263,333,1.0,2738,-192
45810,46185,375,0,GE-Phrase,201,43285,46196,2911,375,1.0,2525,-11
45810,46185,375,0,GE-Phase,retraction,45605,46196,591,375,1.0,205,-11
46185,48220,2035,0,GE-Phrase,201,43285,46196,2911,11,0.005,2900,2024
46185,48220,2035,0,GE-Phrase,202,46196,50278,4082,2024,0.995,-11,-2058
46185,48220,2035,0,GE-Phase,retraction,45605,46196,591,11,0.005,580,2024
46185,48220,2035,0,GE-Phase,preparation,46196,47482,1286,1286,0.632,-11,738
46185,48220,2035,0,GE-Phase,stroke,47482,50132,2650,738,0.363,-1297,-1912
48950,50259,1309,0,GE-Phrase,202,46196,50278,4082,1309,1.0,2754,-19
48950,50259,1309,0,GE-Phase,stroke,47482,50132,2650,1182,0.903,1468,127
48950,50259,1309,0,GE-Phase,retraction,50132,50278,146,127,0.097,-1182,-19
101775,103364,1589,0,GE-Phrase,226,101601,103369,1768,1589,1.0,174,-5
101775,103364,1589,0,GE-Phase,stroke,101601,102234,633,459,0.289,174,1130
101775,103364,1589,0,GE-Phase,retraction,102234,103369,1135,1130,0.711,-459,-5
106840,108290,1450,0,GE-Phrase,229,105764,107960,2196,1120,0.772,1076,330
106840,108290,1450,0,GE-Phrase,230,107960,110406,2446,330,0.228,-1120,-2116
106840,108290,1450,0,GE-Phase,stroke,105764,107960,2196,1120,0.772,1076,330
106840,108290,1450,0,GE-Phase,stroke,107960,110406,2446,330,0.228,-1120,-2116
108290,108671,381,0,GE-Phrase,230,107960,110406,2446,381,1.0,330,-1735
108290,108671,381,0,GE-Phase,stroke,107960,110406,2446,381,1.0,330,-1735
108671,109369,698,0,GE-Phrase,230,107960,110406,2446,698,1.0,711,-1037
108671,109369,698,0,GE-Phase,stroke,107960,110406,2446,698,1.0,711,-1037
109369,110382,1013,0,GE-Phrase,230,107960,110406,2446,1013,1.0,1409,-24
109369,110382,1013,0,GE-Phase,stroke,107960,110406,2446,1013,1.0,1409,-24
111370,113448,2078,0,GE-Phrase,232,111344,112091,747,721,0.347,26,1357
111370,113448,2078,0,GE-Phrase,233,112091,112627,536,536,0.258,-721,821
111370,113448,2078,0,GE-Phrase,234,112627,113705,1078,821,0.395,-1257,-257
111370,113448,2078,0,GE-Phase,stroke,111344,112091,747,721,0.347,26,1357
111370,113448,2078,0,GE-Phase,stroke,112091,112627,536,536,0.258,-721,821
111370,113448,2078,0,GE-Phase,preparation,112627,113297,670,670,0.322,-1257,151
111370,113448,2078,0,GE-Phase,stroke,113297,113705,408,151,0.073,-1927,-257
124510,125180,670,0,GE-Phrase,241,121878,125705,3827,670,1.0,2632,-525
124510,125180,670,0,GE-Phase,stroke,122442,125705,3263,670,1.0,2068,-525
125180,125513,333,0,GE-Phrase,241,121878,125705,3827,333,1.0,3302,-192
125180,125513,333,0,GE-Phase,stroke,122442,125705,3263,333,1.0,2738,-192
45810,46185,375,0,GE-Phrase,201,43285,46196,2911,375,1.0,2525,-11
45810,46185,375,0,GE-Phase,retraction,45605,46196,591,375,1.0,205,-11
46185,48220,2035,0,GE-Phrase,201,43285,46196,2911,11,0.005,2900,2024
46185,48220,2035,0,GE-Phrase,202,46196,50278,4082,2024,0.995,-11,-2058
46185,48220,2035,0,GE-Phase,retraction,45605,46196,591,11,0.005,580,2024
46185,48220,2035,0,GE-Phase,preparation,46196,47482,1286,1286,0.632,-11,738
46185,48220,2035,0,GE-Phase,stroke,47482,50132,2650,738,0.363,-1297,-1912
48950,50259,1309,0,GE-Phrase,202,46196,50278,4082,1309,1.0,2754,-19
48950,50259,1309,0,GE-Phase,stroke,47482,50132,2650,1182,0.903,1468,127
48950,50259,1309,0,GE-Phase,retraction,50132,50278,146,127,0.097,-1182,-19
101775,103364,1589,0,GE-Phrase,226,101601,103369,1768,1589,1.0,174,-5
101775,103364,1589,0,GE-Phase,stroke,101601,102234,633,459,0.289,174,1130
101775,103364,1589,0,GE-Phase,retraction,102234,103369,1135,1130,0.711,-459,-5
106840,108290,1450,0,GE-Phrase,229,105764,107960,2196,1120,0.772,1076,330
106840,108290,1450,0,GE-Phrase,230,107960,110406,2446,330,0.228,-1120,-2116
106840,108290,1450,0,GE-Phase,stroke,105764,107960,2196,1120,0.772,1076,330
106840,108290,1450,0,GE-Phase,stroke,107960,110406,2446,330,0.228,-1120,-2116
108290,108671,381,0,GE-Phrase,230,107960,110406,2446,381,1.0,330,-1735
108290,108671,381,0,GE-Phase,stroke,107960,110406,2446,381,1.0,330,-1735
108671,109369,698,0,GE-Phrase,230,107960,110406,2446,698,1.0,711,-1037
108671,109369,698,0,GE-Phase,stroke,107960,110406,2446,698,1.0,711,-1037
109369,110382,1013,0,GE-Phrase,230,107960,110406,2446,1013,1.0,1409,-24
109369,110382,1013,0,GE-Phase,stroke,107960,110406,2446,1013,1.0,1409,-24
111370,113448,2078,0,GE-Phrase,232,111344,112091,747,721,0.347,26,1357
111370,113448,2078,0,GE-Phrase,233,112091,112627,536,536,0.258,-721,821
111370,113448,2078,0,GE-Phrase,234,112627,113705,1078,821,0.395,-1257,-257
111370,113448,2078,0,GE-Phase,stroke,111344,112091,747,721,0.347,26,1357
111370,113448,2078,0,GE-Phase,stroke,112091,112627,536,536,0.258,-721,821
111370,113448,2078,0,GE-Phase,preparation,112627,113297,670,670,0.322,-1257,151
111370,113448,2078,0,GE-Phase,stroke,113297,113705,408,151,0.073,-1927,-257
124510,125180,670,0,GE-Phrase,241,121878,125705,3827,670,1.0,2632,-525
124510,125180,670,0,GE-Phase,stroke,122442,125705,3263,670,1.0,2068,-525
125180,125513,333,0,GE-Phrase,241,121878,125705,3827,333,1.0,3302,-192
125180,125513,333,0,GE-Phase,stroke,122442,125705,3263,333,1.0,2738,-192
45810,46185,375,0,GE-Phrase,201,43285,46196,2911,375,1.0,2525,-11
45810,46185,375,0,GE-Phase,retraction,45605,46196,591,375,1.0,205,-11
46185,48220,2035,0,GE-Phrase,201,43285,46196,2911,11,0.005,2900,2024
46185,48220,2035,0,GE-Phrase,202,46196,50278,4082,2024,0.995,-11,-2058
46185,48220,2035,0,GE-Phase,retraction,45605,46196,591,11,0.005,580,2024
46185,48220,2035,0,GE-Phase,preparation,46196,47482,1286,1286,0.632,-11,738
46185,48220,2035,0,GE-Phase,stroke,47482,50132,2650,738,0.363,-1297,-1912
48950,50259,1309,0,GE-Phrase,202,46196,50278,4082,1309,1.0,2754,-19
48950,50259,1309,0,GE-Phase,stroke,47482,50132,2650,1182,0.903,1468,127
48950,50259,1309,0,GE-Phase,retraction,50132,50278,146,127,0.097,-1182,-19
101775,103364,1589,0,GE-Phrase,226,101601,103369,1768,1589,1.0,174,-5
101775,103364,1589,0,GE-Phase,stroke,101601,102234,633,459,0.289,174,1130
101775,103364,1589,0,GE-Phase,retraction,102234,103369,1135,1130,0.711,-459,-5
106840,108290,1450,0,GE-Phrase,229,105764,107960,2196,1120,0.772,1076,330
106840,108290,1450,0,GE-Phrase,230,107960,110406,2446,330,0.228,-1120,-2116
106840,108290,1450,0,GE-Phase,stroke,105764,107960,2196,1120,0.772,1076,330
106840,108290,1450,0,GE-Phase,stroke,107960,110406,2446,330,0.228,-1120,-2116
108290,108671,381,0,GE-Phrase,230,107960,110406,2446,381,1.0,330,-1735
108290,108671,381,0,GE-Phase,stroke,107960,110406,2446,381,1.0,330,-1735
108671,109369,698,0,GE-Phrase,230,107960,110406,2446,698,1.0,711,-1037
108671,109369,698,0,GE-Phase,stroke,107960,110406,2446,698,1.0,711,-1037
109369,110382,1013,0,GE-Phrase,230,107960,110406,2446,1013,1.0,1409,-24
109369,110382,1013,0,GE-Phase,stroke,107960,110406,2446,1013,1.0,1409,-24
111370,113448,2078,0,GE-Phrase,232,111344,112091,747,721,0.347,26,1357
111370,113448,2078,0,GE-Phrase,233,112091,112627,536,536,0.258,-721,821
111370,113448,2078,0,GE-Phrase,234,112627,113705,1078,821,0.395,-1257,-257
111370,113448,2078,0,GE-Phase,stroke,111344,112091,747,721,0.347,26,1357
111370,113448,2078,0,GE-Phase,stroke,112091,112627,536,536,0.258,-721,821
111370,113448,2078,0,GE-Phase,preparation,112627,113297,670,670,0.322,-1257,151
111370,113448,2078,0,GE-Phase,stroke,113297,113705,408,151,0.073,-1927,-257
124510,125180,670,0,GE-Phrase,241,121878,125705,3827,670,1.0,2632,-525
124510,125180,670,0,GE-Phase,stroke,122442,125705,3263,670,1.0,2068,-525
125180,125513,333,0,GE-Phrase,241,121878,125705,3827,333,1.0,3302,-192
125180,125513,333,0,GE-Phase,stroke,122442,125705,3263,333,1.0,2738,-192
45810,46185,375,0,GE-Phrase,201,43285,46196,2911,375,1.0,2525,-11
45810,46185,375,0,GE-Phase,retraction,45605,46196,591,375,1.0,205,-11
46185,48220,2035,0,GE-Phrase,201,43285,46196,2911,11,0.005,2900,2024
46185,48220,2035,0,GE-Phrase,202,46196,50278,4082,2024,0.995,-11,-2058
46185,48220,2035,0,GE-Phase,retraction,45605,46196,591,11,0.005,580,2024
46185,48220,2035,0,GE-Phase,preparation,46196,47482,1286,1286,0.632,-11,738
46185,48220,2035,0,GE-Phase,stroke,47482,50132,2650,738,0.363,-1297,-1912
48950,50259,1309,0,GE-Phrase,202,46196,50278,4082,1309,1.0,2754,-19
48950,50259,1309,0,GE-Phase,stroke,47482,50132,2650,1182,0.903,1468,127
48950,50259,1309,0,GE-Phase,retraction,50132,50278,146,127,0.097,-1182,-19
101775,103364,1589,0,GE-Phrase,226,101601,103369,1768,1589,1.0,174,-5
101775,103364,1589,0,GE-Phase,stroke,101601,102234,633,459,0.289,174,1130
101775,103364,1589,0,GE-Phase,retraction,102234,103369,1135,1130,0.711,-459,-5
106840,108290,1450,0,GE-Phrase,229,105764,107960,2196,1120,0.772,1076,330
106840,108290,1450,0,GE-Phrase,230,107960,110406,2446,330,0.228,-1120,-2116
106840,108290,1450,0,GE-Phase,stroke,105764,107960,2196,1120,0.772,1076,330
106840,108290,1450,0,GE-Phase,stroke,107960,110406,2446,330,0.228,-1120,-2116
108290,108671,381,0,GE-Phrase,230,107960,110406,2446,381,1.0,330,-1735
108290,108671,381,0,GE-Phase,stroke,107960,110406,2446,381,1.0,330,-1735
108671,109369,698,0,GE-Phrase,230,107960,110406,2446,698,1.0,711,-1037
108671,109369,698,0,GE-Phase,stroke,107960,110406,2446,698,1.0,711,-1037
109369,110382,1013,0,GE-Phrase,230,107960,110406,2446,1013,1.0,1409,-24
109369,110382,1013,0,GE-Phase,stroke,107960,110406,2446,1013,1.0,1409,-24
111370,113448,2078,0,GE-Phrase,232,111344,112091,747,721,0.347,26,1357
111370,113448,2078,0,GE-Phrase,233,112091,112627,536,536,0.258,-721,821
111370,113448,2078,0,GE-Phrase,234,112627,113705,1078,821,0.395,-1257,-257
111370,113448,2078,0,GE-Phase,stroke,111344,112091,747,721,0.347,26,1357
111370,113448,2078,0,GE-Phase,stroke,112091,112627,536,536,0.258,-721,821
111370,113448,2078,0,GE-Phase,preparation,112627,113297,670,670,0.322,-1257,151
111370,113448,2078,0,GE-Phase,stroke,113297,113705,408,151,0.073,-1927,-257
124510,125180,670,0,GE-Phrase,241,121878,125705,3827,670,1.0,2632,-525
124510,125180,670,0,GE-Phase,stroke,122442,125705,3263,670,1.0,2068,-525
125180,125513,333,0,GE-Phrase,241,121878,125705,3827,333,1.0,3302,-192
125180,125513,333,0,GE-Phase,stroke,122442,125705,3263,333,1.0,2738,-192
45810,46185,375,0,GE-Phrase,201,43285,46196,2911,375,1.0,2525,-11
45810,46185,375,0,GE-Phase,retraction,45605,46196,591,375,1.0,205,-11
46185,48220,2035,0,GE-Phrase,201,43285,46196,2911,11,0.005,2900,2024
46185,48220,2035,0,GE-Phrase,202,46196,50278,4082,2024,0.995,-11,-2058
46185,48220,2035,0,GE-Phase,retraction,45605,46196,591,11,0.005,580,2024
46185,48220,2035,0,GE-Phase,preparation,46196,47482,1286,1286,0.632,-11,738
46185,48220,2035,0,GE-Phase,stroke,47482,50132,2650,738,0.363,-1297,-1912
48950,50259,1309,0,GE-Phrase,202,46196,50278,4082,1309,1.0,2754,-19
48950,50259,1309,0,GE-Phase,stroke,47482,50132,2650,1182,0.903,1468,127
48950,50259,1309,0,GE-Phase,retraction,50132,50278,146,127,0.097,-1182,-19
101775,103364,1589,0,GE-Phrase,226,101601,103369,1768,1589,1.0,174,-5
101775,103364,1589,0,GE-Phase,stroke,101601,102234,633,459,0.289,174,1130
101775,103364,1589,0,GE-Phase,retraction,102234,103369,1135,1130,0.711,-459,-5
106840,108290,1450,0,GE-Phrase,229,105764,107960,2196,1120,0.772,1076,330
106840,108290,1450,0,GE-Phrase,230,107960,110406,2446,330,0.228,-1120,-2116
106840,108290,1450,0,GE-Phase,stroke,105764,107960,2196,1120,0.772,1076,330
106840,108290,1450,0,GE-Phase,stroke,107960,110406,2446,330,0.228,-1120,-2116
108290,108671,381,0,GE-Phrase,230,107960,110406,2446,381,1.0,330,-1735
108290,108671,381,0,GE-Phase,stroke,107960,110406,2446,381,1.0,330,-1735
108671,109369,698,0,GE-Phrase,230,107960,110406,2446,698,1.0,711,-1037
108671,109369,698,0,GE-Phase,stroke,107960,110406,2446,698,1.0,711,-1037
109369,110382,1013,0,GE-Phrase,230,107960,110406,2446,1013,1.0,1409,-24
109369,110382,1013,0,GE-Phase,stroke,107960,110406,2446,1013,1.0,1409,-24
111370,113448,2078,0,GE-Phrase,232,111344,112091,747,721,0.347,26,1357
111370,113448,2078,0,GE-Phrase,233,112091,112627,536,536,0.258,-721,821
111370,113448,2078,0,GE-Phrase,234,112627,113705,1078,821,0.395,-1257,-257
111370,113448,2078,0,GE-Phase,stroke,111344,112091,747,721,0.347,26,1357
111370,113448,2078,0,GE-Phase,stroke,112091,112627,536,536,0.258,-721,821
111370,113448,2078,0,GE-Phase,preparation,112627,113297,670,670,0.322,-1257,151
111370,113448,2078,0,GE-Phase,stroke,113297,113705,408,151,0.073,-1927,-257
124510,125180,670,0,GE-Phrase,241,121878,125705,3827,670,1.0,2632,-525
124510,125180,670,0,GE-Phase,stroke,122442,125705,3263,670,1.0,2068,-525
125180,125513,333,0,GE-Phrase,241,121878,125705,3827,333,1.0,3302,-192
125180,125513,333,0,GE-Phase,stroke,122442,125705,3263,333,1.0,2738,-192
45810,46185,375,0,GE-Phrase,201,43285,46196,2911,375,1.0,2525,-11
45810,46185,375,0,GE-Phase,retraction,45605,46196,591,375,1.0,205,-11
46185,48220,2035,0,GE-Phrase,201,43285,46196,2911,11,0.005,2900,2024
46185,48220,2035,0,GE-Phrase,202,46196,50278,4082,2024,0.995,-11,-2058
46185,48220,2035,0,GE-Phase,retraction,45605,46196,591,11,0.005,580,2024
46185,48220,2035,0,GE-Phase,preparation,46196,47482,1286,1286,0.632,-11,738
46185,48220,2035,0,GE-Phase,stroke,47482,50132,2650,738,0.363,-1297,-1912
48950,50259,1309,0,GE-Phrase,202,46196,50278,4082,1309,1.0,2754,-19
48950,50259,1309,0,GE-Phase,stroke,47482,50132,2650,1182,0.903,1468,127
48950,50259,1309,0,GE-Phase,retraction,50132,50278,146,127,0.097,-1182,-19
101775,103364,1589,0,GE-Phrase,226,101601,103369,1768,1589,1.0,174,-5
101775,103364,1589,0,GE-Phase,stroke,101601,102234,633,459,0.289,174,1130
101775,103364,1589,0,GE-Phase,retraction,102234,103369,1135,1130,0.711,-459,-5
106840,108290,1450,0,GE-Phrase,229,105764,107960,2196,1120,0.772,1076,330
106840,108290,1450,0,GE-Phrase,230,107960,110406,2446,330,0.228,-1120,-2116
106840,108290,1450,0,GE-Phase,stroke,105764,107960,2196,1120,0.772,1076,330
106840,108290,1450,0,GE-Phase,stroke,107960,110406,2446,330,0.228,-1120,-2116
108290,108671,381,0,GE-Phrase,230,107960,110406,2446,381,1.0,330,-1735
108290,108671,381,0,GE-Phase,stroke,107960,110406,2446,381,1.0,330,-1735
108671,109369,698,0,GE-Phrase,230,107960,110406,2446,698,1.0,711,-1037
108671,109369,698,0,GE-Phase,stroke,107960,110406,2446,698,1.0,711,-1037
109369,110382,1013,0,GE-Phrase,230,107960,110406,2446,1013,1.0,1409,-24
109369,110382,1013,0,GE-Phase,stroke,107960,110406,2446,1013,1.0,1409,-24
111370,113448,2078,0,GE-Phrase,232,111344,112091,747,721,0.347,26,1357
111370,113448,2078,0,GE-Phrase,233,112091,112627,536,536,0.258,-721,821
111370,113448,2078,0,GE-Phrase,234,112627,113705,1078,821,0.395,-1257,-257
111370,113448,2078,0,GE-Phase,stroke,111344,112091,747,721,0.347,26,1357
111370,113448,2078,0,GE-Phase,stroke,112091,112627,536,536,0.258,-721,821
111370,113448,2078,0,GE-Phase,preparation,112627,113297,670,670,0.322,-1257,151
111370,113448,2078,0,GE-Phase,stroke,113297,113705,408,151,0.073,-1927,-257
124510,125180,670,0,GE-Phrase,241,121878,125705,3827,670,1.0,2632,-525
124510,125180,670,0,GE-Phase,stroke,122442,125705,3263,670,1.0,2068,-525
125180,125513,333,0,GE-Phrase,241,121878,125705,3827,333,1.0,3302,-192
125180,125513,333,0,GE-Phase,stroke,122442,125705,3263,333,1.0,2738,-192
45810,46185,375,0,GE-Phrase,201,43285,46196,2911,375,1.0,2525,-11
45810,46185,375,0,GE-Phase,retraction,45605,46196,591,375,1.0,205,-11
46185,48220,2035,0,GE-Phrase,201,43285,46196,2911,11,0.005,2900,2024
46185,48220,2035,0,GE-Phrase,202,46196,50278,4082,2024,0.995,-11,-2058
46185,48220,2035,0,GE-Phase,retraction,45605,46196,591,11,0.005,580,2024
46185,48220,2035,0,GE-Phase,preparation,46196,47482,1286,1286,0.632,-11,738
46185,48220,2035,0,GE-Phase,stroke,47482,50132,2650,738,0.363,-1297,-1912
48950,50259,1309,0,GE-Phrase,202,46196,50278,4082,1309,1.0,2754,-19
48950,50259,1309,0,GE-Phase,stroke,47482,50132,2650,1182,0.903,1468,127
48950,50259,1309,0,GE-Phase,retraction,50132,50278,146,127,0.097,-1182,-19
101775,103364,1589,0,GE-Phrase,226,101601,103369,1768,1589,1.0,174,-5
101775,103364,1589,0,GE-Phase,stroke,101601,102234,633,459,0.289,174,1130
101775,103364,1589,0,GE-Phase,retraction,102234,103369,1135,1130,0.711,-459,-5
106840,108290,1450,0,GE-Phrase,229,105764,107960,2196,1120,0.772,1076,330
106840,108290,1450,0,GE-Phrase,230,107960,110406,2446,330,0.228,-1120,-2116
106840,108290,1450,0,GE-Phase,stroke,105764,107960,2196,1120,0.772,1076,330
106840,108290,1450,0,GE-Phase,stroke,107960,110406,2446,330,0.228,-1120,-2116
108290,108671,381,0,GE-Phrase,230,107960,110406,2446,381,1.0,330,-1735
108290,108671,381,0,GE-Phase,stroke,107960,110406,2446,381,1.0,330,-1735
108671,109369,698,0,GE-Phrase,230,107960,110406,2446,698,1.0,711,-1037
108671,109369,698,0,GE-Phase,stroke,107960,110406,2446,698,1.0,711,-1037
109369,110382,1013,0,GE-Phrase,230,107960,110406,2446,1013,1.0,1409,-24
109369,110382,1013,0,GE-Phase,stroke,107960,110406,2446,1013,1.0,1409,-24
111370,113448,2078,0,GE-Phrase,232,111344,112091,747,721,0.347,26,1357
111370,113448,2078,0,GE-Phrase,233,112091,112627,536,536,0.258,-721,821
111370,113448,2078,0,GE-Phrase,234,112627,113705,1078,821,0.395,-1257,-257
111370,113448,2078,0,GE-Phase,stroke,111344,112091,747,721,0.347,26,1357
111370,113448,2078,0,GE-Phase,stroke,112091,112627,536,536,0.258,-721,821
111370,113448,2078,0,GE-Phase,preparation,112627,113297,670,670,0.322,-1257,151
111370,113448,2078,0,GE-Phase,stroke,113297,113705,408,151,0.073,-1927,-257
124510,125180,670,0,GE-Phrase,241,121878,125705,3827,670,1.0,2632,-525
124510,125180,670,0,GE-Phase,stroke,122442,125705,3263,670,1.0,2068,-525
125180,125513,333,0,GE-Phrase,241,121878,125705,3827,333,1.0,3302,-192
125180,125513,333,0,GE-Phase,stroke,122442,125705,3263,333,1.0,2738,-192
45810,46185,375,0,GE-Phrase,201,43285,46196,2911,375,1.0,2525,-11
45810,46185,375,0,GE-Phase,retraction,45605,46196,591,375,1.0,205,-11
46185,48220,2035,0,GE-Phrase,201,43285,46196,2911,11,0.005,2900,2024
46185,48220,2035,0,GE-Phrase,202,46196,50278,4082,2024,0.995,-11,-2058
46185,48220,2035,0,GE-Phase,retraction,45605,46196,591,11,0.005,580,2024
46185,48220,2035,0,GE-Phase,preparation,46196,47482,1286,1286,0.632,-11,738
46185,48220,2035,0,GE-Phase,stroke,47482,50132,2650,738,0.363,-1297,-1912
48950,50259,1309,0,GE-Phrase,202,46196,50278,4082,1309,1.0,2754,-19
48950,50259,1309,0,GE-Phase,stroke,47482,50132,2650,1182,0.903,1468,127
48950,50259,1309,0,GE-Phase,retraction,50132,50278,146,127,0.097,-1182,-19
101775,103364,1589,0,GE-Phrase,226,101601,103369,1768,1589,1.0,174,-5
101775,103364,1589,0,GE-Phase,stroke,101601,102234,633,459,0.289,174,1130
101775,103364,1589,0,GE-Phase,retraction,102234,103369,1135,1130,0.711,-459,-5
106840,108290,1450,0,GE-Phrase,229,105764,107960,2196,1120,0.772,1076,330
106840,108290,1450,0,GE-Phrase,230,107960,110406,2446,330,0.228,-1120,-2116
106840,108290,1450,0,GE-Phase,stroke,105764,107960,2196,1120,0.772,1076,330
106840,108290,1450,0,GE-Phase,stroke,107960,110406,2446,330,0.228,-1120,-2116
108290,108671,381,0,GE-Phrase,230,107960,110406,2446,381,1.0,330,-1735
108290,108671,381,0,GE-Phase,stroke,107960,110406,2446,381,1.0,330,-1735
108671,109369,698,0,GE-Phrase,230,107960,110406,2446,698,1.0,711,-1037
108671,109369,698,0,GE-Phase,stroke,107960,110406,2446,698,1.0,711,-1037
109369,110382,1013,0,GE-Phrase,230,107960,110406,2446,1013,1.0,1409,-24
109369,110382,1013,0,GE-Phase,stroke,107960,110406,2446,1013,1.0,1409,-24
111370,113448,2078,0,GE-Phrase,232,111344,112091,747,721,0.347,26,1357
111370,113448,2078,0,GE-Phrase,233,112091,112627,536,536,0.258,-721,821
111370,113448,2078,0,GE-Phrase,234,112627,113705,1078,821,0.395,-1257,-257
111370,113448,2078,0,GE-Phase,stroke,111344,112091,747,721,0.347,26,1357
111370,113448,2078,0,GE-Phase,stroke,112091,112627,536,536,0.258,-721,821
111370,113448,2078,0,GE-Phase,preparation,112627,113297,670,670,0.322,-1257,151
111370,113448,2078,0,GE-Phase,stroke,113297,113705,408,151,0.073,-1927,-257
124510,125180,670,0,GE-Phrase,241,121878,125705,3827,670,1.0,2632,-525
124510,125180,670,0,GE-Phase,stroke,122442,125705,3263,670,1.0,2068,-525
125180,125513,333,0,GE-Phrase,241,121878,125705,3827,333,1.0,3302,-192
125180,125513,333,0,GE-Phase,stroke,122442,125705,3263,333,1.0,2738,-192
45810,46185,375,0,GE-Phrase,201,43285,46196,2911,375,1.0,2525,-11
45810,46185,375,0,GE-Phase,retraction,45605,46196,591,375,1.0,205,-11
46185,48220,2035,0,GE-Phrase,201,43285,46196,2911,11,0.005,2900,2024
46185,48220,2035,0,GE-Phrase,202,46196,50278,4082,2024,0.995,-11,-2058
46185,48220,2035,0,GE-Phase,retraction,45605,46196,591,11,0.005,580,2024
46185,48220,2035,0,GE-Phase,preparation,46196,47482,1286,1286,0.632,-11,738
46185,48220,2035,0,GE-Phase,stroke,47482,50132,2650,738,0.363,-1297,-1912
48950,50259,1309,0,GE-Phrase,202,46196,50278,4082,1309,1.0,2754,-19
48950,50259,1309,0,GE-Phase,stroke,47482,50132,2650,1182,0.903,1468,127
48950,50259,1309,0,GE-Phase,retraction,50132,50278,146,127,0.097,-1182,-19
101775,103364,1589,0,GE-Phrase,226,101601,103369,1768,1589,1.0,174,-5
101775,103364,1589,0,GE-Phase,stroke,101601,102234,633,459,0.289,174,1130
101775,103364,1589,0,GE-Phase,retraction,102234,103369,1135,1130,0.711,-459,-5
106840,108290,1450,0,GE-Phrase,229,105764,107960,2196,1120,0.772,1076,330
106840,108290,1450,0,GE-Phrase,230,107960,110406,2446,330,0.228,-1120,-2116
106840,108290,1450,0,GE-Phase,stroke,105764,107960,2196,1120,0.772,1076,330
106840,108290,1450,0,GE-Phase,stroke,107960,110406,2446,330,0.228,-1120,-2116
108290,108671,381,0,GE-Phrase,230,107960,110406,2446,381,1.0,330,-1735
108290,108671,381,0,GE-Phase,stroke,107960,110406,2446,381,1.0,330,-1735
108671,109369,698,0,GE-Phrase,230,107960,110406,2446,698,1.0,711,-1037
108671,109369,698,0,GE-Phase,stroke,107960,110406,2446,698,1.0,711,-1037
109369,110382,1013,0,GE-Phrase,230,107960,110406,2446,1013,1.0,1409,-24
109369,110382,1013,0,GE-Phase,stroke,107960,110406,2446,1013,1.0,1409,-24
111370,113448,2078,0,GE-Phrase,232,111344,112091,747,721,0.347,26,1357
111370,113448,2078,0,GE-Phrase,233,112091,112627,536,536,0.258,-721,821
111370,113448,2078,0,GE-Phrase,234,112627,113705,1078,821,0.395,-1257,-257
111370,113448,2078,0,GE-Phase,stroke,111344,112091,747,721,0.347,26,1357
111370,113448,2078,0,GE-Phase,stroke,112091,112627,536,536,0.258,-721,821
111370,113448,2078,0,GE-Phase,preparation,112627,113297,670,670,0.322,-1257,151
111370,113448,2078,0,GE-Phase,stroke,113297,113705,408,151,0.073,-1927,-257
124510,125180,670,0,GE-Phrase,241,121878,125705,3827,670,1.0,2632,-525
124510,125180,670,0,GE-Phase,stroke,122442,125705,3263,670,1.0,2068,-525
125180,125513,333,0,GE-Phrase,241,121878,125705,3827,333,1.0,3302,-192
125180,125513,333,0,GE-Phase,stroke,122442,125705,3263,333,1.0,2738,-192
45810,46185,375,0,GE-Phrase,201,43285,46196,2911,375,1.0,2525,-11
45810,46185,375,0,GE-Phase,retraction,45605,46196,591,375,1.0,205,-11
46185,48220,2035,0,GE-Phrase,201,43285,46196,2911,11,0.005,2900,2024
46185,48220,2035,0,GE-Phrase,202,46196,50278,4082,2024,0.995,-11,-2058
46185,48220,2035,0,GE-Phase,retraction,45605,46196,591,11,0.005,580,2024
46185,48220,2035,0,GE-Phase,preparation,46196,47482,1286,1286,0.632,-11,738
46185,48220,2035,0,GE-Phase,stroke,47482,50132,2650,738,0.363,-1297,-1912
48950,50259,1309,0,GE-Phrase,202,46196,50278,4082,1309,1.0,2754,-19
48950,50259,1309,0,GE-Phase,stroke,47482,50132,2650,1182,0.903,1468,127
48950,50259,1309,0,GE-Phase,retraction,50132,50278,146,127,0.097,-1182,-19
101775,103364,1589,0,GE-Phrase,226,101601,103369,1768,1589,1.0,174,-5
101775,103364,1589,0,GE-Phase,stroke,101601,102234,633,459,0.289,174,1130
101775,103364,1589,0,GE-Phase,retraction,102234,103369,1135,1130,0.711,-459,-5
106840,108290,1450,0,GE-Phrase,229,105764,107960,2196,1120,0.772,1076,330
106840,108290,1450,0,GE-Phrase,230,107960,110406,2446,330,0.228,-1120,-2116
106840,108290,1450,0,GE-Phase,stroke,105764,107960,2196,1120,0.772,1076,330
106840,108290,1450,0,GE-Phase,stroke,107960,110406,2446,330,0.228,-1120,-2116
108290,108671,381,0,GE-Phrase,230,107960,110406,2446,381,1.0,330,-1735
108290,108671,381,0,GE-Phase,stroke,107960,110406,2446,381,1.0,330,-1735
108671,109369,698,0,GE-Phrase,230,107960,110406,2446,698,1.0,711,-1037
108671,109369,698,0,GE-Phase,stroke,107960,110406,2446,698,1.0,711,-1037
109369,110382,1013,0,GE-Phrase,230,107960,110406,2446,1013,1.0,1409,-24
109369,110382,1013,0,GE-Phase,stroke,107960,110406,2446,1013,1.0,1409,-24
111370,113448,2078,0,GE-Phrase,232,111344,112091,747,721,0.347,26,1357
111370,113448,2078,0,GE-Phrase,233,112091,112627,536,536,0.258,-721,821
111370,113448,2078,0,GE-Phrase,234,112627,113705,1078,821,0.395,-1257,-257
111370,113448,2078,0,GE-Phase,stroke,111344,112091,747,721,0.347,26,1357
111370,113448,2078,0,GE-Phase,stroke,112091,112627,536,536,0.258,-721,821
111370,113448,2078,0,GE-Phase,preparation,112627,113297,670,670,0.322,-1257,151
111370,113448,2078,0,GE-Phase,stroke,113297,113705,408,151,0.073,-1927,-257
124510,125180,670,0,GE-Phrase,241,121878,125705,3827,670,1.0,2632,-525
124510,125180,670,0,GE-Phase,stroke,122442,125705,3263,670,1.0,2068,-525
125180,125513,333,0,GE-Phrase,241,121878,125705,3827,333,1.0,3302,-192
125180,125513,333,0,GE-Phase,stroke,122442,125705,3263,333,1.0,2738,-192
45810,46185,375,0,GE-Phrase,201,43285,46196,2911,375,1.0,2525,-11
45810,46185,375,0,GE-Phase,retraction,45605,46196,591,375,1.0,205,-11
46185,48220,2035,0,GE-Phrase,201,43285,46196,2911,11,0.005,2900,2024
46185,48220,2035,0,GE-Phrase,202,46196,50278,4082,2024,0.995,-11,-2058
46185,48220,2035,0,GE-Phase,retraction,45605,46196,591,11,0.005,580,2024
46185,48220,2035,0,GE-Phase,preparation,46196,47482,1286,1286,0.632,-11,738
46185,48220,2035,0,GE-Phase,stroke,47482,50132,2650,738,0.363,-1297,-1912
48950,50259,1309,0,GE-Phrase,202,46196,50278,4082,1309,1.0,2754,-19
48950,50259,1309,0,GE-Phase,stroke,47482,50132,2650,1182,0.903,1468,127
48950,50259,1309,0,GE-Phase,retraction,50132,50278,146,127,0.097,-1182,-19
101775,103364,1589,0,GE-Phrase,226,101601,103369,1768,1589,1.0,174,-5
101775,103364,1589,0,GE-Phase,stroke,101601,102234,633,459,0.289,174,1130
101775,103364,1589,0,GE-Phase,retraction,102234,103369,1135,1130,0.711,-459,-5
106840,108290,1450,0,GE-Phrase,229,105764,107960,2196,1120,0.772,1076,330
106840,108290,1450,0,GE-Phrase,230,107960,110406,2446,330,0.228,-1120,-2116
106840,108290,1450,0,GE-Phase,stroke,105764,107960,2196,1120,0.772,1076,330
106840,108290,1450,0,GE-Phase,stroke,107960,110406,2446,330,0.228,-1120,-2116
108290,108671,381,0,GE-Phrase,230,107960,110406,2446,381,1.0,330,-1735
108290,108671,381,0,GE-Phase,stroke,107960,110406,2446,381,1.0,330,-1735
108671,109369,698,0,GE-Phrase,230,107960,110406,2446,698,1.0,711,-1037
108671,109369,698,0,GE-Phase,stroke,107960,110406,2446,698,1.0,711,-1037
109369,110382,1013,0,GE-Phrase,230,107960,110406,2446,1013,1.0,1409,-24
109369,110382,1013,0,GE-Phase,stroke,107960,110406,2446,1013,1.0,1409,-24
111370,113448,2078,0,GE-Phrase,232,111344,112091,747,721,0.347,26,1357
111370,113448,2078,0,GE-Phrase,233,112091,112627,536,536,0.258,-721,821
111370,113448,2078,0,GE-Phrase,234,112627,113705,1078,821,0.395,-1257,-257
111370,113448,2078,0,GE-Phase,stroke,111344,112091,747,721,0.347,26,1357
111370,113448,2078,0,GE-Phase,stroke,112091,112627,536,536,0.258,-721,821
111370,113448,2078,0,GE-Phase,preparation,112627,113297,670,670,0.322,-1257,151
111370,113448,2078,0,GE-Phase,stroke,113297,113705,408,151,0.073,-1927,-257
124510,125180,670,0,GE-Phrase,241,121878,125705,3827,670,1.0,2632,-525
124510,125180,670,0,GE-Phase,stroke,122442,125705,3263,670,1.0,2068,-525
125180,125513,333,0,GE-Phrase,241,121878,125705,3827,333,1.0,3302,-192
125180,125513,333,0,GE-Phase,stroke,122442,125705,3263,333,1.0,2738,-192
45810,46185,375,0,GE-Phrase,201,43285,46196,2911,375,1.0,2525,-11
45810,46185,375,0,GE-Phase,retraction,45605,46196,591,375,1.0,205,-11
46185,48220,2035,0,GE-Phrase,201,43285,46196,2911,11,0.005,2900,2024
46185,48220,2035,0,GE-Phrase,202,46196,50278,4082,2024,0.995,-11,-2058
46185,48220,2035,0,GE-Phase,retraction,45605,46196,591,11,0.005,580,2024
46185,48220,2035,0,GE-Phase,preparation,46196,47482,1286,1286,0.632,-11,738
46185,48220,2035,0,GE-Phase,stroke,47482,50132,2650,738,0.363,-1297,-1912
48950,50259,1309,0,GE-Phrase,202,46196,50278,4082,1309,1.0,2754,-19
48950,50259,1309,0,GE-Phase,stroke,47482,50132,2650,1182,0.903,1468,127
48950,50259,1309,0,GE-Phase,retraction,50132,50278,146,127,0.097,-1182,-19
101775,103364,1589,0,GE-Phrase,226,101601,103369,1768,1589,1.0,174,-5
101775,103364,1589,0,GE-Phase,stroke,101601,102234,633,459,0.289,174,1130
101775,103364,1589,0,GE-Phase,retraction,102234,103369,1135,1130,0.711,-459,-5
106840,108290,1450,0,GE-Phrase,229,105764,107960,2196,1120,0.772,1076,330
106840,108290,1450,0,GE-Phrase,230,107960,110406,2446,330,0.228,-1120,-2116
106840,108290,1450,0,GE-Phase,stroke,105764,107960,2196,1120,0.772,1076,330
106840,108290,1450,0,GE-Phase,stroke,107960,110406,2446,330,0.228,-1120,-2116
108290,108671,381,0,GE-Phrase,230,107960,110406,2446,381,1.0,330,-1735
108290,108671,381,0,GE-Phase,stroke,107960,110406,2446,381,1.0,330,-1735
108671,109369,698,0,GE-Phrase,230,107960,110406,2446,698,1.0,711,-1037
108671,109369,698,0,GE-Phase,stroke,107960,110406,2446,698,1.0,711,-1037
109369,110382,1013,0,GE-Phrase,230,107960,110406,2446,1013,1.0,1409,-24
109369,110382,1013,0,GE-Phase,stroke,107960,110406,2446,1013,1.0,1409,-24
111370,113448,2078,0,GE-Phrase,232,111344,112091,747,721,0.347,26,1357
111370,113448,2078,0,GE-Phrase,233,112091,112627,536,536,0.258,-721,821
111370,113448,2078,0,GE-Phrase,234,112627,113705,1078,821,0.395,-1257,-257
111370,113448,2078,0,GE-Phase,stroke,111344,112091,747,721,0.347,26,1357
111370,113448,2078,0,GE-Phase,stroke,112091,112627,536,536,0.258,-721,821
111370,113448,2078,0,GE-Phase,preparation,112627,113297,670,670,0.322,-1257,151
111370,113448,2078,0,GE-Phase,stroke,113297,113705,408,151,0.073,-1927,-257
124510,125180,670,0,GE-Phrase,241,121878,125705,3827,670,1.0,2632,-525
124510,125180,670,0,GE-Phase,stroke,122442,125705,3263,670,1.0,2068,-525
125180,125513,333,0,GE-Phrase,241,121878,125705,3827,333,1.0,3302,-192
125180,125513,333,0,GE-Phase,stroke,122442,125705,3263,333,1.0,2738,-192
45810,46185,375,0,GE-Phrase,201,43285,46196,2911,375,1.0,2525,-11
45810,46185,375,0,GE-Phase,retraction,45605,46196,591,375,1.0,205,-11
46185,48220,2035,0,GE-Phrase,201,43285,46196,2911,11,0.005,2900,2024
46185,48220,2035,0,GE-Phrase,202,46196,50278,4082,2024,0.995,-11,-2058
46185,48220,2035,0,GE-Phase,retraction,45605,46196,591,11,0.005,580,2024
46185,48220,2035,0,GE-Phase,preparation,46196,47482,1286,1286,0.632,-11,738
46185,48220,2035,0,GE-Phase,stroke,47482,50132,2650,738,0.363,-1297,-1912
48950,50259,1309,0,GE-Phrase,202,46196,50278,4082,1309,1.0,2754,-19
48950,50259,1309,0,GE-Phase,stroke,47482,50132,2650,1182,0.903,1468,127
48950,50259,1309,0,GE-Phase,retraction,50132,50278,146,127,0.097,-1182,-19
101775,103364,1589,0,GE-Phrase,226,101601,103369,1768,1589,1.0,174,-5
101775,103364,1589,0,GE-Phase,stroke,101601,102234,633,459,0.289,174,1130
101775,103364,1589,0,GE-Phase,retraction,102234,103369,1135,1130,0.711,-459,-5
106840,108290,1450,0,GE-Phrase,229,105764,107960,2196,1120,0.772,1076,330
106840,108290,1450,0,GE-Phrase,230,107960,110406,2446,330,0.228,-1120,-2116
106840,108290,1450,0,GE-Phase,stroke,105764,107960,2196,1120,0.772,1076,330
106840,108290,1450,0,GE-Phase,stroke,107960,110406,2446,330,0.228,-1120,-2116
108290,108671,381,0,GE-Phrase,230,107960,110406,2446,381,1.0,330,-1735
108290,108671,381,0,GE-Phase,stroke,107960,110406,2446,381,1.0,330,-1735
108671,109369,698,0,GE-Phrase,230,107960,110406,2446,698,1.0,711,-1037
108671,109369,698,0,GE-Phase,stroke,107960,110406,2446,698,1.0,711,-1037
109369,110382,1013,0,GE-Phrase,230,107960,110406,2446,1013,1.0,1409,-24
109369,110382,1013,0,GE-Phase,stroke,107960,110406,2446,1013,1.0,1409,-24
111370,113448,2078,0,GE-Phrase,232,111344,112091,747,721,0.347,26,1357
111370,113448,2078,0,GE-Phrase,233,112091,112627,536,536,0.258,-721,821
111370,113448,2078,0,GE-Phrase,234,112627,113705,1078,821,0.395,-1257,-257
111370,113448,2078,0,GE-Phase,stroke,111344,112091,747,721,0.347,26,1357
111370,113448,2078,0,GE-Phase,stroke,112091,112627,536,536,0.258,-721,821
111370,113448,2078,0,GE-Phase,preparation,112627,113297,670,670,0.322,-1257,151
111370,113448,2078,0,GE-Phase,stroke,113297,113705,408,151,0.073,-1927,-257
124510,125180,670,0,GE-Phrase,241,121878,125705,3827,670,1.0,2632,-525
124510,125180,670,0,GE-Phase,stroke,122442,125705,3263,670,1.0,2068,-525
125180,125513,333,0,GE-Phrase,241,121878,125705,3827,333,1.0,3302,-192
125180,125513,333,0,GE-Phase,stroke,122442,125705,3263,333,1.0,2738,-192
45810,46185,375,0,GE-Phrase,201,43285,46196,2911,375,1.0,2525,-11
45810,46185,375,0,GE-Phase,retraction,45605,46196,591,375,1.0,205,-11
46185,48220,2035,0,GE-Phrase,201,43285,46196,2911,11,0.005,2900,2024
46185,48220,2035,0,GE-Phrase,202,46196,50278,4082,2024,0.995,-11,-2058
46185,48220,2035,0,GE-Phase,retraction,45605,46196,591,11,0.005,580,2024
46185,48220,2035,0,GE-Phase,preparation,46196,47482,1286,1286,0.632,-11,738
46185,48220,2035,0,GE-Phase,stroke,47482,50132,2650,738,0.363,-1297,-1912
48950,50259,1309,0,GE-Phrase,202,46196,50278,4082,1309,1.0,2754,-19
48950,50259,1309,0,GE-Phase,stroke,47482,50132,2650,1182,0.903,1468,127
48950,50259,1309,0,GE-Phase,retraction,50132,50278,146,127,0.097,-1182,-19
101775,103364,1589,0,GE-Phrase,226,101601,103369,1768,1589,1.0,174,-5
101775,103364,1589,0,GE-Phase,stroke,101601,102234,633,459,0.289,174,1130
101775,103364,1589,0,GE-Phase,retraction,102234,103369,1135,1130,0.711,-459,-5
106840,108290,1450,0,GE-Phrase,229,105764,107960,2196,1120,0.772,1076,330
106840,108290,1450,0,GE-Phrase,230,107960,110406,2446,330,0.228,-1120,-2116
106840,108290,1450,0,GE-Phase,stroke,105764,107960,2196,1120,0.772,1076,330
106840,108290,1450,0,GE-Phase,stroke,107960,110406,2446,330,0.228,-1120,-2116
108290,108671,381,0,GE-Phrase,230,107960,110406,2446,381,1.0,330,-1735
108290,108671,381,0,GE-Phase,stroke,107960,110406,2446,381,1.0,330,-1735
108671,109369,698,0,GE-Phrase,230,107960,110406,2446,698,1.0,711,-1037
108671,109369,698,0,GE-Phase,stroke,107960,110406,2446,698,1.0,711,-1037
109369,110382,1013,0,GE-Phrase,230,107960,110406,2446,1013,1.0,1409,-24
109369,110382,1013,0,GE-Phase,stroke,107960,110406,2446,1013,1.0,1409,-24
111370,113448,2078,0,GE-Phrase,232,111344,112091,747,721,0.347,26,1357
111370,113448,2078,0,GE-Phrase,233,112091,112627,536,536,0.258,-721,821
111370,113448,2078,0,GE-Phrase,234,112627,113705,1078,821,0.395,-1257,-257
111370,113448,2078,0,GE-Phase,stroke,111344,112091,747,721,0.347,26,1357
111370,113448,2078,0,GE-Phase,stroke,112091,112627,536,536,0.258,-721,821
111370,113448,2078,0,GE-Phase,preparation,112627,113297,670,670,0.322,-1257,151
111370,113448,2078,0,GE-Phase,stroke,113297,113705,408,151,0.073,-1927,-257
124510,125180,670,0,GE-Phrase,241,121878,125705,3827,670,1.0,2632,-525
124510,125180,670,0,GE-Phase,stroke,122442,125705,3263,670,1.0,2068,-525
125180,125513,333,0,GE-Phrase,241,121878,125705,3827,333,1.0,3302,-192
125180,125513,333,0,GE-Phase,stroke,122442,125705,3263,333,1.0,2738,-192
45810,46185,375,0,GE-Phrase,201,43285,46196,2911,375,1.0,2525,-11
45810,46185,375,0,GE-Phase,retraction,45605,46196,591,375,1.0,205,-11
46185,48220,2035,0,GE-Phrase,201,43285,46196,2911,11,0.005,2900,2024
46185,48220,2035,0,GE-Phrase,202,46196,50278,4082,2024,0.995,-11,-2058
46185,48220,2035,0,GE-Phase,retraction,45605,46196,591,11,0.005,580,2024
46185,48220,2035,0,GE-Phase,preparation,46196,47482,1286,1286,0.632,-11,738
46185,48220,2035,0,GE-Phase,stroke,47482,50132,2650,738,0.363,-1297,-1912
48950,50259,1309,0,GE-Phrase,202,46196,50278,4082,1309,1.0,2754,-19
48950,50259,1309,0,GE-Phase,stroke,47482,50132,2650,1182,0.903,1468,127
48950,50259,1309,0,GE-Phase,retraction,50132,50278,146,127,0.097,-1182,-19
101775,103364,1589,0,GE-Phrase,226,101601,103369,1768,1589,1.0,174,-5
101775,103364,1589,0,GE-Phase,stroke,101601,102234,633,459,0.289,174,1130
101775,103364,1589,0,GE-Phase,retraction,102234,103369,1135,1130,0.711,-459,-5
106840,108290,1450,0,GE-Phrase,229,105764,107960,2196,1120,0.772,1076,330
106840,108290,1450,0,GE-Phrase,230,107960,110406,2446,330,0.228,-1120,-2116
106840,108290,1450,0,GE-Phase,stroke,105764,107960,2196,1120,0.772,1076,330
106840,108290,1450,0,GE-Phase,stroke,107960,110406,2446,330,0.228,-1120,-2116
108290,108671,381,0,GE-Phrase,230,107960,110406,2446,381,1.0,330,-1735
108290,108671,381,0,GE-Phase,stroke,107960,110406,2446,381,1.0,330,-1735
108671,109369,698,0,GE-Phrase,230,107960,110406,2446,698,1.0,711,-1037
108671,109369,698,0,GE-Phase,stroke,107960,110406,2446,698,1.0,711,-1037
109369,110382,1013,0,GE-Phrase,230,107960,110406,2446,1013,1.0,1409,-24
109369,110382,1013,0,GE-Phase,stroke,107960,110406,2446,1013,1.0,1409,-24
111370,113448,2078,0,GE-Phrase,232,111344,112091,747,721,0.347,26,1357
111370,113448,2078,0,GE-Phrase,233,112091,112627,536,536,0.258,-721,821
111370,113448,2078,0,GE-Phrase,234,112627,113705,1078,821,0.395,-1257,-257
111370,113448,2078,0,GE-Phase,stroke,111344,112091,747,721,0.347,26,1357
111370,113448,2078,0,GE-Phase,stroke,112091,112627,536,536,0.258,-721,821
111370,113448,2078,0,GE-Phase,preparation,112627,113297,670,670,0.322,-1257,151
111370,113448,2078,0,GE-Phase,stroke,113297,113705,408,151,0.073,-1927,-257
124510,125180,670,0,GE-Phrase,241,121878,125705,3827,670,1.0,2632,-525
124510,125180,670,0,GE-Phase,stroke,122442,125705,3263,670,1.0,2068,-525
125180,125513,333,0,GE-Phrase,241,121878,125705,3827,333,1.0,3302,-192
125180,125513,333,0,GE-Phase,stroke,122442,125705,3263,333,1.0,2738,-192
45810,46185,375,0,GE-Phrase,201,43285,46196,2911,375,1.0,2525,-11
45810,46185,375,0,GE-Phase,retraction,45605,46196,591,375,1.0,205,-11
46185,48220,2035,0,GE-Phrase,201,43285,46196,2911,11,0.005,2900,2024
46185,48220,2035,0,GE-Phrase,202,46196,50278,4082,2024,0.995,-11,-2058
46185,48220,2035,0,GE-Phase,retraction,45605,46196,591,11,0.005,580,2024
46185,48220,2035,0,GE-Phase,preparation,46196,47482,1286,1286,0.632,-11,738
46185,48220,2035,0,GE-Phase,stroke,47482,50132,2650,738,0.363,-1297,-1912
48950,50259,1309,0,GE-Phrase,202,46196,50278,4082,1309,1.0,2754,-19
48950,50259,1309,0,GE-Phase,stroke,47482,50132,2650,1182,0.903,1468,127
48950,50259,1309,0,GE-Phase,retraction,50132,50278,146,127,0.097,-1182,-19
101775,103364,1589,0,GE-Phrase,226,101601,103369,1768,1589,1.0,174,-5
101775,103364,1589,0,GE-Phase,stroke,101601,102234,633,459,0.289,174,1130
101775,103364,1589,0,GE-Phase,retraction,102234,103369,1135,1130,0.711,-459,-5
106840,108290,1450,0,GE-Phrase,229,105764,107960,2196,1120,0.772,1076,330
106840,108290,1450,0,GE-Phrase,230,107960,110406,2446,330,0.228,-1120,-2116
106840,108290,1450,0,GE-Phase,stroke,105764,107960,2196,1120,0.772,1076,330
106840,108290,1450,0,GE-Phase,stroke,107960,110406,2446,330,0.228,-1120,-2116
108290,108671,381,0,GE-Phrase,230,107960,110406,2446,381,1.0,330,-1735
108290,108671,381,0,GE-Phase,stroke,107960,110406,2446,381,1.0,330,-1735
108671,109369,698,0,GE-Phrase,230,107960,110406,2446,698,1.0,711,-1037
108671,109369,698,0,GE-Phase,stroke,107960,110406,2446,698,1.0,711,-1037
109369,110382,1013,0,GE-Phrase,230,107960,110406,2446,1013,1.0,1409,-24
109369,110382,1013,0,GE-Phase,stroke,107960,110406,2446,1013,1.0,1409,-24
111370,113448,2078,0,GE-Phrase,232,111344,112091,747,721,0.347,26,1357
111370,113448,2078,0,GE-Phrase,233,112091,112627,536,536,0.258,-721,821
111370,113448,2078,0,GE-Phrase,234,112627,113705,1078,821,0.395,-1257,-257
111370,113448,2078,0,GE-Phase,stroke,111344,112091,747,721,0.347,26,1357
111370,113448,2078,0,GE-Phase,stroke,112091,112627,536,536,0.258,-721,821
111370,113448,2078,0,GE-Phase,preparation,112627,113297,670,670,0.322,-1257,151
111370,113448,2078,0,GE-Phase,stroke,113297,113705,408,151,0.073,-1927,-257
124510,125180,670,0,GE-Phrase,241,121878,125705,3827,670,1.0,2632,-525
124510,125180,670,0,GE-Phase,stroke,122442,125705,3263,670,1.0,2068,-525
125180,125513,333,0,GE-Phrase,241,121878,125705,3827,333,1.0,3302,-192
125180,125513,333,0,GE-Phase,stroke,122442,125705,3263,333,1.0,2738,-192
45810,46185,375,0,GE-Phrase,201,43285,46196,2911,375,1.0,2525,-11
45810,46185,375,0,GE-Phase,retraction,45605,46196,591,375,1.0,205,-11
46185,48220,2035,0,GE-Phrase,201,43285,46196,2911,11,0.005,2900,2024
46185,48220,2035,0,GE-Phrase,202,46196,50278,4082,2024,0.995,-11,-2058
46185,48220,2035,0,GE-Phase,retraction,45605,46196,591,11,0.005,580,2024
46185,48220,2035,0,GE-Phase,preparation,46196,47482,1286,1286,0.632,-11,738
46185,48220,2035,0,GE-Phase,stroke,47482,50132,2650,738,0.363,-1297,-1912
48950,50259,1309,0,GE-Phrase,202,46196,50278,4082,1309,1.0,2754,-19
48950,50259,1309,0,GE-Phase,stroke,47482,50132,2650,1182,0.903,1468,127
48950,50259,1309,0,GE-Phase,retraction,50132,50278,146,127,0.097,-1182,-19
101775,103364,1589,0,GE-Phrase,226,101601,103369,1768,1589,1.0,174,-5
101775,103364,1589,0,GE-Phase,stroke,101601,102234,633,459,0.289,174,1130
101775,103364,1589,0,GE-Phase,retraction,102234,103369,1135,1130,0.711,-459,-5
106840,108290,1450,0,GE-Phrase,229,105764,107960,2196,1120,0.772,1076,330
106840,108290,1450,0,GE-Phrase,230,107960,110406,2446,330,0.228,-1120,-2116
106840,108290,1450,0,GE-Phase,stroke,105764,107960,2196,1120,0.772,1076,330
106840,108290,1450,0,GE-Phase,stroke,107960,110406,2446,330,0.228,-1120,-2116
108290,108671,381,0,GE-Phrase,230,107960,110406,2446,381,1.0,330,-1735
108290,108671,381,0,GE-Phase,stroke,107960,110406,2446,381,1.0,330,-1735
108671,109369,698,0,GE-Phrase,230,107960,110406,2446,698,1.0,711,-1037
108671,109369,698,0,GE-Phase,stroke,107960,110406,2446,698,1.0,711,-1037
109369,110382,1013,0,GE-Phrase,230,107960,110406,2446,1013,1.0,1409,-24
109369,110382,1013,0,GE-Phase,stroke,107960,110406,2446,1013,1.0,1409,-24
111370,113448,2078,0,GE-Phrase,232,111344,112091,747,721,0.347,26,1357
111370,113448,2078,0,GE-Phrase,233,112091,112627,536,536,0.258,-721,821
111370,113448,2078,0,GE-Phrase,234,112627,113705,1078,821,0.395,-1257,-257
111370,113448,2078,0,GE-Phase,stroke,111344,112091,747,721,0.347,26,1357
111370,113448,2078,0,GE-Phase,stroke,112091,112627,536,536,0.258,-721,821
111370,113448,2078,0,GE-Phase,preparation,112627,113297,670,670,0.322,-1257,151
111370,113448,2078,0,GE-Phase,stroke,113297,113705,408,151,0.073,-1927,-257
124510,125180,670,0,GE-Phrase,241,121878,125705,3827,670,1.0,2632,-525
124510,125180,670,0,GE-Phase,stroke,122442,125705,3263,670,1.0,2068,-525
125180,125513,333,0,GE-Phrase,241,121878,125705,3827,333,1.0,3302,-192
125180,125513,333,0,GE-Phase,stroke,122442,125705,3263,333,1.0,2738,-192
45810,46185,375,0,GE-Phrase,201,43285,46196,2911,375,1.0,2525,-11
45810,46185,375,0,GE-Phase,retraction,45605,46196,591,375,1.0,205,-11
46185,48220,2035,0,GE-Phrase,201,43285,46196,2911,11,0.005,2900,2024
46185,48220,2035,0,GE-Phrase,202,46196,50278,4082,2024,0.995,-11,-2058
46185,48220,2035,0,GE-Phase,retraction,45605,46196,591,11,0.005,580,2024
46185,48220,2035,0,GE-Phase,preparation,46196,47482,1286,1286,0.632,-11,738
46185,48220,2035,0,GE-Phase,stroke,47482,50132,2650,738,0.363,-1297,-1912
48950,50259,1309,0,GE-Phrase,202,46196,50278,4082,1309,1.0,2754,-19
48950,50259,1309,0,GE-Phase,stroke,47482,50132,2650,1182,0.903,1468,127
48950,50259,1309,0,GE-Phase,retraction,50132,50278,146,127,0.097,-1182,-19
101775,103364,1589,0,GE-Phrase,226,101601,103369,1768,1589,1.0,174,-5
101775,103364,1589,0,GE-Phase,stroke,101601,102234,633,459,0.289,174,1130
101775,103364,1589,0,GE-Phase,retraction,102234,103369,1135,1130,0.711,-459,-5
106840,108290,1450,0,GE-Phrase,229,105764,107960,2196,1120,0.772,1076,330
106840,108290,1450,0,GE-Phrase,230,107960,110406,2446,330,0.228,-1120,-2116
106840,108290,1450,0,GE-Phase,stroke,105764,107960,2196,1120,0.772,1076,330
106840,108290,1450,0,GE-Phase,stroke,107960,110406,2446,330,0.228,-1120,-2116
108290,108671,381,0,GE-Phrase,230,107960,110406,2446,381,1.0,330,-1735
108290,108671,381,0,GE-Phase,stroke,107960,110406,2446,381,1.0,330,-1735
108671,109369,698,0,GE-Phrase,230,107960,110406,2446,698,1.0,711,-1037
108671,109369,698,0,GE-Phase,stroke,107960,110406,2446,698,1.0,711,-1037
109369,110382,1013,0,GE-Phrase,230,107960,110406,2446,1013,1.0,1409,-24
109369,110382,1013,0,GE-Phase,stroke,107960,110406,2446,1013,1.0,1409,-24
111370,113448,2078,0,GE-Phrase,232,111344,112091,747,721,0.347,26,1357
111370,113448,2078,0,GE-Phrase,233,112091,112627,536,536,0.258,-721,821
111370,113448,2078,0,GE-Phrase,234,112627,113705,1078,821,0.395,-1257,-257
111370,113448,2078,0,GE-Phase,stroke,111344,112091,747,721,0.347,26,1357
111370,113448,2078,0,GE-Phase,stroke,112091,112627,536,536,0.258,-721,821
111370,113448,2078,0,GE-Phase,preparation,112627,113297,670,670,0.322,-1257,151
111370,113448,2078,0,GE-Phase,stroke,113297,113705,408,151,0.073,-1927,-257
124510,125180,670,0,GE-Phrase,241,121878,125705,3827,670,1.0,2632,-525
124510,125180,670,0,GE-Phase,stroke,122442,125705,3263,670,1.0,2068,-525
125180,125513,333,0,GE-Phrase,241,121878,125705,3827,333,1.0,3302,-192
125180,125513,333,0,GE-Phase,stroke,122442,125705,3263,333,1.0,2738,-192
45810,46185,375,0,GE-Phrase,201,43285,46196,2911,375,1.0,2525,-11
45810,46185,375,0,GE-Phase,retraction,45605,46196,591,375,1.0,205,-11
46185,48220,2035,0,GE-Phrase,201,43285,46196,2911,11,0.005,2900,2024
46185,48220,2035,0,GE-Phrase,202,46196,50278,4082,2024,0.995,-11,-2058
46185,48220,2035,0,GE-Phase,retraction,45605,46196,591,11,0.005,580,2024
46185,48220,2035,0,GE-Phase,preparation,46196,47482,1286,1286,0.632,-11,738
46185,48220,2035,0,GE-Phase,stroke,47482,50132,2650,738,0.363,-1297,-1912
48950,50259,1309,0,GE-Phrase,202,46196,50278,4082,1309,1.0,2754,-19
48950,50259,1309,0,GE-Phase,stroke,47482,50132,2650,1182,0.903,1468,127
48950,50259,1309,0,GE-Phase,retraction,50132,50278,146,127,0.097,-1182,-19
101775,103364,1589,0,GE-Phrase,226,101601,103369,1768,1589,1.0,174,-5
101775,103364,1589,0,GE-Phase,stroke,101601,102234,633,459,0.289,174,1130
101775,103364,1589,0,GE-Phase,retraction,102234,103369,1135,1130,0.711,-459,-5
106840,108290,1450,0,GE-Phrase,229,105764,107960,2196,1120,0.772,1076,330
106840,108290,1450,0,GE-Phrase,230,107960,110406,2446,330,0.228,-1120,-2116
106840,108290,1450,0,GE-Phase,stroke,105764,107960,2196,1120,0.772,1076,330
106840,108290,1450,0,GE-Phase,stroke,107960,110406,2446,330,0.228,-1120,-2116
108290,108671,381,0,GE-Phrase,230,107960,110406,2446,381,1.0,330,-1735
108290,108671,381,0,GE-Phase,stroke,107960,110406,2446,381,1.0,330,-1735
108671,109369,698,0,GE-Phrase,230,107960,110406,2446,698,1.0,711,-1037
108671,109369,698,0,GE-Phase,stroke,107960,110406,2446,698,1.0,711,-1037
109369,110382,1013,0,GE-Phrase,230,107960,110406,2446,1013,1.0,1409,-24
109369,110382,1013,0,GE-Phase,stroke,107960,110406,2446,1013,1.0,1409,-24
111370,113448,2078,0,GE-Phrase,232,111344,112091,747,721,0.347,26,1357
111370,113448,2078,0,GE-Phrase,233,112091,112627,536,536,0.258,-721,821
111370,113448,2078,0,GE-Phrase,234,112627,113705,1078,821,0.395,-1257,-257
111370,113448,2078,0,GE-Phase,stroke,111344,112091,747,721,0.347,26,1357
111370,113448,2078,0,GE-Phase,stroke,112091,112627,536,536,0.258,-721,821
111370,113448,2078,0,GE-Phase,preparation,112627,113297,670,670,0.322,-1257,151
111370,113448,2078,0,GE-Phase,stroke,113297,113705,408,151,0.073,-1927,-257
124510,125180,670,0,GE-Phrase,241,121878,125705,3827,670,1.0,2632,-525
124510,125180,670,0,GE-Phase,stroke,122442,125705,3263,670,1.0,2068,-525
125180,125513,333,0,GE-Phrase,241,121878,125705,3827,333,1.0,3302,-192
125180,125513,333,0,GE-Phase,stroke,122442,125705,3263,333,1.0,2738,-192
45810,46185,375,0,GE-Phrase,201,43285,46196,2911,375,1.0,2525,-11
45810,46185,375,0,GE-Phase,retraction,45605,46196,591,375,1.0,205,-11
46185,48220,2035,0,GE-Phrase,201,43285,46196,2911,11,0.005,2900,2024
46185,48220,2035,0,GE-Phrase,202,46196,50278,4082,2024,0.995,-11,-2058
46185,48220,2035,0,GE-Phase,retraction,45605,46196,591,11,0.005,580,2024
46185,48220,2035,0,GE-Phase,preparation,46196,47482,1286,1286,0.632,-11,738
46185,48220,2035,0,GE-Phase,stroke,47482,50132,2650,738,0.363,-1297,-1912
48950,50259,1309,0,GE-Phrase,202,46196,50278,4082,1309,1.0,2754,-19
48950,50259,1309,0,GE-Phase,stroke,47482,50132,2650,1182,0.903,1468,127
48950,50259,1309,0,GE-Phase,retraction,50132,50278,146,127,0.097,-1182,-19
101775,103364,1589,0,GE-Phrase,226,101601,103369,1768,1589,1.0,174,-5
101775,103364,1589,0,GE-Phase,stroke,101601,102234,633,459,0.289,174,1130
101775,103364,1589,0,GE-Phase,retraction,102234,103369,1135,1130,0.711,-459,-5
106840,108290,1450,0,GE-Phrase,229,105764,107960,2196,1120,0.772,1076,330
106840,108290,1450,0,GE-Phrase,230,107960,110406,2446,330,0.228,-1120,-2116
106840,108290,1450,0,GE-Phase,stroke,105764,107960,2196,1120,0.772,1076,330
106840,108290,1450,0,GE-Phase,stroke,107960,110406,2446,330,0.228,-1120,-2116
108290,108671,381,0,GE-Phrase,230,107960,110406,2446,381,1.0,330,-1735
108290,108671,381,0,GE-Phase,stroke,107960,110406,2446,381,1.0,330,-1735
108671,109369,698,0,GE-Phrase,230,107960,110406,2446,698,1.0,711,-1037
108671,109369,698,0,GE-Phase,stroke,107960,110406,2446,698,1.0,711,-1037
109369,110382,1013,0,GE-Phrase,230,107960,110406,2446,1013,1.0,1409,-24
109369,110382,1013,0,GE-Phase,stroke,107960,110406,2446,1013,1.0,1409,-24
111370,113448,2078,0,GE-Phrase,232,111344,112091,747,721,0.347,26,1357
111370,113448,2078,0,GE-Phrase,233,112091,112627,536,536,0.258,-721,821
111370,113448,2078,0,GE-Phrase,234,112627,113705,1078,821,0.395,-1257,-257
111370,113448,2078,0,GE-Phase,stroke,111344,112091,747,721,0.347,26,1357
111370,113448,2078,0,GE-Phase,stroke,112091,112627,536,536,0.258,-721,821
111370,113448,2078,0,GE-Phase,preparation,112627,113297,670,670,0.322,-1257,151
111370,113448,2078,0,GE-Phase,stroke,113297,113705,408,151,0.073,-1927,-257
124510,125180,670,0,GE-Phrase,241,121878,125705,3827,670,1.0,2632,-525
124510,125180,670,0,GE-Phase,stroke,122442,125705,3263,670,1.0,2068,-525
125180,125513,333,0,GE-Phrase,241,121878,125705,3827,333,1.0,3302,-192
125180,125513,333,0,GE-Phase,stroke,122442,125705,3263,333,1.0,2738,-192
45810,46185,375,0,GE-Phrase,201,43285,46196,2911,375,1.0,2525,-11
45810,46185,375,0,GE-Phase,retraction,45605,46196,591,375,1.0,205,-11
46185,48220,2035,0,GE-Phrase,201,43285,46196,2911,11,0.005,2900,2024
46185,48220,2035,0,GE-Phrase,202,46196,50278,4082,2024,0.995,-11,-2058
46185,48220,2035,0,GE-Phase,retraction,45605,46196,591,11,0.005,580,2024
46185,48220,2035,0,GE-Phase,preparation,46196,47482,1286,1286,0.632,-11,738
46185,48220,2035,0,GE-Phase,stroke,47482,50132,2650,738,0.363,-1297,-1912
48950,50259,1309,0,GE-Phrase,202,46196,50278,4082,1309,1.0,2754,-19
48950,50259,1309,0,GE-Phase,stroke,47482,50132,2650,1182,0.903,1468,127
48950,50259,1309,0,GE-Phase,retraction,50132,50278,146,127,0.097,-1182,-19
101775,103364,1589,0,GE-Phrase,226,101601,103369,1768,1589,1.0,174,-5
101775,103364,1589,0,GE-Phase,stroke,101601,102234,633,459,0.289,174,1130
101775,103364,1589,0,GE-Phase,retraction,102234,103369,1135,1130,0.711,-459,-5
106840,108290,1450,0,GE-Phrase,229,105764,107960,2196,1120,0.772,1076,330
106840,108290,1450,0,GE-Phrase,230,107960,110406,2446,330,0.228,-1120,-2116
106840,108290,1450,0,GE-Phase,stroke,105764,107960,2196,1120,0.772,1076,330
106840,108290,1450,0,GE-Phase,stroke,107960,110406,2446,330,0.228,-1120,-2116
108290,108671,381,0,GE-Phrase,230,107960,110406,2446,381,1.0,330,-1735
108290,108671,381,0,GE-Phase,stroke,107960,110406,2446,381,1.0,330,-1735
108671,109369,698,0,GE-Phrase,230,107960,110406,2446,698,1.0,711,-1037
108671,109369,698,0,GE-Phase,stroke,107960,110406,2446,698,1.0,711,-1037
109369,110382,1013,0,GE-Phrase,230,107960,110406,2446,1013,1.0,1409,-24
109369,110382,1013,0,GE-Phase,stroke,107960,110406,2446,1013,1.0,1409,-24
111370,113448,2078,0,GE-Phrase,232,111344,112091,747,721,0.347,26,1357
111370,113448,2078,0,GE-Phrase,233,112091,112627,536,536,0.258,-721,821
111370,113448,2078,0,GE-Phrase,234,112627,113705,1078,821,0.395,-1257,-257
111370,113448,2078,0,GE-Phase,stroke,111344,112091,747,721,0.347,26,1357
111370,113448,2078,0,GE-Phase,stroke,112091,112627,536,536,0.258,-721,821
111370,113448,2078,0,GE-Phase,preparation,112627,113297,670,670,0.322,-1257,151
111370,113448,2078,0,GE-Phase,stroke,113297,113705,408,151,0.073,-1927,-257
124510,125180,670,0,GE-Phrase,241,121878,125705,3827,670,1.0,2632,-525
124510,125180,670,0,GE-Phase,stroke,122442,125705,3263,670,1.0,2068,-525
125180,125513,333,0,GE-Phrase,241,121878,125705,3827,333,1.0,3302,-192
125180,125513,333,0,GE-Phase,stroke,122442,125705,3263,333,1.0,2738,-192
45810,46185,375,0,GE-Phrase,201,43285,46196,2911,375,1.0,2525,-11
45810,46185,375,0,GE-Phase,retraction,45605,46196,591,375,1.0,205,-11
46185,48220,2035,0,GE-Phrase,201,43285,46196,2911,11,0.005,2900,2024
46185,48220,2035,0,GE-Phrase,202,46196,50278,4082,2024,0.995,-11,-2058
46185,48220,2035,0,GE-Phase,retraction,45605,46196,591,11,0.005,580,2024
46185,48220,2035,0,GE-Phase,preparation,46196,47482,1286,1286,0.632,-11,738
46185,48220,2035,0,GE-Phase,stroke,47482,50132,2650,738,0.363,-1297,-1912
48950,50259,1309,0,GE-Phrase,202,46196,50278,4082,1309,1.0,2754,-19
48950,50259,1309,0,GE-Phase,stroke,47482,50132,2650,1182,0.903,1468,127
48950,50259,1309,0,GE-Phase,retraction,50132,50278,146,127,0.097,-1182,-19
101775,103364,1589,0,GE-Phrase,226,101601,103369,1768,1589,1.0,174,-5
101775,103364,1589,0,GE-Phase,stroke,101601,102234,633,459,0.289,174,1130
101775,103364,1589,0,GE-Phase,retraction,102234,103369,1135,1130,0.711,-459,-5
106840,108290,1450,0,GE-Phrase,229,105764,107960,2196,1120,0.772,1076,330
106840,108290,1450,0,GE-Phrase,230,107960,110406,2446,330,0.228,-1120,-2116
106840,108290,1450,0,GE-Phase,stroke,105764,107960,2196,1120,0.772,1076,330
106840,108290,1450,0,GE-Phase,stroke,107960,110406,2446,330,0.228,-1120,-2116
108290,108671,381,0,GE-Phrase,230,107960,110406,2446,381,1.0,330,-1735
108290,108671,381,0,GE-Phase,stroke,107960,110406,2446,381,1.0,330,-1735
108671,109369,698,0,GE-Phrase,230,107960,110406,2446,698,1.0,711,-1037
108671,109369,698,0,GE-Phase,stroke,107960,110406,2446,698,1.0,711,-1037
109369,110382,1013,0,GE-Phrase,230,107960,110406,2446,1013,1.0,1409,-24
109369,110382,1013,0,GE-Phase,stroke,107960,110406,2446,1013,1.0,1409,-24
111370,113448,2078,0,GE-Phrase,232,111344,112091,747,721,0.347,26,1357
111370,113448,2078,0,GE-Phrase,233,112091,112627,536,536,0.258,-721,821
111370,113448,2078,0,GE-Phrase,234,112627,113705,1078,821,0.395,-1257,-257
111370,113448,2078,0,GE-Phase,stroke,111344,112091,747,721,0.347,26,1357
111370,113448,2078,0,GE-Phase,stroke,112091,112627,536,536,0.258,-721,821
111370,113448,2078,0,GE-Phase,preparation,112627,113297,670,670,0.322,-1257,151
111370,113448,2078,0,GE-Phase,stroke,113297,113705,408,151,0.073,-1927,-257
124510,125180,670,0,GE-Phrase,241,121878,125705,3827,670,1.0,2632,-525
124510,125180,670,0,GE-Phase,stroke,122442,125705,3263,670,1.0,2068,-525
125180,125513,333,0,GE-Phrase,241,121878,125705,3827,333,1.0,3302,-192
125180,125513,333,0,GE-Phase,stroke,122442,125705,3263,333,1.0,2738,-192
45810,46185,375,0,GE-Phrase,201,43285,46196,2911,375,1.0,2525,-11
45810,46185,375,0,GE-Phase,retraction,45605,46196,591,375,1.0,205,-11
46185,48220,2035,0,GE-Phrase,201,43285,46196,2911,11,0.005,2900,2024
46185,48220,2035,0,GE-Phrase,202,46196,50278,4082,2024,0.995,-11,-2058
46185,48220,2035,0,GE-Phase,retraction,45605,46196,591,11,0.005,580,2024
46185,48220,2035,0,GE-Phase,preparation,46196,47482,1286,1286,0.632,-11,738
46185,48220,2035,0,GE-Phase,stroke,47482,50132,2650,738,0.363,-1297,-1912
48950,50259,1309,0,GE-Phrase,202,46196,50278,4082,1309,1.0,2754,-19
48950,50259,1309,0,GE-Phase,stroke,47482,50132,2650,1182,0.903,1468,127
48950,50259,1309,0,GE-Phase,retraction,50132,50278,146,127,0.097,-1182,-19
101775,103364,1589,0,GE-Phrase,226,101601,103369,1768,1589,1.0,174,-5
101775,103364,1589,0,GE-Phase,stroke,101601,102234,633,459,0.289,174,1130
101775,103364,1589,0,GE-Phase,retraction,102234,103369,1135,1130,0.711,-459,-5
106840,108290,1450,0,GE-Phrase,229,105764,107960,2196,1120,0.772,1076,330
106840,108290,1450,0,GE-Phrase,230,107960,110406,2446,330,0.228,-1120,-2116
106840,108290,1450,0,GE-Phase,stroke,105764,107960,2196,1120,0.772,1076,330
106840,108290,1450,0,GE-Phase,stroke,107960,110406,2446,330,0.228,-1120,-2116
108290,108671,381,0,GE-Phrase,230,107960,110406,2446,381,1.0,330,-1735
108290,108671,381,0,GE-Phase,stroke,107960,110406,2446,381,1.0,330,-1735
108671,109369,698,0,GE-Phrase,230,107960,110406,2446,698,1.0,711,-1037
108671,109369,698,0,GE-Phase,stroke,107960,110406,2446,698,1.0,711,-1037
109369,110382,1013,0,GE-Phrase,230,107960,110406,2446,1013,1.0,1409,-24
109369,110382,1013,0,GE-Phase,stroke,107960,110406,2446,1013,1.0,1409,-24
111370,113448,2078,0,GE-Phrase,232,111344,112091,747,721,0.347,26,1357
111370,113448,2078,0,GE-Phrase,233,112091,112627,536,536,0.258,-721,821
111370,113448,2078,0,GE-Phrase,234,112627,113705,1078,821,0.395,-1257,-257
111370,113448,2078,0,GE-Phase,stroke,111344,112091,747,721,0.347,26,1357
111370,113448,2078,0,GE-Phase,stroke,112091,112627,536,536,0.258,-721,821
111370,113448,2078,0,GE-Phase,preparation,112627,113297,670,670,0.322,-1257,151
111370,113448,2078,0,GE-Phase,stroke,113297,113705,408,151,0.073,-1927,-257
124510,125180,670,0,GE-Phrase,241,121878,125705,3827,670,1.0,2632,-525
124510,125180,670,0,GE-Phase,stroke,122442,125705,3263,670,1.0,2068,-525
125180,125513,333,0,GE-Phrase,241,121878,125705,3827,333,1.0,3302,-192
125180,125513,333,0,GE-Phase,stroke,122442,125705,3263,333,1.0,2738,-192
45810,46185,375,0,GE-Phrase,201,43285,46196,2911,375,1.0,2525,-11
45810,46185,375,0,GE-Phase,retraction,45605,46196,591,375,1.0,205,-11
46185,48220,2035,0,GE-Phrase,201,43285,46196,2911,11,0.005,2900,2024
46185,48220,2035,0,GE-Phrase,202,46196,50278,4082,2024,0.995,-11,-2058
46185,48220,2035,0,GE-Phase,retraction,45605,46196,591,11,0.005,580,2024
46185,48220,2035,0,GE-Phase,preparation,46196,47482,1286,1286,0.632,-11,738
46185,48220,2035,0,GE-Phase,stroke,47482,50132,2650,738,0.363,-1297,-1912
48950,50259,1309,0,GE-Phrase,202,46196,50278,4082,1309,1.0,2754,-19
48950,50259,1309,0,GE-Phase,stroke,47482,50132,2650,1182,0.903,1468,127
48950,50259,1309,0,GE-Phase,retraction,50132,50278,146,127,0.097,-1182,-19
101775,103364,1589,0,GE-Phrase,226,101601,103369,1768,1589,1.0,174,-5
101775,103364,1589,0,GE-Phase,stroke,101601,102234,633,459,0.289,174,1130
101775,103364,1589,0,GE-Phase,retraction,102234,103369,1135,1130,0.711,-459,-5
106840,108290,1450,0,GE-Phrase,229,105764,107960,2196,1120,0.772,1076,330
106840,108290,1450,0,GE-Phrase,230,107960,110406,2446,330,0.228,-1120,-2116
106840,108290,1450,0,GE-Phase,stroke,105764,107960,2196,1120,0.772,1076,330
106840,108290,1450,0,GE-Phase,stroke,107960,110406,2446,330,0.228,-1120,-2116
108290,108671,381,0,GE-Phrase,230,107960,110406,2446,381,1.0,330,-1735
108290,108671,381,0,GE-Phase,stroke,107960,110406,2446,381,1.0,330,-1735
108671,109369,698,0,GE-Phrase,230,107960,110406,2446,698,1.0,711,-1037
108671,109369,698,0,GE-Phase,stroke,107960,110406,2446,698,1.0,711,-1037
109369,110382,1013,0,GE-Phrase,230,107960,110406,2446,1013,1.0,1409,-24
109369,110382,1013,0,GE-Phase,stroke,107960,110406,2446,1013,1.0,1409,-24
111370,113448,2078,0,GE-Phrase,232,111344,112091,747,721,0.347,26,1357
111370,113448,2078,0,GE-Phrase,233,112091,112627,536,536,0.258,-721,821
111370,113448,2078,0,GE-Phrase,234,112627,113705,1078,821,0.395,-1257,-257
111370,113448,2078,0,GE-Phase,stroke,111344,112091,747,721,0.347,26,1357
111370,113448,2078,0,GE-Phase,stroke,112091,112627,536,536,0.258,-721,821
111370,113448,2078,0,GE-Phase,preparation,112627,113297,670,670,0.322,-1257,151
111370,113448,2078,0,GE-Phase,stroke,113297,113705,408,151,0.073,-1927,-257
124510,125180,670,0,GE-Phrase,241,121878,125705,3827,670,1.0,2632,-525
124510,125180,670,0,GE-Phase,stroke,122442,125705,3263,670,1.0,2068,-525
125180,125513,333,0,GE-Phrase,241,121878,125705,3827,333,1.0,3302,-192
125180,125513,333,0,GE-Phase,stroke,122442,125705,3263,333,1.0,2738,-192
45810,46185,375,0,GE-Phrase,201,43285,46196,2911,375,1.0,2525,-11
45810,46185,375,0,GE-Phase,retraction,45605,46196,591,375,1.0,205,-11
46185,48220,2035,0,GE-Phrase,201,43285,46196,2911,11,0.005,2900,2024
46185,48220,2035,0,GE-Phrase,202,46196,50278,4082,2024,0.995,-11,-2058
46185,48220,2035,0,GE-Phase,retraction,45605,46196,591,11,0.005,580,2024
46185,48220,2035,0,GE-Phase,preparation,46196,47482,1286,1286,0.632,-11,738
46185,48220,2035,0,GE-Phase,stroke,47482,50132,2650,738,0.363,-1297,-1912
48950,50259,1309,0,GE-Phrase,202,46196,50278,4082,1309,1.0,2754,-19
48950,50259,1309,0,GE-Phase,stroke,47482,50132,2650,1182,0.903,1468,127
48950,50259,1309,0,GE-Phase,retraction,50132,50278,146,127,0.097,-1182,-19
101775,103364,1589,0,GE-Phrase,226,101601,103369,1768,1589,1.0,174,-5
101775,103364,1589,0,GE-Phase,stroke,101601,102234,633,459,0.289,174,1130
101775,103364,1589,0,GE-Phase,retraction,102234,103369,1135,1130,0.711,-459,-5
106840,108290,1450,0,GE-Phrase,229,105764,107960,2196,1120,0.772,1076,330
106840,108290,1450,0,GE-Phrase,230,107960,110406,2446,330,0.228,-1120,-2116
106840,108290,1450,0,GE-Phase,stroke,105764,107960,2196,1120,0.772,1076,330
106840,108290,1450,0,GE-Phase,stroke,107960,110406,2446,330,0.228,-1120,-2116
108290,108671,381,0,GE-Phrase,230,107960,110406,2446,381,1.0,330,-1735
108290,108671,381,0,GE-Phase,stroke,107960,110406,2446,381,1.0,330,-1735
108671,109369,698,0,GE-Phrase,230,107960,110406,2446,698,1.0,711,-1037
108671,109369,698,0,GE-Phase,stroke,107960,110406,2446,698,1.0,711,-1037
109369,110382,1013,0,GE-Phrase,230,107960,110406,2446,1013,1.0,1409,-24
109369,110382,1013,0,GE-Phase,stroke,107960,110406,2446,1013,1.0,1409,-24
111370,113448,2078,0,GE-Phrase,232,111344,112091,747,721,0.347,26,1357
111370,113448,2078,0,GE-Phrase,233,112091,112627,536,536,0.258,-721,821
111370,113448,2078,0,GE-Phrase,234,112627,113705,1078,821,0.395,-1257,-257
111370,113448,2078,0,GE-Phase,stroke,111344,112091,747,721,0.347,26,1357
111370,113448,2078,0,GE-Phase,stroke,112091,112627,536,536,0.258,-721,821
111370,113448,2078,0,GE-Phase,preparation,112627,113297,670,670,0.322,-1257,151
111370,113448,2078,0,GE-Phase,stroke,113297,113705,408,151,0.073,-1927,-257
124510,125180,670,0,GE-Phrase,241,121878,125705,3827,670,1.0,2632,-525
124510,125180,670,0,GE-Phase,stroke,122442,125705,3263,670,1.0,2068,-525
125180,125513,333,0,GE-Phrase,241,121878,125705,3827,333,1.0,3302,-192
125180,125513,333,0,GE-Phase,stroke,122442,125705,3263,333,1.0,2738,-192
45810,46185,375,0,GE-Phrase,201,43285,46196,2911,375,1.0,2525,-11
45810,46185,375,0,GE-Phase,retraction,45605,46196,591,375,1.0,205,-11
46185,48220,2035,0,GE-Phrase,201,43285,46196,2911,11,0.005,2900,2024
46185,48220,2035,0,GE-Phrase,202,46196,50278,4082,2024,0.995,-11,-2058
46185,48220,2035,0,GE-Phase,retraction,45605,46196,591,11,0.005,580,2024
46185,48220,2035,0,GE-Phase,preparation,46196,47482,1286,1286,0.632,-11,738
46185,48220,2035,0,GE-Phase,stroke,47482,50132,2650,738,0.363,-1297,-1912
48950,50259,1309,0,GE-Phrase,202,46196,50278,4082,1309,1.0,2754,-19
48950,50259,1309,0,GE-Phase,stroke,47482,50132,2650,1182,0.903,1468,127
48950,50259,1309,0,GE-Phase,retraction,50132,50278,146,127,0.097,-1182,-19
101775,103364,1589,0,GE-Phrase,226,101601,103369,1768,1589,1.0,174,-5
101775,103364,1589,0,GE-Phase,stroke,101601,102234,633,459,0.289,174,1130
101775,103364,1589,0,GE-Phase,retraction,102234,103369,1135,1130,0.711,-459,-5
106840,108290,1450,0,GE-Phrase,229,105764,107960,2196,1120,0.772,1076,330
106840,108290,1450,0,GE-Phrase,230,107960,110406,2446,330,0.228,-1120,-2116
106840,108290,1450,0,GE-Phase,stroke,105764,107960,2196,1120,0.772,1076,330
106840,108290,1450,0,GE-Phase,stroke,107960,110406,2446,330,0.228,-1120,-2116
108290,108671,381,0,GE-Phrase,230,107960,110406,2446,381,1.0,330,-1735
108290,108671,381,0,GE-Phase,stroke,107960,110406,2446,381,1.0,330,-1735
108671,109369,698,0,GE-Phrase,230,107960,110406,2446,698,1.0,711,-1037
108671,109369,698,0,GE-Phase,stroke,107960,110406,2446,698,1.0,711,-1037
109369,110382,1013,0,GE-Phrase,230,107960,110406,2446,1013,1.0,1409,-24
109369,110382,1013,0,GE-Phase,stroke,107960,110406,2446,1013,1.0,1409,-24
111370,113448,2078,0,GE-Phrase,232,111344,112091,747,721,0.347,26,1357
111370,113448,2078,0,GE-Phrase,233,112091,112627,536,536,0.258,-721,821
111370,113448,2078,0,GE-Phrase,234,112627,113705,1078,821,0.395,-1257,-257
111370,113448,2078,0,GE-Phase,stroke,111344,112091,747,721,0.347,26,1357
111370,113448,2078,0,GE-Phase,stroke,112091,112627,536,536,0.258,-721,821
111370,113448,2078,0,GE-Phase,preparation,112627,113297,670,670,0.322,-1257,151
111370,113448,2078,0,GE-Phase,stroke,113297,113705,408,151,0.073,-1927,-257
124510,125180,670,0,GE-Phrase,241,121878,125705,3827,670,1.0,2632,-525
124510,125180,670,0,GE-Phase,stroke,122442,125705,3263,670,1.0,2068,-525
125180,125513,333,0,GE-Phrase,241,121878,125705,3827,333,1.0,3302,-192
125180,125513,333,0,GE-Phase,stroke,122442,125705,3263,333,1.0,2738,-192
45810,46185,375,0,GE-Phrase,201,43285,46196,2911,375,1.0,2525,-11
45810,46185,375,0,GE-Phase,retraction,45605,46196,591,375,1.0,205,-11
46185,48220,2035,0,GE-Phrase,201,43285,46196,2911,11,0.005,2900,2024
46185,48220,2035,0,GE-Phrase,202,46196,50278,4082,2024,0.995,-11,-2058
46185,48220,2035,0,GE-Phase,retraction,45605,46196,591,11,0.005,580,2024
46185,48220,2035,0,GE-Phase,preparation,46196,47482,1286,1286,0.632,-11,738
46185,48220,2035,0,GE-Phase,stroke,47482,50132,2650,738,0.363,-1297,-1912
48950,50259,1309,0,GE-Phrase,202,46196,50278,4082,1309,1.0,2754,-19
48950,50259,1309,0,GE-Phase,stroke,47482,50132,2650,1182,0.903,1468,127
48950,50259,1309,0,GE-Phase,retraction,50132,50278,146,127,0.097,-1182,-19
101775,103364,1589,0,GE-Phrase,226,101601,103369,1768,1589,1.0,174,-5
101775,103364,1589,0,GE-Phase,stroke,101601,102234,633,459,0.289,174,1130
101775,103364,1589,0,GE-Phase,retraction,102234,103369,1135,1130,0.711,-459,-5
106840,108290,1450,0,GE-Phrase,229,105764,107960,2196,1120,0.772,1076,330
106840,108290,1450,0,GE-Phrase,230,107960,110406,2446,330,0.228,-1120,-2116
106840,108290,1450,0,GE-Phase,stroke,105764,107960,2196,1120,0.772,1076,330
106840,108290,1450,0,GE-Phase,stroke,107960,110406,2446,330,0.228,-1120,-2116
108290,108671,381,0,GE-Phrase,230,107960,110406,2446,381,1.0,330,-1735
108290,108671,381,0,GE-Phase,stroke,107960,110406,2446,381,1.0,330,-1735
108671,109369,698,0,GE-Phrase,230,107960,110406,2446,698,1.0,711,-1037
108671,109369,698,0,GE-Phase,stroke,107960,110406,2446,698,1.0,711,-1037
109369,110382,1013,0,GE-Phrase,230,107960,110406,2446,1013,1.0,1409,-24
109369,110382,1013,0,GE-Phase,stroke,107960,110406,2446,1013,1.0,1409,-24
111370,113448,2078,0,GE-Phrase,232,111344,112091,747,721,0.347,26,1357
111370,113448,2078,0,GE-Phrase,233,112091,112627,536,536,0.258,-721,821
111370,113448,2078,0,GE-Phrase,234,112627,113705,1078,821,0.395,-1257,-257
111370,113448,2078,0,GE-Phase,stroke,111344,112091,747,721,0.347,26,1357
111370,113448,2078,0,GE-Phase,stroke,112091,112627,536,536,0.258,-721,821
111370,113448,2078,0,GE-Phase,preparation,112627,113297,670,670,0.322,-1257,151
111370,113448,2078,0,GE-Phase,stroke,113297,113705,408,151,0.073,-1927,-257
124510,125180,670,0,GE-Phrase,241,121878,125705,3827,670,1.0,2632,-525
124510,125180,670,0,GE-Phase,stroke,122442,125705,3263,670,1.0,2068,-525
125180,125513,333,0,GE-Phrase,241,121878,125705,3827,333,1.0,3302,-192
125180,125513,333,0,GE-Phase,stroke,122442,125705,3263,333,1.0,2738,-192
45810,46185,375,0,GE-Phrase,201,43285,46196,2911,375,1.0,2525,-11
45810,46185,375,0,GE-Phase,retraction,45605,46196,591,375,1.0,205,-11
46185,48220,2035,0,GE-Phrase,201,43285,46196,2911,11,0.005,2900,2024
46185,48220,2035,0,GE-Phrase,202,46196,50278,4082,2024,0.995,-11,-2058
46185,48220,2035,0,GE-Phase,retraction,45605,46196,591,11,0.005,580,2024
46185,48220,2035,0,GE-Phase,preparation,46196,47482,1286,1286,0.632,-11,738
46185,48220,2035,0,GE-Phase,stroke,47482,50132,2650,738,0.363,-1297,-1912
48950,50259,1309,0,GE-Phrase,202,46196,50278,4082,1309,1.0,2754,-19
48950,50259,1309,0,GE-Phase,stroke,47482,50132,2650,1182,0.903,1468,127
48950,50259,1309,0,GE-Phase,retraction,50132,50278,146,127,0.097,-1182,-19
101775,103364,1589,0,GE-Phrase,226,101601,103369,1768,1589,1.0,174,-5
101775,103364,1589,0,GE-Phase,stroke,101601,102234,633,459,0.289,174,1130
101775,103364,1589,0,GE-Phase,retraction,102234,103369,1135,1130,0.711,-459,-5
106840,108290,1450,0,GE-Phrase,229,105764,107960,2196,1120,0.772,1076,330
106840,108290,1450,0,GE-Phrase,230,107960,110406,2446,330,0.228,-1120,-2116
106840,108290,1450,0,GE-Phase,stroke,105764,107960,2196,1120,0.772,1076,330
106840,108290,1450,0,GE-Phase,stroke,107960,110406,2446,330,0.228,-1120,-2116
108290,108671,381,0,GE-Phrase,230,107960,110406,2446,381,1.0,330,-1735
108290,108671,381,0,GE-Phase,stroke,107960,110406,2446,381,1.0,330,-1735
108671,109369,698,0,GE-Phrase,230,107960,110406,2446,698,1.0,711,-1037
108671,109369,698,0,GE-Phase,stroke,107960,110406,2446,698,1.0,711,-1037
109369,110382,1013,0,GE-Phrase,230,107960,110406,2446,1013,1.0,1409,-24
109369,110382,1013,0,GE-Phase,stroke,107960,110406,2446,1013,1.0,1409,-24
111370,113448,2078,0,GE-Phrase,232,111344,112091,747,721,0.347,26,1357
111370,113448,2078,0,GE-Phrase,233,112091,112627,536,536,0.258,-721,821
111370,113448,2078,0,GE-Phrase,234,112627,113705,1078,821,0.395,-1257,-257
111370,113448,2078,0,GE-Phase,stroke,111344,112091,747,721,0.347,26,1357
111370,113448,2078,0,GE-Phase,stroke,112091,112627,536,536,0.258,-721,821
111370,113448,2078,0,GE-Phase,preparation,112627,113297,670,670,0.322,-1257,151
111370,113448,2078,0,GE-Phase,stroke,113297,113705,408,151,0.073,-1927,-257
124510,125180,670,0,GE-Phrase,241,121878,125705,3827,670,1.0,2632,-525
124510,125180,670,0,GE-Phase,stroke,122442,125705,3263,670,1.0,2068,-525
125180,125513,333,0,GE-Phrase,241,121878,125705,3827,333,1.0,3302,-192
125180,125513,333,0,GE-Phase,stroke,122442,125705,3263,333,1.0,2738,-192
45810,46185,375,0,GE-Phrase,201,43285,46196,2911,375,1.0,2525,-11
45810,46185,375,0,GE-Phase,retraction,45605,46196,591,375,1.0,205,-11
46185,48220,2035,0,GE-Phrase,201,43285,46196,2911,11,0.005,2900,2024
46185,48220,2035,0,GE-Phrase,202,46196,50278,4082,2024,0.995,-11,-2058
46185,48220,2035,0,GE-Phase,retraction,45605,46196,591,11,0.005,580,2024
46185,48220,2035,0,GE-Phase,preparation,46196,47482,1286,1286,0.632,-11,738
46185,48220,2035,0,GE-Phase,stroke,47482,50132,2650,738,0.363,-1297,-1912
48950,50259,1309,0,GE-Phrase,202,46196,50278,4082,1309,1.0,2754,-19
48950,50259,1309,0,GE-Phase,stroke,47482,50132,2650,1182,0.903,1468,127
48950,50259,1309,0,GE-Phase,retraction,50132,50278,146,127,0.097,-1182,-19
101775,103364,1589,0,GE-Phrase,226,101601,103369,1768,1589,1.0,174,-5
101775,103364,1589,0,GE-Phase,stroke,101601,102234,633,459,0.289,174,1130
101775,103364,1589,0,GE-Phase,retraction,102234,103369,1135,1130,0.711,-459,-5
106840,108290,1450,0,GE-Phrase,229,105764,107960,2196,1120,0.772,1076,330
106840,108290,1450,0,GE-Phrase,230,107960,110406,2446,330,0.228,-1120,-2116
106840,108290,1450,0,GE-Phase,stroke,105764,107960,2196,1120,0.772,1076,330
106840,108290,1450,0,GE-Phase,stroke,107960,110406,2446,330,0.228,-1120,-2116
108290,108671,381,0,GE-Phrase,230,107960,110406,2446,381,1.0,330,-1735
108290,108671,381,0,GE-Phase,stroke,107960,110406,2446,381,1.0,330,-1735
108671,109369,698,0,GE-Phrase,230,107960,110406,2446,698,1.0,711,-1037
108671,109369,698,0,GE-Phase,stroke,107960,110406,2446,698,1.0,711,-1037
109369,110382,1013,0,GE-Phrase,230,107960,110406,2446,1013,1.0,1409,-24
109369,110382,1013,0,GE-Phase,stroke,107960,110406,2446,1013,1.0,1409,-24
111370,113448,2078,0,GE-Phrase,232,111344,112091,747,721,0.347,26,1357
111370,113448,2078,0,GE-Phrase,233,112091,112627,536,536,0.258,-721,821
111370,113448,2078,0,GE-Phrase,234,112627,113705,1078,821,0.395,-1257,-257
111370,113448,2078,0,GE-Phase,stroke,111344,112091,747,721,0.347,26,1357
111370,113448,2078,0,GE-Phase,stroke,112091,112627,536,536,0.258,-721,821
111370,113448,2078,0,GE-Phase,preparation,112627,113297,670,670,0.322,-1257,151
111370,113448,2078,0,GE-Phase,stroke,113297,113705,408,151,0.073,-1927,-257
124510,125180,670,0,GE-Phrase,241,121878,125705,3827,670,1.0,2632,-525
124510,125180,670,0,GE-Phase,stroke,122442,125705,3263,670,1.0,2068,-525
125180,125513,333,0,GE-Phrase,241,121878,125705,3827,333,1.0,3302,-192
125180,125513,333,0,GE-Phase,stroke,122442,125705,3263,333,1.0,2738,-192
45810,46185,375,0,GE-Phrase,201,43285,46196,2911,375,1.0,2525,-11
45810,46185,375,0,GE-Phase,retraction,45605,46196,591,375,1.0,205,-11
46185,48220,2035,0,GE-Phrase,201,43285,46196,2911,11,0.005,2900,2024
46185,48220,2035,0,GE-Phrase,202,46196,50278,4082,2024,0.995,-11,-2058
46185,48220,2035,0,GE-Phase,retraction,45605,46196,591,11,0.005,580,2024
46185,48220,2035,0,GE-Phase,preparation,46196,47482,1286,1286,0.632,-11,738
46185,48220,2035,0,GE-Phase,stroke,47482,50132,2650,738,0.363,-1297,-1912
48950,50259,1309,0,GE-Phrase,202,46196,50278,4082,1309,1.0,2754,-19
48950,50259,1309,0,GE-Phase,stroke,47482,50132,2650,1182,0.903,1468,127
48950,50259,1309,0,GE-Phase,retraction,50132,50278,146,127,0.097,-1182,-19
101775,103364,1589,0,GE-Phrase,226,101601,103369,1768,1589,1.0,174,-5
101775,103364,1589,0,GE-Phase,stroke,101601,102234,633,459,0.289,174,1130
101775,103364,1589,0,GE-Phase,retraction,102234,103369,1135,1130,0.711,-459,-5
106840,108290,1450,0,GE-Phrase,229,105764,107960,2196,1120,0.772,1076,330
106840,108290,1450,0,GE-Phrase,230,107960,110406,2446,330,0.228,-1120,-2116
106840,108290,1450,0,GE-Phase,stroke,105764,107960,2196,1120,0.772,1076,330
106840,108290,1450,0,GE-Phase,stroke,107960,110406,2446,330,0.228,-1120,-2116
108290,108671,381,0,GE-Phrase,230,107960,110406,2446,381,1.0,330,-1735
108290,108671,381,0,GE-Phase,stroke,107960,110406,2446,381,1.0,330,-1735
108671,109369,698,0,GE-Phrase,230,107960,110406,2446,698,1.0,711,-1037
108671,109369,698,0,GE-Phase,stroke,107960,110406,2446,698,1.0,711,-1037
109369,110382,1013,0,GE-Phrase,230,107960,110406,2446,1013,1.0,1409,-24
109369,110382,1013,0,GE-Phase,stroke,107960,110406,2446,1013,1.0,1409,-24
111370,113448,2078,0,GE-Phrase,232,111344,112091,747,721,0.347,26,1357
111370,113448,2078,0,GE-Phrase,233,112091,112627,536,536,0.258,-721,821
111370,113448,2078,0,GE-Phrase,234,112627,113705,1078,821,0.395,-1257,-257
111370,113448,2078,0,GE-Phase,stroke,111344,112091,747,721,0.347,26,1357
111370,113448,2078,0,GE-Phase,stroke,112091,112627,536,536,0.258,-721,821
111370,113448,2078,0,GE-Phase,preparation,112627,113297,670,670,0.322,-1257,151
111370,113448,2078,0,GE-Phase,stroke,113297,113705,408,151,0.073,-1927,-257
124510,125180,670,0,GE-Phrase,241,121878,125705,3827,670,1.0,2632,-525
124510,125180,670,0,GE-Phase,stroke,122442,125705,3263,670,1.0,2068,-525
125180,125513,333,0,GE-Phrase,241,121878,125705,3827,333,1.0,3302,-192
125180,125513,333,0,GE-Phase,stroke,122442,125705,3263,333,1.0,2738,-192
45810,46185,375,0,GE-Phrase,201,43285,46196,2911,375,1.0,2525,-11
45810,46185,375,0,GE-Phase,retraction,45605,46196,591,375,1.0,205,-11
46185,48220,2035,0,GE-Phrase,201,43285,46196,2911,11,0.005,2900,2024
46185,48220,2035,0,GE-Phrase,202,46196,50278,4082,2024,0.995,-11,-2058
46185,48220,2035,0,GE-Phase,retraction,45605,46196,591,11,0.005,580,2024
46185,48220,2035,0,GE-Phase,preparation,46196,47482,1286,1286,0.632,-11,738
46185,48220,2035,0,GE-Phase,stroke,47482,50132,2650,738,0.363,-1297,-1912
48950,50259,1309,0,GE-Phrase,202,46196,50278,4082,1309,1.0,2754,-19
48950,50259,1309,0,GE-Phase,stroke,47482,50132,2650,1182,0.903,1468,127
48950,50259,1309,0,GE-Phase,retraction,50132,50278,146,127,0.097,-1182,-19
101775,103364,1589,0,GE-Phrase,226,101601,103369,1768,1589,1.0,174,-5
101775,103364,1589,0,GE-Phase,stroke,101601,102234,633,459,0.289,174,1130
101775,103364,1589,0,GE-Phase,retraction,102234,103369,1135,1130,0.711,-459,-5
106840,108290,1450,0,GE-Phrase,229,105764,107960,2196,1120,0.772,1076,330
106840,108290,1450,0,GE-Phrase,230,107960,110406,2446,330,0.228,-1120,-2116
106840,108290,1450,0,GE-Phase,stroke,105764,107960,2196,1120,0.772,1076,330
106840,108290,1450,0,GE-Phase,stroke,107960,110406,2446,330,0.228,-1120,-2116
108290,108671,381,0,GE-Phrase,230,107960,110406,2446,381,1.0,330,-1735
108290,108671,381,0,GE-Phase,stroke,107960,110406,2446,381,1.0,330,-1735
108671,109369,698,0,GE-Phrase,230,107960,110406,2446,698,1.0,711,-1037
108671,109369,698,0,GE-Phase,stroke,107960,110406,2446,698,1.0,711,-1037
109369,110382,1013,0,GE-Phrase,230,107960,110406,2446,1013,1.0,1409,-24
109369,110382,1013,0,GE-Phase,stroke,107960,110406,2446,1013,1.0,1409,-24
111370,113448,2078,0,GE-Phrase,232,111344,112091,747,721,0.347,26,1357
111370,113448,2078,0,GE-Phrase,233,112091,112627,536,536,0.258,-721,821
111370,113448,2078,0,GE-Phrase,234,112627,113705,1078,821,0.395,-1257,-257
111370,113448,2078,0,GE-Phase,stroke,111344,112091,747,721,0.347,26,1357
111370,113448,2078,0,GE-Phase,stroke,112091,112627,536,536,0.258,-721,821
111370,113448,2078,0,GE-Phase,preparation,112627,113297,670,670,0.322,-1257,151
111370,113448,2078,0,GE-Phase,stroke,113297,113705,408,151,0.073,-1927,-257
124510,125180,670,0,GE-Phrase,241,121878,125705,3827,670,1.0,2632,-525
124510,125180,670,0,GE-Phase,stroke,122442,125705,3263,670,1.0,2068,-525
125180,125513,333,0,GE-Phrase,241,121878,125705,3827,333,1.0,3302,-192
125180,125513,333,0,GE-Phase,stroke,122442,125705,3263,333,1.0,2738,-192
45810,46185,375,0,GE-Phrase,201,43285,46196,2911,375,1.0,2525,-11
45810,46185,375,0,GE-Phase,retraction,45605,46196,591,375,1.0,205,-11
46185,48220,2035,0,GE-Phrase,201,43285,46196,2911,11,0.005,2900,2024
46185,48220,2035,0,GE-Phrase,202,46196,50278,4082,2024,0.995,-11,-2058
46185,48220,2035,0,GE-Phase,retraction,45605,46196,591,11,0.005,580,2024
46185,48220,2035,0,GE-Phase,preparation,46196,47482,1286,1286,0.632,-11,738
46185,48220,2035,0,GE-Phase,stroke,47482,50132,2650,738,0.363,-1297,-1912
48950,50259,1309,0,GE-Phrase,202,46196,50278,4082,1309,1.0,2754,-19
48950,50259,1309,0,GE-Phase,stroke,47482,50132,2650,1182,0.903,1468,127
48950,50259,1309,0,GE-Phase,retraction,50132,50278,146,127,0.097,-1182,-19
101775,103364,1589,0,GE-Phrase,226,101601,103369,1768,1589,1.0,174,-5
101775,103364,1589,0,GE-Phase,stroke,101601,102234,633,459,0.289,174,1130
101775,103364,1589,0,GE-Phase,retraction,102234,103369,1135,1130,0.711,-459,-5
106840,108290,1450,0,GE-Phrase,229,105764,107960,2196,1120,0.772,1076,330
106840,108290,1450,0,GE-Phrase,230,107960,110406,2446,330,0.228,-1120,-2116
106840,108290,1450,0,GE-Phase,stroke,105764,107960,2196,1120,0.772,1076,330
106840,108290,1450,0,GE-Phase,stroke,107960,110406,2446,330,0.228,-1120,-2116
108290,108671,381,0,GE-Phrase,230,107960,110406,2446,381,1.0,330,-1735
108290,108671,381,0,GE-Phase,stroke,107960,110406,2446,381,1.0,330,-1735
108671,109369,698,0,GE-Phrase,230,107960,110406,2446,698,1.0,711,-1037
108671,109369,698,0,GE-Phase,stroke,107960,110406,2446,698,1.0,711,-1037
109369,110382,1013,0,GE-Phrase,230,107960,110406,2446,1013,1.0,1409,-24
109369,110382,1013,0,GE-Phase,stroke,107960,110406,2446,1013,1.0,1409,-24
111370,113448,2078,0,GE-Phrase,232,111344,112091,747,721,0.347,26,1357
111370,113448,2078,0,GE-Phrase,233,112091,112627,536,536,0.258,-721,821
111370,113448,2078,0,GE-Phrase,234,112627,113705,1078,821,0.395,-1257,-257
111370,113448,2078,0,GE-Phase,stroke,111344,112091,747,721,0.347,26,1357
111370,113448,2078,0,GE-Phase,stroke,112091,112627,536,536,0.258,-721,821
111370,113448,2078,0,GE-Phase,preparation,112627,113297,670,670,0.322,-1257,151
111370,113448,2078,0,GE-Phase,stroke,113297,113705,408,151,0.073,-1927,-257
124510,125180,670,0,GE-Phrase,241,121878,125705,3827,670,1.0,2632,-525
124510,125180,670,0,GE-Phase,stroke,122442,125705,3263,670,1.0,2068,-525
125180,125513,333,0,GE-Phrase,241,121878,125705,3827,333,1.0,3302,-192
125180,125513,333,0,GE-Phase,stroke,122442,125705,3263,333,1.0,2738,-192
45810,46185,375,0,GE-Phrase,201,43285,46196,2911,375,1.0,2525,-11
45810,46185,375,0,GE-Phase,retraction,45605,46196,591,375,1.0,205,-11
46185,48220,2035,0,GE-Phrase,201,43285,46196,2911,11,0.005,2900,2024
46185,48220,2035,0,GE-Phrase,202,46196,50278,4082,2024,0.995,-11,-2058
46185,48220,2035,0,GE-Phase,retraction,45605,46196,591,11,0.005,580,2024
46185,48220,2035,0,GE-Phase,preparation,46196,47482,1286,1286,0.632,-11,738
46185,48220,2035,0,GE-Phase,stroke,47482,50132,2650,738,0.363,-1297,-1912
48950,50259,1309,0,GE-Phrase,202,46196,50278,4082,1309,1.0,2754,-19
48950,50259,1309,0,GE-Phase,stroke,47482,50132,2650,1182,0.903,1468,127
48950,50259,1309,0,GE-Phase,retraction,50132,50278,146,127,0.097,-1182,-19
101775,103364,1589,0,GE-Phrase,226,101601,103369,1768,1589,1.0,174,-5
101775,103364,1589,0,GE-Phase,stroke,101601,102234,633,459,0.289,174,1130
101775,103364,1589,0,GE-Phase,retraction,102234,103369,1135,1130,0.711,-459,-5
106840,108290,1450,0,GE-Phrase,229,105764,107960,2196,1120,0.772,1076,330
106840,108290,1450,0,GE-Phrase,230,107960,110406,2446,330,0.228,-1120,-2116
106840,108290,1450,0,GE-Phase,stroke,105764,107960,2196,1120,0.772,1076,330
106840,108290,1450,0,GE-Phase,stroke,107960,110406,2446,330,0.228,-1120,-2116
108290,108671,381,0,GE-Phrase,230,107960,110406,2446,381,1.0,330,-1735
108290,108671,381,0,GE-Phase,stroke,107960,110406,2446,381,1.0,330,-1735
108671,109369,698,0,GE-Phrase,230,107960,110406,2446,698,1.0,711,-1037
108671,109369,698,0,GE-Phase,stroke,107960,110406,2446,698,1.0,711,-1037
109369,110382,1013,0,GE-Phrase,230,107960,110406,2446,1013,1.0,1409,-24
109369,110382,1013,0,GE-Phase,stroke,107960,110406,2446,1013,1.0,1409,-24
111370,113448,2078,0,GE-Phrase,232,111344,112091,747,721,0.347,26,1357
111370,113448,2078,0,GE-Phrase,233,112091,112627,536,536,0.258,-721,821
111370,113448,2078,0,GE-Phrase,234,112627,113705,1078,821,0.395,-1257,-257
111370,113448,2078,0,GE-Phase,stroke,111344,112091,747,721,0.347,26,1357
111370,113448,2078,0,GE-Phase,stroke,112091,112627,536,536,0.258,-721,821
111370,113448,2078,0,GE-Phase,preparation,112627,113297,670,670,0.322,-1257,151
111370,113448,2078,0,GE-Phase,stroke,113297,113705,408,151,0.073,-1927,-257
124510,125180,670,0,GE-Phrase,241,121878,125705,3827,670,1.0,2632,-525
124510,125180,670,0,GE-Phase,stroke,122442,125705,3263,670,1.0,2068,-525
125180,125513,333,0,GE-Phrase,241,121878,125705,3827,333,1.0,3302,-192
125180,125513,333,0,GE-Phase,stroke,122442,125705,3263,333,1.0,2738,-192
45810,46185,375,0,GE-Phrase,201,43285,46196,2911,375,1.0,2525,-11
45810,46185,375,0,GE-Phase,retraction,45605,46196,591,375,1.0,205,-11
46185,48220,2035,0,GE-Phrase,201,43285,46196,2911,11,0.005,2900,2024
46185,48220,2035,0,GE-Phrase,202,46196,50278,4082,2024,0.995,-11,-2058
46185,48220,2035,0,GE-Phase,retraction,45605,46196,591,11,0.005,580,2024
46185,48220,2035,0,GE-Phase,preparation,46196,47482,1286,1286,0.632,-11,738
46185,48220,2035,0,GE-Phase,stroke,47482,50132,2650,738,0.363,-1297,-1912
48950,50259,1309,0,GE-Phrase,202,46196,50278,4082,1309,1.0,2754,-19
48950,50259,1309,0,GE-Phase,stroke,47482,50132,2650,1182,0.903,1468,127
48950,50259,1309,0,GE-Phase,retraction,50132,50278,146,127,0.097,-1182,-19
101775,103364,1589,0,GE-Phrase,226,101601,103369,1768,1589,1.0,174,-5
101775,103364,1589,0,GE-Phase,stroke,101601,102234,633,459,0.289,174,1130
101775,103364,1589,0,GE-Phase,retraction,102234,103369,1135,1130,0.711,-459,-5
106840,108290,1450,0,GE-Phrase,229,105764,107960,2196,1120,0.772,1076,330
106840,108290,1450,0,GE-Phrase,230,107960,110406,2446,330,0.228,-1120,-2116
106840,108290,1450,0,GE-Phase,stroke,105764,107960,2196,1120,0.772,1076,330
106840,108290,1450,0,GE-Phase,stroke,107960,110406,2446,330,0.228,-1120,-2116
108290,108671,381,0,GE-Phrase,230,107960,110406,2446,381,1.0,330,-1735
108290,108671,381,0,GE-Phase,stroke,107960,110406,2446,381,1.0,330,-1735
108671,109369,698,0,GE-Phrase,230,107960,110406,2446,698,1.0,711,-1037
108671,109369,698,0,GE-Phase,stroke,107960,110406,2446,698,1.0,711,-1037
109369,110382,1013,0,GE-Phrase,230,107960,110406,2446,1013,1.0,1409,-24
109369,110382,1013,0,GE-Phase,stroke,107960,110406,2446,1013,1.0,1409,-24
111370,113448,2078,0,GE-Phrase,232,111344,112091,747,721,0.347,26,1357
111370,113448,2078,0,GE-Phrase,233,112091,112627,536,536,0.258,-721,821
111370,113448,2078,0,GE-Phrase,234,112627,113705,1078,821,0.395,-1257,-257
111370,113448,2078,0,GE-Phase,stroke,111344,112091,747,721,0.347,26,1357
111370,113448,2078,0,GE-Phase,stroke,112091,112627,536,536,0.258,-721,821
111370,113448,2078,0,GE-Phase,preparation,112627,113297,670,670,0.322,-1257,151
111370,113448,2078,0,GE-Phase,stroke,113297,113705,408,151,0.073,-1927,-257
124510,125180,670,0,GE-Phrase,241,121878,125705,3827,670,1.0,2632,-525
124510,125180,670,0,GE-Phase,stroke,122442,125705,3263,670,1.0,2068,-525
125180,125513,333,0,GE-Phrase,241,121878,125705,3827,333,1.0,3302,-192
125180,125513,333,0,GE-Phase,stroke,122442,125705,3263,333,1.0,2738,-192
45810,46185,375,0,GE-Phrase,201,43285,46196,2911,375,1.0,2525,-11
45810,46185,375,0,GE-Phase,retraction,45605,46196,591,375,1.0,205,-11
46185,48220,2035,0,GE-Phrase,201,43285,46196,2911,11,0.005,2900,2024
46185,48220,2035,0,GE-Phrase,202,46196,50278,4082,2024,0.995,-11,-2058
46185,48220,2035,0,GE-Phase,retraction,45605,46196,591,11,0.005,580,2024
46185,48220,2035,0,GE-Phase,preparation,46196,47482,1286,1286,0.632,-11,738
46185,48220,2035,0,GE-Phase,stroke,47482,50132,2650,738,0.363,-1297,-1912
48950,50259,1309,0,GE-Phrase,202,46196,50278,4082,1309,1.0,2754,-19
48950,50259,1309,0,GE-Phase,stroke,47482,50132,2650,1182,0.903,1468,127
48950,50259,1309,0,GE-Phase,retraction,50132,50278,146,127,0.097,-1182,-19
101775,103364,1589,0,GE-Phrase,226,101601,103369,1768,1589,1.0,174,-5
101775,103364,1589,0,GE-Phase,stroke,101601,102234,633,459,0.289,174,1130
101775,103364,1589,0,GE-Phase,retraction,102234,103369,1135,1130,0.711,-459,-5
106840,108290,1450,0,GE-Phrase,229,105764,107960,2196,1120,0.772,1076,330
106840,108290,1450,0,GE-Phrase,230,107960,110406,2446,330,0.228,-1120,-2116
106840,108290,1450,0,GE-Phase,stroke,105764,107960,2196,1120,0.772,1076,330
106840,108290,1450,0,GE-Phase,stroke,107960,110406,2446,330,0.228,-1120,-2116
108290,108671,381,0,GE-Phrase,230,107960,110406,2446,381,1.0,330,-1735
108290,108671,381,0,GE-Phase,stroke,107960,110406,2446,381,1.0,330,-1735
108671,109369,698,0,GE-Phrase,230,107960,110406,2446,698,1.0,711,-1037
108671,109369,698,0,GE-Phase,stroke,107960,110406,2446,698,1.0,711,-1037
109369,110382,1013,0,GE-Phrase,230,107960,110406,2446,1013,1.0,1409,-24
109369,110382,1013,0,GE-Phase,stroke,107960,110406,2446,1013,1.0,1409,-24
111370,113448,2078,0,GE-Phrase,232,111344,112091,747,721,0.347,26,1357
111370,113448,2078,0,GE-Phrase,233,112091,112627,536,536,0.258,-721,821
111370,113448,2078,0,GE-Phrase,234,112627,113705,1078,821,0.395,-1257,-257
111370,113448,2078,0,GE-Phase,stroke,111344,112091,747,721,0.347,26,1357
111370,113448,2078,0,GE-Phase,stroke,112091,112627,536,536,0.258,-721,821
111370,113448,2078,0,GE-Phase,preparation,112627,113297,670,670,0.322,-1257,151
111370,113448,2078,0,GE-Phase,stroke,113297,113705,408,151,0.073,-1927,-257
124510,125180,670,0,GE-Phrase,241,121878,125705,3827,670,1.0,2632,-525
124510,125180,670,0,GE-Phase,stroke,122442,125705,3263,670,1.0,2068,-525
125180,125513,333,0,GE-Phrase,241,121878,125705,3827,333,1.0,3302,-192
125180,125513,333,0,GE-Phase,stroke,122442,125705,3263,333,1.0,2738,-192
45810,46185,375,0,GE-Phrase,201,43285,46196,2911,375,1.0,2525,-11
45810,46185,375,0,GE-Phase,retraction,45605,46196,591,375,1.0,205,-11
46185,48220,2035,0,GE-Phrase,201,43285,46196,2911,11,0.005,2900,2024
46185,48220,2035,0,GE-Phrase,202,46196,50278,4082,2024,0.995,-11,-2058
46185,48220,2035,0,GE-Phase,retraction,45605,46196,591,11,0.005,580,2024
46185,48220,2035,0,GE-Phase,preparation,46196,47482,1286,1286,0.632,-11,738
46185,48220,2035,0,GE-Phase,stroke,47482,50132,2650,738,0.363,-1297,-1912
48950,50259,1309,0,GE-Phrase,202,46196,50278,4082,1309,1.0,2754,-19
48950,50259,1309,0,GE-Phase,stroke,47482,50132,2650,1182,0.903,1468,127
48950,50259,1309,0,GE-Phase,retraction,50132,50278,146,127,0.097,-1182,-19
101775,103364,1589,0,GE-Phrase,226,101601,103369,1768,1589,1.0,174,-5
101775,103364,1589,0,GE-Phase,stroke,101601,102234,633,459,0.289,174,1130
101775,103364,1589,0,GE-Phase,retraction,102234,103369,1135,1130,0.711,-459,-5
106840,108290,1450,0,GE-Phrase,229,105764,107960,2196,1120,0.772,1076,330
106840,108290,1450,0,GE-Phrase,230,107960,110406,2446,330,0.228,-1120,-2116
106840,108290,1450,0,GE-Phase,stroke,105764,107960,2196,1120,0.772,1076,330
106840,108290,1450,0,GE-Phase,stroke,107960,110406,2446,330,0.228,-1120,-2116
108290,108671,381,0,GE-Phrase,230,107960,110406,2446,381,1.0,330,-1735
108290,108671,381,0,GE-Phase,stroke,107960,110406,2446,381,1.0,330,-1735
108671,109369,698,0,GE-Phrase,230,107960,110406,2446,698,1.0,711,-1037
108671,109369,698,0,GE-Phase,stroke,107960,110406,2446,698,1.0,711,-1037
109369,110382,1013,0,GE-Phrase,230,107960,110406,2446,1013,1.0,1409,-24
109369,110382,1013,0,GE-Phase,stroke,107960,110406,2446,1013,1.0,1409,-24
111370,113448,2078,0,GE-Phrase,232,111344,112091,747,721,0.347,26,1357
111370,113448,2078,0,GE-Phrase,233,112091,112627,536,536,0.258,-721,821
111370,113448,2078,0,GE-Phrase,234,112627,113705,1078,821,0.395,-1257,-257
111370,113448,2078,0,GE-Phase,stroke,111344,112091,747,721,0.347,26,1357
111370,113448,2078,0,GE-Phase,stroke,112091,112627,536,536,0.258,-721,821
111370,113448,2078,0,GE-Phase,preparation,112627,113297,670,670,0.322,-1257,151
111370,113448,2078,0,GE-Phase,stroke,113297,113705,408,151,0.073,-1927,-257
124510,125180,670,0,GE-Phrase,241,121878,125705,3827,670,1.0,2632,-525
124510,125180,670,0,GE-Phase,stroke,122442,125705,3263,670,1.0,2068,-525
125180,125513,333,0,GE-Phrase,241,121878,125705,3827,333,1.0,3302,-192
125180,125513,333,0,GE-Phase,stroke,122442,125705,3263,333,1.0,2738,-192
45810,46185,375,0,GE-Phrase,201,43285,46196,2911,375,1.0,2525,-11
45810,46185,375,0,GE-Phase,retraction,45605,46196,591,375,1.0,205,-11
46185,48220,2035,0,GE-Phrase,201,43285,46196,2911,11,0.005,2900,2024
46185,48220,2035,0,GE-Phrase,202,46196,50278,4082,2024,0.995,-11,-2058
46185,48220,2035,0,GE-Phase,retraction,45605,46196,591,11,0.005,580,2024
46185,48220,2035,0,GE-Phase,preparation,46196,47482,1286,1286,0.632,-11,738
46185,48220,2035,0,GE-Phase,stroke,47482,50132,2650,738,0.363,-1297,-1912
48950,50259,1309,0,GE-Phrase,202,46196,50278,4082,1309,1.0,2754,-19
48950,50259,1309,0,GE-Phase,stroke,47482,50132,2650,1182,0.903,1468,127
48950,50259,1309,0,GE-Phase,retraction,50132,50278,146,127,0.097,-1182,-19
101775,103364,1589,0,GE-Phrase,226,101601,103369,1768,1589,1.0,174,-5
101775,103364,1589,0,GE-Phase,stroke,101601,102234,633,459,0.289,174,1130
101775,103364,1589,0,GE-Phase,retraction,102234,103369,1135,1130,0.711,-459,-5
106840,108290,1450,0,GE-Phrase,229,105764,107960,2196,1120,0.772,1076,330
106840,108290,1450,0,GE-Phrase,230,107960,110406,2446,330,0.228,-1120,-2116
106840,108290,1450,0,GE-Phase,stroke,105764,107960,2196,1120,0.772,1076,330
106840,108290,1450,0,GE-Phase,stroke,107960,110406,2446,330,0.228,-1120,-2116
108290,108671,381,0,GE-Phrase,230,107960,110406,2446,381,1.0,330,-1735
108290,108671,381,0,GE-Phase,stroke,107960,110406,2446,381,1.0,330,-1735
108671,109369,698,0,GE-Phrase,230,107960,110406,2446,698,1.0,711,-1037
108671,109369,698,0,GE-Phase,stroke,107960,110406,2446,698,1.0,711,-1037
109369,110382,1013,0,GE-Phrase,230,107960,110406,2446,1013,1.0,1409,-24
109369,110382,1013,0,GE-Phase,stroke,107960,110406,2446,1013,1.0,1409,-24
111370,113448,2078,0,GE-Phrase,232,111344,112091,747,721,0.347,26,1357
111370,113448,2078,0,GE-Phrase,233,112091,112627,536,536,0.258,-721,821
111370,113448,2078,0,GE-Phrase,234,112627,113705,1078,821,0.395,-1257,-257
111370,113448,2078,0,GE-Phase,stroke,111344,112091,747,721,0.347,26,1357
111370,113448,2078,0,GE-Phase,stroke,112091,112627,536,536,0.258,-721,821
111370,113448,2078,0,GE-Phase,preparation,112627,113297,670,670,0.322,-1257,151
111370,113448,2078,0,GE-Phase,stroke,113297,113705,408,151,0.073,-1927,-257
124510,125180,670,0,GE-Phrase,241,121878,125705,3827,670,1.0,2632,-525
124510,125180,670,0,GE-Phase,stroke,122442,125705,3263,670,1.0,2068,-525
125180,125513,333,0,GE-Phrase,241,121878,125705,3827,333,1.0,3302,-192
125180,125513,333,0,GE-Phase,stroke,122442,125705,3263,333,1.0,2738,-192
45810,46185,375,0,GE-Phrase,201,43285,46196,2911,375,1.0,2525,-11
45810,46185,375,0,GE-Phase,retraction,45605,46196,591,375,1.0,205,-11
46185,48220,2035,0,GE-Phrase,201,43285,46196,2911,11,0.005,2900,2024
46185,48220,2035,0,GE-Phrase,202,46196,50278,4082,2024,0.995,-11,-2058
46185,48220,2035,0,GE-Phase,retraction,45605,46196,591,11,0.005,580,2024
46185,48220,2035,0,GE-Phase,preparation,46196,47482,1286,1286,0.632,-11,738
46185,48220,2035,0,GE-Phase,stroke,47482,50132,2650,738,0.363,-1297,-1912
48950,50259,1309,0,GE-Phrase,202,46196,50278,4082,1309,1.0,2754,-19
48950,50259,1309,0,GE-Phase,stroke,47482,50132,2650,1182,0.903,1468,127
48950,50259,1309,0,GE-Phase,retraction,50132,50278,146,127,0.097,-1182,-19
101775,103364,1589,0,GE-Phrase,226,101601,103369,1768,1589,1.0,174,-5
101775,103364,1589,0,GE-Phase,stroke,101601,102234,633,459,0.289,174,1130
101775,103364,1589,0,GE-Phase,retraction,102234,103369,1135,1130,0.711,-459,-5
106840,108290,1450,0,GE-Phrase,229,105764,107960,2196,1120,0.772,1076,330
106840,108290,1450,0,GE-Phrase,230,107960,110406,2446,330,0.228,-1120,-2116
106840,108290,1450,0,GE-Phase,stroke,105764,107960,2196,1120,0.772,1076,330
106840,108290,1450,0,GE-Phase,stroke,107960,110406,2446,330,0.228,-1120,-2116
108290,108671,381,0,GE-Phrase,230,107960,110406,2446,381,1.0,330,-1735
108290,108671,381,0,GE-Phase,stroke,107960,110406,2446,381,1.0,330,-1735
108671,109369,698,0,GE-Phrase,230,107960,110406,2446,698,1.0,711,-1037
108671,109369,698,0,GE-Phase,stroke,107960,110406,2446,698,1.0,711,-1037
109369,110382,1013,0,GE-Phrase,230,107960,110406,2446,1013,1.0,1409,-24
109369,110382,1013,0,GE-Phase,stroke,107960,110406,2446,1013,1.0,1409,-24
111370,113448,2078,0,GE-Phrase,232,111344,112091,747,721,0.347,26,1357
111370,113448,2078,0,GE-Phrase,233,112091,112627,536,536,0.258,-721,821
111370,113448,2078,0,GE-Phrase,234,112627,113705,1078,821,0.395,-1257,-257
111370,113448,2078,0,GE-Phase,stroke,111344,112091,747,721,0.347,26,1357
111370,113448,2078,0,GE-Phase,stroke,112091,112627,536,536,0.258,-721,821
111370,113448,2078,0,GE-Phase,preparation,112627,113297,670,670,0.322,-1257,151
111370,113448,2078,0,GE-Phase,stroke,113297,113705,408,151,0.073,-1927,-257
124510,125180,670,0,GE-Phrase,241,121878,125705,3827,670,1.0,2632,-525
124510,125180,670,0,GE-Phase,stroke,122442,125705,3263,670,1.0,2068,-525
125180,125513,333,0,GE-Phrase,241,121878,125705,3827,333,1.0,3302,-192
125180,125513,333,0,GE-Phase,stroke,122442,125705,3263,333,1.0,2738,-192
45810,46185,375,0,GE-Phrase,201,43285,46196,2911,375,1.0,2525,-11
45810,46185,375,0,GE-Phase,retraction,45605,46196,591,375,1.0,205,-11
46185,48220,2035,0,GE-Phrase,201,43285,46196,2911,11,0.005,2900,2024
46185,48220,2035,0,GE-Phrase,202,46196,50278,4082,2024,0.995,-11,-2058
46185,48220,2035,0,GE-Phase,retraction,45605,46196,591,11,0.005,580,2024
46185,48220,2035,0,GE-Phase,preparation,46196,47482,1286,1286,0.632,-11,738
46185,48220,2035,0,GE-Phase,stroke,47482,50132,2650,738,0.363,-1297,-1912
48950,50259,1309,0,GE-Phrase,202,46196,50278,4082,1309,1.0,2754,-19
48950,50259,1309,0,GE-Phase,stroke,47482,50132,2650,1182,0.903,1468,127
48950,50259,1309,0,GE-Phase,retraction,50132,50278,146,127,0.097,-1182,-19
101775,103364,1589,0,GE-Phrase,226,101601,103369,1768,1589,1.0,174,-5
101775,103364,1589,0,GE-Phase,stroke,101601,102234,633,459,0.289,174,1130
101775,103364,1589,0,GE-Phase,retraction,102234,103369,1135,1130,0.711,-459,-5
106840,108290,1450,0,GE-Phrase,229,105764,107960,2196,1120,0.772,1076,330
106840,108290,1450,0,GE-Phrase,230,107960,110406,2446,330,0.228,-1120,-2116
106840,108290,1450,0,GE-Phase,stroke,105764,107960,2196,1120,0.772,1076,330
106840,108290,1450,0,GE-Phase,stroke,107960,110406,2446,330,0.228,-1120,-2116
108290,108671,381,0,GE-Phrase,230,107960,110406,2446,381,1.0,330,-1735
108290,108671,381,0,GE-Phase,stroke,107960,110406,2446,381,1.0,330,-1735
108671,109369,698,0,GE-Phrase,230,107960,110406,2446,698,1.0,711,-1037
108671,109369,698,0,GE-Phase,stroke,107960,110406,2446,698,1.0,711,-1037
109369,110382,1013,0,GE-Phrase,230,107960,110406,2446,1013,1.0,1409,-24
109369,110382,1013,0,GE-Phase,stroke,107960,110406,2446,1013,1.0,1409,-24
111370,113448,2078,0,GE-Phrase,232,111344,112091,747,721,0.347,26,1357
111370,113448,2078,0,GE-Phrase,233,112091,112627,536,536,0.258,-721,821
111370,113448,2078,0,GE-Phrase,234,112627,113705,1078,821,0.395,-1257,-257
111370,113448,2078,0,GE-Phase,stroke,111344,112091,747,721,0.347,26,1357
111370,113448,2078,0,GE-Phase,stroke,112091,112627,536,536,0.258,-721,821
111370,113448,2078,0,GE-Phase,preparation,112627,113297,670,670,0.322,-1257,151
111370,113448,2078,0,GE-Phase,stroke,113297,113705,408,151,0.073,-1927,-257
124510,125180,670,0,GE-Phrase,241,121878,125705,3827,670,1.0,2632,-525
124510,125180,670,0,GE-Phase,stroke,122442,125705,3263,670,1.0,2068,-525
125180,125513,333,0,GE-Phrase,241,121878,125705,3827,333,1.0,3302,-192
125180,125513,333,0,GE-Phase,stroke,122442,125705,3263,333,1.0,2738,-192
45810,46185,375,0,GE-Phrase,201,43285,46196,2911,375,1.0,2525,-11
45810,46185,375,0,GE-Phase,retraction,45605,46196,591,375,1.0,205,-11
46185,48220,2035,0,GE-Phrase,201,43285,46196,2911,11,0.005,2900,2024
46185,48220,2035,0,GE-Phrase,202,46196,50278,4082,2024,0.995,-11,-2058
46185,48220,2035,0,GE-Phase,retraction,45605,46196,591,11,0.005,580,2024
46185,48220,2035,0,GE-Phase,preparation,46196,47482,1286,1286,0.632,-11,738
46185,48220,2035,0,GE-Phase,stroke,47482,50132,2650,738,0.363,-1297,-1912
48950,50259,1309,0,GE-Phrase,202,46196,50278,4082,1309,1.0,2754,-19
48950,50259,1309,0,GE-Phase,stroke,47482,50132,2650,1182,0.903,1468,127
48950,50259,1309,0,GE-Phase,retraction,50132,50278,146,127,0.097,-1182,-19
101775,103364,1589,0,GE-Phrase,226,101601,103369,1768,1589,1.0,174,-5
101775,103364,1589,0,GE-Phase,stroke,101601,102234,633,459,0.289,174,1130
101775,103364,1589,0,GE-Phase,retraction,102234,103369,1135,1130,0.711,-459,-5
106840,108290,1450,0,GE-Phrase,229,105764,107960,2196,1120,0.772,1076,330
106840,108290,1450,0,GE-Phrase,230,107960,110406,2446,330,0.228,-1120,-2116
106840,108290,1450,0,GE-Phase,stroke,105764,107960,2196,1120,0.772,1076,330
106840,108290,1450,0,GE-Phase,stroke,107960,110406,2446,330,0.228,-1120,-2116
108290,108671,381,0,GE-Phrase,230,107960,110406,2446,381,1.0,330,-1735
108290,108671,381,0,GE-Phase,stroke,107960,110406,2446,381,1.0,330,-1735
108671,109369,698,0,GE-Phrase,230,107960,110406,2446,698,1.0,711,-1037
108671,109369,698,0,GE-Phase,stroke,107960,110406,2446,698,1.0,711,-1037
109369,110382,1013,0,GE-Phrase,230,107960,110406,2446,1013,1.0,1409,-24
109369,110382,1013,0,GE-Phase,stroke,107960,110406,2446,1013,1.0,1409,-24
111370,113448,2078,0,GE-Phrase,232,111344,112091,747,721,0.347,26,1357
111370,113448,2078,0,GE-Phrase,233,112091,112627,536,536,0.258,-721,821
111370,113448,2078,0,GE-Phrase,234,112627,113705,1078,821,0.395,-1257,-257
111370,113448,2078,0,GE-Phase,stroke,111344,112091,747,721,0.347,26,1357
111370,113448,2078,0,GE-Phase,stroke,112091,112627,536,536,0.258,-721,821
111370,113448,2078,0,GE-Phase,preparation,112627,113297,670,670,0.322,-1257,151
111370,113448,2078,0,GE-Phase,stroke,113297,113705,408,151,0.073,-1927,-257
124510,125180,670,0,GE-Phrase,241,121878,125705,3827,670,1.0,2632,-525
124510,125180,670,0,GE-Phase,stroke,122442,125705,3263,670,1.0,2068,-525
125180,125513,333,0,GE-Phrase,241,121878,125705,3827,333,1.0,3302,-192
125180,125513,333,0,GE-Phase,stroke,122442,125705,3263,333,1.0,2738,-192
45810,46185,375,0,GE-Phrase,201,43285,46196,2911,375,1.0,2525,-11
45810,46185,375,0,GE-Phase,retraction,45605,46196,591,375,1.0,205,-11
46185,48220,2035,0,GE-Phrase,201,43285,46196,2911,11,0.005,2900,2024
46185,48220,2035,0,GE-Phrase,202,46196,50278,4082,2024,0.995,-11,-2058
46185,48220,2035,0,GE-Phase,retraction,45605,46196,591,11,0.005,580,2024
46185,48220,2035,0,GE-Phase,preparation,46196,47482,1286,1286,0.632,-11,738
46185,48220,2035,0,GE-Phase,stroke,47482,50132,2650,738,0.363,-1297,-1912
48950,50259,1309,0,GE-Phrase,202,46196,50278,4082,1309,1.0,2754,-19
48950,50259,1309,0,GE-Phase,stroke,47482,50132,2650,1182,0.903,1468,127
48950,50259,1309,0,GE-Phase,retraction,50132,50278,146,127,0.097,-1182,-19
101775,103364,1589,0,GE-Phrase,226,101601,103369,1768,1589,1.0,174,-5
101775,103364,1589,0,GE-Phase,stroke,101601,102234,633,459,0.289,174,1130
101775,103364,1589,0,GE-Phase,retraction,102234,103369,1135,1130,0.711,-459,-5
106840,108290,1450,0,GE-Phrase,229,105764,107960,2196,1120,0.772,1076,330
106840,108290,1450,0,GE-Phrase,230,107960,110406,2446,330,0.228,-1120,-2116
106840,108290,1450,0,GE-Phase,stroke,105764,107960,2196,1120,0.772,1076,330
106840,108290,1450,0,GE-Phase,stroke,107960,110406,2446,330,0.228,-1120,-2116
108290,108671,381,0,GE-Phrase,230,107960,110406,2446,381,1.0,330,-1735
108290,108671,381,0,GE-Phase,stroke,107960,110406,2446,381,1.0,330,-1735
108671,109369,698,0,GE-Phrase,230,107960,110406,2446,698,1.0,711,-1037
108671,109369,698,0,GE-Phase,stroke,107960,110406,2446,698,1.0,711,-1037
109369,110382,1013,0,GE-Phrase,230,107960,110406,2446,1013,1.0,1409,-24
109369,110382,1013,0,GE-Phase,stroke,107960,110406,2446,1013,1.0,1409,-24
111370,113448,2078,0,GE-Phrase,232,111344,112091,747,721,0.347,26,1357
111370,113448,2078,0,GE-Phrase,233,112091,112627,536,536,0.258,-721,821
111370,113448,2078,0,GE-Phrase,234,112627,113705,1078,821,0.395,-1257,-257
111370,113448,2078,0,GE-Phase,stroke,111344,112091,747,721,0.347,26,1357
111370,113448,2078,0,GE-Phase,stroke,112091,112627,536,536,0.258,-721,821
111370,113448,2078,0,GE-Phase,preparation,112627,113297,670,670,0.322,-1257,151
111370,113448,2078,0,GE-Phase,stroke,113297,113705,408,151,0.073,-1927,-257
124510,125180,670,0,GE-Phrase,241,121878,125705,3827,670,1.0,2632,-525
124510,125180,670,0,GE-Phase,stroke,122442,125705,3263,670,1.0,2068,-525
125180,125513,333,0,GE-Phrase,241,121878,125705,3827,333,1.0,3302,-192
125180,125513,333,0,GE-Phase,stroke,122442,125705,3263,333,1.0,2738,-192
45810,46185,375,0,GE-Phrase,201,43285,46196,2911,375,1.0,2525,-11
45810,46185,375,0,GE-Phase,retraction,45605,46196,591,375,1.0,205,-11
46185,48220,2035,0,GE-Phrase,201,43285,46196,2911,11,0.005,2900,2024
46185,48220,2035,0,GE-Phrase,202,46196,50278,4082,2024,0.995,-11,-2058
46185,48220,2035,0,GE-Phase,retraction,45605,46196,591,11,0.005,580,2024
46185,48220,2035,0,GE-Phase,preparation,46196,47482,1286,1286,0.632,-11,738
46185,48220,2035,0,GE-Phase,stroke,47482,50132,2650,738,0.363,-1297,-1912
48950,50259,1309,0,GE-Phrase,202,46196,50278,4082,1309,1.0,2754,-19
48950,50259,1309,0,GE-Phase,stroke,47482,50132,2650,1182,0.903,1468,127
48950,50259,1309,0,GE-Phase,retraction,50132,50278,146,127,0.097,-1182,-19
101775,103364,1589,0,GE-Phrase,226,101601,103369,1768,1589,1.0,174,-5
101775,103364,1589,0,GE-Phase,stroke,101601,102234,633,459,0.289,174,1130
101775,103364,1589,0,GE-Phase,retraction,102234,103369,1135,1130,0.711,-459,-5
106840,108290,1450,0,GE-Phrase,229,105764,107960,2196,1120,0.772,1076,330
106840,108290,1450,0,GE-Phrase,230,107960,110406,2446,330,0.228,-1120,-2116
106840,108290,1450,0,GE-Phase,stroke,105764,107960,2196,1120,0.772,1076,330
106840,108290,1450,0,GE-Phase,stroke,107960,110406,2446,330,0.228,-1120,-2116
108290,108671,381,0,GE-Phrase,230,107960,110406,2446,381,1.0,330,-1735
108290,108671,381,0,GE-Phase,stroke,107960,110406,2446,381,1.0,330,-1735
108671,109369,698,0,GE-Phrase,230,107960,110406,2446,698,1.0,711,-1037
108671,109369,698,0,GE-Phase,stroke,107960,110406,2446,698,1.0,711,-1037
109369,110382,1013,0,GE-Phrase,230,107960,110406,2446,1013,1.0,1409,-24
109369,110382,1013,0,GE-Phase,stroke,107960,110406,2446,1013,1.0,1409,-24
111370,113448,2078,0,GE-Phrase,232,111344,112091,747,721,0.347,26,1357
111370,113448,2078,0,GE-Phrase,233,112091,112627,536,536,0.258,-721,821
111370,113448,2078,0,GE-Phrase,234,112627,113705,1078,821,0.395,-1257,-257
111370,113448,2078,0,GE-Phase,stroke,111344,112091,747,721,0.347,26,1357
111370,113448,2078,0,GE-Phase,stroke,112091,112627,536,536,0.258,-721,821
111370,113448,2078,0,GE-Phase,preparation,112627,113297,670,670,0.322,-1257,151
111370,113448,2078,0,GE-Phase,stroke,113297,113705,408,151,0.073,-1927,-257
124510,125180,670,0,GE-Phrase,241,121878,125705,3827,670,1.0,2632,-525
124510,125180,670,0,GE-Phase,stroke,122442,125705,3263,670,1.0,2068,-525
125180,125513,333,0,GE-Phrase,241,121878,125705,3827,333,1.0,3302,-192
125180,125513,333,0,GE-Phase,stroke,122442,125705,3263,333,1.0,2738,-192
45810,46185,375,0,GE-Phrase,201,43285,46196,2911,375,1.0,2525,-11
45810,46185,375,0,GE-Phase,retraction,45605,46196,591,375,1.0,205,-11
46185,48220,2035,0,GE-Phrase,201,43285,46196,2911,11,0.005,2900,2024
46185,48220,2035,0,GE-Phrase,202,46196,50278,4082,2024,0.995,-11,-2058
46185,48220,2035,0,GE-Phase,retraction,45605,46196,591,11,0.005,580,2024
46185,48220,2035,0,GE-Phase,preparation,46196,47482,1286,1286,0.632,-11,738
46185,48220,2035,0,GE-Phase,stroke,47482,50132,2650,738,0.363,-1297,-1912
48950,50259,1309,0,GE-Phrase,202,46196,50278,4082,1309,1.0,2754,-19
48950,50259,1309,0,GE-Phase,stroke,47482,50132,2650,1182,0.903,1468,127
48950,50259,1309,0,GE-Phase,retraction,50132,50278,146,127,0.097,-1182,-19
101775,103364,1589,0,GE-Phrase,226,101601,103369,1768,1589,1.0,174,-5
101775,103364,1589,0,GE-Phase,stroke,101601,102234,633,459,0.289,174,1130
101775,103364,1589,0,GE-Phase,retraction,102234,103369,1135,1130,0.711,-459,-5
106840,108290,1450,0,GE-Phrase,229,105764,107960,2196,1120,0.772,1076,330
106840,108290,1450,0,GE-Phrase,230,107960,110406,2446,330,0.228,-1120,-2116
106840,108290,1450,0,GE-Phase,stroke,105764,107960,2196,1120,0.772,1076,330
106840,108290,1450,0,GE-Phase,stroke,107960,110406,2446,330,0.228,-1120,-2116
108290,108671,381,0,GE-Phrase,230,107960,110406,2446,381,1.0,330,-1735
108290,108671,381,0,GE-Phase,stroke,107960,110406,2446,381,1.0,330,-1735
108671,109369,698,0,GE-Phrase,230,107960,110406,2446,698,1.0,711,-1037
108671,109369,698,0,GE-Phase,stroke,107960,110406,2446,698,1.0,711,-1037
109369,110382,1013,0,GE-Phrase,230,107960,110406,2446,1013,1.0,1409,-24
109369,110382,1013,0,GE-Phase,stroke,107960,110406,2446,1013,1.0,1409,-24
111370,113448,2078,0,GE-Phrase,232,111344,112091,747,721,0.347,26,1357
111370,113448,2078,0,GE-Phrase,233,112091,112627,536,536,0.258,-721,821
111370,113448,2078,0,GE-Phrase,234,112627,113705,1078,821,0.395,-1257,-257
111370,113448,2078,0,GE-Phase,stroke,111344,112091,747,721,0.347,26,1357
111370,113448,2078,0,GE-Phase,stroke,112091,112627,536,536,0.258,-721,821
111370,113448,2078,0,GE-Phase,preparation,112627,113297,670,670,0.322,-1257,151
111370,113448,2078,0,GE-Phase,stroke,113297,113705,408,151,0.073,-1927,-257
124510,125180,670,0,GE-Phrase,241,121878,125705,3827,670,1.0,2632,-525
124510,125180,670,0,GE-Phase,stroke,122442,125705,3263,670,1.0,2068,-525
125180,125513,333,0,GE-Phrase,241,121878,125705,3827,333,1.0,3302,-192
125180,125513,333,0,GE-Phase,stroke,122442,125705,3263,333,1.0,2738,-192
10765,11870,1105,0,GE-Phrase,204,10681,11709,1028,944,0.854,84,161
10765,11870,1105,0,GE-Phrase,205,11709,12745,1036,161,0.146,-944,-875
10765,11870,1105,0,GE-Phase,stroke,10681,11709,1028,944,0.854,84,161
10765,11870,1105,0,GE-Phase,stroke,11709,12745,1036,161,0.146,-944,-875
14560,15870,1310,0,GE-Phrase,206,12745,15828,3083,1268,0.968,1815,42
14560,15870,1310,0,GE-Phrase,207,15828,17061,1233,42,0.032,-1268,-1191
14560,15870,1310,0,GE-Phase,retraction,14308,15828,1520,1268,0.968,252,42
14560,15870,1310,0,GE-Phase,preparation,15828,16148,320,42,0.032,-1268,-278
22570,25660,3090,0,GE-Phrase,209,23133,25933,2800,2527,0.818,-563,-273
22570,25660,3090,0,GE-Phase,stroke,23133,23986,853,853,0.276,-563,1674
22570,25660,3090,0,GE-Phase,hold,23986,25933,1947,1674,0.542,-1416,-273
26022,27563,1541,0,GE-Phrase,210,25933,27493,1560,1471,0.955,89,70
26022,27563,1541,0,GE-Phrase,211,27493,29702,2209,70,0.045,-1471,-2139
26022,27563,1541,0,GE-Phase,preparation,25933,26485,552,463,0.3,89,1078
26022,27563,1541,0,GE-Phase,stroke,26485,27493,1008,1008,0.654,-463,70
26022,27563,1541,0,GE-Phase,stroke,27493,28197,704,70,0.045,-1471,-634
29529,31227,1698,0,GE-Phrase,211,27493,29702,2209,173,0.102,2036,1525
29529,31227,1698,0,GE-Phase,retraction,28197,29702,1505,173,0.102,1332,1525
33285,34491,1206,0,GE-Phrase,213,32366,34665,2299,1206,1.0,919,-174
33285,34491,1206,0,GE-Phase,stroke,32790,33932,1142,647,0.536,495,559
33285,34491,1206,0,GE-Phase,retraction,33932,34665,733,559,0.464,-647,-174
50217,51572,1355,0,GE-Phrase,221,49804,51662,1858,1355,1.0,413,-90
50217,51572,1355,0,GE-Phase,preparation,49804,50351,547,134,0.099,413,1221
50217,51572,1355,0,GE-Phase,stroke,50351,51136,785,785,0.579,-134,436
50217,51572,1355,0,GE-Phase,retraction,51136,51662,526,436,0.322,-919,-90
62628,63700,1072,0,GE-Phrase,224,62322,63789,1467,1072,1.0,306,-89
62628,63700,1072,0,GE-Phase,stroke,62322,63055,733,427,0.398,306,645
62628,63700,1072,0,GE-Phase,hold,63055,63789,734,645,0.602,-427,-89
63700,65033,1333,0,GE-Phrase,224,62322,63789,1467,89,0.067,1378,1244
63700,65033,1333,0,GE-Phrase,225,63789,64734,945,945,0.709,-89,299
63700,65033,1333,0,GE-Phrase,226,64734,66622,1888,299,0.224,-1034,-1589
63700,65033,1333,0,GE-Phase,hold,63055,63789,734,89,0.067,645,1244
63700,65033,1333,0,GE-Phase,stroke,63789,64277,488,488,0.366,-89,756
63700,65033,1333,0,GE-Phase,retraction,64277,64734,457,457,0.343,-577,299
63700,65033,1333,0,GE-Phase,preparation,64734,65047,313,299,0.224,-1034,-14
10765,11870,1105,0,GE-Phrase,204,10681,11709,1028,944,0.854,84,161
10765,11870,1105,0,GE-Phrase,205,11709,12745,1036,161,0.146,-944,-875
10765,11870,1105,0,GE-Phase,stroke,10681,11709,1028,944,0.854,84,161
10765,11870,1105,0,GE-Phase,stroke,11709,12745,1036,161,0.146,-944,-875
14560,15870,1310,0,GE-Phrase,206,12745,15828,3083,1268,0.968,1815,42
14560,15870,1310,0,GE-Phrase,207,15828,17061,1233,42,0.032,-1268,-1191
14560,15870,1310,0,GE-Phase,retraction,14308,15828,1520,1268,0.968,252,42
14560,15870,1310,0,GE-Phase,preparation,15828,16148,320,42,0.032,-1268,-278
22570,25660,3090,0,GE-Phrase,209,23133,25933,2800,2527,0.818,-563,-273
22570,25660,3090,0,GE-Phase,stroke,23133,23986,853,853,0.276,-563,1674
22570,25660,3090,0,GE-Phase,hold,23986,25933,1947,1674,0.542,-1416,-273
26022,27563,1541,0,GE-Phrase,210,25933,27493,1560,1471,0.955,89,70
26022,27563,1541,0,GE-Phrase,211,27493,29702,2209,70,0.045,-1471,-2139
26022,27563,1541,0,GE-Phase,preparation,25933,26485,552,463,0.3,89,1078
26022,27563,1541,0,GE-Phase,stroke,26485,27493,1008,1008,0.654,-463,70
26022,27563,1541,0,GE-Phase,stroke,27493,28197,704,70,0.045,-1471,-634
29529,31227,1698,0,GE-Phrase,211,27493,29702,2209,173,0.102,2036,1525
29529,31227,1698,0,GE-Phase,retraction,28197,29702,1505,173,0.102,1332,1525
33285,34491,1206,0,GE-Phrase,213,32366,34665,2299,1206,1.0,919,-174
33285,34491,1206,0,GE-Phase,stroke,32790,33932,1142,647,0.536,495,559
33285,34491,1206,0,GE-Phase,retraction,33932,34665,733,559,0.464,-647,-174
50217,51572,1355,0,GE-Phrase,221,49804,51662,1858,1355,1.0,413,-90
50217,51572,1355,0,GE-Phase,preparation,49804,50351,547,134,0.099,413,1221
50217,51572,1355,0,GE-Phase,stroke,50351,51136,785,785,0.579,-134,436
50217,51572,1355,0,GE-Phase,retraction,51136,51662,526,436,0.322,-919,-90
62628,63700,1072,0,GE-Phrase,224,62322,63789,1467,1072,1.0,306,-89
62628,63700,1072,0,GE-Phase,stroke,62322,63055,733,427,0.398,306,645
62628,63700,1072,0,GE-Phase,hold,63055,63789,734,645,0.602,-427,-89
63700,65033,1333,0,GE-Phrase,224,62322,63789,1467,89,0.067,1378,1244
63700,65033,1333,0,GE-Phrase,225,63789,64734,945,945,0.709,-89,299
63700,65033,1333,0,GE-Phrase,226,64734,66622,1888,299,0.224,-1034,-1589
63700,65033,1333,0,GE-Phase,hold,63055,63789,734,89,0.067,645,1244
63700,65033,1333,0,GE-Phase,stroke,63789,64277,488,488,0.366,-89,756
63700,65033,1333,0,GE-Phase,retraction,64277,64734,457,457,0.343,-577,299
63700,65033,1333,0,GE-Phase,preparation,64734,65047,313,299,0.224,-1034,-14
10765,11870,1105,0,GE-Phrase,204,10681,11709,1028,944,0.854,84,161
10765,11870,1105,0,GE-Phrase,205,11709,12745,1036,161,0.146,-944,-875
10765,11870,1105,0,GE-Phase,stroke,10681,11709,1028,944,0.854,84,161
10765,11870,1105,0,GE-Phase,stroke,11709,12745,1036,161,0.146,-944,-875
14560,15870,1310,0,GE-Phrase,206,12745,15828,3083,1268,0.968,1815,42
14560,15870,1310,0,GE-Phrase,207,15828,17061,1233,42,0.032,-1268,-1191
14560,15870,1310,0,GE-Phase,retraction,14308,15828,1520,1268,0.968,252,42
14560,15870,1310,0,GE-Phase,preparation,15828,16148,320,42,0.032,-1268,-278
22570,25660,3090,0,GE-Phrase,209,23133,25933,2800,2527,0.818,-563,-273
22570,25660,3090,0,GE-Phase,stroke,23133,23986,853,853,0.276,-563,1674
22570,25660,3090,0,GE-Phase,hold,23986,25933,1947,1674,0.542,-1416,-273
26022,27563,1541,0,GE-Phrase,210,25933,27493,1560,1471,0.955,89,70
26022,27563,1541,0,GE-Phrase,211,27493,29702,2209,70,0.045,-1471,-2139
26022,27563,1541,0,GE-Phase,preparation,25933,26485,552,463,0.3,89,1078
26022,27563,1541,0,GE-Phase,stroke,26485,27493,1008,1008,0.654,-463,70
26022,27563,1541,0,GE-Phase,stroke,27493,28197,704,70,0.045,-1471,-634
29529,31227,1698,0,GE-Phrase,211,27493,29702,2209,173,0.102,2036,1525
29529,31227,1698,0,GE-Phase,retraction,28197,29702,1505,173,0.102,1332,1525
33285,34491,1206,0,GE-Phrase,213,32366,34665,2299,1206,1.0,919,-174
33285,34491,1206,0,GE-Phase,stroke,32790,33932,1142,647,0.536,495,559
33285,34491,1206,0,GE-Phase,retraction,33932,34665,733,559,0.464,-647,-174
50217,51572,1355,0,GE-Phrase,221,49804,51662,1858,1355,1.0,413,-90
50217,51572,1355,0,GE-Phase,preparation,49804,50351,547,134,0.099,413,1221
50217,51572,1355,0,GE-Phase,stroke,50351,51136,785,785,0.579,-134,436
50217,51572,1355,0,GE-Phase,retraction,51136,51662,526,436,0.322,-919,-90
62628,63700,1072,0,GE-Phrase,224,62322,63789,1467,1072,1.0,306,-89
62628,63700,1072,0,GE-Phase,stroke,62322,63055,733,427,0.398,306,645
62628,63700,1072,0,GE-Phase,hold,63055,63789,734,645,0.602,-427,-89
63700,65033,1333,0,GE-Phrase,224,62322,63789,1467,89,0.067,1378,1244
63700,65033,1333,0,GE-Phrase,225,63789,64734,945,945,0.709,-89,299
63700,65033,1333,0,GE-Phrase,226,64734,66622,1888,299,0.224,-1034,-1589
63700,65033,1333,0,GE-Phase,hold,63055,63789,734,89,0.067,645,1244
63700,65033,1333,0,GE-Phase,stroke,63789,64277,488,488,0.366,-89,756
63700,65033,1333,0,GE-Phase,retraction,64277,64734,457,457,0.343,-577,299
63700,65033,1333,0,GE-Phase,preparation,64734,65047,313,299,0.224,-1034,-14
10765,11870,1105,0,GE-Phrase,204,10681,11709,1028,944,0.854,84,161
10765,11870,1105,0,GE-Phrase,205,11709,12745,1036,161,0.146,-944,-875
10765,11870,1105,0,GE-Phase,stroke,10681,11709,1028,944,0.854,84,161
10765,11870,1105,0,GE-Phase,stroke,11709,12745,1036,161,0.146,-944,-875
14560,15870,1310,0,GE-Phrase,206,12745,15828,3083,1268,0.968,1815,42
14560,15870,1310,0,GE-Phrase,207,15828,17061,1233,42,0.032,-1268,-1191
14560,15870,1310,0,GE-Phase,retraction,14308,15828,1520,1268,0.968,252,42
14560,15870,1310,0,GE-Phase,preparation,15828,16148,320,42,0.032,-1268,-278
22570,25660,3090,0,GE-Phrase,209,23133,25933,2800,2527,0.818,-563,-273
22570,25660,3090,0,GE-Phase,stroke,23133,23986,853,853,0.276,-563,1674
22570,25660,3090,0,GE-Phase,hold,23986,25933,1947,1674,0.542,-1416,-273
26022,27563,1541,0,GE-Phrase,210,25933,27493,1560,1471,0.955,89,70
26022,27563,1541,0,GE-Phrase,211,27493,29702,2209,70,0.045,-1471,-2139
26022,27563,1541,0,GE-Phase,preparation,25933,26485,552,463,0.3,89,1078
26022,27563,1541,0,GE-Phase,stroke,26485,27493,1008,1008,0.654,-463,70
26022,27563,1541,0,GE-Phase,stroke,27493,28197,704,70,0.045,-1471,-634
29529,31227,1698,0,GE-Phrase,211,27493,29702,2209,173,0.102,2036,1525
29529,31227,1698,0,GE-Phase,retraction,28197,29702,1505,173,0.102,1332,1525
33285,34491,1206,0,GE-Phrase,213,32366,34665,2299,1206,1.0,919,-174
33285,34491,1206,0,GE-Phase,stroke,32790,33932,1142,647,0.536,495,559
33285,34491,1206,0,GE-Phase,retraction,33932,34665,733,559,0.464,-647,-174
50217,51572,1355,0,GE-Phrase,221,49804,51662,1858,1355,1.0,413,-90
50217,51572,1355,0,GE-Phase,preparation,49804,50351,547,134,0.099,413,1221
50217,51572,1355,0,GE-Phase,stroke,50351,51136,785,785,0.579,-134,436
50217,51572,1355,0,GE-Phase,retraction,51136,51662,526,436,0.322,-919,-90
62628,63700,1072,0,GE-Phrase,224,62322,63789,1467,1072,1.0,306,-89
62628,63700,1072,0,GE-Phase,stroke,62322,63055,733,427,0.398,306,645
62628,63700,1072,0,GE-Phase,hold,63055,63789,734,645,0.602,-427,-89
63700,65033,1333,0,GE-Phrase,224,62322,63789,1467,89,0.067,1378,1244
63700,65033,1333,0,GE-Phrase,225,63789,64734,945,945,0.709,-89,299
63700,65033,1333,0,GE-Phrase,226,64734,66622,1888,299,0.224,-1034,-1589
63700,65033,1333,0,GE-Phase,hold,63055,63789,734,89,0.067,645,1244
63700,65033,1333,0,GE-Phase,stroke,63789,64277,488,488,0.366,-89,756
63700,65033,1333,0,GE-Phase,retraction,64277,64734,457,457,0.343,-577,299
63700,65033,1333,0,GE-Phase,preparation,64734,65047,313,299,0.224,-1034,-14
10765,11870,1105,0,GE-Phrase,204,10681,11709,1028,944,0.854,84,161
10765,11870,1105,0,GE-Phrase,205,11709,12745,1036,161,0.146,-944,-875
10765,11870,1105,0,GE-Phase,stroke,10681,11709,1028,944,0.854,84,161
10765,11870,1105,0,GE-Phase,stroke,11709,12745,1036,161,0.146,-944,-875
14560,15870,1310,0,GE-Phrase,206,12745,15828,3083,1268,0.968,1815,42
14560,15870,1310,0,GE-Phrase,207,15828,17061,1233,42,0.032,-1268,-1191
14560,15870,1310,0,GE-Phase,retraction,14308,15828,1520,1268,0.968,252,42
14560,15870,1310,0,GE-Phase,preparation,15828,16148,320,42,0.032,-1268,-278
22570,25660,3090,0,GE-Phrase,209,23133,25933,2800,2527,0.818,-563,-273
22570,25660,3090,0,GE-Phase,stroke,23133,23986,853,853,0.276,-563,1674
22570,25660,3090,0,GE-Phase,hold,23986,25933,1947,1674,0.542,-1416,-273
26022,27563,1541,0,GE-Phrase,210,25933,27493,1560,1471,0.955,89,70
26022,27563,1541,0,GE-Phrase,211,27493,29702,2209,70,0.045,-1471,-2139
26022,27563,1541,0,GE-Phase,preparation,25933,26485,552,463,0.3,89,1078
26022,27563,1541,0,GE-Phase,stroke,26485,27493,1008,1008,0.654,-463,70
26022,27563,1541,0,GE-Phase,stroke,27493,28197,704,70,0.045,-1471,-634
29529,31227,1698,0,GE-Phrase,211,27493,29702,2209,173,0.102,2036,1525
29529,31227,1698,0,GE-Phase,retraction,28197,29702,1505,173,0.102,1332,1525
33285,34491,1206,0,GE-Phrase,213,32366,34665,2299,1206,1.0,919,-174
33285,34491,1206,0,GE-Phase,stroke,32790,33932,1142,647,0.536,495,559
33285,34491,1206,0,GE-Phase,retraction,33932,34665,733,559,0.464,-647,-174
50217,51572,1355,0,GE-Phrase,221,49804,51662,1858,1355,1.0,413,-90
50217,51572,1355,0,GE-Phase,preparation,49804,50351,547,134,0.099,413,1221
50217,51572,1355,0,GE-Phase,stroke,50351,51136,785,785,0.579,-134,436
50217,51572,1355,0,GE-Phase,retraction,51136,51662,526,436,0.322,-919,-90
62628,63700,1072,0,GE-Phrase,224,62322,63789,1467,1072,1.0,306,-89
62628,63700,1072,0,GE-Phase,stroke,62322,63055,733,427,0.398,306,645
62628,63700,1072,0,GE-Phase,hold,63055,63789,734,645,0.602,-427,-89
63700,65033,1333,0,GE-Phrase,224,62322,63789,1467,89,0.067,1378,1244
63700,65033,1333,0,GE-Phrase,225,63789,64734,945,945,0.709,-89,299
63700,65033,1333,0,GE-Phrase,226,64734,66622,1888,299,0.224,-1034,-1589
63700,65033,1333,0,GE-Phase,hold,63055,63789,734,89,0.067,645,1244
63700,65033,1333,0,GE-Phase,stroke,63789,64277,488,488,0.366,-89,756
63700,65033,1333,0,GE-Phase,retraction,64277,64734,457,457,0.343,-577,299
63700,65033,1333,0,GE-Phase,preparation,64734,65047,313,299,0.224,-1034,-14
10765,11870,1105,0,GE-Phrase,204,10681,11709,1028,944,0.854,84,161
10765,11870,1105,0,GE-Phrase,205,11709,12745,1036,161,0.146,-944,-875
10765,11870,1105,0,GE-Phase,stroke,10681,11709,1028,944,0.854,84,161
10765,11870,1105,0,GE-Phase,stroke,11709,12745,1036,161,0.146,-944,-875
14560,15870,1310,0,GE-Phrase,206,12745,15828,3083,1268,0.968,1815,42
14560,15870,1310,0,GE-Phrase,207,15828,17061,1233,42,0.032,-1268,-1191
14560,15870,1310,0,GE-Phase,retraction,14308,15828,1520,1268,0.968,252,42
14560,15870,1310,0,GE-Phase,preparation,15828,16148,320,42,0.032,-1268,-278
22570,25660,3090,0,GE-Phrase,209,23133,25933,2800,2527,0.818,-563,-273
22570,25660,3090,0,GE-Phase,stroke,23133,23986,853,853,0.276,-563,1674
22570,25660,3090,0,GE-Phase,hold,23986,25933,1947,1674,0.542,-1416,-273
26022,27563,1541,0,GE-Phrase,210,25933,27493,1560,1471,0.955,89,70
26022,27563,1541,0,GE-Phrase,211,27493,29702,2209,70,0.045,-1471,-2139
26022,27563,1541,0,GE-Phase,preparation,25933,26485,552,463,0.3,89,1078
26022,27563,1541,0,GE-Phase,stroke,26485,27493,1008,1008,0.654,-463,70
26022,27563,1541,0,GE-Phase,stroke,27493,28197,704,70,0.045,-1471,-634
29529,31227,1698,0,GE-Phrase,211,27493,29702,2209,173,0.102,2036,1525
29529,31227,1698,0,GE-Phase,retraction,28197,29702,1505,173,0.102,1332,1525
33285,34491,1206,0,GE-Phrase,213,32366,34665,2299,1206,1.0,919,-174
33285,34491,1206,0,GE-Phase,stroke,32790,33932,1142,647,0.536,495,559
33285,34491,1206,0,GE-Phase,retraction,33932,34665,733,559,0.464,-647,-174
50217,51572,1355,0,GE-Phrase,221,49804,51662,1858,1355,1.0,413,-90
50217,51572,1355,0,GE-Phase,preparation,49804,50351,547,134,0.099,413,1221
50217,51572,1355,0,GE-Phase,stroke,50351,51136,785,785,0.579,-134,436
50217,51572,1355,0,GE-Phase,retraction,51136,51662,526,436,0.322,-919,-90
62628,63700,1072,0,GE-Phrase,224,62322,63789,1467,1072,1.0,306,-89
62628,63700,1072,0,GE-Phase,stroke,62322,63055,733,427,0.398,306,645
62628,63700,1072,0,GE-Phase,hold,63055,63789,734,645,0.602,-427,-89
63700,65033,1333,0,GE-Phrase,224,62322,63789,1467,89,0.067,1378,1244
63700,65033,1333,0,GE-Phrase,225,63789,64734,945,945,0.709,-89,299
63700,65033,1333,0,GE-Phrase,226,64734,66622,1888,299,0.224,-1034,-1589
63700,65033,1333,0,GE-Phase,hold,63055,63789,734,89,0.067,645,1244
63700,65033,1333,0,GE-Phase,stroke,63789,64277,488,488,0.366,-89,756
63700,65033,1333,0,GE-Phase,retraction,64277,64734,457,457,0.343,-577,299
63700,65033,1333,0,GE-Phase,preparation,64734,65047,313,299,0.224,-1034,-14
10765,11870,1105,0,GE-Phrase,204,10681,11709,1028,944,0.854,84,161
10765,11870,1105,0,GE-Phrase,205,11709,12745,1036,161,0.146,-944,-875
10765,11870,1105,0,GE-Phase,stroke,10681,11709,1028,944,0.854,84,161
10765,11870,1105,0,GE-Phase,stroke,11709,12745,1036,161,0.146,-944,-875
14560,15870,1310,0,GE-Phrase,206,12745,15828,3083,1268,0.968,1815,42
14560,15870,1310,0,GE-Phrase,207,15828,17061,1233,42,0.032,-1268,-1191
14560,15870,1310,0,GE-Phase,retraction,14308,15828,1520,1268,0.968,252,42
14560,15870,1310,0,GE-Phase,preparation,15828,16148,320,42,0.032,-1268,-278
22570,25660,3090,0,GE-Phrase,209,23133,25933,2800,2527,0.818,-563,-273
22570,25660,3090,0,GE-Phase,stroke,23133,23986,853,853,0.276,-563,1674
22570,25660,3090,0,GE-Phase,hold,23986,25933,1947,1674,0.542,-1416,-273
26022,27563,1541,0,GE-Phrase,210,25933,27493,1560,1471,0.955,89,70
26022,27563,1541,0,GE-Phrase,211,27493,29702,2209,70,0.045,-1471,-2139
26022,27563,1541,0,GE-Phase,preparation,25933,26485,552,463,0.3,89,1078
26022,27563,1541,0,GE-Phase,stroke,26485,27493,1008,1008,0.654,-463,70
26022,27563,1541,0,GE-Phase,stroke,27493,28197,704,70,0.045,-1471,-634
29529,31227,1698,0,GE-Phrase,211,27493,29702,2209,173,0.102,2036,1525
29529,31227,1698,0,GE-Phase,retraction,28197,29702,1505,173,0.102,1332,1525
33285,34491,1206,0,GE-Phrase,213,32366,34665,2299,1206,1.0,919,-174
33285,34491,1206,0,GE-Phase,stroke,32790,33932,1142,647,0.536,495,559
33285,34491,1206,0,GE-Phase,retraction,33932,34665,733,559,0.464,-647,-174
50217,51572,1355,0,GE-Phrase,221,49804,51662,1858,1355,1.0,413,-90
50217,51572,1355,0,GE-Phase,preparation,49804,50351,547,134,0.099,413,1221
50217,51572,1355,0,GE-Phase,stroke,50351,51136,785,785,0.579,-134,436
50217,51572,1355,0,GE-Phase,retraction,51136,51662,526,436,0.322,-919,-90
62628,63700,1072,0,GE-Phrase,224,62322,63789,1467,1072,1.0,306,-89
62628,63700,1072,0,GE-Phase,stroke,62322,63055,733,427,0.398,306,645
62628,63700,1072,0,GE-Phase,hold,63055,63789,734,645,0.602,-427,-89
63700,65033,1333,0,GE-Phrase,224,62322,63789,1467,89,0.067,1378,1244
63700,65033,1333,0,GE-Phrase,225,63789,64734,945,945,0.709,-89,299
63700,65033,1333,0,GE-Phrase,226,64734,66622,1888,299,0.224,-1034,-1589
63700,65033,1333,0,GE-Phase,hold,63055,63789,734,89,0.067,645,1244
63700,65033,1333,0,GE-Phase,stroke,63789,64277,488,488,0.366,-89,756
63700,65033,1333,0,GE-Phase,retraction,64277,64734,457,457,0.343,-577,299
63700,65033,1333,0,GE-Phase,preparation,64734,65047,313,299,0.224,-1034,-14
10765,11870,1105,0,GE-Phrase,204,10681,11709,1028,944,0.854,84,161
10765,11870,1105,0,GE-Phrase,205,11709,12745,1036,161,0.146,-944,-875
10765,11870,1105,0,GE-Phase,stroke,10681,11709,1028,944,0.854,84,161
10765,11870,1105,0,GE-Phase,stroke,11709,12745,1036,161,0.146,-944,-875
14560,15870,1310,0,GE-Phrase,206,12745,15828,3083,1268,0.968,1815,42
14560,15870,1310,0,GE-Phrase,207,15828,17061,1233,42,0.032,-1268,-1191
14560,15870,1310,0,GE-Phase,retraction,14308,15828,1520,1268,0.968,252,42
14560,15870,1310,0,GE-Phase,preparation,15828,16148,320,42,0.032,-1268,-278
22570,25660,3090,0,GE-Phrase,209,23133,25933,2800,2527,0.818,-563,-273
22570,25660,3090,0,GE-Phase,stroke,23133,23986,853,853,0.276,-563,1674
22570,25660,3090,0,GE-Phase,hold,23986,25933,1947,1674,0.542,-1416,-273
26022,27563,1541,0,GE-Phrase,210,25933,27493,1560,1471,0.955,89,70
26022,27563,1541,0,GE-Phrase,211,27493,29702,2209,70,0.045,-1471,-2139
26022,27563,1541,0,GE-Phase,preparation,25933,26485,552,463,0.3,89,1078
26022,27563,1541,0,GE-Phase,stroke,26485,27493,1008,1008,0.654,-463,70
26022,27563,1541,0,GE-Phase,stroke,27493,28197,704,70,0.045,-1471,-634
29529,31227,1698,0,GE-Phrase,211,27493,29702,2209,173,0.102,2036,1525
29529,31227,1698,0,GE-Phase,retraction,28197,29702,1505,173,0.102,1332,1525
33285,34491,1206,0,GE-Phrase,213,32366,34665,2299,1206,1.0,919,-174
33285,34491,1206,0,GE-Phase,stroke,32790,33932,1142,647,0.536,495,559
33285,34491,1206,0,GE-Phase,retraction,33932,34665,733,559,0.464,-647,-174
50217,51572,1355,0,GE-Phrase,221,49804,51662,1858,1355,1.0,413,-90
50217,51572,1355,0,GE-Phase,preparation,49804,50351,547,134,0.099,413,1221
50217,51572,1355,0,GE-Phase,stroke,50351,51136,785,785,0.579,-134,436
50217,51572,1355,0,GE-Phase,retraction,51136,51662,526,436,0.322,-919,-90
62628,63700,1072,0,GE-Phrase,224,62322,63789,1467,1072,1.0,306,-89
62628,63700,1072,0,GE-Phase,stroke,62322,63055,733,427,0.398,306,645
62628,63700,1072,0,GE-Phase,hold,63055,63789,734,645,0.602,-427,-89
63700,65033,1333,0,GE-Phrase,224,62322,63789,1467,89,0.067,1378,1244
63700,65033,1333,0,GE-Phrase,225,63789,64734,945,945,0.709,-89,299
63700,65033,1333,0,GE-Phrase,226,64734,66622,1888,299,0.224,-1034,-1589
63700,65033,1333,0,GE-Phase,hold,63055,63789,734,89,0.067,645,1244
63700,65033,1333,0,GE-Phase,stroke,63789,64277,488,488,0.366,-89,756
63700,65033,1333,0,GE-Phase,retraction,64277,64734,457,457,0.343,-577,299
63700,65033,1333,0,GE-Phase,preparation,64734,65047,313,299,0.224,-1034,-14
10765,11870,1105,0,GE-Phrase,204,10681,11709,1028,944,0.854,84,161
10765,11870,1105,0,GE-Phrase,205,11709,12745,1036,161,0.146,-944,-875
10765,11870,1105,0,GE-Phase,stroke,10681,11709,1028,944,0.854,84,161
10765,11870,1105,0,GE-Phase,stroke,11709,12745,1036,161,0.146,-944,-875
14560,15870,1310,0,GE-Phrase,206,12745,15828,3083,1268,0.968,1815,42
14560,15870,1310,0,GE-Phrase,207,15828,17061,1233,42,0.032,-1268,-1191
14560,15870,1310,0,GE-Phase,retraction,14308,15828,1520,1268,0.968,252,42
14560,15870,1310,0,GE-Phase,preparation,15828,16148,320,42,0.032,-1268,-278
22570,25660,3090,0,GE-Phrase,209,23133,25933,2800,2527,0.818,-563,-273
22570,25660,3090,0,GE-Phase,stroke,23133,23986,853,853,0.276,-563,1674
22570,25660,3090,0,GE-Phase,hold,23986,25933,1947,1674,0.542,-1416,-273
26022,27563,1541,0,GE-Phrase,210,25933,27493,1560,1471,0.955,89,70
26022,27563,1541,0,GE-Phrase,211,27493,29702,2209,70,0.045,-1471,-2139
26022,27563,1541,0,GE-Phase,preparation,25933,26485,552,463,0.3,89,1078
26022,27563,1541,0,GE-Phase,stroke,26485,27493,1008,1008,0.654,-463,70
26022,27563,1541,0,GE-Phase,stroke,27493,28197,704,70,0.045,-1471,-634
29529,31227,1698,0,GE-Phrase,211,27493,29702,2209,173,0.102,2036,1525
29529,31227,1698,0,GE-Phase,retraction,28197,29702,1505,173,0.102,1332,1525
33285,34491,1206,0,GE-Phrase,213,32366,34665,2299,1206,1.0,919,-174
33285,34491,1206,0,GE-Phase,stroke,32790,33932,1142,647,0.536,495,559
33285,34491,1206,0,GE-Phase,retraction,33932,34665,733,559,0.464,-647,-174
50217,51572,1355,0,GE-Phrase,221,49804,51662,1858,1355,1.0,413,-90
50217,51572,1355,0,GE-Phase,preparation,49804,50351,547,134,0.099,413,1221
50217,51572,1355,0,GE-Phase,stroke,50351,51136,785,785,0.579,-134,436
50217,51572,1355,0,GE-Phase,retraction,51136,51662,526,436,0.322,-919,-90
62628,63700,1072,0,GE-Phrase,224,62322,63789,1467,1072,1.0,306,-89
62628,63700,1072,0,GE-Phase,stroke,62322,63055,733,427,0.398,306,645
62628,63700,1072,0,GE-Phase,hold,63055,63789,734,645,0.602,-427,-89
63700,65033,1333,0,GE-Phrase,224,62322,63789,1467,89,0.067,1378,1244
63700,65033,1333,0,GE-Phrase,225,63789,64734,945,945,0.709,-89,299
63700,65033,1333,0,GE-Phrase,226,64734,66622,1888,299,0.224,-1034,-1589
63700,65033,1333,0,GE-Phase,hold,63055,63789,734,89,0.067,645,1244
63700,65033,1333,0,GE-Phase,stroke,63789,64277,488,488,0.366,-89,756
63700,65033,1333,0,GE-Phase,retraction,64277,64734,457,457,0.343,-577,299
63700,65033,1333,0,GE-Phase,preparation,64734,65047,313,299,0.224,-1034,-14
10765,11870,1105,0,GE-Phrase,204,10681,11709,1028,944,0.854,84,161
10765,11870,1105,0,GE-Phrase,205,11709,12745,1036,161,0.146,-944,-875
10765,11870,1105,0,GE-Phase,stroke,10681,11709,1028,944,0.854,84,161
10765,11870,1105,0,GE-Phase,stroke,11709,12745,1036,161,0.146,-944,-875
14560,15870,1310,0,GE-Phrase,206,12745,15828,3083,1268,0.968,1815,42
14560,15870,1310,0,GE-Phrase,207,15828,17061,1233,42,0.032,-1268,-1191
14560,15870,1310,0,GE-Phase,retraction,14308,15828,1520,1268,0.968,252,42
14560,15870,1310,0,GE-Phase,preparation,15828,16148,320,42,0.032,-1268,-278
22570,25660,3090,0,GE-Phrase,209,23133,25933,2800,2527,0.818,-563,-273
22570,25660,3090,0,GE-Phase,stroke,23133,23986,853,853,0.276,-563,1674
22570,25660,3090,0,GE-Phase,hold,23986,25933,1947,1674,0.542,-1416,-273
26022,27563,1541,0,GE-Phrase,210,25933,27493,1560,1471,0.955,89,70
26022,27563,1541,0,GE-Phrase,211,27493,29702,2209,70,0.045,-1471,-2139
26022,27563,1541,0,GE-Phase,preparation,25933,26485,552,463,0.3,89,1078
26022,27563,1541,0,GE-Phase,stroke,26485,27493,1008,1008,0.654,-463,70
26022,27563,1541,0,GE-Phase,stroke,27493,28197,704,70,0.045,-1471,-634
29529,31227,1698,0,GE-Phrase,211,27493,29702,2209,173,0.102,2036,1525
29529,31227,1698,0,GE-Phase,retraction,28197,29702,1505,173,0.102,1332,1525
33285,34491,1206,0,GE-Phrase,213,32366,34665,2299,1206,1.0,919,-174
33285,34491,1206,0,GE-Phase,stroke,32790,33932,1142,647,0.536,495,559
33285,34491,1206,0,GE-Phase,retraction,33932,34665,733,559,0.464,-647,-174
50217,51572,1355,0,GE-Phrase,221,49804,51662,1858,1355,1.0,413,-90
50217,51572,1355,0,GE-Phase,preparation,49804,50351,547,134,0.099,413,1221
50217,51572,1355,0,GE-Phase,stroke,50351,51136,785,785,0.579,-134,436
50217,51572,1355,0,GE-Phase,retraction,51136,51662,526,436,0.322,-919,-90
62628,63700,1072,0,GE-Phrase,224,62322,63789,1467,1072,1.0,306,-89
62628,63700,1072,0,GE-Phase,stroke,62322,63055,733,427,0.398,306,645
62628,63700,1072,0,GE-Phase,hold,63055,63789,734,645,0.602,-427,-89
63700,65033,1333,0,GE-Phrase,224,62322,63789,1467,89,0.067,1378,1244
63700,65033,1333,0,GE-Phrase,225,63789,64734,945,945,0.709,-89,299
63700,65033,1333,0,GE-Phrase,226,64734,66622,1888,299,0.224,-1034,-1589
63700,65033,1333,0,GE-Phase,hold,63055,63789,734,89,0.067,645,1244
63700,65033,1333,0,GE-Phase,stroke,63789,64277,488,488,0.366,-89,756
63700,65033,1333,0,GE-Phase,retraction,64277,64734,457,457,0.343,-577,299
63700,65033,1333,0,GE-Phase,preparation,64734,65047,313,299,0.224,-1034,-14
10765,11870,1105,0,GE-Phrase,204,10681,11709,1028,944,0.854,84,161
10765,11870,1105,0,GE-Phrase,205,11709,12745,1036,161,0.146,-944,-875
10765,11870,1105,0,GE-Phase,stroke,10681,11709,1028,944,0.854,84,161
10765,11870,1105,0,GE-Phase,stroke,11709,12745,1036,161,0.146,-944,-875
14560,15870,1310,0,GE-Phrase,206,12745,15828,3083,1268,0.968,1815,42
14560,15870,1310,0,GE-Phrase,207,15828,17061,1233,42,0.032,-1268,-1191
14560,15870,1310,0,GE-Phase,retraction,14308,15828,1520,1268,0.968,252,42
14560,15870,1310,0,GE-Phase,preparation,15828,16148,320,42,0.032,-1268,-278
22570,25660,3090,0,GE-Phrase,209,23133,25933,2800,2527,0.818,-563,-273
22570,25660,3090,0,GE-Phase,stroke,23133,23986,853,853,0.276,-563,1674
22570,25660,3090,0,GE-Phase,hold,23986,25933,1947,1674,0.542,-1416,-273
26022,27563,1541,0,GE-Phrase,210,25933,27493,1560,1471,0.955,89,70
26022,27563,1541,0,GE-Phrase,211,27493,29702,2209,70,0.045,-1471,-2139
26022,27563,1541,0,GE-Phase,preparation,25933,26485,552,463,0.3,89,1078
26022,27563,1541,0,GE-Phase,stroke,26485,27493,1008,1008,0.654,-463,70
26022,27563,1541,0,GE-Phase,stroke,27493,28197,704,70,0.045,-1471,-634
29529,31227,1698,0,GE-Phrase,211,27493,29702,2209,173,0.102,2036,1525
29529,31227,1698,0,GE-Phase,retraction,28197,29702,1505,173,0.102,1332,1525
33285,34491,1206,0,GE-Phrase,213,32366,34665,2299,1206,1.0,919,-174
33285,34491,1206,0,GE-Phase,stroke,32790,33932,1142,647,0.536,495,559
33285,34491,1206,0,GE-Phase,retraction,33932,34665,733,559,0.464,-647,-174
50217,51572,1355,0,GE-Phrase,221,49804,51662,1858,1355,1.0,413,-90
50217,51572,1355,0,GE-Phase,preparation,49804,50351,547,134,0.099,413,1221
50217,51572,1355,0,GE-Phase,stroke,50351,51136,785,785,0.579,-134,436
50217,51572,1355,0,GE-Phase,retraction,51136,51662,526,436,0.322,-919,-90
62628,63700,1072,0,GE-Phrase,224,62322,63789,1467,1072,1.0,306,-89
62628,63700,1072,0,GE-Phase,stroke,62322,63055,733,427,0.398,306,645
62628,63700,1072,0,GE-Phase,hold,63055,63789,734,645,0.602,-427,-89
63700,65033,1333,0,GE-Phrase,224,62322,63789,1467,89,0.067,1378,1244
63700,65033,1333,0,GE-Phrase,225,63789,64734,945,945,0.709,-89,299
63700,65033,1333,0,GE-Phrase,226,64734,66622,1888,299,0.224,-1034,-1589
63700,65033,1333,0,GE-Phase,hold,63055,63789,734,89,0.067,645,1244
63700,65033,1333,0,GE-Phase,stroke,63789,64277,488,488,0.366,-89,756
63700,65033,1333,0,GE-Phase,retraction,64277,64734,457,457,0.343,-577,299
63700,65033,1333,0,GE-Phase,preparation,64734,65047,313,299,0.224,-1034,-14
10765,11870,1105,0,GE-Phrase,204,10681,11709,1028,944,0.854,84,161
10765,11870,1105,0,GE-Phrase,205,11709,12745,1036,161,0.146,-944,-875
10765,11870,1105,0,GE-Phase,stroke,10681,11709,1028,944,0.854,84,161
10765,11870,1105,0,GE-Phase,stroke,11709,12745,1036,161,0.146,-944,-875
14560,15870,1310,0,GE-Phrase,206,12745,15828,3083,1268,0.968,1815,42
14560,15870,1310,0,GE-Phrase,207,15828,17061,1233,42,0.032,-1268,-1191
14560,15870,1310,0,GE-Phase,retraction,14308,15828,1520,1268,0.968,252,42
14560,15870,1310,0,GE-Phase,preparation,15828,16148,320,42,0.032,-1268,-278
22570,25660,3090,0,GE-Phrase,209,23133,25933,2800,2527,0.818,-563,-273
22570,25660,3090,0,GE-Phase,stroke,23133,23986,853,853,0.276,-563,1674
22570,25660,3090,0,GE-Phase,hold,23986,25933,1947,1674,0.542,-1416,-273
26022,27563,1541,0,GE-Phrase,210,25933,27493,1560,1471,0.955,89,70
26022,27563,1541,0,GE-Phrase,211,27493,29702,2209,70,0.045,-1471,-2139
26022,27563,1541,0,GE-Phase,preparation,25933,26485,552,463,0.3,89,1078
26022,27563,1541,0,GE-Phase,stroke,26485,27493,1008,1008,0.654,-463,70
26022,27563,1541,0,GE-Phase,stroke,27493,28197,704,70,0.045,-1471,-634
29529,31227,1698,0,GE-Phrase,211,27493,29702,2209,173,0.102,2036,1525
29529,31227,1698,0,GE-Phase,retraction,28197,29702,1505,173,0.102,1332,1525
33285,34491,1206,0,GE-Phrase,213,32366,34665,2299,1206,1.0,919,-174
33285,34491,1206,0,GE-Phase,stroke,32790,33932,1142,647,0.536,495,559
33285,34491,1206,0,GE-Phase,retraction,33932,34665,733,559,0.464,-647,-174
50217,51572,1355,0,GE-Phrase,221,49804,51662,1858,1355,1.0,413,-90
50217,51572,1355,0,GE-Phase,preparation,49804,50351,547,134,0.099,413,1221
50217,51572,1355,0,GE-Phase,stroke,50351,51136,785,785,0.579,-134,436
50217,51572,1355,0,GE-Phase,retraction,51136,51662,526,436,0.322,-919,-90
62628,63700,1072,0,GE-Phrase,224,62322,63789,1467,1072,1.0,306,-89
62628,63700,1072,0,GE-Phase,stroke,62322,63055,733,427,0.398,306,645
62628,63700,1072,0,GE-Phase,hold,63055,63789,734,645,0.602,-427,-89
63700,65033,1333,0,GE-Phrase,224,62322,63789,1467,89,0.067,1378,1244
63700,65033,1333,0,GE-Phrase,225,63789,64734,945,945,0.709,-89,299
63700,65033,1333,0,GE-Phrase,226,64734,66622,1888,299,0.224,-1034,-1589
63700,65033,1333,0,GE-Phase,hold,63055,63789,734,89,0.067,645,1244
63700,65033,1333,0,GE-Phase,stroke,63789,64277,488,488,0.366,-89,756
63700,65033,1333,0,GE-Phase,retraction,64277,64734,457,457,0.343,-577,299
63700,65033,1333,0,GE-Phase,preparation,64734,65047,313,299,0.224,-1034,-14
10765,11870,1105,0,GE-Phrase,204,10681,11709,1028,944,0.854,84,161
10765,11870,1105,0,GE-Phrase,205,11709,12745,1036,161,0.146,-944,-875
10765,11870,1105,0,GE-Phase,stroke,10681,11709,1028,944,0.854,84,161
10765,11870,1105,0,GE-Phase,stroke,11709,12745,1036,161,0.146,-944,-875
14560,15870,1310,0,GE-Phrase,206,12745,15828,3083,1268,0.968,1815,42
14560,15870,1310,0,GE-Phrase,207,15828,17061,1233,42,0.032,-1268,-1191
14560,15870,1310,0,GE-Phase,retraction,14308,15828,1520,1268,0.968,252,42
14560,15870,1310,0,GE-Phase,preparation,15828,16148,320,42,0.032,-1268,-278
22570,25660,3090,0,GE-Phrase,209,23133,25933,2800,2527,0.818,-563,-273
22570,25660,3090,0,GE-Phase,stroke,23133,23986,853,853,0.276,-563,1674
22570,25660,3090,0,GE-Phase,hold,23986,25933,1947,1674,0.542,-1416,-273
26022,27563,1541,0,GE-Phrase,210,25933,27493,1560,1471,0.955,89,70
26022,27563,1541,0,GE-Phrase,211,27493,29702,2209,70,0.045,-1471,-2139
26022,27563,1541,0,GE-Phase,preparation,25933,26485,552,463,0.3,89,1078
26022,27563,1541,0,GE-Phase,stroke,26485,27493,1008,1008,0.654,-463,70
26022,27563,1541,0,GE-Phase,stroke,27493,28197,704,70,0.045,-1471,-634
29529,31227,1698,0,GE-Phrase,211,27493,29702,2209,173,0.102,2036,1525
29529,31227,1698,0,GE-Phase,retraction,28197,29702,1505,173,0.102,1332,1525
33285,34491,1206,0,GE-Phrase,213,32366,34665,2299,1206,1.0,919,-174
33285,34491,1206,0,GE-Phase,stroke,32790,33932,1142,647,0.536,495,559
33285,34491,1206,0,GE-Phase,retraction,33932,34665,733,559,0.464,-647,-174
50217,51572,1355,0,GE-Phrase,221,49804,51662,1858,1355,1.0,413,-90
50217,51572,1355,0,GE-Phase,preparation,49804,50351,547,134,0.099,413,1221
50217,51572,1355,0,GE-Phase,stroke,50351,51136,785,785,0.579,-134,436
50217,51572,1355,0,GE-Phase,retraction,51136,51662,526,436,0.322,-919,-90
62628,63700,1072,0,GE-Phrase,224,62322,63789,1467,1072,1.0,306,-89
62628,63700,1072,0,GE-Phase,stroke,62322,63055,733,427,0.398,306,645
62628,63700,1072,0,GE-Phase,hold,63055,63789,734,645,0.602,-427,-89
63700,65033,1333,0,GE-Phrase,224,62322,63789,1467,89,0.067,1378,1244
63700,65033,1333,0,GE-Phrase,225,63789,64734,945,945,0.709,-89,299
63700,65033,1333,0,GE-Phrase,226,64734,66622,1888,299,0.224,-1034,-1589
63700,65033,1333,0,GE-Phase,hold,63055,63789,734,89,0.067,645,1244
63700,65033,1333,0,GE-Phase,stroke,63789,64277,488,488,0.366,-89,756
63700,65033,1333,0,GE-Phase,retraction,64277,64734,457,457,0.343,-577,299
63700,65033,1333,0,GE-Phase,preparation,64734,65047,313,299,0.224,-1034,-14
10765,11870,1105,0,GE-Phrase,204,10681,11709,1028,944,0.854,84,161
10765,11870,1105,0,GE-Phrase,205,11709,12745,1036,161,0.146,-944,-875
10765,11870,1105,0,GE-Phase,stroke,10681,11709,1028,944,0.854,84,161
10765,11870,1105,0,GE-Phase,stroke,11709,12745,1036,161,0.146,-944,-875
14560,15870,1310,0,GE-Phrase,206,12745,15828,3083,1268,0.968,1815,42
14560,15870,1310,0,GE-Phrase,207,15828,17061,1233,42,0.032,-1268,-1191
14560,15870,1310,0,GE-Phase,retraction,14308,15828,1520,1268,0.968,252,42
14560,15870,1310,0,GE-Phase,preparation,15828,16148,320,42,0.032,-1268,-278
22570,25660,3090,0,GE-Phrase,209,23133,25933,2800,2527,0.818,-563,-273
22570,25660,3090,0,GE-Phase,stroke,23133,23986,853,853,0.276,-563,1674
22570,25660,3090,0,GE-Phase,hold,23986,25933,1947,1674,0.542,-1416,-273
26022,27563,1541,0,GE-Phrase,210,25933,27493,1560,1471,0.955,89,70
26022,27563,1541,0,GE-Phrase,211,27493,29702,2209,70,0.045,-1471,-2139
26022,27563,1541,0,GE-Phase,preparation,25933,26485,552,463,0.3,89,1078
26022,27563,1541,0,GE-Phase,stroke,26485,27493,1008,1008,0.654,-463,70
26022,27563,1541,0,GE-Phase,stroke,27493,28197,704,70,0.045,-1471,-634
29529,31227,1698,0,GE-Phrase,211,27493,29702,2209,173,0.102,2036,1525
29529,31227,1698,0,GE-Phase,retraction,28197,29702,1505,173,0.102,1332,1525
33285,34491,1206,0,GE-Phrase,213,32366,34665,2299,1206,1.0,919,-174
33285,34491,1206,0,GE-Phase,stroke,32790,33932,1142,647,0.536,495,559
33285,34491,1206,0,GE-Phase,retraction,33932,34665,733,559,0.464,-647,-174
50217,51572,1355,0,GE-Phrase,221,49804,51662,1858,1355,1.0,413,-90
50217,51572,1355,0,GE-Phase,preparation,49804,50351,547,134,0.099,413,1221
50217,51572,1355,0,GE-Phase,stroke,50351,51136,785,785,0.579,-134,436
50217,51572,1355,0,GE-Phase,retraction,51136,51662,526,436,0.322,-919,-90
62628,63700,1072,0,GE-Phrase,224,62322,63789,1467,1072,1.0,306,-89
62628,63700,1072,0,GE-Phase,stroke,62322,63055,733,427,0.398,306,645
62628,63700,1072,0,GE-Phase,hold,63055,63789,734,645,0.602,-427,-89
63700,65033,1333,0,GE-Phrase,224,62322,63789,1467,89,0.067,1378,1244
63700,65033,1333,0,GE-Phrase,225,63789,64734,945,945,0.709,-89,299
63700,65033,1333,0,GE-Phrase,226,64734,66622,1888,299,0.224,-1034,-1589
63700,65033,1333,0,GE-Phase,hold,63055,63789,734,89,0.067,645,1244
63700,65033,1333,0,GE-Phase,stroke,63789,64277,488,488,0.366,-89,756
63700,65033,1333,0,GE-Phase,retraction,64277,64734,457,457,0.343,-577,299
63700,65033,1333,0,GE-Phase,preparation,64734,65047,313,299,0.224,-1034,-14
10765,11870,1105,0,GE-Phrase,204,10681,11709,1028,944,0.854,84,161
10765,11870,1105,0,GE-Phrase,205,11709,12745,1036,161,0.146,-944,-875
10765,11870,1105,0,GE-Phase,stroke,10681,11709,1028,944,0.854,84,161
10765,11870,1105,0,GE-Phase,stroke,11709,12745,1036,161,0.146,-944,-875
14560,15870,1310,0,GE-Phrase,206,12745,15828,3083,1268,0.968,1815,42
14560,15870,1310,0,GE-Phrase,207,15828,17061,1233,42,0.032,-1268,-1191
14560,15870,1310,0,GE-Phase,retraction,14308,15828,1520,1268,0.968,252,42
14560,15870,1310,0,GE-Phase,preparation,15828,16148,320,42,0.032,-1268,-278
22570,25660,3090,0,GE-Phrase,209,23133,25933,2800,2527,0.818,-563,-273
22570,25660,3090,0,GE-Phase,stroke,23133,23986,853,853,0.276,-563,1674
22570,25660,3090,0,GE-Phase,hold,23986,25933,1947,1674,0.542,-1416,-273
26022,27563,1541,0,GE-Phrase,210,25933,27493,1560,1471,0.955,89,70
26022,27563,1541,0,GE-Phrase,211,27493,29702,2209,70,0.045,-1471,-2139
26022,27563,1541,0,GE-Phase,preparation,25933,26485,552,463,0.3,89,1078
26022,27563,1541,0,GE-Phase,stroke,26485,27493,1008,1008,0.654,-463,70
26022,27563,1541,0,GE-Phase,stroke,27493,28197,704,70,0.045,-1471,-634
29529,31227,1698,0,GE-Phrase,211,27493,29702,2209,173,0.102,2036,1525
29529,31227,1698,0,GE-Phase,retraction,28197,29702,1505,173,0.102,1332,1525
33285,34491,1206,0,GE-Phrase,213,32366,34665,2299,1206,1.0,919,-174
33285,34491,1206,0,GE-Phase,stroke,32790,33932,1142,647,0.536,495,559
33285,34491,1206,0,GE-Phase,retraction,33932,34665,733,559,0.464,-647,-174
50217,51572,1355,0,GE-Phrase,221,49804,51662,1858,1355,1.0,413,-90
50217,51572,1355,0,GE-Phase,preparation,49804,50351,547,134,0.099,413,1221
50217,51572,1355,0,GE-Phase,stroke,50351,51136,785,785,0.579,-134,436
50217,51572,1355,0,GE-Phase,retraction,51136,51662,526,436,0.322,-919,-90
62628,63700,1072,0,GE-Phrase,224,62322,63789,1467,1072,1.0,306,-89
62628,63700,1072,0,GE-Phase,stroke,62322,63055,733,427,0.398,306,645
62628,63700,1072,0,GE-Phase,hold,63055,63789,734,645,0.602,-427,-89
63700,65033,1333,0,GE-Phrase,224,62322,63789,1467,89,0.067,1378,1244
63700,65033,1333,0,GE-Phrase,225,63789,64734,945,945,0.709,-89,299
63700,65033,1333,0,GE-Phrase,226,64734,66622,1888,299,0.224,-1034,-1589
63700,65033,1333,0,GE-Phase,hold,63055,63789,734,89,0.067,645,1244
63700,65033,1333,0,GE-Phase,stroke,63789,64277,488,488,0.366,-89,756
63700,65033,1333,0,GE-Phase,retraction,64277,64734,457,457,0.343,-577,299
63700,65033,1333,0,GE-Phase,preparation,64734,65047,313,299,0.224,-1034,-14
10765,11870,1105,0,GE-Phrase,204,10681,11709,1028,944,0.854,84,161
10765,11870,1105,0,GE-Phrase,205,11709,12745,1036,161,0.146,-944,-875
10765,11870,1105,0,GE-Phase,stroke,10681,11709,1028,944,0.854,84,161
10765,11870,1105,0,GE-Phase,stroke,11709,12745,1036,161,0.146,-944,-875
14560,15870,1310,0,GE-Phrase,206,12745,15828,3083,1268,0.968,1815,42
14560,15870,1310,0,GE-Phrase,207,15828,17061,1233,42,0.032,-1268,-1191
14560,15870,1310,0,GE-Phase,retraction,14308,15828,1520,1268,0.968,252,42
14560,15870,1310,0,GE-Phase,preparation,15828,16148,320,42,0.032,-1268,-278
22570,25660,3090,0,GE-Phrase,209,23133,25933,2800,2527,0.818,-563,-273
22570,25660,3090,0,GE-Phase,stroke,23133,23986,853,853,0.276,-563,1674
22570,25660,3090,0,GE-Phase,hold,23986,25933,1947,1674,0.542,-1416,-273
26022,27563,1541,0,GE-Phrase,210,25933,27493,1560,1471,0.955,89,70
26022,27563,1541,0,GE-Phrase,211,27493,29702,2209,70,0.045,-1471,-2139
26022,27563,1541,0,GE-Phase,preparation,25933,26485,552,463,0.3,89,1078
26022,27563,1541,0,GE-Phase,stroke,26485,27493,1008,1008,0.654,-463,70
26022,27563,1541,0,GE-Phase,stroke,27493,28197,704,70,0.045,-1471,-634
29529,31227,1698,0,GE-Phrase,211,27493,29702,2209,173,0.102,2036,1525
29529,31227,1698,0,GE-Phase,retraction,28197,29702,1505,173,0.102,1332,1525
33285,34491,1206,0,GE-Phrase,213,32366,34665,2299,1206,1.0,919,-174
33285,34491,1206,0,GE-Phase,stroke,32790,33932,1142,647,0.536,495,559
33285,34491,1206,0,GE-Phase,retraction,33932,34665,733,559,0.464,-647,-174
50217,51572,1355,0,GE-Phrase,221,49804,51662,1858,1355,1.0,413,-90
50217,51572,1355,0,GE-Phase,preparation,49804,50351,547,134,0.099,413,1221
50217,51572,1355,0,GE-Phase,stroke,50351,51136,785,785,0.579,-134,436
50217,51572,1355,0,GE-Phase,retraction,51136,51662,526,436,0.322,-919,-90
62628,63700,1072,0,GE-Phrase,224,62322,63789,1467,1072,1.0,306,-89
62628,63700,1072,0,GE-Phase,stroke,62322,63055,733,427,0.398,306,645
62628,63700,1072,0,GE-Phase,hold,63055,63789,734,645,0.602,-427,-89
63700,65033,1333,0,GE-Phrase,224,62322,63789,1467,89,0.067,1378,1244
63700,65033,1333,0,GE-Phrase,225,63789,64734,945,945,0.709,-89,299
63700,65033,1333,0,GE-Phrase,226,64734,66622,1888,299,0.224,-1034,-1589
63700,65033,1333,0,GE-Phase,hold,63055,63789,734,89,0.067,645,1244
63700,65033,1333,0,GE-Phase,stroke,63789,64277,488,488,0.366,-89,756
63700,65033,1333,0,GE-Phase,retraction,64277,64734,457,457,0.343,-577,299
63700,65033,1333,0,GE-Phase,preparation,64734,65047,313,299,0.224,-1034,-14
10765,11870,1105,0,GE-Phrase,204,10681,11709,1028,944,0.854,84,161
10765,11870,1105,0,GE-Phrase,205,11709,12745,1036,161,0.146,-944,-875
10765,11870,1105,0,GE-Phase,stroke,10681,11709,1028,944,0.854,84,161
10765,11870,1105,0,GE-Phase,stroke,11709,12745,1036,161,0.146,-944,-875
14560,15870,1310,0,GE-Phrase,206,12745,15828,3083,1268,0.968,1815,42
14560,15870,1310,0,GE-Phrase,207,15828,17061,1233,42,0.032,-1268,-1191
14560,15870,1310,0,GE-Phase,retraction,14308,15828,1520,1268,0.968,252,42
14560,15870,1310,0,GE-Phase,preparation,15828,16148,320,42,0.032,-1268,-278
22570,25660,3090,0,GE-Phrase,209,23133,25933,2800,2527,0.818,-563,-273
22570,25660,3090,0,GE-Phase,stroke,23133,23986,853,853,0.276,-563,1674
22570,25660,3090,0,GE-Phase,hold,23986,25933,1947,1674,0.542,-1416,-273
26022,27563,1541,0,GE-Phrase,210,25933,27493,1560,1471,0.955,89,70
26022,27563,1541,0,GE-Phrase,211,27493,29702,2209,70,0.045,-1471,-2139
26022,27563,1541,0,GE-Phase,preparation,25933,26485,552,463,0.3,89,1078
26022,27563,1541,0,GE-Phase,stroke,26485,27493,1008,1008,0.654,-463,70
26022,27563,1541,0,GE-Phase,stroke,27493,28197,704,70,0.045,-1471,-634
29529,31227,1698,0,GE-Phrase,211,27493,29702,2209,173,0.102,2036,1525
29529,31227,1698,0,GE-Phase,retraction,28197,29702,1505,173,0.102,1332,1525
33285,34491,1206,0,GE-Phrase,213,32366,34665,2299,1206,1.0,919,-174
33285,34491,1206,0,GE-Phase,stroke,32790,33932,1142,647,0.536,495,559
33285,34491,1206,0,GE-Phase,retraction,33932,34665,733,559,0.464,-647,-174
50217,51572,1355,0,GE-Phrase,221,49804,51662,1858,1355,1.0,413,-90
50217,51572,1355,0,GE-Phase,preparation,49804,50351,547,134,0.099,413,1221
50217,51572,1355,0,GE-Phase,stroke,50351,51136,785,785,0.579,-134,436
50217,51572,1355,0,GE-Phase,retraction,51136,51662,526,436,0.322,-919,-90
62628,63700,1072,0,GE-Phrase,224,62322,63789,1467,1072,1.0,306,-89
62628,63700,1072,0,GE-Phase,stroke,62322,63055,733,427,0.398,306,645
62628,63700,1072,0,GE-Phase,hold,63055,63789,734,645,0.602,-427,-89
63700,65033,1333,0,GE-Phrase,224,62322,63789,1467,89,0.067,1378,1244
63700,65033,1333,0,GE-Phrase,225,63789,64734,945,945,0.709,-89,299
63700,65033,1333,0,GE-Phrase,226,64734,66622,1888,299,0.224,-1034,-1589
63700,65033,1333,0,GE-Phase,hold,63055,63789,734,89,0.067,645,1244
63700,65033,1333,0,GE-Phase,stroke,63789,64277,488,488,0.366,-89,756
63700,65033,1333,0,GE-Phase,retraction,64277,64734,457,457,0.343,-577,299
63700,65033,1333,0,GE-Phase,preparation,64734,65047,313,299,0.224,-1034,-14
10765,11870,1105,0,GE-Phrase,204,10681,11709,1028,944,0.854,84,161
10765,11870,1105,0,GE-Phrase,205,11709,12745,1036,161,0.146,-944,-875
10765,11870,1105,0,GE-Phase,stroke,10681,11709,1028,944,0.854,84,161
10765,11870,1105,0,GE-Phase,stroke,11709,12745,1036,161,0.146,-944,-875
14560,15870,1310,0,GE-Phrase,206,12745,15828,3083,1268,0.968,1815,42
14560,15870,1310,0,GE-Phrase,207,15828,17061,1233,42,0.032,-1268,-1191
14560,15870,1310,0,GE-Phase,retraction,14308,15828,1520,1268,0.968,252,42
14560,15870,1310,0,GE-Phase,preparation,15828,16148,320,42,0.032,-1268,-278
22570,25660,3090,0,GE-Phrase,209,23133,25933,2800,2527,0.818,-563,-273
22570,25660,3090,0,GE-Phase,stroke,23133,23986,853,853,0.276,-563,1674
22570,25660,3090,0,GE-Phase,hold,23986,25933,1947,1674,0.542,-1416,-273
26022,27563,1541,0,GE-Phrase,210,25933,27493,1560,1471,0.955,89,70
26022,27563,1541,0,GE-Phrase,211,27493,29702,2209,70,0.045,-1471,-2139
26022,27563,1541,0,GE-Phase,preparation,25933,26485,552,463,0.3,89,1078
26022,27563,1541,0,GE-Phase,stroke,26485,27493,1008,1008,0.654,-463,70
26022,27563,1541,0,GE-Phase,stroke,27493,28197,704,70,0.045,-1471,-634
29529,31227,1698,0,GE-Phrase,211,27493,29702,2209,173,0.102,2036,1525
29529,31227,1698,0,GE-Phase,retraction,28197,29702,1505,173,0.102,1332,1525
33285,34491,1206,0,GE-Phrase,213,32366,34665,2299,1206,1.0,919,-174
33285,34491,1206,0,GE-Phase,stroke,32790,33932,1142,647,0.536,495,559
33285,34491,1206,0,GE-Phase,retraction,33932,34665,733,559,0.464,-647,-174
50217,51572,1355,0,GE-Phrase,221,49804,51662,1858,1355,1.0,413,-90
50217,51572,1355,0,GE-Phase,preparation,49804,50351,547,134,0.099,413,1221
50217,51572,1355,0,GE-Phase,stroke,50351,51136,785,785,0.579,-134,436
50217,51572,1355,0,GE-Phase,retraction,51136,51662,526,436,0.322,-919,-90
62628,63700,1072,0,GE-Phrase,224,62322,63789,1467,1072,1.0,306,-89
62628,63700,1072,0,GE-Phase,stroke,62322,63055,733,427,0.398,306,645
62628,63700,1072,0,GE-Phase,hold,63055,63789,734,645,0.602,-427,-89
63700,65033,1333,0,GE-Phrase,224,62322,63789,1467,89,0.067,1378,1244
63700,65033,1333,0,GE-Phrase,225,63789,64734,945,945,0.709,-89,299
63700,65033,1333,0,GE-Phrase,226,64734,66622,1888,299,0.224,-1034,-1589
63700,65033,1333,0,GE-Phase,hold,63055,63789,734,89,0.067,645,1244
63700,65033,1333,0,GE-Phase,stroke,63789,64277,488,488,0.366,-89,756
63700,65033,1333,0,GE-Phase,retraction,64277,64734,457,457,0.343,-577,299
63700,65033,1333,0,GE-Phase,preparation,64734,65047,313,299,0.224,-1034,-14
10765,11870,1105,0,GE-Phrase,204,10681,11709,1028,944,0.854,84,161
10765,11870,1105,0,GE-Phrase,205,11709,12745,1036,161,0.146,-944,-875
10765,11870,1105,0,GE-Phase,stroke,10681,11709,1028,944,0.854,84,161
10765,11870,1105,0,GE-Phase,stroke,11709,12745,1036,161,0.146,-944,-875
14560,15870,1310,0,GE-Phrase,206,12745,15828,3083,1268,0.968,1815,42
14560,15870,1310,0,GE-Phrase,207,15828,17061,1233,42,0.032,-1268,-1191
14560,15870,1310,0,GE-Phase,retraction,14308,15828,1520,1268,0.968,252,42
14560,15870,1310,0,GE-Phase,preparation,15828,16148,320,42,0.032,-1268,-278
22570,25660,3090,0,GE-Phrase,209,23133,25933,2800,2527,0.818,-563,-273
22570,25660,3090,0,GE-Phase,stroke,23133,23986,853,853,0.276,-563,1674
22570,25660,3090,0,GE-Phase,hold,23986,25933,1947,1674,0.542,-1416,-273
26022,27563,1541,0,GE-Phrase,210,25933,27493,1560,1471,0.955,89,70
26022,27563,1541,0,GE-Phrase,211,27493,29702,2209,70,0.045,-1471,-2139
26022,27563,1541,0,GE-Phase,preparation,25933,26485,552,463,0.3,89,1078
26022,27563,1541,0,GE-Phase,stroke,26485,27493,1008,1008,0.654,-463,70
26022,27563,1541,0,GE-Phase,stroke,27493,28197,704,70,0.045,-1471,-634
29529,31227,1698,0,GE-Phrase,211,27493,29702,2209,173,0.102,2036,1525
29529,31227,1698,0,GE-Phase,retraction,28197,29702,1505,173,0.102,1332,1525
33285,34491,1206,0,GE-Phrase,213,32366,34665,2299,1206,1.0,919,-174
33285,34491,1206,0,GE-Phase,stroke,32790,33932,1142,647,0.536,495,559
33285,34491,1206,0,GE-Phase,retraction,33932,34665,733,559,0.464,-647,-174
50217,51572,1355,0,GE-Phrase,221,49804,51662,1858,1355,1.0,413,-90
50217,51572,1355,0,GE-Phase,preparation,49804,50351,547,134,0.099,413,1221
50217,51572,1355,0,GE-Phase,stroke,50351,51136,785,785,0.579,-134,436
50217,51572,1355,0,GE-Phase,retraction,51136,51662,526,436,0.322,-919,-90
62628,63700,1072,0,GE-Phrase,224,62322,63789,1467,1072,1.0,306,-89
62628,63700,1072,0,GE-Phase,stroke,62322,63055,733,427,0.398,306,645
62628,63700,1072,0,GE-Phase,hold,63055,63789,734,645,0.602,-427,-89
63700,65033,1333,0,GE-Phrase,224,62322,63789,1467,89,0.067,1378,1244
63700,65033,1333,0,GE-Phrase,225,63789,64734,945,945,0.709,-89,299
63700,65033,1333,0,GE-Phrase,226,64734,66622,1888,299,0.224,-1034,-1589
63700,65033,1333,0,GE-Phase,hold,63055,63789,734,89,0.067,645,1244
63700,65033,1333,0,GE-Phase,stroke,63789,64277,488,488,0.366,-89,756
63700,65033,1333,0,GE-Phase,retraction,64277,64734,457,457,0.343,-577,299
63700,65033,1333,0,GE-Phase,preparation,64734,65047,313,299,0.224,-1034,-14
10765,11870,1105,0,GE-Phrase,204,10681,11709,1028,944,0.854,84,161
10765,11870,1105,0,GE-Phrase,205,11709,12745,1036,161,0.146,-944,-875
10765,11870,1105,0,GE-Phase,stroke,10681,11709,1028,944,0.854,84,161
10765,11870,1105,0,GE-Phase,stroke,11709,12745,1036,161,0.146,-944,-875
14560,15870,1310,0,GE-Phrase,206,12745,15828,3083,1268,0.968,1815,42
14560,15870,1310,0,GE-Phrase,207,15828,17061,1233,42,0.032,-1268,-1191
14560,15870,1310,0,GE-Phase,retraction,14308,15828,1520,1268,0.968,252,42
14560,15870,1310,0,GE-Phase,preparation,15828,16148,320,42,0.032,-1268,-278
22570,25660,3090,0,GE-Phrase,209,23133,25933,2800,2527,0.818,-563,-273
22570,25660,3090,0,GE-Phase,stroke,23133,23986,853,853,0.276,-563,1674
22570,25660,3090,0,GE-Phase,hold,23986,25933,1947,1674,0.542,-1416,-273
26022,27563,1541,0,GE-Phrase,210,25933,27493,1560,1471,0.955,89,70
26022,27563,1541,0,GE-Phrase,211,27493,29702,2209,70,0.045,-1471,-2139
26022,27563,1541,0,GE-Phase,preparation,25933,26485,552,463,0.3,89,1078
26022,27563,1541,0,GE-Phase,stroke,26485,27493,1008,1008,0.654,-463,70
26022,27563,1541,0,GE-Phase,stroke,27493,28197,704,70,0.045,-1471,-634
29529,31227,1698,0,GE-Phrase,211,27493,29702,2209,173,0.102,2036,1525
29529,31227,1698,0,GE-Phase,retraction,28197,29702,1505,173,0.102,1332,1525
33285,34491,1206,0,GE-Phrase,213,32366,34665,2299,1206,1.0,919,-174
33285,34491,1206,0,GE-Phase,stroke,32790,33932,1142,647,0.536,495,559
33285,34491,1206,0,GE-Phase,retraction,33932,34665,733,559,0.464,-647,-174
50217,51572,1355,0,GE-Phrase,221,49804,51662,1858,1355,1.0,413,-90
50217,51572,1355,0,GE-Phase,preparation,49804,50351,547,134,0.099,413,1221
50217,51572,1355,0,GE-Phase,stroke,50351,51136,785,785,0.579,-134,436
50217,51572,1355,0,GE-Phase,retraction,51136,51662,526,436,0.322,-919,-90
62628,63700,1072,0,GE-Phrase,224,62322,63789,1467,1072,1.0,306,-89
62628,63700,1072,0,GE-Phase,stroke,62322,63055,733,427,0.398,306,645
62628,63700,1072,0,GE-Phase,hold,63055,63789,734,645,0.602,-427,-89
63700,65033,1333,0,GE-Phrase,224,62322,63789,1467,89,0.067,1378,1244
63700,65033,1333,0,GE-Phrase,225,63789,64734,945,945,0.709,-89,299
63700,65033,1333,0,GE-Phrase,226,64734,66622,1888,299,0.224,-1034,-1589
63700,65033,1333,0,GE-Phase,hold,63055,63789,734,89,0.067,645,1244
63700,65033,1333,0,GE-Phase,stroke,63789,64277,488,488,0.366,-89,756
63700,65033,1333,0,GE-Phase,retraction,64277,64734,457,457,0.343,-577,299
63700,65033,1333,0,GE-Phase,preparation,64734,65047,313,299,0.224,-1034,-14
10765,11870,1105,0,GE-Phrase,204,10681,11709,1028,944,0.854,84,161
10765,11870,1105,0,GE-Phrase,205,11709,12745,1036,161,0.146,-944,-875
10765,11870,1105,0,GE-Phase,stroke,10681,11709,1028,944,0.854,84,161
10765,11870,1105,0,GE-Phase,stroke,11709,12745,1036,161,0.146,-944,-875
14560,15870,1310,0,GE-Phrase,206,12745,15828,3083,1268,0.968,1815,42
14560,15870,1310,0,GE-Phrase,207,15828,17061,1233,42,0.032,-1268,-1191
14560,15870,1310,0,GE-Phase,retraction,14308,15828,1520,1268,0.968,252,42
14560,15870,1310,0,GE-Phase,preparation,15828,16148,320,42,0.032,-1268,-278
22570,25660,3090,0,GE-Phrase,209,23133,25933,2800,2527,0.818,-563,-273
22570,25660,3090,0,GE-Phase,stroke,23133,23986,853,853,0.276,-563,1674
22570,25660,3090,0,GE-Phase,hold,23986,25933,1947,1674,0.542,-1416,-273
26022,27563,1541,0,GE-Phrase,210,25933,27493,1560,1471,0.955,89,70
26022,27563,1541,0,GE-Phrase,211,27493,29702,2209,70,0.045,-1471,-2139
26022,27563,1541,0,GE-Phase,preparation,25933,26485,552,463,0.3,89,1078
26022,27563,1541,0,GE-Phase,stroke,26485,27493,1008,1008,0.654,-463,70
26022,27563,1541,0,GE-Phase,stroke,27493,28197,704,70,0.045,-1471,-634
29529,31227,1698,0,GE-Phrase,211,27493,29702,2209,173,0.102,2036,1525
29529,31227,1698,0,GE-Phase,retraction,28197,29702,1505,173,0.102,1332,1525
33285,34491,1206,0,GE-Phrase,213,32366,34665,2299,1206,1.0,919,-174
33285,34491,1206,0,GE-Phase,stroke,32790,33932,1142,647,0.536,495,559
33285,34491,1206,0,GE-Phase,retraction,33932,34665,733,559,0.464,-647,-174
50217,51572,1355,0,GE-Phrase,221,49804,51662,1858,1355,1.0,413,-90
50217,51572,1355,0,GE-Phase,preparation,49804,50351,547,134,0.099,413,1221
50217,51572,1355,0,GE-Phase,stroke,50351,51136,785,785,0.579,-134,436
50217,51572,1355,0,GE-Phase,retraction,51136,51662,526,436,0.322,-919,-90
62628,63700,1072,0,GE-Phrase,224,62322,63789,1467,1072,1.0,306,-89
62628,63700,1072,0,GE-Phase,stroke,62322,63055,733,427,0.398,306,645
62628,63700,1072,0,GE-Phase,hold,63055,63789,734,645,0.602,-427,-89
63700,65033,1333,0,GE-Phrase,224,62322,63789,1467,89,0.067,1378,1244
63700,65033,1333,0,GE-Phrase,225,63789,64734,945,945,0.709,-89,299
63700,65033,1333,0,GE-Phrase,226,64734,66622,1888,299,0.224,-1034,-1589
63700,65033,1333,0,GE-Phase,hold,63055,63789,734,89,0.067,645,1244
63700,65033,1333,0,GE-Phase,stroke,63789,64277,488,488,0.366,-89,756
63700,65033,1333,0,GE-Phase,retraction,64277,64734,457,457,0.343,-577,299
63700,65033,1333,0,GE-Phase,preparation,64734,65047,313,299,0.224,-1034,-14
10765,11870,1105,0,GE-Phrase,204,10681,11709,1028,944,0.854,84,161
10765,11870,1105,0,GE-Phrase,205,11709,12745,1036,161,0.146,-944,-875
10765,11870,1105,0,GE-Phase,stroke,10681,11709,1028,944,0.854,84,161
10765,11870,1105,0,GE-Phase,stroke,11709,12745,1036,161,0.146,-944,-875
14560,15870,1310,0,GE-Phrase,206,12745,15828,3083,1268,0.968,1815,42
14560,15870,1310,0,GE-Phrase,207,15828,17061,1233,42,0.032,-1268,-1191
14560,15870,1310,0,GE-Phase,retraction,14308,15828,1520,1268,0.968,252,42
14560,15870,1310,0,GE-Phase,preparation,15828,16148,320,42,0.032,-1268,-278
22570,25660,3090,0,GE-Phrase,209,23133,25933,2800,2527,0.818,-563,-273
22570,25660,3090,0,GE-Phase,stroke,23133,23986,853,853,0.276,-563,1674
22570,25660,3090,0,GE-Phase,hold,23986,25933,1947,1674,0.542,-1416,-273
26022,27563,1541,0,GE-Phrase,210,25933,27493,1560,1471,0.955,89,70
26022,27563,1541,0,GE-Phrase,211,27493,29702,2209,70,0.045,-1471,-2139
26022,27563,1541,0,GE-Phase,preparation,25933,26485,552,463,0.3,89,1078
26022,27563,1541,0,GE-Phase,stroke,26485,27493,1008,1008,0.654,-463,70
26022,27563,1541,0,GE-Phase,stroke,27493,28197,704,70,0.045,-1471,-634
29529,31227,1698,0,GE-Phrase,211,27493,29702,2209,173,0.102,2036,1525
29529,31227,1698,0,GE-Phase,retraction,28197,29702,1505,173,0.102,1332,1525
33285,34491,1206,0,GE-Phrase,213,32366,34665,2299,1206,1.0,919,-174
33285,34491,1206,0,GE-Phase,stroke,32790,33932,1142,647,0.536,495,559
33285,34491,1206,0,GE-Phase,retraction,33932,34665,733,559,0.464,-647,-174
50217,51572,1355,0,GE-Phrase,221,49804,51662,1858,1355,1.0,413,-90
50217,51572,1355,0,GE-Phase,preparation,49804,50351,547,134,0.099,413,1221
50217,51572,1355,0,GE-Phase,stroke,50351,51136,785,785,0.579,-134,436
50217,51572,1355,0,GE-Phase,retraction,51136,51662,526,436,0.322,-919,-90
62628,63700,1072,0,GE-Phrase,224,62322,63789,1467,1072,1.0,306,-89
62628,63700,1072,0,GE-Phase,stroke,62322,63055,733,427,0.398,306,645
62628,63700,1072,0,GE-Phase,hold,63055,63789,734,645,0.602,-427,-89
63700,65033,1333,0,GE-Phrase,224,62322,63789,1467,89,0.067,1378,1244
63700,65033,1333,0,GE-Phrase,225,63789,64734,945,945,0.709,-89,299
63700,65033,1333,0,GE-Phrase,226,64734,66622,1888,299,0.224,-1034,-1589
63700,65033,1333,0,GE-Phase,hold,63055,63789,734,89,0.067,645,1244
63700,65033,1333,0,GE-Phase,stroke,63789,64277,488,488,0.366,-89,756
63700,65033,1333,0,GE-Phase,retraction,64277,64734,457,457,0.343,-577,299
63700,65033,1333,0,GE-Phase,preparation,64734,65047,313,299,0.224,-1034,-14
10765,11870,1105,0,GE-Phrase,204,10681,11709,1028,944,0.854,84,161
10765,11870,1105,0,GE-Phrase,205,11709,12745,1036,161,0.146,-944,-875
10765,11870,1105,0,GE-Phase,stroke,10681,11709,1028,944,0.854,84,161
10765,11870,1105,0,GE-Phase,stroke,11709,12745,1036,161,0.146,-944,-875
14560,15870,1310,0,GE-Phrase,206,12745,15828,3083,1268,0.968,1815,42
14560,15870,1310,0,GE-Phrase,207,15828,17061,1233,42,0.032,-1268,-1191
14560,15870,1310,0,GE-Phase,retraction,14308,15828,1520,1268,0.968,252,42
14560,15870,1310,0,GE-Phase,preparation,15828,16148,320,42,0.032,-1268,-278
22570,25660,3090,0,GE-Phrase,209,23133,25933,2800,2527,0.818,-563,-273
22570,25660,3090,0,GE-Phase,stroke,23133,23986,853,853,0.276,-563,1674
22570,25660,3090,0,GE-Phase,hold,23986,25933,1947,1674,0.542,-1416,-273
26022,27563,1541,0,GE-Phrase,210,25933,27493,1560,1471,0.955,89,70
26022,27563,1541,0,GE-Phrase,211,27493,29702,2209,70,0.045,-1471,-2139
26022,27563,1541,0,GE-Phase,preparation,25933,26485,552,463,0.3,89,1078
26022,27563,1541,0,GE-Phase,stroke,26485,27493,1008,1008,0.654,-463,70
26022,27563,1541,0,GE-Phase,stroke,27493,28197,704,70,0.045,-1471,-634
29529,31227,1698,0,GE-Phrase,211,27493,29702,2209,173,0.102,2036,1525
29529,31227,1698,0,GE-Phase,retraction,28197,29702,1505,173,0.102,1332,1525
33285,34491,1206,0,GE-Phrase,213,32366,34665,2299,1206,1.0,919,-174
33285,34491,1206,0,GE-Phase,stroke,32790,33932,1142,647,0.536,495,559
33285,34491,1206,0,GE-Phase,retraction,33932,34665,733,559,0.464,-647,-174
50217,51572,1355,0,GE-Phrase,221,49804,51662,1858,1355,1.0,413,-90
50217,51572,1355,0,GE-Phase,preparation,49804,50351,547,134,0.099,413,1221
50217,51572,1355,0,GE-Phase,stroke,50351,51136,785,785,0.579,-134,436
50217,51572,1355,0,GE-Phase,retraction,51136,51662,526,436,0.322,-919,-90
62628,63700,1072,0,GE-Phrase,224,62322,63789,1467,1072,1.0,306,-89
62628,63700,1072,0,GE-Phase,stroke,62322,63055,733,427,0.398,306,645
62628,63700,1072,0,GE-Phase,hold,63055,63789,734,645,0.602,-427,-89
63700,65033,1333,0,GE-Phrase,224,62322,63789,1467,89,0.067,1378,1244
63700,65033,1333,0,GE-Phrase,225,63789,64734,945,945,0.709,-89,299
63700,65033,1333,0,GE-Phrase,226,64734,66622,1888,299,0.224,-1034,-1589
63700,65033,1333,0,GE-Phase,hold,63055,63789,734,89,0.067,645,1244
63700,65033,1333,0,GE-Phase,stroke,63789,64277,488,488,0.366,-89,756
63700,65033,1333,0,GE-Phase,retraction,64277,64734,457,457,0.343,-577,299
63700,65033,1333,0,GE-Phase,preparation,64734,65047,313,299,0.224,-1034,-14
10765,11870,1105,0,GE-Phrase,204,10681,11709,1028,944,0.854,84,161
10765,11870,1105,0,GE-Phrase,205,11709,12745,1036,161,0.146,-944,-875
10765,11870,1105,0,GE-Phase,stroke,10681,11709,1028,944,0.854,84,161
10765,11870,1105,0,GE-Phase,stroke,11709,12745,1036,161,0.146,-944,-875
14560,15870,1310,0,GE-Phrase,206,12745,15828,3083,1268,0.968,1815,42
14560,15870,1310,0,GE-Phrase,207,15828,17061,1233,42,0.032,-1268,-1191
14560,15870,1310,0,GE-Phase,retraction,14308,15828,1520,1268,0.968,252,42
14560,15870,1310,0,GE-Phase,preparation,15828,16148,320,42,0.032,-1268,-278
22570,25660,3090,0,GE-Phrase,209,23133,25933,2800,2527,0.818,-563,-273
22570,25660,3090,0,GE-Phase,stroke,23133,23986,853,853,0.276,-563,1674
22570,25660,3090,0,GE-Phase,hold,23986,25933,1947,1674,0.542,-1416,-273
26022,27563,1541,0,GE-Phrase,210,25933,27493,1560,1471,0.955,89,70
26022,27563,1541,0,GE-Phrase,211,27493,29702,2209,70,0.045,-1471,-2139
26022,27563,1541,0,GE-Phase,preparation,25933,26485,552,463,0.3,89,1078
26022,27563,1541,0,GE-Phase,stroke,26485,27493,1008,1008,0.654,-463,70
26022,27563,1541,0,GE-Phase,stroke,27493,28197,704,70,0.045,-1471,-634
29529,31227,1698,0,GE-Phrase,211,27493,29702,2209,173,0.102,2036,1525
29529,31227,1698,0,GE-Phase,retraction,28197,29702,1505,173,0.102,1332,1525
33285,34491,1206,0,GE-Phrase,213,32366,34665,2299,1206,1.0,919,-174
33285,34491,1206,0,GE-Phase,stroke,32790,33932,1142,647,0.536,495,559
33285,34491,1206,0,GE-Phase,retraction,33932,34665,733,559,0.464,-647,-174
50217,51572,1355,0,GE-Phrase,221,49804,51662,1858,1355,1.0,413,-90
50217,51572,1355,0,GE-Phase,preparation,49804,50351,547,134,0.099,413,1221
50217,51572,1355,0,GE-Phase,stroke,50351,51136,785,785,0.579,-134,436
50217,51572,1355,0,GE-Phase,retraction,51136,51662,526,436,0.322,-919,-90
62628,63700,1072,0,GE-Phrase,224,62322,63789,1467,1072,1.0,306,-89
62628,63700,1072,0,GE-Phase,stroke,62322,63055,733,427,0.398,306,645
62628,63700,1072,0,GE-Phase,hold,63055,63789,734,645,0.602,-427,-89
63700,65033,1333,0,GE-Phrase,224,62322,63789,1467,89,0.067,1378,1244
63700,65033,1333,0,GE-Phrase,225,63789,64734,945,945,0.709,-89,299
63700,65033,1333,0,GE-Phrase,226,64734,66622,1888,299,0.224,-1034,-1589
63700,65033,1333,0,GE-Phase,hold,63055,63789,734,89,0.067,645,1244
63700,65033,1333,0,GE-Phase,stroke,63789,64277,488,488,0.366,-89,756
63700,65033,1333,0,GE-Phase,retraction,64277,64734,457,457,0.343,-577,299
63700,65033,1333,0,GE-Phase,preparation,64734,65047,313,299,0.224,-1034,-14
10765,11870,1105,0,GE-Phrase,204,10681,11709,1028,944,0.854,84,161
10765,11870,1105,0,GE-Phrase,205,11709,12745,1036,161,0.146,-944,-875
10765,11870,1105,0,GE-Phase,stroke,10681,11709,1028,944,0.854,84,161
10765,11870,1105,0,GE-Phase,stroke,11709,12745,1036,161,0.146,-944,-875
14560,15870,1310,0,GE-Phrase,206,12745,15828,3083,1268,0.968,1815,42
14560,15870,1310,0,GE-Phrase,207,15828,17061,1233,42,0.032,-1268,-1191
14560,15870,1310,0,GE-Phase,retraction,14308,15828,1520,1268,0.968,252,42
14560,15870,1310,0,GE-Phase,preparation,15828,16148,320,42,0.032,-1268,-278
22570,25660,3090,0,GE-Phrase,209,23133,25933,2800,2527,0.818,-563,-273
22570,25660,3090,0,GE-Phase,stroke,23133,23986,853,853,0.276,-563,1674
22570,25660,3090,0,GE-Phase,hold,23986,25933,1947,1674,0.542,-1416,-273
26022,27563,1541,0,GE-Phrase,210,25933,27493,1560,1471,0.955,89,70
26022,27563,1541,0,GE-Phrase,211,27493,29702,2209,70,0.045,-1471,-2139
26022,27563,1541,0,GE-Phase,preparation,25933,26485,552,463,0.3,89,1078
26022,27563,1541,0,GE-Phase,stroke,26485,27493,1008,1008,0.654,-463,70
26022,27563,1541,0,GE-Phase,stroke,27493,28197,704,70,0.045,-1471,-634
29529,31227,1698,0,GE-Phrase,211,27493,29702,2209,173,0.102,2036,1525
29529,31227,1698,0,GE-Phase,retraction,28197,29702,1505,173,0.102,1332,1525
33285,34491,1206,0,GE-Phrase,213,32366,34665,2299,1206,1.0,919,-174
33285,34491,1206,0,GE-Phase,stroke,32790,33932,1142,647,0.536,495,559
33285,34491,1206,0,GE-Phase,retraction,33932,34665,733,559,0.464,-647,-174
50217,51572,1355,0,GE-Phrase,221,49804,51662,1858,1355,1.0,413,-90
50217,51572,1355,0,GE-Phase,preparation,49804,50351,547,134,0.099,413,1221
50217,51572,1355,0,GE-Phase,stroke,50351,51136,785,785,0.579,-134,436
50217,51572,1355,0,GE-Phase,retraction,51136,51662,526,436,0.322,-919,-90
62628,63700,1072,0,GE-Phrase,224,62322,63789,1467,1072,1.0,306,-89
62628,63700,1072,0,GE-Phase,stroke,62322,63055,733,427,0.398,306,645
62628,63700,1072,0,GE-Phase,hold,63055,63789,734,645,0.602,-427,-89
63700,65033,1333,0,GE-Phrase,224,62322,63789,1467,89,0.067,1378,1244
63700,65033,1333,0,GE-Phrase,225,63789,64734,945,945,0.709,-89,299
63700,65033,1333,0,GE-Phrase,226,64734,66622,1888,299,0.224,-1034,-1589
63700,65033,1333,0,GE-Phase,hold,63055,63789,734,89,0.067,645,1244
63700,65033,1333,0,GE-Phase,stroke,63789,64277,488,488,0.366,-89,756
63700,65033,1333,0,GE-Phase,retraction,64277,64734,457,457,0.343,-577,299
63700,65033,1333,0,GE-Phase,preparation,64734,65047,313,299,0.224,-1034,-14
10765,11870,1105,0,GE-Phrase,204,10681,11709,1028,944,0.854,84,161
10765,11870,1105,0,GE-Phrase,205,11709,12745,1036,161,0.146,-944,-875
10765,11870,1105,0,GE-Phase,stroke,10681,11709,1028,944,0.854,84,161
10765,11870,1105,0,GE-Phase,stroke,11709,12745,1036,161,0.146,-944,-875
14560,15870,1310,0,GE-Phrase,206,12745,15828,3083,1268,0.968,1815,42
14560,15870,1310,0,GE-Phrase,207,15828,17061,1233,42,0.032,-1268,-1191
14560,15870,1310,0,GE-Phase,retraction,14308,15828,1520,1268,0.968,252,42
14560,15870,1310,0,GE-Phase,preparation,15828,16148,320,42,0.032,-1268,-278
22570,25660,3090,0,GE-Phrase,209,23133,25933,2800,2527,0.818,-563,-273
22570,25660,3090,0,GE-Phase,stroke,23133,23986,853,853,0.276,-563,1674
22570,25660,3090,0,GE-Phase,hold,23986,25933,1947,1674,0.542,-1416,-273
26022,27563,1541,0,GE-Phrase,210,25933,27493,1560,1471,0.955,89,70
26022,27563,1541,0,GE-Phrase,211,27493,29702,2209,70,0.045,-1471,-2139
26022,27563,1541,0,GE-Phase,preparation,25933,26485,552,463,0.3,89,1078
26022,27563,1541,0,GE-Phase,stroke,26485,27493,1008,1008,0.654,-463,70
26022,27563,1541,0,GE-Phase,stroke,27493,28197,704,70,0.045,-1471,-634
29529,31227,1698,0,GE-Phrase,211,27493,29702,2209,173,0.102,2036,1525
29529,31227,1698,0,GE-Phase,retraction,28197,29702,1505,173,0.102,1332,1525
33285,34491,1206,0,GE-Phrase,213,32366,34665,2299,1206,1.0,919,-174
33285,34491,1206,0,GE-Phase,stroke,32790,33932,1142,647,0.536,495,559
33285,34491,1206,0,GE-Phase,retraction,33932,34665,733,559,0.464,-647,-174
50217,51572,1355,0,GE-Phrase,221,49804,51662,1858,1355,1.0,413,-90
50217,51572,1355,0,GE-Phase,preparation,49804,50351,547,134,0.099,413,1221
50217,51572,1355,0,GE-Phase,stroke,50351,51136,785,785,0.579,-134,436
50217,51572,1355,0,GE-Phase,retraction,51136,51662,526,436,0.322,-919,-90
62628,63700,1072,0,GE-Phrase,224,62322,63789,1467,1072,1.0,306,-89
62628,63700,1072,0,GE-Phase,stroke,62322,63055,733,427,0.398,306,645
62628,63700,1072,0,GE-Phase,hold,63055,63789,734,645,0.602,-427,-89
63700,65033,1333,0,GE-Phrase,224,62322,63789,1467,89,0.067,1378,1244
63700,65033,1333,0,GE-Phrase,225,63789,64734,945,945,0.709,-89,299
63700,65033,1333,0,GE-Phrase,226,64734,66622,1888,299,0.224,-1034,-1589
63700,65033,1333,0,GE-Phase,hold,63055,63789,734,89,0.067,645,1244
63700,65033,1333,0,GE-Phase,stroke,63789,64277,488,488,0.366,-89,756
63700,65033,1333,0,GE-Phase,retraction,64277,64734,457,457,0.343,-577,299
63700,65033,1333,0,GE-Phase,preparation,64734,65047,313,299,0.224,-1034,-14
10765,11870,1105,0,GE-Phrase,204,10681,11709,1028,944,0.854,84,161
10765,11870,1105,0,GE-Phrase,205,11709,12745,1036,161,0.146,-944,-875
10765,11870,1105,0,GE-Phase,stroke,10681,11709,1028,944,0.854,84,161
10765,11870,1105,0,GE-Phase,stroke,11709,12745,1036,161,0.146,-944,-875
14560,15870,1310,0,GE-Phrase,206,12745,15828,3083,1268,0.968,1815,42
14560,15870,1310,0,GE-Phrase,207,15828,17061,1233,42,0.032,-1268,-1191
14560,15870,1310,0,GE-Phase,retraction,14308,15828,1520,1268,0.968,252,42
14560,15870,1310,0,GE-Phase,preparation,15828,16148,320,42,0.032,-1268,-278
22570,25660,3090,0,GE-Phrase,209,23133,25933,2800,2527,0.818,-563,-273
22570,25660,3090,0,GE-Phase,stroke,23133,23986,853,853,0.276,-563,1674
22570,25660,3090,0,GE-Phase,hold,23986,25933,1947,1674,0.542,-1416,-273
26022,27563,1541,0,GE-Phrase,210,25933,27493,1560,1471,0.955,89,70
26022,27563,1541,0,GE-Phrase,211,27493,29702,2209,70,0.045,-1471,-2139
26022,27563,1541,0,GE-Phase,preparation,25933,26485,552,463,0.3,89,1078
26022,27563,1541,0,GE-Phase,stroke,26485,27493,1008,1008,0.654,-463,70
26022,27563,1541,0,GE-Phase,stroke,27493,28197,704,70,0.045,-1471,-634
29529,31227,1698,0,GE-Phrase,211,27493,29702,2209,173,0.102,2036,1525
29529,31227,1698,0,GE-Phase,retraction,28197,29702,1505,173,0.102,1332,1525
33285,34491,1206,0,GE-Phrase,213,32366,34665,2299,1206,1.0,919,-174
33285,34491,1206,0,GE-Phase,stroke,32790,33932,1142,647,0.536,495,559
33285,34491,1206,0,GE-Phase,retraction,33932,34665,733,559,0.464,-647,-174
50217,51572,1355,0,GE-Phrase,221,49804,51662,1858,1355,1.0,413,-90
50217,51572,1355,0,GE-Phase,preparation,49804,50351,547,134,0.099,413,1221
50217,51572,1355,0,GE-Phase,stroke,50351,51136,785,785,0.579,-134,436
50217,51572,1355,0,GE-Phase,retraction,51136,51662,526,436,0.322,-919,-90
62628,63700,1072,0,GE-Phrase,224,62322,63789,1467,1072,1.0,306,-89
62628,63700,1072,0,GE-Phase,stroke,62322,63055,733,427,0.398,306,645
62628,63700,1072,0,GE-Phase,hold,63055,63789,734,645,0.602,-427,-89
63700,65033,1333,0,GE-Phrase,224,62322,63789,1467,89,0.067,1378,1244
63700,65033,1333,0,GE-Phrase,225,63789,64734,945,945,0.709,-89,299
63700,65033,1333,0,GE-Phrase,226,64734,66622,1888,299,0.224,-1034,-1589
63700,65033,1333,0,GE-Phase,hold,63055,63789,734,89,0.067,645,1244
63700,65033,1333,0,GE-Phase,stroke,63789,64277,488,488,0.366,-89,756
63700,65033,1333,0,GE-Phase,retraction,64277,64734,457,457,0.343,-577,299
63700,65033,1333,0,GE-Phase,preparation,64734,65047,313,299,0.224,-1034,-14
10765,11870,1105,0,GE-Phrase,204,10681,11709,1028,944,0.854,84,161
10765,11870,1105,0,GE-Phrase,205,11709,12745,1036,161,0.146,-944,-875
10765,11870,1105,0,GE-Phase,stroke,10681,11709,1028,944,0.854,84,161
10765,11870,1105,0,GE-Phase,stroke,11709,12745,1036,161,0.146,-944,-875
14560,15870,1310,0,GE-Phrase,206,12745,15828,3083,1268,0.968,1815,42
14560,15870,1310,0,GE-Phrase,207,15828,17061,1233,42,0.032,-1268,-1191
14560,15870,1310,0,GE-Phase,retraction,14308,15828,1520,1268,0.968,252,42
14560,15870,1310,0,GE-Phase,preparation,15828,16148,320,42,0.032,-1268,-278
22570,25660,3090,0,GE-Phrase,209,23133,25933,2800,2527,0.818,-563,-273
22570,25660,3090,0,GE-Phase,stroke,23133,23986,853,853,0.276,-563,1674
22570,25660,3090,0,GE-Phase,hold,23986,25933,1947,1674,0.542,-1416,-273
26022,27563,1541,0,GE-Phrase,210,25933,27493,1560,1471,0.955,89,70
26022,27563,1541,0,GE-Phrase,211,27493,29702,2209,70,0.045,-1471,-2139
26022,27563,1541,0,GE-Phase,preparation,25933,26485,552,463,0.3,89,1078
26022,27563,1541,0,GE-Phase,stroke,26485,27493,1008,1008,0.654,-463,70
26022,27563,1541,0,GE-Phase,stroke,27493,28197,704,70,0.045,-1471,-634
29529,31227,1698,0,GE-Phrase,211,27493,29702,2209,173,0.102,2036,1525
29529,31227,1698,0,GE-Phase,retraction,28197,29702,1505,173,0.102,1332,1525
33285,34491,1206,0,GE-Phrase,213,32366,34665,2299,1206,1.0,919,-174
33285,34491,1206,0,GE-Phase,stroke,32790,33932,1142,647,0.536,495,559
33285,34491,1206,0,GE-Phase,retraction,33932,34665,733,559,0.464,-647,-174
50217,51572,1355,0,GE-Phrase,221,49804,51662,1858,1355,1.0,413,-90
50217,51572,1355,0,GE-Phase,preparation,49804,50351,547,134,0.099,413,1221
50217,51572,1355,0,GE-Phase,stroke,50351,51136,785,785,0.579,-134,436
50217,51572,1355,0,GE-Phase,retraction,51136,51662,526,436,0.322,-919,-90
62628,63700,1072,0,GE-Phrase,224,62322,63789,1467,1072,1.0,306,-89
62628,63700,1072,0,GE-Phase,stroke,62322,63055,733,427,0.398,306,645
62628,63700,1072,0,GE-Phase,hold,63055,63789,734,645,0.602,-427,-89
63700,65033,1333,0,GE-Phrase,224,62322,63789,1467,89,0.067,1378,1244
63700,65033,1333,0,GE-Phrase,225,63789,64734,945,945,0.709,-89,299
63700,65033,1333,0,GE-Phrase,226,64734,66622,1888,299,0.224,-1034,-1589
63700,65033,1333,0,GE-Phase,hold,63055,63789,734,89,0.067,645,1244
63700,65033,1333,0,GE-Phase,stroke,63789,64277,488,488,0.366,-89,756
63700,65033,1333,0,GE-Phase,retraction,64277,64734,457,457,0.343,-577,299
63700,65033,1333,0,GE-Phase,preparation,64734,65047,313,299,0.224,-1034,-14
10765,11870,1105,0,GE-Phrase,204,10681,11709,1028,944,0.854,84,161
10765,11870,1105,0,GE-Phrase,205,11709,12745,1036,161,0.146,-944,-875
10765,11870,1105,0,GE-Phase,stroke,10681,11709,1028,944,0.854,84,161
10765,11870,1105,0,GE-Phase,stroke,11709,12745,1036,161,0.146,-944,-875
14560,15870,1310,0,GE-Phrase,206,12745,15828,3083,1268,0.968,1815,42
14560,15870,1310,0,GE-Phrase,207,15828,17061,1233,42,0.032,-1268,-1191
14560,15870,1310,0,GE-Phase,retraction,14308,15828,1520,1268,0.968,252,42
14560,15870,1310,0,GE-Phase,preparation,15828,16148,320,42,0.032,-1268,-278
22570,25660,3090,0,GE-Phrase,209,23133,25933,2800,2527,0.818,-563,-273
22570,25660,3090,0,GE-Phase,stroke,23133,23986,853,853,0.276,-563,1674
22570,25660,3090,0,GE-Phase,hold,23986,25933,1947,1674,0.542,-1416,-273
26022,27563,1541,0,GE-Phrase,210,25933,27493,1560,1471,0.955,89,70
26022,27563,1541,0,GE-Phrase,211,27493,29702,2209,70,0.045,-1471,-2139
26022,27563,1541,0,GE-Phase,preparation,25933,26485,552,463,0.3,89,1078
26022,27563,1541,0,GE-Phase,stroke,26485,27493,1008,1008,0.654,-463,70
26022,27563,1541,0,GE-Phase,stroke,27493,28197,704,70,0.045,-1471,-634
29529,31227,1698,0,GE-Phrase,211,27493,29702,2209,173,0.102,2036,1525
29529,31227,1698,0,GE-Phase,retraction,28197,29702,1505,173,0.102,1332,1525
33285,34491,1206,0,GE-Phrase,213,32366,34665,2299,1206,1.0,919,-174
33285,34491,1206,0,GE-Phase,stroke,32790,33932,1142,647,0.536,495,559
33285,34491,1206,0,GE-Phase,retraction,33932,34665,733,559,0.464,-647,-174
50217,51572,1355,0,GE-Phrase,221,49804,51662,1858,1355,1.0,413,-90
50217,51572,1355,0,GE-Phase,preparation,49804,50351,547,134,0.099,413,1221
50217,51572,1355,0,GE-Phase,stroke,50351,51136,785,785,0.579,-134,436
50217,51572,1355,0,GE-Phase,retraction,51136,51662,526,436,0.322,-919,-90
62628,63700,1072,0,GE-Phrase,224,62322,63789,1467,1072,1.0,306,-89
62628,63700,1072,0,GE-Phase,stroke,62322,63055,733,427,0.398,306,645
62628,63700,1072,0,GE-Phase,hold,63055,63789,734,645,0.602,-427,-89
63700,65033,1333,0,GE-Phrase,224,62322,63789,1467,89,0.067,1378,1244
63700,65033,1333,0,GE-Phrase,225,63789,64734,945,945,0.709,-89,299
63700,65033,1333,0,GE-Phrase,226,64734,66622,1888,299,0.224,-1034,-1589
63700,65033,1333,0,GE-Phase,hold,63055,63789,734,89,0.067,645,1244
63700,65033,1333,0,GE-Phase,stroke,63789,64277,488,488,0.366,-89,756
63700,65033,1333,0,GE-Phase,retraction,64277,64734,457,457,0.343,-577,299
63700,65033,1333,0,GE-Phase,preparation,64734,65047,313,299,0.224,-1034,-14
10765,11870,1105,0,GE-Phrase,204,10681,11709,1028,944,0.854,84,161
10765,11870,1105,0,GE-Phrase,205,11709,12745,1036,161,0.146,-944,-875
10765,11870,1105,0,GE-Phase,stroke,10681,11709,1028,944,0.854,84,161
10765,11870,1105,0,GE-Phase,stroke,11709,12745,1036,161,0.146,-944,-875
14560,15870,1310,0,GE-Phrase,206,12745,15828,3083,1268,0.968,1815,42
14560,15870,1310,0,GE-Phrase,207,15828,17061,1233,42,0.032,-1268,-1191
14560,15870,1310,0,GE-Phase,retraction,14308,15828,1520,1268,0.968,252,42
14560,15870,1310,0,GE-Phase,preparation,15828,16148,320,42,0.032,-1268,-278
22570,25660,3090,0,GE-Phrase,209,23133,25933,2800,2527,0.818,-563,-273
22570,25660,3090,0,GE-Phase,stroke,23133,23986,853,853,0.276,-563,1674
22570,25660,3090,0,GE-Phase,hold,23986,25933,1947,1674,0.542,-1416,-273
26022,27563,1541,0,GE-Phrase,210,25933,27493,1560,1471,0.955,89,70
26022,27563,1541,0,GE-Phrase,211,27493,29702,2209,70,0.045,-1471,-2139
26022,27563,1541,0,GE-Phase,preparation,25933,26485,552,463,0.3,89,1078
26022,27563,1541,0,GE-Phase,stroke,26485,27493,1008,1008,0.654,-463,70
26022,27563,1541,0,GE-Phase,stroke,27493,28197,704,70,0.045,-1471,-634
29529,31227,1698,0,GE-Phrase,211,27493,29702,2209,173,0.102,2036,1525
29529,31227,1698,0,GE-Phase,retraction,28197,29702,1505,173,0.102,1332,1525
33285,34491,1206,0,GE-Phrase,213,32366,34665,2299,1206,1.0,919,-174
33285,34491,1206,0,GE-Phase,stroke,32790,33932,1142,647,0.536,495,559
33285,34491,1206,0,GE-Phase,retraction,33932,34665,733,559,0.464,-647,-174
50217,51572,1355,0,GE-Phrase,221,49804,51662,1858,1355,1.0,413,-90
50217,51572,1355,0,GE-Phase,preparation,49804,50351,547,134,0.099,413,1221
50217,51572,1355,0,GE-Phase,stroke,50351,51136,785,785,0.579,-134,436
50217,51572,1355,0,GE-Phase,retraction,51136,51662,526,436,0.322,-919,-90
62628,63700,1072,0,GE-Phrase,224,62322,63789,1467,1072,1.0,306,-89
62628,63700,1072,0,GE-Phase,stroke,62322,63055,733,427,0.398,306,645
62628,63700,1072,0,GE-Phase,hold,63055,63789,734,645,0.602,-427,-89
63700,65033,1333,0,GE-Phrase,224,62322,63789,1467,89,0.067,1378,1244
63700,65033,1333,0,GE-Phrase,225,63789,64734,945,945,0.709,-89,299
63700,65033,1333,0,GE-Phrase,226,64734,66622,1888,299,0.224,-1034,-1589
63700,65033,1333,0,GE-Phase,hold,63055,63789,734,89,0.067,645,1244
63700,65033,1333,0,GE-Phase,stroke,63789,64277,488,488,0.366,-89,756
63700,65033,1333,0,GE-Phase,retraction,64277,64734,457,457,0.343,-577,299
63700,65033,1333,0,GE-Phase,preparation,64734,65047,313,299,0.224,-1034,-14
10765,11870,1105,0,GE-Phrase,204,10681,11709,1028,944,0.854,84,161
10765,11870,1105,0,GE-Phrase,205,11709,12745,1036,161,0.146,-944,-875
10765,11870,1105,0,GE-Phase,stroke,10681,11709,1028,944,0.854,84,161
10765,11870,1105,0,GE-Phase,stroke,11709,12745,1036,161,0.146,-944,-875
14560,15870,1310,0,GE-Phrase,206,12745,15828,3083,1268,0.968,1815,42
14560,15870,1310,0,GE-Phrase,207,15828,17061,1233,42,0.032,-1268,-1191
14560,15870,1310,0,GE-Phase,retraction,14308,15828,1520,1268,0.968,252,42
14560,15870,1310,0,GE-Phase,preparation,15828,16148,320,42,0.032,-1268,-278
22570,25660,3090,0,GE-Phrase,209,23133,25933,2800,2527,0.818,-563,-273
22570,25660,3090,0,GE-Phase,stroke,23133,23986,853,853,0.276,-563,1674
22570,25660,3090,0,GE-Phase,hold,23986,25933,1947,1674,0.542,-1416,-273
26022,27563,1541,0,GE-Phrase,210,25933,27493,1560,1471,0.955,89,70
26022,27563,1541,0,GE-Phrase,211,27493,29702,2209,70,0.045,-1471,-2139
26022,27563,1541,0,GE-Phase,preparation,25933,26485,552,463,0.3,89,1078
26022,27563,1541,0,GE-Phase,stroke,26485,27493,1008,1008,0.654,-463,70
26022,27563,1541,0,GE-Phase,stroke,27493,28197,704,70,0.045,-1471,-634
29529,31227,1698,0,GE-Phrase,211,27493,29702,2209,173,0.102,2036,1525
29529,31227,1698,0,GE-Phase,retraction,28197,29702,1505,173,0.102,1332,1525
33285,34491,1206,0,GE-Phrase,213,32366,34665,2299,1206,1.0,919,-174
33285,34491,1206,0,GE-Phase,stroke,32790,33932,1142,647,0.536,495,559
33285,34491,1206,0,GE-Phase,retraction,33932,34665,733,559,0.464,-647,-174
50217,51572,1355,0,GE-Phrase,221,49804,51662,1858,1355,1.0,413,-90
50217,51572,1355,0,GE-Phase,preparation,49804,50351,547,134,0.099,413,1221
50217,51572,1355,0,GE-Phase,stroke,50351,51136,785,785,0.579,-134,436
50217,51572,1355,0,GE-Phase,retraction,51136,51662,526,436,0.322,-919,-90
62628,63700,1072,0,GE-Phrase,224,62322,63789,1467,1072,1.0,306,-89
62628,63700,1072,0,GE-Phase,stroke,62322,63055,733,427,0.398,306,645
62628,63700,1072,0,GE-Phase,hold,63055,63789,734,645,0.602,-427,-89
63700,65033,1333,0,GE-Phrase,224,62322,63789,1467,89,0.067,1378,1244
63700,65033,1333,0,GE-Phrase,225,63789,64734,945,945,0.709,-89,299
63700,65033,1333,0,GE-Phrase,226,64734,66622,1888,299,0.224,-1034,-1589
63700,65033,1333,0,GE-Phase,hold,63055,63789,734,89,0.067,645,1244
63700,65033,1333,0,GE-Phase,stroke,63789,64277,488,488,0.366,-89,756
63700,65033,1333,0,GE-Phase,retraction,64277,64734,457,457,0.343,-577,299
63700,65033,1333,0,GE-Phase,preparation,64734,65047,313,299,0.224,-1034,-14
10765,11870,1105,0,GE-Phrase,204,10681,11709,1028,944,0.854,84,161
10765,11870,1105,0,GE-Phrase,205,11709,12745,1036,161,0.146,-944,-875
10765,11870,1105,0,GE-Phase,stroke,10681,11709,1028,944,0.854,84,161
10765,11870,1105,0,GE-Phase,stroke,11709,12745,1036,161,0.146,-944,-875
14560,15870,1310,0,GE-Phrase,206,12745,15828,3083,1268,0.968,1815,42
14560,15870,1310,0,GE-Phrase,207,15828,17061,1233,42,0.032,-1268,-1191
14560,15870,1310,0,GE-Phase,retraction,14308,15828,1520,1268,0.968,252,42
14560,15870,1310,0,GE-Phase,preparation,15828,16148,320,42,0.032,-1268,-278
22570,25660,3090,0,GE-Phrase,209,23133,25933,2800,2527,0.818,-563,-273
22570,25660,3090,0,GE-Phase,stroke,23133,23986,853,853,0.276,-563,1674
22570,25660,3090,0,GE-Phase,hold,23986,25933,1947,1674,0.542,-1416,-273
26022,27563,1541,0,GE-Phrase,210,25933,27493,1560,1471,0.955,89,70
26022,27563,1541,0,GE-Phrase,211,27493,29702,2209,70,0.045,-1471,-2139
26022,27563,1541,0,GE-Phase,preparation,25933,26485,552,463,0.3,89,1078
26022,27563,1541,0,GE-Phase,stroke,26485,27493,1008,1008,0.654,-463,70
26022,27563,1541,0,GE-Phase,stroke,27493,28197,704,70,0.045,-1471,-634
29529,31227,1698,0,GE-Phrase,211,27493,29702,2209,173,0.102,2036,1525
29529,31227,1698,0,GE-Phase,retraction,28197,29702,1505,173,0.102,1332,1525
33285,34491,1206,0,GE-Phrase,213,32366,34665,2299,1206,1.0,919,-174
33285,34491,1206,0,GE-Phase,stroke,32790,33932,1142,647,0.536,495,559
33285,34491,1206,0,GE-Phase,retraction,33932,34665,733,559,0.464,-647,-174
50217,51572,1355,0,GE-Phrase,221,49804,51662,1858,1355,1.0,413,-90
50217,51572,1355,0,GE-Phase,preparation,49804,50351,547,134,0.099,413,1221
50217,51572,1355,0,GE-Phase,stroke,50351,51136,785,785,0.579,-134,436
50217,51572,1355,0,GE-Phase,retraction,51136,51662,526,436,0.322,-919,-90
62628,63700,1072,0,GE-Phrase,224,62322,63789,1467,1072,1.0,306,-89
62628,63700,1072,0,GE-Phase,stroke,62322,63055,733,427,0.398,306,645
62628,63700,1072,0,GE-Phase,hold,63055,63789,734,645,0.602,-427,-89
63700,65033,1333,0,GE-Phrase,224,62322,63789,1467,89,0.067,1378,1244
63700,65033,1333,0,GE-Phrase,225,63789,64734,945,945,0.709,-89,299
63700,65033,1333,0,GE-Phrase,226,64734,66622,1888,299,0.224,-1034,-1589
63700,65033,1333,0,GE-Phase,hold,63055,63789,734,89,0.067,645,1244
63700,65033,1333,0,GE-Phase,stroke,63789,64277,488,488,0.366,-89,756
63700,65033,1333,0,GE-Phase,retraction,64277,64734,457,457,0.343,-577,299
63700,65033,1333,0,GE-Phase,preparation,64734,65047,313,299,0.224,-1034,-14
10765,11870,1105,0,GE-Phrase,204,10681,11709,1028,944,0.854,84,161
10765,11870,1105,0,GE-Phrase,205,11709,12745,1036,161,0.146,-944,-875
10765,11870,1105,0,GE-Phase,stroke,10681,11709,1028,944,0.854,84,161
10765,11870,1105,0,GE-Phase,stroke,11709,12745,1036,161,0.146,-944,-875
14560,15870,1310,0,GE-Phrase,206,12745,15828,3083,1268,0.968,1815,42
14560,15870,1310,0,GE-Phrase,207,15828,17061,1233,42,0.032,-1268,-1191
14560,15870,1310,0,GE-Phase,retraction,14308,15828,1520,1268,0.968,252,42
14560,15870,1310,0,GE-Phase,preparation,15828,16148,320,42,0.032,-1268,-278
22570,25660,3090,0,GE-Phrase,209,23133,25933,2800,2527,0.818,-563,-273
22570,25660,3090,0,GE-Phase,stroke,23133,23986,853,853,0.276,-563,1674
22570,25660,3090,0,GE-Phase,hold,23986,25933,1947,1674,0.542,-1416,-273
26022,27563,1541,0,GE-Phrase,210,25933,27493,1560,1471,0.955,89,70
26022,27563,1541,0,GE-Phrase,211,27493,29702,2209,70,0.045,-1471,-2139
26022,27563,1541,0,GE-Phase,preparation,25933,26485,552,463,0.3,89,1078
26022,27563,1541,0,GE-Phase,stroke,26485,27493,1008,1008,0.654,-463,70
26022,27563,1541,0,GE-Phase,stroke,27493,28197,704,70,0.045,-1471,-634
29529,31227,1698,0,GE-Phrase,211,27493,29702,2209,173,0.102,2036,1525
29529,31227,1698,0,GE-Phase,retraction,28197,29702,1505,173,0.102,1332,1525
33285,34491,1206,0,GE-Phrase,213,32366,34665,2299,1206,1.0,919,-174
33285,34491,1206,0,GE-Phase,stroke,32790,33932,1142,647,0.536,495,559
33285,34491,1206,0,GE-Phase,retraction,33932,34665,733,559,0.464,-647,-174
50217,51572,1355,0,GE-Phrase,221,49804,51662,1858,1355,1.0,413,-90
50217,51572,1355,0,GE-Phase,preparation,49804,50351,547,134,0.099,413,1221
50217,51572,1355,0,GE-Phase,stroke,50351,51136,785,785,0.579,-134,436
50217,51572,1355,0,GE-Phase,retraction,51136,51662,526,436,0.322,-919,-90
62628,63700,1072,0,GE-Phrase,224,62322,63789,1467,1072,1.0,306,-89
62628,63700,1072,0,GE-Phase,stroke,62322,63055,733,427,0.398,306,645
62628,63700,1072,0,GE-Phase,hold,63055,63789,734,645,0.602,-427,-89
63700,65033,1333,0,GE-Phrase,224,62322,63789,1467,89,0.067,1378,1244
63700,65033,1333,0,GE-Phrase,225,63789,64734,945,945,0.709,-89,299
63700,65033,1333,0,GE-Phrase,226,64734,66622,1888,299,0.224,-1034,-1589
63700,65033,1333,0,GE-Phase,hold,63055,63789,734,89,0.067,645,1244
63700,65033,1333,0,GE-Phase,stroke,63789,64277,488,488,0.366,-89,756
63700,65033,1333,0,GE-Phase,retraction,64277,64734,457,457,0.343,-577,299
63700,65033,1333,0,GE-Phase,preparation,64734,65047,313,299,0.224,-1034,-14
10765,11870,1105,0,GE-Phrase,204,10681,11709,1028,944,0.854,84,161
10765,11870,1105,0,GE-Phrase,205,11709,12745,1036,161,0.146,-944,-875
10765,11870,1105,0,GE-Phase,stroke,10681,11709,1028,944,0.854,84,161
10765,11870,1105,0,GE-Phase,stroke,11709,12745,1036,161,0.146,-944,-875
14560,15870,1310,0,GE-Phrase,206,12745,15828,3083,1268,0.968,1815,42
14560,15870,1310,0,GE-Phrase,207,15828,17061,1233,42,0.032,-1268,-1191
14560,15870,1310,0,GE-Phase,retraction,14308,15828,1520,1268,0.968,252,42
14560,15870,1310,0,GE-Phase,preparation,15828,16148,320,42,0.032,-1268,-278
22570,25660,3090,0,GE-Phrase,209,23133,25933,2800,2527,0.818,-563,-273
22570,25660,3090,0,GE-Phase,stroke,23133,23986,853,853,0.276,-563,1674
22570,25660,3090,0,GE-Phase,hold,23986,25933,1947,1674,0.542,-1416,-273
26022,27563,1541,0,GE-Phrase,210,25933,27493,1560,1471,0.955,89,70
26022,27563,1541,0,GE-Phrase,211,27493,29702,2209,70,0.045,-1471,-2139
26022,27563,1541,0,GE-Phase,preparation,25933,26485,552,463,0.3,89,1078
26022,27563,1541,0,GE-Phase,stroke,26485,27493,1008,1008,0.654,-463,70
26022,27563,1541,0,GE-Phase,stroke,27493,28197,704,70,0.045,-1471,-634
29529,31227,1698,0,GE-Phrase,211,27493,29702,2209,173,0.102,2036,1525
29529,31227,1698,0,GE-Phase,retraction,28197,29702,1505,173,0.102,1332,1525
33285,34491,1206,0,GE-Phrase,213,32366,34665,2299,1206,1.0,919,-174
33285,34491,1206,0,GE-Phase,stroke,32790,33932,1142,647,0.536,495,559
33285,34491,1206,0,GE-Phase,retraction,33932,34665,733,559,0.464,-647,-174
50217,51572,1355,0,GE-Phrase,221,49804,51662,1858,1355,1.0,413,-90
50217,51572,1355,0,GE-Phase,preparation,49804,50351,547,134,0.099,413,1221
50217,51572,1355,0,GE-Phase,stroke,50351,51136,785,785,0.579,-134,436
50217,51572,1355,0,GE-Phase,retraction,51136,51662,526,436,0.322,-919,-90
62628,63700,1072,0,GE-Phrase,224,62322,63789,1467,1072,1.0,306,-89
62628,63700,1072,0,GE-Phase,stroke,62322,63055,733,427,0.398,306,645
62628,63700,1072,0,GE-Phase,hold,63055,63789,734,645,0.602,-427,-89
63700,65033,1333,0,GE-Phrase,224,62322,63789,1467,89,0.067,1378,1244
63700,65033,1333,0,GE-Phrase,225,63789,64734,945,945,0.709,-89,299
63700,65033,1333,0,GE-Phrase,226,64734,66622,1888,299,0.224,-1034,-1589
63700,65033,1333,0,GE-Phase,hold,63055,63789,734,89,0.067,645,1244
63700,65033,1333,0,GE-Phase,stroke,63789,64277,488,488,0.366,-89,756
63700,65033,1333,0,GE-Phase,retraction,64277,64734,457,457,0.343,-577,299
63700,65033,1333,0,GE-Phase,preparation,64734,65047,313,299,0.224,-1034,-14
10765,11870,1105,0,GE-Phrase,204,10681,11709,1028,944,0.854,84,161
10765,11870,1105,0,GE-Phrase,205,11709,12745,1036,161,0.146,-944,-875
10765,11870,1105,0,GE-Phase,stroke,10681,11709,1028,944,0.854,84,161
10765,11870,1105,0,GE-Phase,stroke,11709,12745,1036,161,0.146,-944,-875
14560,15870,1310,0,GE-Phrase,206,12745,15828,3083,1268,0.968,1815,42
14560,15870,1310,0,GE-Phrase,207,15828,17061,1233,42,0.032,-1268,-1191
14560,15870,1310,0,GE-Phase,retraction,14308,15828,1520,1268,0.968,252,42
14560,15870,1310,0,GE-Phase,preparation,15828,16148,320,42,0.032,-1268,-278
22570,25660,3090,0,GE-Phrase,209,23133,25933,2800,2527,0.818,-563,-273
22570,25660,3090,0,GE-Phase,stroke,23133,23986,853,853,0.276,-563,1674
22570,25660,3090,0,GE-Phase,hold,23986,25933,1947,1674,0.542,-1416,-273
26022,27563,1541,0,GE-Phrase,210,25933,27493,1560,1471,0.955,89,70
26022,27563,1541,0,GE-Phrase,211,27493,29702,2209,70,0.045,-1471,-2139
26022,27563,1541,0,GE-Phase,preparation,25933,26485,552,463,0.3,89,1078
26022,27563,1541,0,GE-Phase,stroke,26485,27493,1008,1008,0.654,-463,70
26022,27563,1541,0,GE-Phase,stroke,27493,28197,704,70,0.045,-1471,-634
29529,31227,1698,0,GE-Phrase,211,27493,29702,2209,173,0.102,2036,1525
29529,31227,1698,0,GE-Phase,retraction,28197,29702,1505,173,0.102,1332,1525
33285,34491,1206,0,GE-Phrase,213,32366,34665,2299,1206,1.0,919,-174
33285,34491,1206,0,GE-Phase,stroke,32790,33932,1142,647,0.536,495,559
33285,34491,1206,0,GE-Phase,retraction,33932,34665,733,559,0.464,-647,-174
50217,51572,1355,0,GE-Phrase,221,49804,51662,1858,1355,1.0,413,-90
50217,51572,1355,0,GE-Phase,preparation,49804,50351,547,134,0.099,413,1221
50217,51572,1355,0,GE-Phase,stroke,50351,51136,785,785,0.579,-134,436
50217,51572,1355,0,GE-Phase,retraction,51136,51662,526,436,0.322,-919,-90
62628,63700,1072,0,GE-Phrase,224,62322,63789,1467,1072,1.0,306,-89
62628,63700,1072,0,GE-Phase,stroke,62322,63055,733,427,0.398,306,645
62628,63700,1072,0,GE-Phase,hold,63055,63789,734,645,0.602,-427,-89
63700,65033,1333,0,GE-Phrase,224,62322,63789,1467,89,0.067,1378,1244
63700,65033,1333,0,GE-Phrase,225,63789,64734,945,945,0.709,-89,299
63700,65033,1333,0,GE-Phrase,226,64734,66622,1888,299,0.224,-1034,-1589
63700,65033,1333,0,GE-Phase,hold,63055,63789,734,89,0.067,645,1244
63700,65033,1333,0,GE-Phase,stroke,63789,64277,488,488,0.366,-89,756
63700,65033,1333,0,GE-Phase,retraction,64277,64734,457,457,0.343,-577,299
63700,65033,1333,0,GE-Phase,preparation,64734,65047,313,299,0.224,-1034,-14
10765,11870,1105,0,GE-Phrase,204,10681,11709,1028,944,0.854,84,161
10765,11870,1105,0,GE-Phrase,205,11709,12745,1036,161,0.146,-944,-875
10765,11870,1105,0,GE-Phase,stroke,10681,11709,1028,944,0.854,84,161
10765,11870,1105,0,GE-Phase,stroke,11709,12745,1036,161,0.146,-944,-875
14560,15870,1310,0,GE-Phrase,206,12745,15828,3083,1268,0.968,1815,42
14560,15870,1310,0,GE-Phrase,207,15828,17061,1233,42,0.032,-1268,-1191
14560,15870,1310,0,GE-Phase,retraction,14308,15828,1520,1268,0.968,252,42
14560,15870,1310,0,GE-Phase,preparation,15828,16148,320,42,0.032,-1268,-278
22570,25660,3090,0,GE-Phrase,209,23133,25933,2800,2527,0.818,-563,-273
22570,25660,3090,0,GE-Phase,stroke,23133,23986,853,853,0.276,-563,1674
22570,25660,3090,0,GE-Phase,hold,23986,25933,1947,1674,0.542,-1416,-273
26022,27563,1541,0,GE-Phrase,210,25933,27493,1560,1471,0.955,89,70
26022,27563,1541,0,GE-Phrase,211,27493,29702,2209,70,0.045,-1471,-2139
26022,27563,1541,0,GE-Phase,preparation,25933,26485,552,463,0.3,89,1078
26022,27563,1541,0,GE-Phase,stroke,26485,27493,1008,1008,0.654,-463,70
26022,27563,1541,0,GE-Phase,stroke,27493,28197,704,70,0.045,-1471,-634
29529,31227,1698,0,GE-Phrase,211,27493,29702,2209,173,0.102,2036,1525
29529,31227,1698,0,GE-Phase,retraction,28197,29702,1505,173,0.102,1332,1525
33285,34491,1206,0,GE-Phrase,213,32366,34665,2299,1206,1.0,919,-174
33285,34491,1206,0,GE-Phase,stroke,32790,33932,1142,647,0.536,495,559
33285,34491,1206,0,GE-Phase,retraction,33932,34665,733,559,0.464,-647,-174
50217,51572,1355,0,GE-Phrase,221,49804,51662,1858,1355,1.0,413,-90
50217,51572,1355,0,GE-Phase,preparation,49804,50351,547,134,0.099,413,1221
50217,51572,1355,0,GE-Phase,stroke,50351,51136,785,785,0.579,-134,436
50217,51572,1355,0,GE-Phase,retraction,51136,51662,526,436,0.322,-919,-90
62628,63700,1072,0,GE-Phrase,224,62322,63789,1467,1072,1.0,306,-89
62628,63700,1072,0,GE-Phase,stroke,62322,63055,733,427,0.398,306,645
62628,63700,1072,0,GE-Phase,hold,63055,63789,734,645,0.602,-427,-89
63700,65033,1333,0,GE-Phrase,224,62322,63789,1467,89,0.067,1378,1244
63700,65033,1333,0,GE-Phrase,225,63789,64734,945,945,0.709,-89,299
63700,65033,1333,0,GE-Phrase,226,64734,66622,1888,299,0.224,-1034,-1589
63700,65033,1333,0,GE-Phase,hold,63055,63789,734,89,0.067,645,1244
63700,65033,1333,0,GE-Phase,stroke,63789,64277,488,488,0.366,-89,756
63700,65033,1333,0,GE-Phase,retraction,64277,64734,457,457,0.343,-577,299
63700,65033,1333,0,GE-Phase,preparation,64734,65047,313,299,0.224,-1034,-14
10765,11870,1105,0,GE-Phrase,204,10681,11709,1028,944,0.854,84,161
10765,11870,1105,0,GE-Phrase,205,11709,12745,1036,161,0.146,-944,-875
10765,11870,1105,0,GE-Phase,stroke,10681,11709,1028,944,0.854,84,161
10765,11870,1105,0,GE-Phase,stroke,11709,12745,1036,161,0.146,-944,-875
14560,15870,1310,0,GE-Phrase,206,12745,15828,3083,1268,0.968,1815,42
14560,15870,1310,0,GE-Phrase,207,15828,17061,1233,42,0.032,-1268,-1191
14560,15870,1310,0,GE-Phase,retraction,14308,15828,1520,1268,0.968,252,42
14560,15870,1310,0,GE-Phase,preparation,15828,16148,320,42,0.032,-1268,-278
22570,25660,3090,0,GE-Phrase,209,23133,25933,2800,2527,0.818,-563,-273
22570,25660,3090,0,GE-Phase,stroke,23133,23986,853,853,0.276,-563,1674
22570,25660,3090,0,GE-Phase,hold,23986,25933,1947,1674,0.542,-1416,-273
26022,27563,1541,0,GE-Phrase,210,25933,27493,1560,1471,0.955,89,70
26022,27563,1541,0,GE-Phrase,211,27493,29702,2209,70,0.045,-1471,-2139
26022,27563,1541,0,GE-Phase,preparation,25933,26485,552,463,0.3,89,1078
26022,27563,1541,0,GE-Phase,stroke,26485,27493,1008,1008,0.654,-463,70
26022,27563,1541,0,GE-Phase,stroke,27493,28197,704,70,0.045,-1471,-634
29529,31227,1698,0,GE-Phrase,211,27493,29702,2209,173,0.102,2036,1525
29529,31227,1698,0,GE-Phase,retraction,28197,29702,1505,173,0.102,1332,1525
33285,34491,1206,0,GE-Phrase,213,32366,34665,2299,1206,1.0,919,-174
33285,34491,1206,0,GE-Phase,stroke,32790,33932,1142,647,0.536,495,559
33285,34491,1206,0,GE-Phase,retraction,33932,34665,733,559,0.464,-647,-174
50217,51572,1355,0,GE-Phrase,221,49804,51662,1858,1355,1.0,413,-90
50217,51572,1355,0,GE-Phase,preparation,49804,50351,547,134,0.099,413,1221
50217,51572,1355,0,GE-Phase,stroke,50351,51136,785,785,0.579,-134,436
50217,51572,1355,0,GE-Phase,retraction,51136,51662,526,436,0.322,-919,-90
62628,63700,1072,0,GE-Phrase,224,62322,63789,1467,1072,1.0,306,-89
62628,63700,1072,0,GE-Phase,stroke,62322,63055,733,427,0.398,306,645
62628,63700,1072,0,GE-Phase,hold,63055,63789,734,645,0.602,-427,-89
63700,65033,1333,0,GE-Phrase,224,62322,63789,1467,89,0.067,1378,1244
63700,65033,1333,0,GE-Phrase,225,63789,64734,945,945,0.709,-89,299
63700,65033,1333,0,GE-Phrase,226,64734,66622,1888,299,0.224,-1034,-1589
63700,65033,1333,0,GE-Phase,hold,63055,63789,734,89,0.067,645,1244
63700,65033,1333,0,GE-Phase,stroke,63789,64277,488,488,0.366,-89,756
63700,65033,1333,0,GE-Phase,retraction,64277,64734,457,457,0.343,-577,299
63700,65033,1333,0,GE-Phase,preparation,64734,65047,313,299,0.224,-1034,-14
10765,11870,1105,0,GE-Phrase,204,10681,11709,1028,944,0.854,84,161
10765,11870,1105,0,GE-Phrase,205,11709,12745,1036,161,0.146,-944,-875
10765,11870,1105,0,GE-Phase,stroke,10681,11709,1028,944,0.854,84,161
10765,11870,1105,0,GE-Phase,stroke,11709,12745,1036,161,0.146,-944,-875
14560,15870,1310,0,GE-Phrase,206,12745,15828,3083,1268,0.968,1815,42
14560,15870,1310,0,GE-Phrase,207,15828,17061,1233,42,0.032,-1268,-1191
14560,15870,1310,0,GE-Phase,retraction,14308,15828,1520,1268,0.968,252,42
14560,15870,1310,0,GE-Phase,preparation,15828,16148,320,42,0.032,-1268,-278
22570,25660,3090,0,GE-Phrase,209,23133,25933,2800,2527,0.818,-563,-273
22570,25660,3090,0,GE-Phase,stroke,23133,23986,853,853,0.276,-563,1674
22570,25660,3090,0,GE-Phase,hold,23986,25933,1947,1674,0.542,-1416,-273
26022,27563,1541,0,GE-Phrase,210,25933,27493,1560,1471,0.955,89,70
26022,27563,1541,0,GE-Phrase,211,27493,29702,2209,70,0.045,-1471,-2139
26022,27563,1541,0,GE-Phase,preparation,25933,26485,552,463,0.3,89,1078
26022,27563,1541,0,GE-Phase,stroke,26485,27493,1008,1008,0.654,-463,70
26022,27563,1541,0,GE-Phase,stroke,27493,28197,704,70,0.045,-1471,-634
29529,31227,1698,0,GE-Phrase,211,27493,29702,2209,173,0.102,2036,1525
29529,31227,1698,0,GE-Phase,retraction,28197,29702,1505,173,0.102,1332,1525
33285,34491,1206,0,GE-Phrase,213,32366,34665,2299,1206,1.0,919,-174
33285,34491,1206,0,GE-Phase,stroke,32790,33932,1142,647,0.536,495,559
33285,34491,1206,0,GE-Phase,retraction,33932,34665,733,559,0.464,-647,-174
50217,51572,1355,0,GE-Phrase,221,49804,51662,1858,1355,1.0,413,-90
50217,51572,1355,0,GE-Phase,preparation,49804,50351,547,134,0.099,413,1221
50217,51572,1355,0,GE-Phase,stroke,50351,51136,785,785,0.579,-134,436
50217,51572,1355,0,GE-Phase,retraction,51136,51662,526,436,0.322,-919,-90
62628,63700,1072,0,GE-Phrase,224,62322,63789,1467,1072,1.0,306,-89
62628,63700,1072,0,GE-Phase,stroke,62322,63055,733,427,0.398,306,645
62628,63700,1072,0,GE-Phase,hold,63055,63789,734,645,0.602,-427,-89
63700,65033,1333,0,GE-Phrase,224,62322,63789,1467,89,0.067,1378,1244
63700,65033,1333,0,GE-Phrase,225,63789,64734,945,945,0.709,-89,299
63700,65033,1333,0,GE-Phrase,226,64734,66622,1888,299,0.224,-1034,-1589
63700,65033,1333,0,GE-Phase,hold,63055,63789,734,89,0.067,645,1244
63700,65033,1333,0,GE-Phase,stroke,63789,64277,488,488,0.366,-89,756
63700,65033,1333,0,GE-Phase,retraction,64277,64734,457,457,0.343,-577,299
63700,65033,1333,0,GE-Phase,preparation,64734,65047,313,299,0.224,-1034,-14
10765,11870,1105,0,GE-Phrase,204,10681,11709,1028,944,0.854,84,161
10765,11870,1105,0,GE-Phrase,205,11709,12745,1036,161,0.146,-944,-875
10765,11870,1105,0,GE-Phase,stroke,10681,11709,1028,944,0.854,84,161
10765,11870,1105,0,GE-Phase,stroke,11709,12745,1036,161,0.146,-944,-875
14560,15870,1310,0,GE-Phrase,206,12745,15828,3083,1268,0.968,1815,42
14560,15870,1310,0,GE-Phrase,207,15828,17061,1233,42,0.032,-1268,-1191
14560,15870,1310,0,GE-Phase,retraction,14308,15828,1520,1268,0.968,252,42
14560,15870,1310,0,GE-Phase,preparation,15828,16148,320,42,0.032,-1268,-278
22570,25660,3090,0,GE-Phrase,209,23133,25933,2800,2527,0.818,-563,-273
22570,25660,3090,0,GE-Phase,stroke,23133,23986,853,853,0.276,-563,1674
22570,25660,3090,0,GE-Phase,hold,23986,25933,1947,1674,0.542,-1416,-273
26022,27563,1541,0,GE-Phrase,210,25933,27493,1560,1471,0.955,89,70
26022,27563,1541,0,GE-Phrase,211,27493,29702,2209,70,0.045,-1471,-2139
26022,27563,1541,0,GE-Phase,preparation,25933,26485,552,463,0.3,89,1078
26022,27563,1541,0,GE-Phase,stroke,26485,27493,1008,1008,0.654,-463,70
26022,27563,1541,0,GE-Phase,stroke,27493,28197,704,70,0.045,-1471,-634
29529,31227,1698,0,GE-Phrase,211,27493,29702,2209,173,0.102,2036,1525
29529,31227,1698,0,GE-Phase,retraction,28197,29702,1505,173,0.102,1332,1525
33285,34491,1206,0,GE-Phrase,213,32366,34665,2299,1206,1.0,919,-174
33285,34491,1206,0,GE-Phase,stroke,32790,33932,1142,647,0.536,495,559
33285,34491,1206,0,GE-Phase,retraction,33932,34665,733,559,0.464,-647,-174
50217,51572,1355,0,GE-Phrase,221,49804,51662,1858,1355,1.0,413,-90
50217,51572,1355,0,GE-Phase,preparation,49804,50351,547,134,0.099,413,1221
50217,51572,1355,0,GE-Phase,stroke,50351,51136,785,785,0.579,-134,436
50217,51572,1355,0,GE-Phase,retraction,51136,51662,526,436,0.322,-919,-90
62628,63700,1072,0,GE-Phrase,224,62322,63789,1467,1072,1.0,306,-89
62628,63700,1072,0,GE-Phase,stroke,62322,63055,733,427,0.398,306,645
62628,63700,1072,0,GE-Phase,hold,63055,63789,734,645,0.602,-427,-89
63700,65033,1333,0,GE-Phrase,224,62322,63789,1467,89,0.067,1378,1244
63700,65033,1333,0,GE-Phrase,225,63789,64734,945,945,0.709,-89,299
63700,65033,1333,0,GE-Phrase,226,64734,66622,1888,299,0.224,-1034,-1589
63700,65033,1333,0,GE-Phase,hold,63055,63789,734,89,0.067,645,1244
63700,65033,1333,0,GE-Phase,stroke,63789,64277,488,488,0.366,-89,756
63700,65033,1333,0,GE-Phase,retraction,64277,64734,457,457,0.343,-577,299
63700,65033,1333,0,GE-Phase,preparation,64734,65047,313,299,0.224,-1034,-14
10765,11870,1105,0,GE-Phrase,204,10681,11709,1028,944,0.854,84,161
10765,11870,1105,0,GE-Phrase,205,11709,12745,1036,161,0.146,-944,-875
10765,11870,1105,0,GE-Phase,stroke,10681,11709,1028,944,0.854,84,161
10765,11870,1105,0,GE-Phase,stroke,11709,12745,1036,161,0.146,-944,-875
14560,15870,1310,0,GE-Phrase,206,12745,15828,3083,1268,0.968,1815,42
14560,15870,1310,0,GE-Phrase,207,15828,17061,1233,42,0.032,-1268,-1191
14560,15870,1310,0,GE-Phase,retraction,14308,15828,1520,1268,0.968,252,42
14560,15870,1310,0,GE-Phase,preparation,15828,16148,320,42,0.032,-1268,-278
22570,25660,3090,0,GE-Phrase,209,23133,25933,2800,2527,0.818,-563,-273
22570,25660,3090,0,GE-Phase,stroke,23133,23986,853,853,0.276,-563,1674
22570,25660,3090,0,GE-Phase,hold,23986,25933,1947,1674,0.542,-1416,-273
26022,27563,1541,0,GE-Phrase,210,25933,27493,1560,1471,0.955,89,70
26022,27563,1541,0,GE-Phrase,211,27493,29702,2209,70,0.045,-1471,-2139
26022,27563,1541,0,GE-Phase,preparation,25933,26485,552,463,0.3,89,1078
26022,27563,1541,0,GE-Phase,stroke,26485,27493,1008,1008,0.654,-463,70
26022,27563,1541,0,GE-Phase,stroke,27493,28197,704,70,0.045,-1471,-634
29529,31227,1698,0,GE-Phrase,211,27493,29702,2209,173,0.102,2036,1525
29529,31227,1698,0,GE-Phase,retraction,28197,29702,1505,173,0.102,1332,1525
33285,34491,1206,0,GE-Phrase,213,32366,34665,2299,1206,1.0,919,-174
33285,34491,1206,0,GE-Phase,stroke,32790,33932,1142,647,0.536,495,559
33285,34491,1206,0,GE-Phase,retraction,33932,34665,733,559,0.464,-647,-174
50217,51572,1355,0,GE-Phrase,221,49804,51662,1858,1355,1.0,413,-90
50217,51572,1355,0,GE-Phase,preparation,49804,50351,547,134,0.099,413,1221
50217,51572,1355,0,GE-Phase,stroke,50351,51136,785,785,0.579,-134,436
50217,51572,1355,0,GE-Phase,retraction,51136,51662,526,436,0.322,-919,-90
62628,63700,1072,0,GE-Phrase,224,62322,63789,1467,1072,1.0,306,-89
62628,63700,1072,0,GE-Phase,stroke,62322,63055,733,427,0.398,306,645
62628,63700,1072,0,GE-Phase,hold,63055,63789,734,645,0.602,-427,-89
63700,65033,1333,0,GE-Phrase,224,62322,63789,1467,89,0.067,1378,1244
63700,65033,1333,0,GE-Phrase,225,63789,64734,945,945,0.709,-89,299
63700,65033,1333,0,GE-Phrase,226,64734,66622,1888,299,0.224,-1034,-1589
63700,65033,1333,0,GE-Phase,hold,63055,63789,734,89,0.067,645,1244
63700,65033,1333,0,GE-Phase,stroke,63789,64277,488,488,0.366,-89,756
63700,65033,1333,0,GE-Phase,retraction,64277,64734,457,457,0.343,-577,299
63700,65033,1333,0,GE-Phase,preparation,64734,65047,313,299,0.224,-1034,-14
10765,11870,1105,0,GE-Phrase,204,10681,11709,1028,944,0.854,84,161
10765,11870,1105,0,GE-Phrase,205,11709,12745,1036,161,0.146,-944,-875
10765,11870,1105,0,GE-Phase,stroke,10681,11709,1028,944,0.854,84,161
10765,11870,1105,0,GE-Phase,stroke,11709,12745,1036,161,0.146,-944,-875
14560,15870,1310,0,GE-Phrase,206,12745,15828,3083,1268,0.968,1815,42
14560,15870,1310,0,GE-Phrase,207,15828,17061,1233,42,0.032,-1268,-1191
14560,15870,1310,0,GE-Phase,retraction,14308,15828,1520,1268,0.968,252,42
14560,15870,1310,0,GE-Phase,preparation,15828,16148,320,42,0.032,-1268,-278
22570,25660,3090,0,GE-Phrase,209,23133,25933,2800,2527,0.818,-563,-273
22570,25660,3090,0,GE-Phase,stroke,23133,23986,853,853,0.276,-563,1674
22570,25660,3090,0,GE-Phase,hold,23986,25933,1947,1674,0.542,-1416,-273
26022,27563,1541,0,GE-Phrase,210,25933,27493,1560,1471,0.955,89,70
26022,27563,1541,0,GE-Phrase,211,27493,29702,2209,70,0.045,-1471,-2139
26022,27563,1541,0,GE-Phase,preparation,25933,26485,552,463,0.3,89,1078
26022,27563,1541,0,GE-Phase,stroke,26485,27493,1008,1008,0.654,-463,70
26022,27563,1541,0,GE-Phase,stroke,27493,28197,704,70,0.045,-1471,-634
29529,31227,1698,0,GE-Phrase,211,27493,29702,2209,173,0.102,2036,1525
29529,31227,1698,0,GE-Phase,retraction,28197,29702,1505,173,0.102,1332,1525
33285,34491,1206,0,GE-Phrase,213,32366,34665,2299,1206,1.0,919,-174
33285,34491,1206,0,GE-Phase,stroke,32790,33932,1142,647,0.536,495,559
33285,34491,1206,0,GE-Phase,retraction,33932,34665,733,559,0.464,-647,-174
50217,51572,1355,0,GE-Phrase,221,49804,51662,1858,1355,1.0,413,-90
50217,51572,1355,0,GE-Phase,preparation,49804,50351,547,134,0.099,413,1221
50217,51572,1355,0,GE-Phase,stroke,50351,51136,785,785,0.579,-134,436
50217,51572,1355,0,GE-Phase,retraction,51136,51662,526,436,0.322,-919,-90
62628,63700,1072,0,GE-Phrase,224,62322,63789,1467,1072,1.0,306,-89
62628,63700,1072,0,GE-Phase,stroke,62322,63055,733,427,0.398,306,645
62628,63700,1072,0,GE-Phase,hold,63055,63789,734,645,0.602,-427,-89
63700,65033,1333,0,GE-Phrase,224,62322,63789,1467,89,0.067,1378,1244
63700,65033,1333,0,GE-Phrase,225,63789,64734,945,945,0.709,-89,299
63700,65033,1333,0,GE-Phrase,226,64734,66622,1888,299,0.224,-1034,-1589
63700,65033,1333,0,GE-Phase,hold,63055,63789,734,89,0.067,645,1244
63700,65033,1333,0,GE-Phase,stroke,63789,64277,488,488,0.366,-89,756
63700,65033,1333,0,GE-Phase,retraction,64277,64734,457,457,0.343,-577,299
63700,65033,1333,0,GE-Phase,preparation,64734,65047,313,299,0.224,-1034,-14
10765,11870,1105,0,GE-Phrase,204,10681,11709,1028,944,0.854,84,161
10765,11870,1105,0,GE-Phrase,205,11709,12745,1036,161,0.146,-944,-875
10765,11870,1105,0,GE-Phase,stroke,10681,11709,1028,944,0.854,84,161
10765,11870,1105,0,GE-Phase,stroke,11709,12745,1036,161,0.146,-944,-875
14560,15870,1310,0,GE-Phrase,206,12745,15828,3083,1268,0.968,1815,42
14560,15870,1310,0,GE-Phrase,207,15828,17061,1233,42,0.032,-1268,-1191
14560,15870,1310,0,GE-Phase,retraction,14308,15828,1520,1268,0.968,252,42
14560,15870,1310,0,GE-Phase,preparation,15828,16148,320,42,0.032,-1268,-278
22570,25660,3090,0,GE-Phrase,209,23133,25933,2800,2527,0.818,-563,-273
22570,25660,3090,0,GE-Phase,stroke,23133,23986,853,853,0.276,-563,1674
22570,25660,3090,0,GE-Phase,hold,23986,25933,1947,1674,0.542,-1416,-273
26022,27563,1541,0,GE-Phrase,210,25933,27493,1560,1471,0.955,89,70
26022,27563,1541,0,GE-Phrase,211,27493,29702,2209,70,0.045,-1471,-2139
26022,27563,1541,0,GE-Phase,preparation,25933,26485,552,463,0.3,89,1078
26022,27563,1541,0,GE-Phase,stroke,26485,27493,1008,1008,0.654,-463,70
26022,27563,1541,0,GE-Phase,stroke,27493,28197,704,70,0.045,-1471,-634
29529,31227,1698,0,GE-Phrase,211,27493,29702,2209,173,0.102,2036,1525
29529,31227,1698,0,GE-Phase,retraction,28197,29702,1505,173,0.102,1332,1525
33285,34491,1206,0,GE-Phrase,213,32366,34665,2299,1206,1.0,919,-174
33285,34491,1206,0,GE-Phase,stroke,32790,33932,1142,647,0.536,495,559
33285,34491,1206,0,GE-Phase,retraction,33932,34665,733,559,0.464,-647,-174
50217,51572,1355,0,GE-Phrase,221,49804,51662,1858,1355,1.0,413,-90
50217,51572,1355,0,GE-Phase,preparation,49804,50351,547,134,0.099,413,1221
50217,51572,1355,0,GE-Phase,stroke,50351,51136,785,785,0.579,-134,436
50217,51572,1355,0,GE-Phase,retraction,51136,51662,526,436,0.322,-919,-90
62628,63700,1072,0,GE-Phrase,224,62322,63789,1467,1072,1.0,306,-89
62628,63700,1072,0,GE-Phase,stroke,62322,63055,733,427,0.398,306,645
62628,63700,1072,0,GE-Phase,hold,63055,63789,734,645,0.602,-427,-89
63700,65033,1333,0,GE-Phrase,224,62322,63789,1467,89,0.067,1378,1244
63700,65033,1333,0,GE-Phrase,225,63789,64734,945,945,0.709,-89,299
63700,65033,1333,0,GE-Phrase,226,64734,66622,1888,299,0.224,-1034,-1589
63700,65033,1333,0,GE-Phase,hold,63055,63789,734,89,0.067,645,1244
63700,65033,1333,0,GE-Phase,stroke,63789,64277,488,488,0.366,-89,756
63700,65033,1333,0,GE-Phase,retraction,64277,64734,457,457,0.343,-577,299
63700,65033,1333,0,GE-Phase,preparation,64734,65047,313,299,0.224,-1034,-14
10765,11870,1105,0,GE-Phrase,204,10681,11709,1028,944,0.854,84,161
10765,11870,1105,0,GE-Phrase,205,11709,12745,1036,161,0.146,-944,-875
10765,11870,1105,0,GE-Phase,stroke,10681,11709,1028,944,0.854,84,161
10765,11870,1105,0,GE-Phase,stroke,11709,12745,1036,161,0.146,-944,-875
14560,15870,1310,0,GE-Phrase,206,12745,15828,3083,1268,0.968,1815,42
14560,15870,1310,0,GE-Phrase,207,15828,17061,1233,42,0.032,-1268,-1191
14560,15870,1310,0,GE-Phase,retraction,14308,15828,1520,1268,0.968,252,42
14560,15870,1310,0,GE-Phase,preparation,15828,16148,320,42,0.032,-1268,-278
22570,25660,3090,0,GE-Phrase,209,23133,25933,2800,2527,0.818,-563,-273
22570,25660,3090,0,GE-Phase,stroke,23133,23986,853,853,0.276,-563,1674
22570,25660,3090,0,GE-Phase,hold,23986,25933,1947,1674,0.542,-1416,-273
26022,27563,1541,0,GE-Phrase,210,25933,27493,1560,1471,0.955,89,70
26022,27563,1541,0,GE-Phrase,211,27493,29702,2209,70,0.045,-1471,-2139
26022,27563,1541,0,GE-Phase,preparation,25933,26485,552,463,0.3,89,1078
26022,27563,1541,0,GE-Phase,stroke,26485,27493,1008,1008,0.654,-463,70
26022,27563,1541,0,GE-Phase,stroke,27493,28197,704,70,0.045,-1471,-634
29529,31227,1698,0,GE-Phrase,211,27493,29702,2209,173,0.102,2036,1525
29529,31227,1698,0,GE-Phase,retraction,28197,29702,1505,173,0.102,1332,1525
33285,34491,1206,0,GE-Phrase,213,32366,34665,2299,1206,1.0,919,-174
33285,34491,1206,0,GE-Phase,stroke,32790,33932,1142,647,0.536,495,559
33285,34491,1206,0,GE-Phase,retraction,33932,34665,733,559,0.464,-647,-174
50217,51572,1355,0,GE-Phrase,221,49804,51662,1858,1355,1.0,413,-90
50217,51572,1355,0,GE-Phase,preparation,49804,50351,547,134,0.099,413,1221
50217,51572,1355,0,GE-Phase,stroke,50351,51136,785,785,0.579,-134,436
50217,51572,1355,0,GE-Phase,retraction,51136,51662,526,436,0.322,-919,-90
62628,63700,1072,0,GE-Phrase,224,62322,63789,1467,1072,1.0,306,-89
62628,63700,1072,0,GE-Phase,stroke,62322,63055,733,427,0.398,306,645
62628,63700,1072,0,GE-Phase,hold,63055,63789,734,645,0.602,-427,-89
63700,65033,1333,0,GE-Phrase,224,62322,63789,1467,89,0.067,1378,1244
63700,65033,1333,0,GE-Phrase,225,63789,64734,945,945,0.709,-89,299
63700,65033,1333,0,GE-Phrase,226,64734,66622,1888,299,0.224,-1034,-1589
63700,65033,1333,0,GE-Phase,hold,63055,63789,734,89,0.067,645,1244
63700,65033,1333,0,GE-Phase,stroke,63789,64277,488,488,0.366,-89,756
63700,65033,1333,0,GE-Phase,retraction,64277,64734,457,457,0.343,-577,299
63700,65033,1333,0,GE-Phase,preparation,64734,65047,313,299,0.224,-1034,-14
10765,11870,1105,0,GE-Phrase,204,10681,11709,1028,944,0.854,84,161
10765,11870,1105,0,GE-Phrase,205,11709,12745,1036,161,0.146,-944,-875
10765,11870,1105,0,GE-Phase,stroke,10681,11709,1028,944,0.854,84,161
10765,11870,1105,0,GE-Phase,stroke,11709,12745,1036,161,0.146,-944,-875
14560,15870,1310,0,GE-Phrase,206,12745,15828,3083,1268,0.968,1815,42
14560,15870,1310,0,GE-Phrase,207,15828,17061,1233,42,0.032,-1268,-1191
14560,15870,1310,0,GE-Phase,retraction,14308,15828,1520,1268,0.968,252,42
14560,15870,1310,0,GE-Phase,preparation,15828,16148,320,42,0.032,-1268,-278
22570,25660,3090,0,GE-Phrase,209,23133,25933,2800,2527,0.818,-563,-273
22570,25660,3090,0,GE-Phase,stroke,23133,23986,853,853,0.276,-563,1674
22570,25660,3090,0,GE-Phase,hold,23986,25933,1947,1674,0.542,-1416,-273
26022,27563,1541,0,GE-Phrase,210,25933,27493,1560,1471,0.955,89,70
26022,27563,1541,0,GE-Phrase,211,27493,29702,2209,70,0.045,-1471,-2139
26022,27563,1541,0,GE-Phase,preparation,25933,26485,552,463,0.3,89,1078
26022,27563,1541,0,GE-Phase,stroke,26485,27493,1008,1008,0.654,-463,70
26022,27563,1541,0,GE-Phase,stroke,27493,28197,704,70,0.045,-1471,-634
29529,31227,1698,0,GE-Phrase,211,27493,29702,2209,173,0.102,2036,1525
29529,31227,1698,0,GE-Phase,retraction,28197,29702,1505,173,0.102,1332,1525
33285,34491,1206,0,GE-Phrase,213,32366,34665,2299,1206,1.0,919,-174
33285,34491,1206,0,GE-Phase,stroke,32790,33932,1142,647,0.536,495,559
33285,34491,1206,0,GE-Phase,retraction,33932,34665,733,559,0.464,-647,-174
50217,51572,1355,0,GE-Phrase,221,49804,51662,1858,1355,1.0,413,-90
50217,51572,1355,0,GE-Phase,preparation,49804,50351,547,134,0.099,413,1221
50217,51572,1355,0,GE-Phase,stroke,50351,51136,785,785,0.579,-134,436
50217,51572,1355,0,GE-Phase,retraction,51136,51662,526,436,0.322,-919,-90
62628,63700,1072,0,GE-Phrase,224,62322,63789,1467,1072,1.0,306,-89
62628,63700,1072,0,GE-Phase,stroke,62322,63055,733,427,0.398,306,645
62628,63700,1072,0,GE-Phase,hold,63055,63789,734,645,0.602,-427,-89
63700,65033,1333,0,GE-Phrase,224,62322,63789,1467,89,0.067,1378,1244
63700,65033,1333,0,GE-Phrase,225,63789,64734,945,945,0.709,-89,299
63700,65033,1333,0,GE-Phrase,226,64734,66622,1888,299,0.224,-1034,-1589
63700,65033,1333,0,GE-Phase,hold,63055,63789,734,89,0.067,645,1244
63700,65033,1333,0,GE-Phase,stroke,63789,64277,488,488,0.366,-89,756
63700,65033,1333,0,GE-Phase,retraction,64277,64734,457,457,0.343,-577,299
63700,65033,1333,0,GE-Phase,preparation,64734,65047,313,299,0.224,-1034,-14
10765,11870,1105,0,GE-Phrase,204,10681,11709,1028,944,0.854,84,161
10765,11870,1105,0,GE-Phrase,205,11709,12745,1036,161,0.146,-944,-875
10765,11870,1105,0,GE-Phase,stroke,10681,11709,1028,944,0.854,84,161
10765,11870,1105,0,GE-Phase,stroke,11709,12745,1036,161,0.146,-944,-875
14560,15870,1310,0,GE-Phrase,206,12745,15828,3083,1268,0.968,1815,42
14560,15870,1310,0,GE-Phrase,207,15828,17061,1233,42,0.032,-1268,-1191
14560,15870,1310,0,GE-Phase,retraction,14308,15828,1520,1268,0.968,252,42
14560,15870,1310,0,GE-Phase,preparation,15828,16148,320,42,0.032,-1268,-278
22570,25660,3090,0,GE-Phrase,209,23133,25933,2800,2527,0.818,-563,-273
22570,25660,3090,0,GE-Phase,stroke,23133,23986,853,853,0.276,-563,1674
22570,25660,3090,0,GE-Phase,hold,23986,25933,1947,1674,0.542,-1416,-273
26022,27563,1541,0,GE-Phrase,210,25933,27493,1560,1471,0.955,89,70
26022,27563,1541,0,GE-Phrase,211,27493,29702,2209,70,0.045,-1471,-2139
26022,27563,1541,0,GE-Phase,preparation,25933,26485,552,463,0.3,89,1078
26022,27563,1541,0,GE-Phase,stroke,26485,27493,1008,1008,0.654,-463,70
26022,27563,1541,0,GE-Phase,stroke,27493,28197,704,70,0.045,-1471,-634
29529,31227,1698,0,GE-Phrase,211,27493,29702,2209,173,0.102,2036,1525
29529,31227,1698,0,GE-Phase,retraction,28197,29702,1505,173,0.102,1332,1525
33285,34491,1206,0,GE-Phrase,213,32366,34665,2299,1206,1.0,919,-174
33285,34491,1206,0,GE-Phase,stroke,32790,33932,1142,647,0.536,495,559
33285,34491,1206,0,GE-Phase,retraction,33932,34665,733,559,0.464,-647,-174
50217,51572,1355,0,GE-Phrase,221,49804,51662,1858,1355,1.0,413,-90
50217,51572,1355,0,GE-Phase,preparation,49804,50351,547,134,0.099,413,1221
50217,51572,1355,0,GE-Phase,stroke,50351,51136,785,785,0.579,-134,436
50217,51572,1355,0,GE-Phase,retraction,51136,51662,526,436,0.322,-919,-90
62628,63700,1072,0,GE-Phrase,224,62322,63789,1467,1072,1.0,306,-89
62628,63700,1072,0,GE-Phase,stroke,62322,63055,733,427,0.398,306,645
62628,63700,1072,0,GE-Phase,hold,63055,63789,734,645,0.602,-427,-89
63700,65033,1333,0,GE-Phrase,224,62322,63789,1467,89,0.067,1378,1244
63700,65033,1333,0,GE-Phrase,225,63789,64734,945,945,0.709,-89,299
63700,65033,1333,0,GE-Phrase,226,64734,66622,1888,299,0.224,-1034,-1589
63700,65033,1333,0,GE-Phase,hold,63055,63789,734,89,0.067,645,1244
63700,65033,1333,0,GE-Phase,stroke,63789,64277,488,488,0.366,-89,756
63700,65033,1333,0,GE-Phase,retraction,64277,64734,457,457,0.343,-577,299
63700,65033,1333,0,GE-Phase,preparation,64734,65047,313,299,0.224,-1034,-14
10765,11870,1105,0,GE-Phrase,204,10681,11709,1028,944,0.854,84,161
10765,11870,1105,0,GE-Phrase,205,11709,12745,1036,161,0.146,-944,-875
10765,11870,1105,0,GE-Phase,stroke,10681,11709,1028,944,0.854,84,161
10765,11870,1105,0,GE-Phase,stroke,11709,12745,1036,161,0.146,-944,-875
14560,15870,1310,0,GE-Phrase,206,12745,15828,3083,1268,0.968,1815,42
14560,15870,1310,0,GE-Phrase,207,15828,17061,1233,42,0.032,-1268,-1191
14560,15870,1310,0,GE-Phase,retraction,14308,15828,1520,1268,0.968,252,42
14560,15870,1310,0,GE-Phase,preparation,15828,16148,320,42,0.032,-1268,-278
22570,25660,3090,0,GE-Phrase,209,23133,25933,2800,2527,0.818,-563,-273
22570,25660,3090,0,GE-Phase,stroke,23133,23986,853,853,0.276,-563,1674
22570,25660,3090,0,GE-Phase,hold,23986,25933,1947,1674,0.542,-1416,-273
26022,27563,1541,0,GE-Phrase,210,25933,27493,1560,1471,0.955,89,70
26022,27563,1541,0,GE-Phrase,211,27493,29702,2209,70,0.045,-1471,-2139
26022,27563,1541,0,GE-Phase,preparation,25933,26485,552,463,0.3,89,1078
26022,27563,1541,0,GE-Phase,stroke,26485,27493,1008,1008,0.654,-463,70
26022,27563,1541,0,GE-Phase,stroke,27493,28197,704,70,0.045,-1471,-634
29529,31227,1698,0,GE-Phrase,211,27493,29702,2209,173,0.102,2036,1525
29529,31227,1698,0,GE-Phase,retraction,28197,29702,1505,173,0.102,1332,1525
33285,34491,1206,0,GE-Phrase,213,32366,34665,2299,1206,1.0,919,-174
33285,34491,1206,0,GE-Phase,stroke,32790,33932,1142,647,0.536,495,559
33285,34491,1206,0,GE-Phase,retraction,33932,34665,733,559,0.464,-647,-174
50217,51572,1355,0,GE-Phrase,221,49804,51662,1858,1355,1.0,413,-90
50217,51572,1355,0,GE-Phase,preparation,49804,50351,547,134,0.099,413,1221
50217,51572,1355,0,GE-Phase,stroke,50351,51136,785,785,0.579,-134,436
50217,51572,1355,0,GE-Phase,retraction,51136,51662,526,436,0.322,-919,-90
62628,63700,1072,0,GE-Phrase,224,62322,63789,1467,1072,1.0,306,-89
62628,63700,1072,0,GE-Phase,stroke,62322,63055,733,427,0.398,306,645
62628,63700,1072,0,GE-Phase,hold,63055,63789,734,645,0.602,-427,-89
63700,65033,1333,0,GE-Phrase,224,62322,63789,1467,89,0.067,1378,1244
63700,65033,1333,0,GE-Phrase,225,63789,64734,945,945,0.709,-89,299
63700,65033,1333,0,GE-Phrase,226,64734,66622,1888,299,0.224,-1034,-1589
63700,65033,1333,0,GE-Phase,hold,63055,63789,734,89,0.067,645,1244
63700,65033,1333,0,GE-Phase,stroke,63789,64277,488,488,0.366,-89,756
63700,65033,1333,0,GE-Phase,retraction,64277,64734,457,457,0.343,-577,299
63700,65033,1333,0,GE-Phase,preparation,64734,65047,313,299,0.224,-1034,-14
10765,11870,1105,0,GE-Phrase,204,10681,11709,1028,944,0.854,84,161
10765,11870,1105,0,GE-Phrase,205,11709,12745,1036,161,0.146,-944,-875
10765,11870,1105,0,GE-Phase,stroke,10681,11709,1028,944,0.854,84,161
10765,11870,1105,0,GE-Phase,stroke,11709,12745,1036,161,0.146,-944,-875
14560,15870,1310,0,GE-Phrase,206,12745,15828,3083,1268,0.968,1815,42
14560,15870,1310,0,GE-Phrase,207,15828,17061,1233,42,0.032,-1268,-1191
14560,15870,1310,0,GE-Phase,retraction,14308,15828,1520,1268,0.968,252,42
14560,15870,1310,0,GE-Phase,preparation,15828,16148,320,42,0.032,-1268,-278
22570,25660,3090,0,GE-Phrase,209,23133,25933,2800,2527,0.818,-563,-273
22570,25660,3090,0,GE-Phase,stroke,23133,23986,853,853,0.276,-563,1674
22570,25660,3090,0,GE-Phase,hold,23986,25933,1947,1674,0.542,-1416,-273
26022,27563,1541,0,GE-Phrase,210,25933,27493,1560,1471,0.955,89,70
26022,27563,1541,0,GE-Phrase,211,27493,29702,2209,70,0.045,-1471,-2139
26022,27563,1541,0,GE-Phase,preparation,25933,26485,552,463,0.3,89,1078
26022,27563,1541,0,GE-Phase,stroke,26485,27493,1008,1008,0.654,-463,70
26022,27563,1541,0,GE-Phase,stroke,27493,28197,704,70,0.045,-1471,-634
29529,31227,1698,0,GE-Phrase,211,27493,29702,2209,173,0.102,2036,1525
29529,31227,1698,0,GE-Phase,retraction,28197,29702,1505,173,0.102,1332,1525
33285,34491,1206,0,GE-Phrase,213,32366,34665,2299,1206,1.0,919,-174
33285,34491,1206,0,GE-Phase,stroke,32790,33932,1142,647,0.536,495,559
33285,34491,1206,0,GE-Phase,retraction,33932,34665,733,559,0.464,-647,-174
50217,51572,1355,0,GE-Phrase,221,49804,51662,1858,1355,1.0,413,-90
50217,51572,1355,0,GE-Phase,preparation,49804,50351,547,134,0.099,413,1221
50217,51572,1355,0,GE-Phase,stroke,50351,51136,785,785,0.579,-134,436
50217,51572,1355,0,GE-Phase,retraction,51136,51662,526,436,0.322,-919,-90
62628,63700,1072,0,GE-Phrase,224,62322,63789,1467,1072,1.0,306,-89
62628,63700,1072,0,GE-Phase,stroke,62322,63055,733,427,0.398,306,645
62628,63700,1072,0,GE-Phase,hold,63055,63789,734,645,0.602,-427,-89
63700,65033,1333,0,GE-Phrase,224,62322,63789,1467,89,0.067,1378,1244
63700,65033,1333,0,GE-Phrase,225,63789,64734,945,945,0.709,-89,299
63700,65033,1333,0,GE-Phrase,226,64734,66622,1888,299,0.224,-1034,-1589
63700,65033,1333,0,GE-Phase,hold,63055,63789,734,89,0.067,645,1244
63700,65033,1333,0,GE-Phase,stroke,63789,64277,488,488,0.366,-89,756
63700,65033,1333,0,GE-Phase,retraction,64277,64734,457,457,0.343,-577,299
63700,65033,1333,0,GE-Phase,preparation,64734,65047,313,299,0.224,-1034,-14
10765,11870,1105,0,GE-Phrase,204,10681,11709,1028,944,0.854,84,161
10765,11870,1105,0,GE-Phrase,205,11709,12745,1036,161,0.146,-944,-875
10765,11870,1105,0,GE-Phase,stroke,10681,11709,1028,944,0.854,84,161
10765,11870,1105,0,GE-Phase,stroke,11709,12745,1036,161,0.146,-944,-875
14560,15870,1310,0,GE-Phrase,206,12745,15828,3083,1268,0.968,1815,42
14560,15870,1310,0,GE-Phrase,207,15828,17061,1233,42,0.032,-1268,-1191
14560,15870,1310,0,GE-Phase,retraction,14308,15828,1520,1268,0.968,252,42
14560,15870,1310,0,GE-Phase,preparation,15828,16148,320,42,0.032,-1268,-278
22570,25660,3090,0,GE-Phrase,209,23133,25933,2800,2527,0.818,-563,-273
22570,25660,3090,0,GE-Phase,stroke,23133,23986,853,853,0.276,-563,1674
22570,25660,3090,0,GE-Phase,hold,23986,25933,1947,1674,0.542,-1416,-273
26022,27563,1541,0,GE-Phrase,210,25933,27493,1560,1471,0.955,89,70
26022,27563,1541,0,GE-Phrase,211,27493,29702,2209,70,0.045,-1471,-2139
26022,27563,1541,0,GE-Phase,preparation,25933,26485,552,463,0.3,89,1078
26022,27563,1541,0,GE-Phase,stroke,26485,27493,1008,1008,0.654,-463,70
26022,27563,1541,0,GE-Phase,stroke,27493,28197,704,70,0.045,-1471,-634
29529,31227,1698,0,GE-Phrase,211,27493,29702,2209,173,0.102,2036,1525
29529,31227,1698,0,GE-Phase,retraction,28197,29702,1505,173,0.102,1332,1525
33285,34491,1206,0,GE-Phrase,213,32366,34665,2299,1206,1.0,919,-174
33285,34491,1206,0,GE-Phase,stroke,32790,33932,1142,647,0.536,495,559
33285,34491,1206,0,GE-Phase,retraction,33932,34665,733,559,0.464,-647,-174
50217,51572,1355,0,GE-Phrase,221,49804,51662,1858,1355,1.0,413,-90
50217,51572,1355,0,GE-Phase,preparation,49804,50351,547,134,0.099,413,1221
50217,51572,1355,0,GE-Phase,stroke,50351,51136,785,785,0.579,-134,436
50217,51572,1355,0,GE-Phase,retraction,51136,51662,526,436,0.322,-919,-90
62628,63700,1072,0,GE-Phrase,224,62322,63789,1467,1072,1.0,306,-89
62628,63700,1072,0,GE-Phase,stroke,62322,63055,733,427,0.398,306,645
62628,63700,1072,0,GE-Phase,hold,63055,63789,734,645,0.602,-427,-89
63700,65033,1333,0,GE-Phrase,224,62322,63789,1467,89,0.067,1378,1244
63700,65033,1333,0,GE-Phrase,225,63789,64734,945,945,0.709,-89,299
63700,65033,1333,0,GE-Phrase,226,64734,66622,1888,299,0.224,-1034,-1589
63700,65033,1333,0,GE-Phase,hold,63055,63789,734,89,0.067,645,1244
63700,65033,1333,0,GE-Phase,stroke,63789,64277,488,488,0.366,-89,756
63700,65033,1333,0,GE-Phase,retraction,64277,64734,457,457,0.343,-577,299
63700,65033,1333,0,GE-Phase,preparation,64734,65047,313,299,0.224,-1034,-14
10765,11870,1105,0,GE-Phrase,204,10681,11709,1028,944,0.854,84,161
10765,11870,1105,0,GE-Phrase,205,11709,12745,1036,161,0.146,-944,-875
10765,11870,1105,0,GE-Phase,stroke,10681,11709,1028,944,0.854,84,161
10765,11870,1105,0,GE-Phase,stroke,11709,12745,1036,161,0.146,-944,-875
14560,15870,1310,0,GE-Phrase,206,12745,15828,3083,1268,0.968,1815,42
14560,15870,1310,0,GE-Phrase,207,15828,17061,1233,42,0.032,-1268,-1191
14560,15870,1310,0,GE-Phase,retraction,14308,15828,1520,1268,0.968,252,42
14560,15870,1310,0,GE-Phase,preparation,15828,16148,320,42,0.032,-1268,-278
22570,25660,3090,0,GE-Phrase,209,23133,25933,2800,2527,0.818,-563,-273
22570,25660,3090,0,GE-Phase,stroke,23133,23986,853,853,0.276,-563,1674
22570,25660,3090,0,GE-Phase,hold,23986,25933,1947,1674,0.542,-1416,-273
26022,27563,1541,0,GE-Phrase,210,25933,27493,1560,1471,0.955,89,70
26022,27563,1541,0,GE-Phrase,211,27493,29702,2209,70,0.045,-1471,-2139
26022,27563,1541,0,GE-Phase,preparation,25933,26485,552,463,0.3,89,1078
26022,27563,1541,0,GE-Phase,stroke,26485,27493,1008,1008,0.654,-463,70
26022,27563,1541,0,GE-Phase,stroke,27493,28197,704,70,0.045,-1471,-634
29529,31227,1698,0,GE-Phrase,211,27493,29702,2209,173,0.102,2036,1525
29529,31227,1698,0,GE-Phase,retraction,28197,29702,1505,173,0.102,1332,1525
33285,34491,1206,0,GE-Phrase,213,32366,34665,2299,1206,1.0,919,-174
33285,34491,1206,0,GE-Phase,stroke,32790,33932,1142,647,0.536,495,559
33285,34491,1206,0,GE-Phase,retraction,33932,34665,733,559,0.464,-647,-174
50217,51572,1355,0,GE-Phrase,221,49804,51662,1858,1355,1.0,413,-90
50217,51572,1355,0,GE-Phase,preparation,49804,50351,547,134,0.099,413,1221
50217,51572,1355,0,GE-Phase,stroke,50351,51136,785,785,0.579,-134,436
50217,51572,1355,0,GE-Phase,retraction,51136,51662,526,436,0.322,-919,-90
62628,63700,1072,0,GE-Phrase,224,62322,63789,1467,1072,1.0,306,-89
62628,63700,1072,0,GE-Phase,stroke,62322,63055,733,427,0.398,306,645
62628,63700,1072,0,GE-Phase,hold,63055,63789,734,645,0.602,-427,-89
63700,65033,1333,0,GE-Phrase,224,62322,63789,1467,89,0.067,1378,1244
63700,65033,1333,0,GE-Phrase,225,63789,64734,945,945,0.709,-89,299
63700,65033,1333,0,GE-Phrase,226,64734,66622,1888,299,0.224,-1034,-1589
63700,65033,1333,0,GE-Phase,hold,63055,63789,734,89,0.067,645,1244
63700,65033,1333,0,GE-Phase,stroke,63789,64277,488,488,0.366,-89,756
63700,65033,1333,0,GE-Phase,retraction,64277,64734,457,457,0.343,-577,299
63700,65033,1333,0,GE-Phase,preparation,64734,65047,313,299,0.224,-1034,-14
10765,11870,1105,0,GE-Phrase,204,10681,11709,1028,944,0.854,84,161
10765,11870,1105,0,GE-Phrase,205,11709,12745,1036,161,0.146,-944,-875
10765,11870,1105,0,GE-Phase,stroke,10681,11709,1028,944,0.854,84,161
10765,11870,1105,0,GE-Phase,stroke,11709,12745,1036,161,0.146,-944,-875
14560,15870,1310,0,GE-Phrase,206,12745,15828,3083,1268,0.968,1815,42
14560,15870,1310,0,GE-Phrase,207,15828,17061,1233,42,0.032,-1268,-1191
14560,15870,1310,0,GE-Phase,retraction,14308,15828,1520,1268,0.968,252,42
14560,15870,1310,0,GE-Phase,preparation,15828,16148,320,42,0.032,-1268,-278
22570,25660,3090,0,GE-Phrase,209,23133,25933,2800,2527,0.818,-563,-273
22570,25660,3090,0,GE-Phase,stroke,23133,23986,853,853,0.276,-563,1674
22570,25660,3090,0,GE-Phase,hold,23986,25933,1947,1674,0.542,-1416,-273
26022,27563,1541,0,GE-Phrase,210,25933,27493,1560,1471,0.955,89,70
26022,27563,1541,0,GE-Phrase,211,27493,29702,2209,70,0.045,-1471,-2139
26022,27563,1541,0,GE-Phase,preparation,25933,26485,552,463,0.3,89,1078
26022,27563,1541,0,GE-Phase,stroke,26485,27493,1008,1008,0.654,-463,70
26022,27563,1541,0,GE-Phase,stroke,27493,28197,704,70,0.045,-1471,-634
29529,31227,1698,0,GE-Phrase,211,27493,29702,2209,173,0.102,2036,1525
29529,31227,1698,0,GE-Phase,retraction,28197,29702,1505,173,0.102,1332,1525
33285,34491,1206,0,GE-Phrase,213,32366,34665,2299,1206,1.0,919,-174
33285,34491,1206,0,GE-Phase,stroke,32790,33932,1142,647,0.536,495,559
33285,34491,1206,0,GE-Phase,retraction,33932,34665,733,559,0.464,-647,-174
50217,51572,1355,0,GE-Phrase,221,49804,51662,1858,1355,1.0,413,-90
50217,51572,1355,0,GE-Phase,preparation,49804,50351,547,134,0.099,413,1221
50217,51572,1355,0,GE-Phase,stroke,50351,51136,785,785,0.579,-134,436
50217,51572,1355,0,GE-Phase,retraction,51136,51662,526,436,0.322,-919,-90
62628,63700,1072,0,GE-Phrase,224,62322,63789,1467,1072,1.0,306,-89
62628,63700,1072,0,GE-Phase,stroke,62322,63055,733,427,0.398,306,645
62628,63700,1072,0,GE-Phase,hold,63055,63789,734,645,0.602,-427,-89
63700,65033,1333,0,GE-Phrase,224,62322,63789,1467,89,0.067,1378,1244
63700,65033,1333,0,GE-Phrase,225,63789,64734,945,945,0.709,-89,299
63700,65033,1333,0,GE-Phrase,226,64734,66622,1888,299,0.224,-1034,-1589
63700,65033,1333,0,GE-Phase,hold,63055,63789,734,89,0.067,645,1244
63700,65033,1333,0,GE-Phase,stroke,63789,64277,488,488,0.366,-89,756
63700,65033,1333,0,GE-Phase,retraction,64277,64734,457,457,0.343,-577,299
63700,65033,1333,0,GE-Phase,preparation,64734,65047,313,299,0.224,-1034,-14
10765,11870,1105,0,GE-Phrase,204,10681,11709,1028,944,0.854,84,161
10765,11870,1105,0,GE-Phrase,205,11709,12745,1036,161,0.146,-944,-875
10765,11870,1105,0,GE-Phase,stroke,10681,11709,1028,944,0.854,84,161
10765,11870,1105,0,GE-Phase,stroke,11709,12745,1036,161,0.146,-944,-875
14560,15870,1310,0,GE-Phrase,206,12745,15828,3083,1268,0.968,1815,42
14560,15870,1310,0,GE-Phrase,207,15828,17061,1233,42,0.032,-1268,-1191
14560,15870,1310,0,GE-Phase,retraction,14308,15828,1520,1268,0.968,252,42
14560,15870,1310,0,GE-Phase,preparation,15828,16148,320,42,0.032,-1268,-278
22570,25660,3090,0,GE-Phrase,209,23133,25933,2800,2527,0.818,-563,-273
22570,25660,3090,0,GE-Phase,stroke,23133,23986,853,853,0.276,-563,1674
22570,25660,3090,0,GE-Phase,hold,23986,25933,1947,1674,0.542,-1416,-273
26022,27563,1541,0,GE-Phrase,210,25933,27493,1560,1471,0.955,89,70
26022,27563,1541,0,GE-Phrase,211,27493,29702,2209,70,0.045,-1471,-2139
26022,27563,1541,0,GE-Phase,preparation,25933,26485,552,463,0.3,89,1078
26022,27563,1541,0,GE-Phase,stroke,26485,27493,1008,1008,0.654,-463,70
26022,27563,1541,0,GE-Phase,stroke,27493,28197,704,70,0.045,-1471,-634
29529,31227,1698,0,GE-Phrase,211,27493,29702,2209,173,0.102,2036,1525
29529,31227,1698,0,GE-Phase,retraction,28197,29702,1505,173,0.102,1332,1525
33285,34491,1206,0,GE-Phrase,213,32366,34665,2299,1206,1.0,919,-174
33285,34491,1206,0,GE-Phase,stroke,32790,33932,1142,647,0.536,495,559
33285,34491,1206,0,GE-Phase,retraction,33932,34665,733,559,0.464,-647,-174
50217,51572,1355,0,GE-Phrase,221,49804,51662,1858,1355,1.0,413,-90
50217,51572,1355,0,GE-Phase,preparation,49804,50351,547,134,0.099,413,1221
50217,51572,1355,0,GE-Phase,stroke,50351,51136,785,785,0.579,-134,436
50217,51572,1355,0,GE-Phase,retraction,51136,51662,526,436,0.322,-919,-90
62628,63700,1072,0,GE-Phrase,224,62322,63789,1467,1072,1.0,306,-89
62628,63700,1072,0,GE-Phase,stroke,62322,63055,733,427,0.398,306,645
62628,63700,1072,0,GE-Phase,hold,63055,63789,734,645,0.602,-427,-89
63700,65033,1333,0,GE-Phrase,224,62322,63789,1467,89,0.067,1378,1244
63700,65033,1333,0,GE-Phrase,225,63789,64734,945,945,0.709,-89,299
63700,65033,1333,0,GE-Phrase,226,64734,66622,1888,299,0.224,-1034,-1589
63700,65033,1333,0,GE-Phase,hold,63055,63789,734,89,0.067,645,1244
63700,65033,1333,0,GE-Phase,stroke,63789,64277,488,488,0.366,-89,756
63700,65033,1333,0,GE-Phase,retraction,64277,64734,457,457,0.343,-577,299
63700,65033,1333,0,GE-Phase,preparation,64734,65047,313,299,0.224,-1034,-14
10765,11870,1105,0,GE-Phrase,204,10681,11709,1028,944,0.854,84,161
10765,11870,1105,0,GE-Phrase,205,11709,12745,1036,161,0.146,-944,-875
10765,11870,1105,0,GE-Phase,stroke,10681,11709,1028,944,0.854,84,161
10765,11870,1105,0,GE-Phase,stroke,11709,12745,1036,161,0.146,-944,-875
14560,15870,1310,0,GE-Phrase,206,12745,15828,3083,1268,0.968,1815,42
14560,15870,1310,0,GE-Phrase,207,15828,17061,1233,42,0.032,-1268,-1191
14560,15870,1310,0,GE-Phase,retraction,14308,15828,1520,1268,0.968,252,42
14560,15870,1310,0,GE-Phase,preparation,15828,16148,320,42,0.032,-1268,-278
22570,25660,3090,0,GE-Phrase,209,23133,25933,2800,2527,0.818,-563,-273
22570,25660,3090,0,GE-Phase,stroke,23133,23986,853,853,0.276,-563,1674
22570,25660,3090,0,GE-Phase,hold,23986,25933,1947,1674,0.542,-1416,-273
26022,27563,1541,0,GE-Phrase,210,25933,27493,1560,1471,0.955,89,70
26022,27563,1541,0,GE-Phrase,211,27493,29702,2209,70,0.045,-1471,-2139
26022,27563,1541,0,GE-Phase,preparation,25933,26485,552,463,0.3,89,1078
26022,27563,1541,0,GE-Phase,stroke,26485,27493,1008,1008,0.654,-463,70
26022,27563,1541,0,GE-Phase,stroke,27493,28197,704,70,0.045,-1471,-634
29529,31227,1698,0,GE-Phrase,211,27493,29702,2209,173,0.102,2036,1525
29529,31227,1698,0,GE-Phase,retraction,28197,29702,1505,173,0.102,1332,1525
33285,34491,1206,0,GE-Phrase,213,32366,34665,2299,1206,1.0,919,-174
33285,34491,1206,0,GE-Phase,stroke,32790,33932,1142,647,0.536,495,559
33285,34491,1206,0,GE-Phase,retraction,33932,34665,733,559,0.464,-647,-174
50217,51572,1355,0,GE-Phrase,221,49804,51662,1858,1355,1.0,413,-90
50217,51572,1355,0,GE-Phase,preparation,49804,50351,547,134,0.099,413,1221
50217,51572,1355,0,GE-Phase,stroke,50351,51136,785,785,0.579,-134,436
50217,51572,1355,0,GE-Phase,retraction,51136,51662,526,436,0.322,-919,-90
62628,63700,1072,0,GE-Phrase,224,62322,63789,1467,1072,1.0,306,-89
62628,63700,1072,0,GE-Phase,stroke,62322,63055,733,427,0.398,306,645
62628,63700,1072,0,GE-Phase,hold,63055,63789,734,645,0.602,-427,-89
63700,65033,1333,0,GE-Phrase,224,62322,63789,1467,89,0.067,1378,1244
63700,65033,1333,0,GE-Phrase,225,63789,64734,945,945,0.709,-89,299
63700,65033,1333,0,GE-Phrase,226,64734,66622,1888,299,0.224,-1034,-1589
63700,65033,1333,0,GE-Phase,hold,63055,63789,734,89,0.067,645,1244
63700,65033,1333,0,GE-Phase,stroke,63789,64277,488,488,0.366,-89,756
63700,65033,1333,0,GE-Phase,retraction,64277,64734,457,457,0.343,-577,299
63700,65033,1333,0,GE-Phase,preparation,64734,65047,313,299,0.224,-1034,-14
10765,11870,1105,0,GE-Phrase,204,10681,11709,1028,944,0.854,84,161
10765,11870,1105,0,GE-Phrase,205,11709,12745,1036,161,0.146,-944,-875
10765,11870,1105,0,GE-Phase,stroke,10681,11709,1028,944,0.854,84,161
10765,11870,1105,0,GE-Phase,stroke,11709,12745,1036,161,0.146,-944,-875
14560,15870,1310,0,GE-Phrase,206,12745,15828,3083,1268,0.968,1815,42
14560,15870,1310,0,GE-Phrase,207,15828,17061,1233,42,0.032,-1268,-1191
14560,15870,1310,0,GE-Phase,retraction,14308,15828,1520,1268,0.968,252,42
14560,15870,1310,0,GE-Phase,preparation,15828,16148,320,42,0.032,-1268,-278
22570,25660,3090,0,GE-Phrase,209,23133,25933,2800,2527,0.818,-563,-273
22570,25660,3090,0,GE-Phase,stroke,23133,23986,853,853,0.276,-563,1674
22570,25660,3090,0,GE-Phase,hold,23986,25933,1947,1674,0.542,-1416,-273
26022,27563,1541,0,GE-Phrase,210,25933,27493,1560,1471,0.955,89,70
26022,27563,1541,0,GE-Phrase,211,27493,29702,2209,70,0.045,-1471,-2139
26022,27563,1541,0,GE-Phase,preparation,25933,26485,552,463,0.3,89,1078
26022,27563,1541,0,GE-Phase,stroke,26485,27493,1008,1008,0.654,-463,70
26022,27563,1541,0,GE-Phase,stroke,27493,28197,704,70,0.045,-1471,-634
29529,31227,1698,0,GE-Phrase,211,27493,29702,2209,173,0.102,2036,1525
29529,31227,1698,0,GE-Phase,retraction,28197,29702,1505,173,0.102,1332,1525
33285,34491,1206,0,GE-Phrase,213,32366,34665,2299,1206,1.0,919,-174
33285,34491,1206,0,GE-Phase,stroke,32790,33932,1142,647,0.536,495,559
33285,34491,1206,0,GE-Phase,retraction,33932,34665,733,559,0.464,-647,-174
50217,51572,1355,0,GE-Phrase,221,49804,51662,1858,1355,1.0,413,-90
50217,51572,1355,0,GE-Phase,preparation,49804,50351,547,134,0.099,413,1221
50217,51572,1355,0,GE-Phase,stroke,50351,51136,785,785,0.579,-134,436
50217,51572,1355,0,GE-Phase,retraction,51136,51662,526,436,0.322,-919,-90
62628,63700,1072,0,GE-Phrase,224,62322,63789,1467,1072,1.0,306,-89
62628,63700,1072,0,GE-Phase,stroke,62322,63055,733,427,0.398,306,645
62628,63700,1072,0,GE-Phase,hold,63055,63789,734,645,0.602,-427,-89
63700,65033,1333,0,GE-Phrase,224,62322,63789,1467,89,0.067,1378,1244
63700,65033,1333,0,GE-Phrase,225,63789,64734,945,945,0.709,-89,299
63700,65033,1333,0,GE-Phrase,226,64734,66622,1888,299,0.224,-1034,-1589
63700,65033,1333,0,GE-Phase,hold,63055,63789,734,89,0.067,645,1244
63700,65033,1333,0,GE-Phase,stroke,63789,64277,488,488,0.366,-89,756
63700,65033,1333,0,GE-Phase,retraction,64277,64734,457,457,0.343,-577,299
63700,65033,1333,0,GE-Phase,preparation,64734,65047,313,299,0.224,-1034,-14
10765,11870,1105,0,GE-Phrase,204,10681,11709,1028,944,0.854,84,161
10765,11870,1105,0,GE-Phrase,205,11709,12745,1036,161,0.146,-944,-875
10765,11870,1105,0,GE-Phase,stroke,10681,11709,1028,944,0.854,84,161
10765,11870,1105,0,GE-Phase,stroke,11709,12745,1036,161,0.146,-944,-875
14560,15870,1310,0,GE-Phrase,206,12745,15828,3083,1268,0.968,1815,42
14560,15870,1310,0,GE-Phrase,207,15828,17061,1233,42,0.032,-1268,-1191
14560,15870,1310,0,GE-Phase,retraction,14308,15828,1520,1268,0.968,252,42
14560,15870,1310,0,GE-Phase,preparation,15828,16148,320,42,0.032,-1268,-278
22570,25660,3090,0,GE-Phrase,209,23133,25933,2800,2527,0.818,-563,-273
22570,25660,3090,0,GE-Phase,stroke,23133,23986,853,853,0.276,-563,1674
22570,25660,3090,0,GE-Phase,hold,23986,25933,1947,1674,0.542,-1416,-273
26022,27563,1541,0,GE-Phrase,210,25933,27493,1560,1471,0.955,89,70
26022,27563,1541,0,GE-Phrase,211,27493,29702,2209,70,0.045,-1471,-2139
26022,27563,1541,0,GE-Phase,preparation,25933,26485,552,463,0.3,89,1078
26022,27563,1541,0,GE-Phase,stroke,26485,27493,1008,1008,0.654,-463,70
26022,27563,1541,0,GE-Phase,stroke,27493,28197,704,70,0.045,-1471,-634
29529,31227,1698,0,GE-Phrase,211,27493,29702,2209,173,0.102,2036,1525
29529,31227,1698,0,GE-Phase,retraction,28197,29702,1505,173,0.102,1332,1525
33285,34491,1206,0,GE-Phrase,213,32366,34665,2299,1206,1.0,919,-174
33285,34491,1206,0,GE-Phase,stroke,32790,33932,1142,647,0.536,495,559
33285,34491,1206,0,GE-Phase,retraction,33932,34665,733,559,0.464,-647,-174
50217,51572,1355,0,GE-Phrase,221,49804,51662,1858,1355,1.0,413,-90
50217,51572,1355,0,GE-Phase,preparation,49804,50351,547,134,0.099,413,1221
50217,51572,1355,0,GE-Phase,stroke,50351,51136,785,785,0.579,-134,436
50217,51572,1355,0,GE-Phase,retraction,51136,51662,526,436,0.322,-919,-90
62628,63700,1072,0,GE-Phrase,224,62322,63789,1467,1072,1.0,306,-89
62628,63700,1072,0,GE-Phase,stroke,62322,63055,733,427,0.398,306,645
62628,63700,1072,0,GE-Phase,hold,63055,63789,734,645,0.602,-427,-89
63700,65033,1333,0,GE-Phrase,224,62322,63789,1467,89,0.067,1378,1244
63700,65033,1333,0,GE-Phrase,225,63789,64734,945,945,0.709,-89,299
63700,65033,1333,0,GE-Phrase,226,64734,66622,1888,299,0.224,-1034,-1589
63700,65033,1333,0,GE-Phase,hold,63055,63789,734,89,0.067,645,1244
63700,65033,1333,0,GE-Phase,stroke,63789,64277,488,488,0.366,-89,756
63700,65033,1333,0,GE-Phase,retraction,64277,64734,457,457,0.343,-577,299
63700,65033,1333,0,GE-Phase,preparation,64734,65047,313,299,0.224,-1034,-14
10765,11870,1105,0,GE-Phrase,204,10681,11709,1028,944,0.854,84,161
10765,11870,1105,0,GE-Phrase,205,11709,12745,1036,161,0.146,-944,-875
10765,11870,1105,0,GE-Phase,stroke,10681,11709,1028,944,0.854,84,161
10765,11870,1105,0,GE-Phase,stroke,11709,12745,1036,161,0.146,-944,-875
14560,15870,1310,0,GE-Phrase,206,12745,15828,3083,1268,0.968,1815,42
14560,15870,1310,0,GE-Phrase,207,15828,17061,1233,42,0.032,-1268,-1191
14560,15870,1310,0,GE-Phase,retraction,14308,15828,1520,1268,0.968,252,42
14560,15870,1310,0,GE-Phase,preparation,15828,16148,320,42,0.032,-1268,-278
22570,25660,3090,0,GE-Phrase,209,23133,25933,2800,2527,0.818,-563,-273
22570,25660,3090,0,GE-Phase,stroke,23133,23986,853,853,0.276,-563,1674
22570,25660,3090,0,GE-Phase,hold,23986,25933,1947,1674,0.542,-1416,-273
26022,27563,1541,0,GE-Phrase,210,25933,27493,1560,1471,0.955,89,70
26022,27563,1541,0,GE-Phrase,211,27493,29702,2209,70,0.045,-1471,-2139
26022,27563,1541,0,GE-Phase,preparation,25933,26485,552,463,0.3,89,1078
26022,27563,1541,0,GE-Phase,stroke,26485,27493,1008,1008,0.654,-463,70
26022,27563,1541,0,GE-Phase,stroke,27493,28197,704,70,0.045,-1471,-634
29529,31227,1698,0,GE-Phrase,211,27493,29702,2209,173,0.102,2036,1525
29529,31227,1698,0,GE-Phase,retraction,28197,29702,1505,173,0.102,1332,1525
33285,34491,1206,0,GE-Phrase,213,32366,34665,2299,1206,1.0,919,-174
33285,34491,1206,0,GE-Phase,stroke,32790,33932,1142,647,0.536,495,559
33285,34491,1206,0,GE-Phase,retraction,33932,34665,733,559,0.464,-647,-174
50217,51572,1355,0,GE-Phrase,221,49804,51662,1858,1355,1.0,413,-90
50217,51572,1355,0,GE-Phase,preparation,49804,50351,547,134,0.099,413,1221
50217,51572,1355,0,GE-Phase,stroke,50351,51136,785,785,0.579,-134,436
50217,51572,1355,0,GE-Phase,retraction,51136,51662,526,436,0.322,-919,-90
62628,63700,1072,0,GE-Phrase,224,62322,63789,1467,1072,1.0,306,-89
62628,63700,1072,0,GE-Phase,stroke,62322,63055,733,427,0.398,306,645
62628,63700,1072,0,GE-Phase,hold,63055,63789,734,645,0.602,-427,-89
63700,65033,1333,0,GE-Phrase,224,62322,63789,1467,89,0.067,1378,1244
63700,65033,1333,0,GE-Phrase,225,63789,64734,945,945,0.709,-89,299
63700,65033,1333,0,GE-Phrase,226,64734,66622,1888,299,0.224,-1034,-1589
63700,65033,1333,0,GE-Phase,hold,63055,63789,734,89,0.067,645,1244
63700,65033,1333,0,GE-Phase,stroke,63789,64277,488,488,0.366,-89,756
63700,65033,1333,0,GE-Phase,retraction,64277,64734,457,457,0.343,-577,299
63700,65033,1333,0,GE-Phase,preparation,64734,65047,313,299,0.224,-1034,-14
10765,11870,1105,0,GE-Phrase,204,10681,11709,1028,944,0.854,84,161
10765,11870,1105,0,GE-Phrase,205,11709,12745,1036,161,0.146,-944,-875
10765,11870,1105,0,GE-Phase,stroke,10681,11709,1028,944,0.854,84,161
10765,11870,1105,0,GE-Phase,stroke,11709,12745,1036,161,0.146,-944,-875
14560,15870,1310,0,GE-Phrase,206,12745,15828,3083,1268,0.968,1815,42
14560,15870,1310,0,GE-Phrase,207,15828,17061,1233,42,0.032,-1268,-1191
14560,15870,1310,0,GE-Phase,retraction,14308,15828,1520,1268,0.968,252,42
14560,15870,1310,0,GE-Phase,preparation,15828,16148,320,42,0.032,-1268,-278
22570,25660,3090,0,GE-Phrase,209,23133,25933,2800,2527,0.818,-563,-273
22570,25660,3090,0,GE-Phase,stroke,23133,23986,853,853,0.276,-563,1674
22570,25660,3090,0,GE-Phase,hold,23986,25933,1947,1674,0.542,-1416,-273
26022,27563,1541,0,GE-Phrase,210,25933,27493,1560,1471,0.955,89,70
26022,27563,1541,0,GE-Phrase,211,27493,29702,2209,70,0.045,-1471,-2139
26022,27563,1541,0,GE-Phase,preparation,25933,26485,552,463,0.3,89,1078
26022,27563,1541,0,GE-Phase,stroke,26485,27493,1008,1008,0.654,-463,70
26022,27563,1541,0,GE-Phase,stroke,27493,28197,704,70,0.045,-1471,-634
29529,31227,1698,0,GE-Phrase,211,27493,29702,2209,173,0.102,2036,1525
29529,31227,1698,0,GE-Phase,retraction,28197,29702,1505,173,0.102,1332,1525
33285,34491,1206,0,GE-Phrase,213,32366,34665,2299,1206,1.0,919,-174
33285,34491,1206,0,GE-Phase,stroke,32790,33932,1142,647,0.536,495,559
33285,34491,1206,0,GE-Phase,retraction,33932,34665,733,559,0.464,-647,-174
50217,51572,1355,0,GE-Phrase,221,49804,51662,1858,1355,1.0,413,-90
50217,51572,1355,0,GE-Phase,preparation,49804,50351,547,134,0.099,413,1221
50217,51572,1355,0,GE-Phase,stroke,50351,51136,785,785,0.579,-134,436
50217,51572,1355,0,GE-Phase,retraction,51136,51662,526,436,0.322,-919,-90
62628,63700,1072,0,GE-Phrase,224,62322,63789,1467,1072,1.0,306,-89
62628,63700,1072,0,GE-Phase,stroke,62322,63055,733,427,0.398,306,645
62628,63700,1072,0,GE-Phase,hold,63055,63789,734,645,0.602,-427,-89
63700,65033,1333,0,GE-Phrase,224,62322,63789,1467,89,0.067,1378,1244
63700,65033,1333,0,GE-Phrase,225,63789,64734,945,945,0.709,-89,299
63700,65033,1333,0,GE-Phrase,226,64734,66622,1888,299,0.224,-1034,-1589
63700,65033,1333,0,GE-Phase,hold,63055,63789,734,89,0.067,645,1244
63700,65033,1333,0,GE-Phase,stroke,63789,64277,488,488,0.366,-89,756
63700,65033,1333,0,GE-Phase,retraction,64277,64734,457,457,0.343,-577,299
63700,65033,1333,0,GE-Phase,preparation,64734,65047,313,299,0.224,-1034,-14
10765,11870,1105,0,GE-Phrase,204,10681,11709,1028,944,0.854,84,161
10765,11870,1105,0,GE-Phrase,205,11709,12745,1036,161,0.146,-944,-875
10765,11870,1105,0,GE-Phase,stroke,10681,11709,1028,944,0.854,84,161
10765,11870,1105,0,GE-Phase,stroke,11709,12745,1036,161,0.146,-944,-875
14560,15870,1310,0,GE-Phrase,206,12745,15828,3083,1268,0.968,1815,42
14560,15870,1310,0,GE-Phrase,207,15828,17061,1233,42,0.032,-1268,-1191
14560,15870,1310,0,GE-Phase,retraction,14308,15828,1520,1268,0.968,252,42
14560,15870,1310,0,GE-Phase,preparation,15828,16148,320,42,0.032,-1268,-278
22570,25660,3090,0,GE-Phrase,209,23133,25933,2800,2527,0.818,-563,-273
22570,25660,3090,0,GE-Phase,stroke,23133,23986,853,853,0.276,-563,1674
22570,25660,3090,0,GE-Phase,hold,23986,25933,1947,1674,0.542,-1416,-273
26022,27563,1541,0,GE-Phrase,210,25933,27493,1560,1471,0.955,89,70
26022,27563,1541,0,GE-Phrase,211,27493,29702,2209,70,0.045,-1471,-2139
26022,27563,1541,0,GE-Phase,preparation,25933,26485,552,463,0.3,89,1078
26022,27563,1541,0,GE-Phase,stroke,26485,27493,1008,1008,0.654,-463,70
26022,27563,1541,0,GE-Phase,stroke,27493,28197,704,70,0.045,-1471,-634
29529,31227,1698,0,GE-Phrase,211,27493,29702,2209,173,0.102,2036,1525
29529,31227,1698,0,GE-Phase,retraction,28197,29702,1505,173,0.102,1332,1525
33285,34491,1206,0,GE-Phrase,213,32366,34665,2299,1206,1.0,919,-174
33285,34491,1206,0,GE-Phase,stroke,32790,33932,1142,647,0.536,495,559
33285,34491,1206,0,GE-Phase,retraction,33932,34665,733,559,0.464,-647,-174
50217,51572,1355,0,GE-Phrase,221,49804,51662,1858,1355,1.0,413,-90
50217,51572,1355,0,GE-Phase,preparation,49804,50351,547,134,0.099,413,1221
50217,51572,1355,0,GE-Phase,stroke,50351,51136,785,785,0.579,-134,436
50217,51572,1355,0,GE-Phase,retraction,51136,51662,526,436,0.322,-919,-90
62628,63700,1072,0,GE-Phrase,224,62322,63789,1467,1072,1.0,306,-89
62628,63700,1072,0,GE-Phase,stroke,62322,63055,733,427,0.398,306,645
62628,63700,1072,0,GE-Phase,hold,63055,63789,734,645,0.602,-427,-89
63700,65033,1333,0,GE-Phrase,224,62322,63789,1467,89,0.067,1378,1244
63700,65033,1333,0,GE-Phrase,225,63789,64734,945,945,0.709,-89,299
63700,65033,1333,0,GE-Phrase,226,64734,66622,1888,299,0.224,-1034,-1589
63700,65033,1333,0,GE-Phase,hold,63055,63789,734,89,0.067,645,1244
63700,65033,1333,0,GE-Phase,stroke,63789,64277,488,488,0.366,-89,756
63700,65033,1333,0,GE-Phase,retraction,64277,64734,457,457,0.343,-577,299
63700,65033,1333,0,GE-Phase,preparation,64734,65047,313,299,0.224,-1034,-14
10765,11870,1105,0,GE-Phrase,204,10681,11709,1028,944,0.854,84,161
10765,11870,1105,0,GE-Phrase,205,11709,12745,1036,161,0.146,-944,-875
10765,11870,1105,0,GE-Phase,stroke,10681,11709,1028,944,0.854,84,161
10765,11870,1105,0,GE-Phase,stroke,11709,12745,1036,161,0.146,-944,-875
14560,15870,1310,0,GE-Phrase,206,12745,15828,3083,1268,0.968,1815,42
14560,15870,1310,0,GE-Phrase,207,15828,17061,1233,42,0.032,-1268,-1191
14560,15870,1310,0,GE-Phase,retraction,14308,15828,1520,1268,0.968,252,42
14560,15870,1310,0,GE-Phase,preparation,15828,16148,320,42,0.032,-1268,-278
22570,25660,3090,0,GE-Phrase,209,23133,25933,2800,2527,0.818,-563,-273
22570,25660,3090,0,GE-Phase,stroke,23133,23986,853,853,0.276,-563,1674
22570,25660,3090,0,GE-Phase,hold,23986,25933,1947,1674,0.542,-1416,-273
26022,27563,1541,0,GE-Phrase,210,25933,27493,1560,1471,0.955,89,70
26022,27563,1541,0,GE-Phrase,211,27493,29702,2209,70,0.045,-1471,-2139
26022,27563,1541,0,GE-Phase,preparation,25933,26485,552,463,0.3,89,1078
26022,27563,1541,0,GE-Phase,stroke,26485,27493,1008,1008,0.654,-463,70
26022,27563,1541,0,GE-Phase,stroke,27493,28197,704,70,0.045,-1471,-634
29529,31227,1698,0,GE-Phrase,211,27493,29702,2209,173,0.102,2036,1525
29529,31227,1698,0,GE-Phase,retraction,28197,29702,1505,173,0.102,1332,1525
33285,34491,1206,0,GE-Phrase,213,32366,34665,2299,1206,1.0,919,-174
33285,34491,1206,0,GE-Phase,stroke,32790,33932,1142,647,0.536,495,559
33285,34491,1206,0,GE-Phase,retraction,33932,34665,733,559,0.464,-647,-174
50217,51572,1355,0,GE-Phrase,221,49804,51662,1858,1355,1.0,413,-90
50217,51572,1355,0,GE-Phase,preparation,49804,50351,547,134,0.099,413,1221
50217,51572,1355,0,GE-Phase,stroke,50351,51136,785,785,0.579,-134,436
50217,51572,1355,0,GE-Phase,retraction,51136,51662,526,436,0.322,-919,-90
62628,63700,1072,0,GE-Phrase,224,62322,63789,1467,1072,1.0,306,-89
62628,63700,1072,0,GE-Phase,stroke,62322,63055,733,427,0.398,306,645
62628,63700,1072,0,GE-Phase,hold,63055,63789,734,645,0.602,-427,-89
63700,65033,1333,0,GE-Phrase,224,62322,63789,1467,89,0.067,1378,1244
63700,65033,1333,0,GE-Phrase,225,63789,64734,945,945,0.709,-89,299
63700,65033,1333,0,GE-Phrase,226,64734,66622,1888,299,0.224,-1034,-1589
63700,65033,1333,0,GE-Phase,hold,63055,63789,734,89,0.067,645,1244
63700,65033,1333,0,GE-Phase,stroke,63789,64277,488,488,0.366,-89,756
63700,65033,1333,0,GE-Phase,retraction,64277,64734,457,457,0.343,-577,299
63700,65033,1333,0,GE-Phase,preparation,64734,65047,313,299,0.224,-1034,-14
10765,11870,1105,0,GE-Phrase,204,10681,11709,1028,944,0.854,84,161
10765,11870,1105,0,GE-Phrase,205,11709,12745,1036,161,0.146,-944,-875
10765,11870,1105,0,GE-Phase,stroke,10681,11709,1028,944,0.854,84,161
10765,11870,1105,0,GE-Phase,stroke,11709,12745,1036,161,0.146,-944,-875
14560,15870,1310,0,GE-Phrase,206,12745,15828,3083,1268,0.968,1815,42
14560,15870,1310,0,GE-Phrase,207,15828,17061,1233,42,0.032,-1268,-1191
14560,15870,1310,0,GE-Phase,retraction,14308,15828,1520,1268,0.968,252,42
14560,15870,1310,0,GE-Phase,preparation,15828,16148,320,42,0.032,-1268,-278
22570,25660,3090,0,GE-Phrase,209,23133,25933,2800,2527,0.818,-563,-273
22570,25660,3090,0,GE-Phase,stroke,23133,23986,853,853,0.276,-563,1674
22570,25660,3090,0,GE-Phase,hold,23986,25933,1947,1674,0.542,-1416,-273
26022,27563,1541,0,GE-Phrase,210,25933,27493,1560,1471,0.955,89,70
26022,27563,1541,0,GE-Phrase,211,27493,29702,2209,70,0.045,-1471,-2139
26022,27563,1541,0,GE-Phase,preparation,25933,26485,552,463,0.3,89,1078
26022,27563,1541,0,GE-Phase,stroke,26485,27493,1008,1008,0.654,-463,70
26022,27563,1541,0,GE-Phase,stroke,27493,28197,704,70,0.045,-1471,-634
29529,31227,1698,0,GE-Phrase,211,27493,29702,2209,173,0.102,2036,1525
29529,31227,1698,0,GE-Phase,retraction,28197,29702,1505,173,0.102,1332,1525
33285,34491,1206,0,GE-Phrase,213,32366,34665,2299,1206,1.0,919,-174
33285,34491,1206,0,GE-Phase,stroke,32790,33932,1142,647,0.536,495,559
33285,34491,1206,0,GE-Phase,retraction,33932,34665,733,559,0.464,-647,-174
50217,51572,1355,0,GE-Phrase,221,49804,51662,1858,1355,1.0,413,-90
50217,51572,1355,0,GE-Phase,preparation,49804,50351,547,134,0.099,413,1221
50217,51572,1355,0,GE-Phase,stroke,50351,51136,785,785,0.579,-134,436
50217,51572,1355,0,GE-Phase,retraction,51136,51662,526,436,0.322,-919,-90
62628,63700,1072,0,GE-Phrase,224,62322,63789,1467,1072,1.0,306,-89
62628,63700,1072,0,GE-Phase,stroke,62322,63055,733,427,0.398,306,645
62628,63700,1072,0,GE-Phase,hold,63055,63789,734,645,0.602,-427,-89
63700,65033,1333,0,GE-Phrase,224,62322,63789,1467,89,0.067,1378,1244
63700,65033,1333,0,GE-Phrase,225,63789,64734,945,945,0.709,-89,299
63700,65033,1333,0,GE-Phrase,226,64734,66622,1888,299,0.224,-1034,-1589
63700,65033,1333,0,GE-Phase,hold,63055,63789,734,89,0.067,645,1244
63700,65033,1333,0,GE-Phase,stroke,63789,64277,488,488,0.366,-89,756
63700,65033,1333,0,GE-Phase,retraction,64277,64734,457,457,0.343,-577,299
63700,65033,1333,0,GE-Phase,preparation,64734,65047,313,299,0.224,-1034,-14
10765,11870,1105,0,GE-Phrase,204,10681,11709,1028,944,0.854,84,161
10765,11870,1105,0,GE-Phrase,205,11709,12745,1036,161,0.146,-944,-875
10765,11870,1105,0,GE-Phase,stroke,10681,11709,1028,944,0.854,84,161
10765,11870,1105,0,GE-Phase,stroke,11709,12745,1036,161,0.146,-944,-875
14560,15870,1310,0,GE-Phrase,206,12745,15828,3083,1268,0.968,1815,42
14560,15870,1310,0,GE-Phrase,207,15828,17061,1233,42,0.032,-1268,-1191
14560,15870,1310,0,GE-Phase,retraction,14308,15828,1520,1268,0.968,252,42
14560,15870,1310,0,GE-Phase,preparation,15828,16148,320,42,0.032,-1268,-278
22570,25660,3090,0,GE-Phrase,209,23133,25933,2800,2527,0.818,-563,-273
22570,25660,3090,0,GE-Phase,stroke,23133,23986,853,853,0.276,-563,1674
22570,25660,3090,0,GE-Phase,hold,23986,25933,1947,1674,0.542,-1416,-273
26022,27563,1541,0,GE-Phrase,210,25933,27493,1560,1471,0.955,89,70
26022,27563,1541,0,GE-Phrase,211,27493,29702,2209,70,0.045,-1471,-2139
26022,27563,1541,0,GE-Phase,preparation,25933,26485,552,463,0.3,89,1078
26022,27563,1541,0,GE-Phase,stroke,26485,27493,1008,1008,0.654,-463,70
26022,27563,1541,0,GE-Phase,stroke,27493,28197,704,70,0.045,-1471,-634
29529,31227,1698,0,GE-Phrase,211,27493,29702,2209,173,0.102,2036,1525
29529,31227,1698,0,GE-Phase,retraction,28197,29702,1505,173,0.102,1332,1525
33285,34491,1206,0,GE-Phrase,213,32366,34665,2299,1206,1.0,919,-174
33285,34491,1206,0,GE-Phase,stroke,32790,33932,1142,647,0.536,495,559
33285,34491,1206,0,GE-Phase,retraction,33932,34665,733,559,0.464,-647,-174
50217,51572,1355,0,GE-Phrase,221,49804,51662,1858,1355,1.0,413,-90
50217,51572,1355,0,GE-Phase,preparation,49804,50351,547,134,0.099,413,1221
50217,51572,1355,0,GE-Phase,stroke,50351,51136,785,785,0.579,-134,436
50217,51572,1355,0,GE-Phase,retraction,51136,51662,526,436,0.322,-919,-90
62628,63700,1072,0,GE-Phrase,224,62322,63789,1467,1072,1.0,306,-89
62628,63700,1072,0,GE-Phase,stroke,62322,63055,733,427,0.398,306,645
62628,63700,1072,0,GE-Phase,hold,63055,63789,734,645,0.602,-427,-89
63700,65033,1333,0,GE-Phrase,224,62322,63789,1467,89,0.067,1378,1244
63700,65033,1333,0,GE-Phrase,225,63789,64734,945,945,0.709,-89,299
63700,65033,1333,0,GE-Phrase,226,64734,66622,1888,299,0.224,-1034,-1589
63700,65033,1333,0,GE-Phase,hold,63055,63789,734,89,0.067,645,1244
63700,65033,1333,0,GE-Phase,stroke,63789,64277,488,488,0.366,-89,756
63700,65033,1333,0,GE-Phase,retraction,64277,64734,457,457,0.343,-577,299
63700,65033,1333,0,GE-Phase,preparation,64734,65047,313,299,0.224,-1034,-14
10765,11870,1105,0,GE-Phrase,204,10681,11709,1028,944,0.854,84,161
10765,11870,1105,0,GE-Phrase,205,11709,12745,1036,161,0.146,-944,-875
10765,11870,1105,0,GE-Phase,stroke,10681,11709,1028,944,0.854,84,161
10765,11870,1105,0,GE-Phase,stroke,11709,12745,1036,161,0.146,-944,-875
14560,15870,1310,0,GE-Phrase,206,12745,15828,3083,1268,0.968,1815,42
14560,15870,1310,0,GE-Phrase,207,15828,17061,1233,42,0.032,-1268,-1191
14560,15870,1310,0,GE-Phase,retraction,14308,15828,1520,1268,0.968,252,42
14560,15870,1310,0,GE-Phase,preparation,15828,16148,320,42,0.032,-1268,-278
22570,25660,3090,0,GE-Phrase,209,23133,25933,2800,2527,0.818,-563,-273
22570,25660,3090,0,GE-Phase,stroke,23133,23986,853,853,0.276,-563,1674
22570,25660,3090,0,GE-Phase,hold,23986,25933,1947,1674,0.542,-1416,-273
26022,27563,1541,0,GE-Phrase,210,25933,27493,1560,1471,0.955,89,70
26022,27563,1541,0,GE-Phrase,211,27493,29702,2209,70,0.045,-1471,-2139
26022,27563,1541,0,GE-Phase,preparation,25933,26485,552,463,0.3,89,1078
26022,27563,1541,0,GE-Phase,stroke,26485,27493,1008,1008,0.654,-463,70
26022,27563,1541,0,GE-Phase,stroke,27493,28197,704,70,0.045,-1471,-634
29529,31227,1698,0,GE-Phrase,211,27493,29702,2209,173,0.102,2036,1525
29529,31227,1698,0,GE-Phase,retraction,28197,29702,1505,173,0.102,1332,1525
33285,34491,1206,0,GE-Phrase,213,32366,34665,2299,1206,1.0,919,-174
33285,34491,1206,0,GE-Phase,stroke,32790,33932,1142,647,0.536,495,559
33285,34491,1206,0,GE-Phase,retraction,33932,34665,733,559,0.464,-647,-174
50217,51572,1355,0,GE-Phrase,221,49804,51662,1858,1355,1.0,413,-90
50217,51572,1355,0,GE-Phase,preparation,49804,50351,547,134,0.099,413,1221
50217,51572,1355,0,GE-Phase,stroke,50351,51136,785,785,0.579,-134,436
50217,51572,1355,0,GE-Phase,retraction,51136,51662,526,436,0.322,-919,-90
62628,63700,1072,0,GE-Phrase,224,62322,63789,1467,1072,1.0,306,-89
62628,63700,1072,0,GE-Phase,stroke,62322,63055,733,427,0.398,306,645
62628,63700,1072,0,GE-Phase,hold,63055,63789,734,645,0.602,-427,-89
63700,65033,1333,0,GE-Phrase,224,62322,63789,1467,89,0.067,1378,1244
63700,65033,1333,0,GE-Phrase,225,63789,64734,945,945,0.709,-89,299
63700,65033,1333,0,GE-Phrase,226,64734,66622,1888,299,0.224,-1034,-1589
63700,65033,1333,0,GE-Phase,hold,63055,63789,734,89,0.067,645,1244
63700,65033,1333,0,GE-Phase,stroke,63789,64277,488,488,0.366,-89,756
63700,65033,1333,0,GE-Phase,retraction,64277,64734,457,457,0.343,-577,299
63700,65033,1333,0,GE-Phase,preparation,64734,65047,313,299,0.224,-1034,-14
10765,11870,1105,0,GE-Phrase,204,10681,11709,1028,944,0.854,84,161
10765,11870,1105,0,GE-Phrase,205,11709,12745,1036,161,0.146,-944,-875
10765,11870,1105,0,GE-Phase,stroke,10681,11709,1028,944,0.854,84,161
10765,11870,1105,0,GE-Phase,stroke,11709,12745,1036,161,0.146,-944,-875
14560,15870,1310,0,GE-Phrase,206,12745,15828,3083,1268,0.968,1815,42
14560,15870,1310,0,GE-Phrase,207,15828,17061,1233,42,0.032,-1268,-1191
14560,15870,1310,0,GE-Phase,retraction,14308,15828,1520,1268,0.968,252,42
14560,15870,1310,0,GE-Phase,preparation,15828,16148,320,42,0.032,-1268,-278
22570,25660,3090,0,GE-Phrase,209,23133,25933,2800,2527,0.818,-563,-273
22570,25660,3090,0,GE-Phase,stroke,23133,23986,853,853,0.276,-563,1674
22570,25660,3090,0,GE-Phase,hold,23986,25933,1947,1674,0.542,-1416,-273
26022,27563,1541,0,GE-Phrase,210,25933,27493,1560,1471,0.955,89,70
26022,27563,1541,0,GE-Phrase,211,27493,29702,2209,70,0.045,-1471,-2139
26022,27563,1541,0,GE-Phase,preparation,25933,26485,552,463,0.3,89,1078
26022,27563,1541,0,GE-Phase,stroke,26485,27493,1008,1008,0.654,-463,70
26022,27563,1541,0,GE-Phase,stroke,27493,28197,704,70,0.045,-1471,-634
29529,31227,1698,0,GE-Phrase,211,27493,29702,2209,173,0.102,2036,1525
29529,31227,1698,0,GE-Phase,retraction,28197,29702,1505,173,0.102,1332,1525
33285,34491,1206,0,GE-Phrase,213,32366,34665,2299,1206,1.0,919,-174
33285,34491,1206,0,GE-Phase,stroke,32790,33932,1142,647,0.536,495,559
33285,34491,1206,0,GE-Phase,retraction,33932,34665,733,559,0.464,-647,-174
50217,51572,1355,0,GE-Phrase,221,49804,51662,1858,1355,1.0,413,-90
50217,51572,1355,0,GE-Phase,preparation,49804,50351,547,134,0.099,413,1221
50217,51572,1355,0,GE-Phase,stroke,50351,51136,785,785,0.579,-134,436
50217,51572,1355,0,GE-Phase,retraction,51136,51662,526,436,0.322,-919,-90
62628,63700,1072,0,GE-Phrase,224,62322,63789,1467,1072,1.0,306,-89
62628,63700,1072,0,GE-Phase,stroke,62322,63055,733,427,0.398,306,645
62628,63700,1072,0,GE-Phase,hold,63055,63789,734,645,0.602,-427,-89
63700,65033,1333,0,GE-Phrase,224,62322,63789,1467,89,0.067,1378,1244
63700,65033,1333,0,GE-Phrase,225,63789,64734,945,945,0.709,-89,299
63700,65033,1333,0,GE-Phrase,226,64734,66622,1888,299,0.224,-1034,-1589
63700,65033,1333,0,GE-Phase,hold,63055,63789,734,89,0.067,645,1244
63700,65033,1333,0,GE-Phase,stroke,63789,64277,488,488,0.366,-89,756
63700,65033,1333,0,GE-Phase,retraction,64277,64734,457,457,0.343,-577,299
63700,65033,1333,0,GE-Phase,preparation,64734,65047,313,299,0.224,-1034,-14
10765,11870,1105,0,GE-Phrase,204,10681,11709,1028,944,0.854,84,161
10765,11870,1105,0,GE-Phrase,205,11709,12745,1036,161,0.146,-944,-875
10765,11870,1105,0,GE-Phase,stroke,10681,11709,1028,944,0.854,84,161
10765,11870,1105,0,GE-Phase,stroke,11709,12745,1036,161,0.146,-944,-875
14560,15870,1310,0,GE-Phrase,206,12745,15828,3083,1268,0.968,1815,42
14560,15870,1310,0,GE-Phrase,207,15828,17061,1233,42,0.032,-1268,-1191
14560,15870,1310,0,GE-Phase,retraction,14308,15828,1520,1268,0.968,252,42
14560,15870,1310,0,GE-Phase,preparation,15828,16148,320,42,0.032,-1268,-278
22570,25660,3090,0,GE-Phrase,209,23133,25933,2800,2527,0.818,-563,-273
22570,25660,3090,0,GE-Phase,stroke,23133,23986,853,853,0.276,-563,1674
22570,25660,3090,0,GE-Phase,hold,23986,25933,1947,1674,0.542,-1416,-273
26022,27563,1541,0,GE-Phrase,210,25933,27493,1560,1471,0.955,89,70
26022,27563,1541,0,GE-Phrase,211,27493,29702,2209,70,0.045,-1471,-2139
26022,27563,1541,0,GE-Phase,preparation,25933,26485,552,463,0.3,89,1078
26022,27563,1541,0,GE-Phase,stroke,26485,27493,1008,1008,0.654,-463,70
26022,27563,1541,0,GE-Phase,stroke,27493,28197,704,70,0.045,-1471,-634
29529,31227,1698,0,GE-Phrase,211,27493,29702,2209,173,0.102,2036,1525
29529,31227,1698,0,GE-Phase,retraction,28197,29702,1505,173,0.102,1332,1525
33285,34491,1206,0,GE-Phrase,213,32366,34665,2299,1206,1.0,919,-174
33285,34491,1206,0,GE-Phase,stroke,32790,33932,1142,647,0.536,495,559
33285,34491,1206,0,GE-Phase,retraction,33932,34665,733,559,0.464,-647,-174
50217,51572,1355,0,GE-Phrase,221,49804,51662,1858,1355,1.0,413,-90
50217,51572,1355,0,GE-Phase,preparation,49804,50351,547,134,0.099,413,1221
50217,51572,1355,0,GE-Phase,stroke,50351,51136,785,785,0.579,-134,436
50217,51572,1355,0,GE-Phase,retraction,51136,51662,526,436,0.322,-919,-90
62628,63700,1072,0,GE-Phrase,224,62322,63789,1467,1072,1.0,306,-89
62628,63700,1072,0,GE-Phase,stroke,62322,63055,733,427,0.398,306,645
62628,63700,1072,0,GE-Phase,hold,63055,63789,734,645,0.602,-427,-89
63700,65033,1333,0,GE-Phrase,224,62322,63789,1467,89,0.067,1378,1244
63700,65033,1333,0,GE-Phrase,225,63789,64734,945,945,0.709,-89,299
63700,65033,1333,0,GE-Phrase,226,64734,66622,1888,299,0.224,-1034,-1589
63700,65033,1333,0,GE-Phase,hold,63055,63789,734,89,0.067,645,1244
63700,65033,1333,0,GE-Phase,stroke,63789,64277,488,488,0.366,-89,756
63700,65033,1333,0,GE-Phase,retraction,64277,64734,457,457,0.343,-577,299
63700,65033,1333,0,GE-Phase,preparation,64734,65047,313,299,0.224,-1034,-14
10765,11870,1105,0,GE-Phrase,204,10681,11709,1028,944,0.854,84,161
10765,11870,1105,0,GE-Phrase,205,11709,12745,1036,161,0.146,-944,-875
10765,11870,1105,0,GE-Phase,stroke,10681,11709,1028,944,0.854,84,161
10765,11870,1105,0,GE-Phase,stroke,11709,12745,1036,161,0.146,-944,-875
14560,15870,1310,0,GE-Phrase,206,12745,15828,3083,1268,0.968,1815,42
14560,15870,1310,0,GE-Phrase,207,15828,17061,1233,42,0.032,-1268,-1191
14560,15870,1310,0,GE-Phase,retraction,14308,15828,1520,1268,0.968,252,42
14560,15870,1310,0,GE-Phase,preparation,15828,16148,320,42,0.032,-1268,-278
22570,25660,3090,0,GE-Phrase,209,23133,25933,2800,2527,0.818,-563,-273
22570,25660,3090,0,GE-Phase,stroke,23133,23986,853,853,0.276,-563,1674
22570,25660,3090,0,GE-Phase,hold,23986,25933,1947,1674,0.542,-1416,-273
26022,27563,1541,0,GE-Phrase,210,25933,27493,1560,1471,0.955,89,70
26022,27563,1541,0,GE-Phrase,211,27493,29702,2209,70,0.045,-1471,-2139
26022,27563,1541,0,GE-Phase,preparation,25933,26485,552,463,0.3,89,1078
26022,27563,1541,0,GE-Phase,stroke,26485,27493,1008,1008,0.654,-463,70
26022,27563,1541,0,GE-Phase,stroke,27493,28197,704,70,0.045,-1471,-634
29529,31227,1698,0,GE-Phrase,211,27493,29702,2209,173,0.102,2036,1525
29529,31227,1698,0,GE-Phase,retraction,28197,29702,1505,173,0.102,1332,1525
33285,34491,1206,0,GE-Phrase,213,32366,34665,2299,1206,1.0,919,-174
33285,34491,1206,0,GE-Phase,stroke,32790,33932,1142,647,0.536,495,559
33285,34491,1206,0,GE-Phase,retraction,33932,34665,733,559,0.464,-647,-174
50217,51572,1355,0,GE-Phrase,221,49804,51662,1858,1355,1.0,413,-90
50217,51572,1355,0,GE-Phase,preparation,49804,50351,547,134,0.099,413,1221
50217,51572,1355,0,GE-Phase,stroke,50351,51136,785,785,0.579,-134,436
50217,51572,1355,0,GE-Phase,retraction,51136,51662,526,436,0.322,-919,-90
62628,63700,1072,0,GE-Phrase,224,62322,63789,1467,1072,1.0,306,-89
62628,63700,1072,0,GE-Phase,stroke,62322,63055,733,427,0.398,306,645
62628,63700,1072,0,GE-Phase,hold,63055,63789,734,645,0.602,-427,-89
63700,65033,1333,0,GE-Phrase,224,62322,63789,1467,89,0.067,1378,1244
63700,65033,1333,0,GE-Phrase,225,63789,64734,945,945,0.709,-89,299
63700,65033,1333,0,GE-Phrase,226,64734,66622,1888,299,0.224,-1034,-1589
63700,65033,1333,0,GE-Phase,hold,63055,63789,734,89,0.067,645,1244
63700,65033,1333,0,GE-Phase,stroke,63789,64277,488,488,0.366,-89,756
63700,65033,1333,0,GE-Phase,retraction,64277,64734,457,457,0.343,-577,299
63700,65033,1333,0,GE-Phase,preparation,64734,65047,313,299,0.224,-1034,-14
10765,11870,1105,0,GE-Phrase,204,10681,11709,1028,944,0.854,84,161
10765,11870,1105,0,GE-Phrase,205,11709,12745,1036,161,0.146,-944,-875
10765,11870,1105,0,GE-Phase,stroke,10681,11709,1028,944,0.854,84,161
10765,11870,1105,0,GE-Phase,stroke,11709,12745,1036,161,0.146,-944,-875
14560,15870,1310,0,GE-Phrase,206,12745,15828,3083,1268,0.968,1815,42
14560,15870,1310,0,GE-Phrase,207,15828,17061,1233,42,0.032,-1268,-1191
14560,15870,1310,0,GE-Phase,retraction,14308,15828,1520,1268,0.968,252,42
14560,15870,1310,0,GE-Phase,preparation,15828,16148,320,42,0.032,-1268,-278
22570,25660,3090,0,GE-Phrase,209,23133,25933,2800,2527,0.818,-563,-273
22570,25660,3090,0,GE-Phase,stroke,23133,23986,853,853,0.276,-563,1674
22570,25660,3090,0,GE-Phase,hold,23986,25933,1947,1674,0.542,-1416,-273
26022,27563,1541,0,GE-Phrase,210,25933,27493,1560,1471,0.955,89,70
26022,27563,1541,0,GE-Phrase,211,27493,29702,2209,70,0.045,-1471,-2139
26022,27563,1541,0,GE-Phase,preparation,25933,26485,552,463,0.3,89,1078
26022,27563,1541,0,GE-Phase,stroke,26485,27493,1008,1008,0.654,-463,70
26022,27563,1541,0,GE-Phase,stroke,27493,28197,704,70,0.045,-1471,-634
29529,31227,1698,0,GE-Phrase,211,27493,29702,2209,173,0.102,2036,1525
29529,31227,1698,0,GE-Phase,retraction,28197,29702,1505,173,0.102,1332,1525
33285,34491,1206,0,GE-Phrase,213,32366,34665,2299,1206,1.0,919,-174
33285,34491,1206,0,GE-Phase,stroke,32790,33932,1142,647,0.536,495,559
33285,34491,1206,0,GE-Phase,retraction,33932,34665,733,559,0.464,-647,-174
50217,51572,1355,0,GE-Phrase,221,49804,51662,1858,1355,1.0,413,-90
50217,51572,1355,0,GE-Phase,preparation,49804,50351,547,134,0.099,413,1221
50217,51572,1355,0,GE-Phase,stroke,50351,51136,785,785,0.579,-134,436
50217,51572,1355,0,GE-Phase,retraction,51136,51662,526,436,0.322,-919,-90
62628,63700,1072,0,GE-Phrase,224,62322,63789,1467,1072,1.0,306,-89
62628,63700,1072,0,GE-Phase,stroke,62322,63055,733,427,0.398,306,645
62628,63700,1072,0,GE-Phase,hold,63055,63789,734,645,0.602,-427,-89
63700,65033,1333,0,GE-Phrase,224,62322,63789,1467,89,0.067,1378,1244
63700,65033,1333,0,GE-Phrase,225,63789,64734,945,945,0.709,-89,299
63700,65033,1333,0,GE-Phrase,226,64734,66622,1888,299,0.224,-1034,-1589
63700,65033,1333,0,GE-Phase,hold,63055,63789,734,89,0.067,645,1244
63700,65033,1333,0,GE-Phase,stroke,63789,64277,488,488,0.366,-89,756
63700,65033,1333,0,GE-Phase,retraction,64277,64734,457,457,0.343,-577,299
63700,65033,1333,0,GE-Phase,preparation,64734,65047,313,299,0.224,-1034,-14
10765,11870,1105,0,GE-Phrase,204,10681,11709,1028,944,0.854,84,161
10765,11870,1105,0,GE-Phrase,205,11709,12745,1036,161,0.146,-944,-875
10765,11870,1105,0,GE-Phase,stroke,10681,11709,1028,944,0.854,84,161
10765,11870,1105,0,GE-Phase,stroke,11709,12745,1036,161,0.146,-944,-875
14560,15870,1310,0,GE-Phrase,206,12745,15828,3083,1268,0.968,1815,42
14560,15870,1310,0,GE-Phrase,207,15828,17061,1233,42,0.032,-1268,-1191
14560,15870,1310,0,GE-Phase,retraction,14308,15828,1520,1268,0.968,252,42
14560,15870,1310,0,GE-Phase,preparation,15828,16148,320,42,0.032,-1268,-278
22570,25660,3090,0,GE-Phrase,209,23133,25933,2800,2527,0.818,-563,-273
22570,25660,3090,0,GE-Phase,stroke,23133,23986,853,853,0.276,-563,1674
22570,25660,3090,0,GE-Phase,hold,23986,25933,1947,1674,0.542,-1416,-273
26022,27563,1541,0,GE-Phrase,210,25933,27493,1560,1471,0.955,89,70
26022,27563,1541,0,GE-Phrase,211,27493,29702,2209,70,0.045,-1471,-2139
26022,27563,1541,0,GE-Phase,preparation,25933,26485,552,463,0.3,89,1078
26022,27563,1541,0,GE-Phase,stroke,26485,27493,1008,1008,0.654,-463,70
26022,27563,1541,0,GE-Phase,stroke,27493,28197,704,70,0.045,-1471,-634
29529,31227,1698,0,GE-Phrase,211,27493,29702,2209,173,0.102,2036,1525
29529,31227,1698,0,GE-Phase,retraction,28197,29702,1505,173,0.102,1332,1525
33285,34491,1206,0,GE-Phrase,213,32366,34665,2299,1206,1.0,919,-174
33285,34491,1206,0,GE-Phase,stroke,32790,33932,1142,647,0.536,495,559
33285,34491,1206,0,GE-Phase,retraction,33932,34665,733,559,0.464,-647,-174
50217,51572,1355,0,GE-Phrase,221,49804,51662,1858,1355,1.0,413,-90
50217,51572,1355,0,GE-Phase,preparation,49804,50351,547,134,0.099,413,1221
50217,51572,1355,0,GE-Phase,stroke,50351,51136,785,785,0.579,-134,436
50217,51572,1355,0,GE-Phase,retraction,51136,51662,526,436,0.322,-919,-90
62628,63700,1072,0,GE-Phrase,224,62322,63789,1467,1072,1.0,306,-89
62628,63700,1072,0,GE-Phase,stroke,62322,63055,733,427,0.398,306,645
62628,63700,1072,0,GE-Phase,hold,63055,63789,734,645,0.602,-427,-89
63700,65033,1333,0,GE-Phrase,224,62322,63789,1467,89,0.067,1378,1244
63700,65033,1333,0,GE-Phrase,225,63789,64734,945,945,0.709,-89,299
63700,65033,1333,0,GE-Phrase,226,64734,66622,1888,299,0.224,-1034,-1589
63700,65033,1333,0,GE-Phase,hold,63055,63789,734,89,0.067,645,1244
63700,65033,1333,0,GE-Phase,stroke,63789,64277,488,488,0.366,-89,756
63700,65033,1333,0,GE-Phase,retraction,64277,64734,457,457,0.343,-577,299
63700,65033,1333,0,GE-Phase,preparation,64734,65047,313,299,0.224,-1034,-14
10765,11870,1105,0,GE-Phrase,204,10681,11709,1028,944,0.854,84,161
10765,11870,1105,0,GE-Phrase,205,11709,12745,1036,161,0.146,-944,-875
10765,11870,1105,0,GE-Phase,stroke,10681,11709,1028,944,0.854,84,161
10765,11870,1105,0,GE-Phase,stroke,11709,12745,1036,161,0.146,-944,-875
14560,15870,1310,0,GE-Phrase,206,12745,15828,3083,1268,0.968,1815,42
14560,15870,1310,0,GE-Phrase,207,15828,17061,1233,42,0.032,-1268,-1191
14560,15870,1310,0,GE-Phase,retraction,14308,15828,1520,1268,0.968,252,42
14560,15870,1310,0,GE-Phase,preparation,15828,16148,320,42,0.032,-1268,-278
22570,25660,3090,0,GE-Phrase,209,23133,25933,2800,2527,0.818,-563,-273
22570,25660,3090,0,GE-Phase,stroke,23133,23986,853,853,0.276,-563,1674
22570,25660,3090,0,GE-Phase,hold,23986,25933,1947,1674,0.542,-1416,-273
26022,27563,1541,0,GE-Phrase,210,25933,27493,1560,1471,0.955,89,70
26022,27563,1541,0,GE-Phrase,211,27493,29702,2209,70,0.045,-1471,-2139
26022,27563,1541,0,GE-Phase,preparation,25933,26485,552,463,0.3,89,1078
26022,27563,1541,0,GE-Phase,stroke,26485,27493,1008,1008,0.654,-463,70
26022,27563,1541,0,GE-Phase,stroke,27493,28197,704,70,0.045,-1471,-634
29529,31227,1698,0,GE-Phrase,211,27493,29702,2209,173,0.102,2036,1525
29529,31227,1698,0,GE-Phase,retraction,28197,29702,1505,173,0.102,1332,1525
33285,34491,1206,0,GE-Phrase,213,32366,34665,2299,1206,1.0,919,-174
33285,34491,1206,0,GE-Phase,stroke,32790,33932,1142,647,0.536,495,559
33285,34491,1206,0,GE-Phase,retraction,33932,34665,733,559,0.464,-647,-174
50217,51572,1355,0,GE-Phrase,221,49804,51662,1858,1355,1.0,413,-90
50217,51572,1355,0,GE-Phase,preparation,49804,50351,547,134,0.099,413,1221
50217,51572,1355,0,GE-Phase,stroke,50351,51136,785,785,0.579,-134,436
50217,51572,1355,0,GE-Phase,retraction,51136,51662,526,436,0.322,-919,-90
62628,63700,1072,0,GE-Phrase,224,62322,63789,1467,1072,1.0,306,-89
62628,63700,1072,0,GE-Phase,stroke,62322,63055,733,427,0.398,306,645
62628,63700,1072,0,GE-Phase,hold,63055,63789,734,645,0.602,-427,-89
63700,65033,1333,0,GE-Phrase,224,62322,63789,1467,89,0.067,1378,1244
63700,65033,1333,0,GE-Phrase,225,63789,64734,945,945,0.709,-89,299
63700,65033,1333,0,GE-Phrase,226,64734,66622,1888,299,0.224,-1034,-1589
63700,65033,1333,0,GE-Phase,hold,63055,63789,734,89,0.067,645,1244
63700,65033,1333,0,GE-Phase,stroke,63789,64277,488,488,0.366,-89,756
63700,65033,1333,0,GE-Phase,retraction,64277,64734,457,457,0.343,-577,299
63700,65033,1333,0,GE-Phase,preparation,64734,65047,313,299,0.224,-1034,-14
10765,11870,1105,0,GE-Phrase,204,10681,11709,1028,944,0.854,84,161
10765,11870,1105,0,GE-Phrase,205,11709,12745,1036,161,0.146,-944,-875
10765,11870,1105,0,GE-Phase,stroke,10681,11709,1028,944,0.854,84,161
10765,11870,1105,0,GE-Phase,stroke,11709,12745,1036,161,0.146,-944,-875
14560,15870,1310,0,GE-Phrase,206,12745,15828,3083,1268,0.968,1815,42
14560,15870,1310,0,GE-Phrase,207,15828,17061,1233,42,0.032,-1268,-1191
14560,15870,1310,0,GE-Phase,retraction,14308,15828,1520,1268,0.968,252,42
14560,15870,1310,0,GE-Phase,preparation,15828,16148,320,42,0.032,-1268,-278
22570,25660,3090,0,GE-Phrase,209,23133,25933,2800,2527,0.818,-563,-273
22570,25660,3090,0,GE-Phase,stroke,23133,23986,853,853,0.276,-563,1674
22570,25660,3090,0,GE-Phase,hold,23986,25933,1947,1674,0.542,-1416,-273
26022,27563,1541,0,GE-Phrase,210,25933,27493,1560,1471,0.955,89,70
26022,27563,1541,0,GE-Phrase,211,27493,29702,2209,70,0.045,-1471,-2139
26022,27563,1541,0,GE-Phase,preparation,25933,26485,552,463,0.3,89,1078
26022,27563,1541,0,GE-Phase,stroke,26485,27493,1008,1008,0.654,-463,70
26022,27563,1541,0,GE-Phase,stroke,27493,28197,704,70,0.045,-1471,-634
29529,31227,1698,0,GE-Phrase,211,27493,29702,2209,173,0.102,2036,1525
29529,31227,1698,0,GE-Phase,retraction,28197,29702,1505,173,0.102,1332,1525
33285,34491,1206,0,GE-Phrase,213,32366,34665,2299,1206,1.0,919,-174
33285,34491,1206,0,GE-Phase,stroke,32790,33932,1142,647,0.536,495,559
33285,34491,1206,0,GE-Phase,retraction,33932,34665,733,559,0.464,-647,-174
50217,51572,1355,0,GE-Phrase,221,49804,51662,1858,1355,1.0,413,-90
50217,51572,1355,0,GE-Phase,preparation,49804,50351,547,134,0.099,413,1221
50217,51572,1355,0,GE-Phase,stroke,50351,51136,785,785,0.579,-134,436
50217,51572,1355,0,GE-Phase,retraction,51136,51662,526,436,0.322,-919,-90
62628,63700,1072,0,GE-Phrase,224,62322,63789,1467,1072,1.0,306,-89
62628,63700,1072,0,GE-Phase,stroke,62322,63055,733,427,0.398,306,645
62628,63700,1072,0,GE-Phase,hold,63055,63789,734,645,0.602,-427,-89
63700,65033,1333,0,GE-Phrase,224,62322,63789,1467,89,0.067,1378,1244
63700,65033,1333,0,GE-Phrase,225,63789,64734,945,945,0.709,-89,299
63700,65033,1333,0,GE-Phrase,226,64734,66622,1888,299,0.224,-1034,-1589
63700,65033,1333,0,GE-Phase,hold,63055,63789,734,89,0.067,645,1244
63700,65033,1333,0,GE-Phase,stroke,63789,64277,488,488,0.366,-89,756
63700,65033,1333,0,GE-Phase,retraction,64277,64734,457,457,0.343,-577,299
63700,65033,1333,0,GE-Phase,preparation,64734,65047,313,299,0.224,-1034,-14
10765,11870,1105,0,GE-Phrase,204,10681,11709,1028,944,0.854,84,161
10765,11870,1105,0,GE-Phrase,205,11709,12745,1036,161,0.146,-944,-875
10765,11870,1105,0,GE-Phase,stroke,10681,11709,1028,944,0.854,84,161
10765,11870,1105,0,GE-Phase,stroke,11709,12745,1036,161,0.146,-944,-875
14560,15870,1310,0,GE-Phrase,206,12745,15828,3083,1268,0.968,1815,42
14560,15870,1310,0,GE-Phrase,207,15828,17061,1233,42,0.032,-1268,-1191
14560,15870,1310,0,GE-Phase,retraction,14308,15828,1520,1268,0.968,252,42
14560,15870,1310,0,GE-Phase,preparation,15828,16148,320,42,0.032,-1268,-278
22570,25660,3090,0,GE-Phrase,209,23133,25933,2800,2527,0.818,-563,-273
22570,25660,3090,0,GE-Phase,stroke,23133,23986,853,853,0.276,-563,1674
22570,25660,3090,0,GE-Phase,hold,23986,25933,1947,1674,0.542,-1416,-273
26022,27563,1541,0,GE-Phrase,210,25933,27493,1560,1471,0.955,89,70
26022,27563,1541,0,GE-Phrase,211,27493,29702,2209,70,0.045,-1471,-2139
26022,27563,1541,0,GE-Phase,preparation,25933,26485,552,463,0.3,89,1078
26022,27563,1541,0,GE-Phase,stroke,26485,27493,1008,1008,0.654,-463,70
26022,27563,1541,0,GE-Phase,stroke,27493,28197,704,70,0.045,-1471,-634
29529,31227,1698,0,GE-Phrase,211,27493,29702,2209,173,0.102,2036,1525
29529,31227,1698,0,GE-Phase,retraction,28197,29702,1505,173,0.102,1332,1525
33285,34491,1206,0,GE-Phrase,213,32366,34665,2299,1206,1.0,919,-174
33285,34491,1206,0,GE-Phase,stroke,32790,33932,1142,647,0.536,495,559
33285,34491,1206,0,GE-Phase,retraction,33932,34665,733,559,0.464,-647,-174
50217,51572,1355,0,GE-Phrase,221,49804,51662,1858,1355,1.0,413,-90
50217,51572,1355,0,GE-Phase,preparation,49804,50351,547,134,0.099,413,1221
50217,51572,1355,0,GE-Phase,stroke,50351,51136,785,785,0.579,-134,436
50217,51572,1355,0,GE-Phase,retraction,51136,51662,526,436,0.322,-919,-90
62628,63700,1072,0,GE-Phrase,224,62322,63789,1467,1072,1.0,306,-89
62628,63700,1072,0,GE-Phase,stroke,62322,63055,733,427,0.398,306,645
62628,63700,1072,0,GE-Phase,hold,63055,63789,734,645,0.602,-427,-89
63700,65033,1333,0,GE-Phrase,224,62322,63789,1467,89,0.067,1378,1244
63700,65033,1333,0,GE-Phrase,225,63789,64734,945,945,0.709,-89,299
63700,65033,1333,0,GE-Phrase,226,64734,66622,1888,299,0.224,-1034,-1589
63700,65033,1333,0,GE-Phase,hold,63055,63789,734,89,0.067,645,1244
63700,65033,1333,0,GE-Phase,stroke,63789,64277,488,488,0.366,-89,756
63700,65033,1333,0,GE-Phase,retraction,64277,64734,457,457,0.343,-577,299
63700,65033,1333,0,GE-Phase,preparation,64734,65047,313,299,0.224,-1034,-14
10765,11870,1105,0,GE-Phrase,204,10681,11709,1028,944,0.854,84,161
10765,11870,1105,0,GE-Phrase,205,11709,12745,1036,161,0.146,-944,-875
10765,11870,1105,0,GE-Phase,stroke,10681,11709,1028,944,0.854,84,161
10765,11870,1105,0,GE-Phase,stroke,11709,12745,1036,161,0.146,-944,-875
14560,15870,1310,0,GE-Phrase,206,12745,15828,3083,1268,0.968,1815,42
14560,15870,1310,0,GE-Phrase,207,15828,17061,1233,42,0.032,-1268,-1191
14560,15870,1310,0,GE-Phase,retraction,14308,15828,1520,1268,0.968,252,42
14560,15870,1310,0,GE-Phase,preparation,15828,16148,320,42,0.032,-1268,-278
22570,25660,3090,0,GE-Phrase,209,23133,25933,2800,2527,0.818,-563,-273
22570,25660,3090,0,GE-Phase,stroke,23133,23986,853,853,0.276,-563,1674
22570,25660,3090,0,GE-Phase,hold,23986,25933,1947,1674,0.542,-1416,-273
26022,27563,1541,0,GE-Phrase,210,25933,27493,1560,1471,0.955,89,70
26022,27563,1541,0,GE-Phrase,211,27493,29702,2209,70,0.045,-1471,-2139
26022,27563,1541,0,GE-Phase,preparation,25933,26485,552,463,0.3,89,1078
26022,27563,1541,0,GE-Phase,stroke,26485,27493,1008,1008,0.654,-463,70
26022,27563,1541,0,GE-Phase,stroke,27493,28197,704,70,0.045,-1471,-634
29529,31227,1698,0,GE-Phrase,211,27493,29702,2209,173,0.102,2036,1525
29529,31227,1698,0,GE-Phase,retraction,28197,29702,1505,173,0.102,1332,1525
33285,34491,1206,0,GE-Phrase,213,32366,34665,2299,1206,1.0,919,-174
33285,34491,1206,0,GE-Phase,stroke,32790,33932,1142,647,0.536,495,559
33285,34491,1206,0,GE-Phase,retraction,33932,34665,733,559,0.464,-647,-174
50217,51572,1355,0,GE-Phrase,221,49804,51662,1858,1355,1.0,413,-90
50217,51572,1355,0,GE-Phase,preparation,49804,50351,547,134,0.099,413,1221
50217,51572,1355,0,GE-Phase,stroke,50351,51136,785,785,0.579,-134,436
50217,51572,1355,0,GE-Phase,retraction,51136,51662,526,436,0.322,-919,-90
62628,63700,1072,0,GE-Phrase,224,62322,63789,1467,1072,1.0,306,-89
62628,63700,1072,0,GE-Phase,stroke,62322,63055,733,427,0.398,306,645
62628,63700,1072,0,GE-Phase,hold,63055,63789,734,645,0.602,-427,-89
63700,65033,1333,0,GE-Phrase,224,62322,63789,1467,89,0.067,1378,1244
63700,65033,1333,0,GE-Phrase,225,63789,64734,945,945,0.709,-89,299
63700,65033,1333,0,GE-Phrase,226,64734,66622,1888,299,0.224,-1034,-1589
63700,65033,1333,0,GE-Phase,hold,63055,63789,734,89,0.067,645,1244
63700,65033,1333,0,GE-Phase,stroke,63789,64277,488,488,0.366,-89,756
63700,65033,1333,0,GE-Phase,retraction,64277,64734,457,457,0.343,-577,299
63700,65033,1333,0,GE-Phase,preparation,64734,65047,313,299,0.224,-1034,-14
10765,11870,1105,0,GE-Phrase,204,10681,11709,1028,944,0.854,84,161
10765,11870,1105,0,GE-Phrase,205,11709,12745,1036,161,0.146,-944,-875
10765,11870,1105,0,GE-Phase,stroke,10681,11709,1028,944,0.854,84,161
10765,11870,1105,0,GE-Phase,stroke,11709,12745,1036,161,0.146,-944,-875
14560,15870,1310,0,GE-Phrase,206,12745,15828,3083,1268,0.968,1815,42
14560,15870,1310,0,GE-Phrase,207,15828,17061,1233,42,0.032,-1268,-1191
14560,15870,1310,0,GE-Phase,retraction,14308,15828,1520,1268,0.968,252,42
14560,15870,1310,0,GE-Phase,preparation,15828,16148,320,42,0.032,-1268,-278
22570,25660,3090,0,GE-Phrase,209,23133,25933,2800,2527,0.818,-563,-273
22570,25660,3090,0,GE-Phase,stroke,23133,23986,853,853,0.276,-563,1674
22570,25660,3090,0,GE-Phase,hold,23986,25933,1947,1674,0.542,-1416,-273
26022,27563,1541,0,GE-Phrase,210,25933,27493,1560,1471,0.955,89,70
26022,27563,1541,0,GE-Phrase,211,27493,29702,2209,70,0.045,-1471,-2139
26022,27563,1541,0,GE-Phase,preparation,25933,26485,552,463,0.3,89,1078
26022,27563,1541,0,GE-Phase,stroke,26485,27493,1008,1008,0.654,-463,70
26022,27563,1541,0,GE-Phase,stroke,27493,28197,704,70,0.045,-1471,-634
29529,31227,1698,0,GE-Phrase,211,27493,29702,2209,173,0.102,2036,1525
29529,31227,1698,0,GE-Phase,retraction,28197,29702,1505,173,0.102,1332,1525
33285,34491,1206,0,GE-Phrase,213,32366,34665,2299,1206,1.0,919,-174
33285,34491,1206,0,GE-Phase,stroke,32790,33932,1142,647,0.536,495,559
33285,34491,1206,0,GE-Phase,retraction,33932,34665,733,559,0.464,-647,-174
50217,51572,1355,0,GE-Phrase,221,49804,51662,1858,1355,1.0,413,-90
50217,51572,1355,0,GE-Phase,preparation,49804,50351,547,134,0.099,413,1221
50217,51572,1355,0,GE-Phase,stroke,50351,51136,785,785,0.579,-134,436
50217,51572,1355,0,GE-Phase,retraction,51136,51662,526,436,0.322,-919,-90
62628,63700,1072,0,GE-Phrase,224,62322,63789,1467,1072,1.0,306,-89
62628,63700,1072,0,GE-Phase,stroke,62322,63055,733,427,0.398,306,645
62628,63700,1072,0,GE-Phase,hold,63055,63789,734,645,0.602,-427,-89
63700,65033,1333,0,GE-Phrase,224,62322,63789,1467,89,0.067,1378,1244
63700,65033,1333,0,GE-Phrase,225,63789,64734,945,945,0.709,-89,299
63700,65033,1333,0,GE-Phrase,226,64734,66622,1888,299,0.224,-1034,-1589
63700,65033,1333,0,GE-Phase,hold,63055,63789,734,89,0.067,645,1244
63700,65033,1333,0,GE-Phase,stroke,63789,64277,488,488,0.366,-89,756
63700,65033,1333,0,GE-Phase,retraction,64277,64734,457,457,0.343,-577,299
63700,65033,1333,0,GE-Phase,preparation,64734,65047,313,299,0.224,-1034,-14
10765,11870,1105,0,GE-Phrase,204,10681,11709,1028,944,0.854,84,161
10765,11870,1105,0,GE-Phrase,205,11709,12745,1036,161,0.146,-944,-875
10765,11870,1105,0,GE-Phase,stroke,10681,11709,1028,944,0.854,84,161
10765,11870,1105,0,GE-Phase,stroke,11709,12745,1036,161,0.146,-944,-875
14560,15870,1310,0,GE-Phrase,206,12745,15828,3083,1268,0.968,1815,42
14560,15870,1310,0,GE-Phrase,207,15828,17061,1233,42,0.032,-1268,-1191
14560,15870,1310,0,GE-Phase,retraction,14308,15828,1520,1268,0.968,252,42
14560,15870,1310,0,GE-Phase,preparation,15828,16148,320,42,0.032,-1268,-278
22570,25660,3090,0,GE-Phrase,209,23133,25933,2800,2527,0.818,-563,-273
22570,25660,3090,0,GE-Phase,stroke,23133,23986,853,853,0.276,-563,1674
22570,25660,3090,0,GE-Phase,hold,23986,25933,1947,1674,0.542,-1416,-273
26022,27563,1541,0,GE-Phrase,210,25933,27493,1560,1471,0.955,89,70
26022,27563,1541,0,GE-Phrase,211,27493,29702,2209,70,0.045,-1471,-2139
26022,27563,1541,0,GE-Phase,preparation,25933,26485,552,463,0.3,89,1078
26022,27563,1541,0,GE-Phase,stroke,26485,27493,1008,1008,0.654,-463,70
26022,27563,1541,0,GE-Phase,stroke,27493,28197,704,70,0.045,-1471,-634
29529,31227,1698,0,GE-Phrase,211,27493,29702,2209,173,0.102,2036,1525
29529,31227,1698,0,GE-Phase,retraction,28197,29702,1505,173,0.102,1332,1525
33285,34491,1206,0,GE-Phrase,213,32366,34665,2299,1206,1.0,919,-174
33285,34491,1206,0,GE-Phase,stroke,32790,33932,1142,647,0.536,495,559
33285,34491,1206,0,GE-Phase,retraction,33932,34665,733,559,0.464,-647,-174
50217,51572,1355,0,GE-Phrase,221,49804,51662,1858,1355,1.0,413,-90
50217,51572,1355,0,GE-Phase,preparation,49804,50351,547,134,0.099,413,1221
50217,51572,1355,0,GE-Phase,stroke,50351,51136,785,785,0.579,-134,436
50217,51572,1355,0,GE-Phase,retraction,51136,51662,526,436,0.322,-919,-90
62628,63700,1072,0,GE-Phrase,224,62322,63789,1467,1072,1.0,306,-89
62628,63700,1072,0,GE-Phase,stroke,62322,63055,733,427,0.398,306,645
62628,63700,1072,0,GE-Phase,hold,63055,63789,734,645,0.602,-427,-89
63700,65033,1333,0,GE-Phrase,224,62322,63789,1467,89,0.067,1378,1244
63700,65033,1333,0,GE-Phrase,225,63789,64734,945,945,0.709,-89,299
63700,65033,1333,0,GE-Phrase,226,64734,66622,1888,299,0.224,-1034,-1589
63700,65033,1333,0,GE-Phase,hold,63055,63789,734,89,0.067,645,1244
63700,65033,1333,0,GE-Phase,stroke,63789,64277,488,488,0.366,-89,756
63700,65033,1333,0,GE-Phase,retraction,64277,64734,457,457,0.343,-577,299
63700,65033,1333,0,GE-Phase,preparation,64734,65047,313,299,0.224,-1034,-14
10765,11870,1105,0,GE-Phrase,204,10681,11709,1028,944,0.854,84,161
10765,11870,1105,0,GE-Phrase,205,11709,12745,1036,161,0.146,-944,-875
10765,11870,1105,0,GE-Phase,stroke,10681,11709,1028,944,0.854,84,161
10765,11870,1105,0,GE-Phase,stroke,11709,12745,1036,161,0.146,-944,-875
14560,15870,1310,0,GE-Phrase,206,12745,15828,3083,1268,0.968,1815,42
14560,15870,1310,0,GE-Phrase,207,15828,17061,1233,42,0.032,-1268,-1191
14560,15870,1310,0,GE-Phase,retraction,14308,15828,1520,1268,0.968,252,42
14560,15870,1310,0,GE-Phase,preparation,15828,16148,320,42,0.032,-1268,-278
22570,25660,3090,0,GE-Phrase,209,23133,25933,2800,2527,0.818,-563,-273
22570,25660,3090,0,GE-Phase,stroke,23133,23986,853,853,0.276,-563,1674
22570,25660,3090,0,GE-Phase,hold,23986,25933,1947,1674,0.542,-1416,-273
26022,27563,1541,0,GE-Phrase,210,25933,27493,1560,1471,0.955,89,70
26022,27563,1541,0,GE-Phrase,211,27493,29702,2209,70,0.045,-1471,-2139
26022,27563,1541,0,GE-Phase,preparation,25933,26485,552,463,0.3,89,1078
26022,27563,1541,0,GE-Phase,stroke,26485,27493,1008,1008,0.654,-463,70
26022,27563,1541,0,GE-Phase,stroke,27493,28197,704,70,0.045,-1471,-634
29529,31227,1698,0,GE-Phrase,211,27493,29702,2209,173,0.102,2036,1525
29529,31227,1698,0,GE-Phase,retraction,28197,29702,1505,173,0.102,1332,1525
33285,34491,1206,0,GE-Phrase,213,32366,34665,2299,1206,1.0,919,-174
33285,34491,1206,0,GE-Phase,stroke,32790,33932,1142,647,0.536,495,559
33285,34491,1206,0,GE-Phase,retraction,33932,34665,733,559,0.464,-647,-174
50217,51572,1355,0,GE-Phrase,221,49804,51662,1858,1355,1.0,413,-90
50217,51572,1355,0,GE-Phase,preparation,49804,50351,547,134,0.099,413,1221
50217,51572,1355,0,GE-Phase,stroke,50351,51136,785,785,0.579,-134,436
50217,51572,1355,0,GE-Phase,retraction,51136,51662,526,436,0.322,-919,-90
62628,63700,1072,0,GE-Phrase,224,62322,63789,1467,1072,1.0,306,-89
62628,63700,1072,0,GE-Phase,stroke,62322,63055,733,427,0.398,306,645
62628,63700,1072,0,GE-Phase,hold,63055,63789,734,645,0.602,-427,-89
63700,65033,1333,0,GE-Phrase,224,62322,63789,1467,89,0.067,1378,1244
63700,65033,1333,0,GE-Phrase,225,63789,64734,945,945,0.709,-89,299
63700,65033,1333,0,GE-Phrase,226,64734,66622,1888,299,0.224,-1034,-1589
63700,65033,1333,0,GE-Phase,hold,63055,63789,734,89,0.067,645,1244
63700,65033,1333,0,GE-Phase,stroke,63789,64277,488,488,0.366,-89,756
63700,65033,1333,0,GE-Phase,retraction,64277,64734,457,457,0.343,-577,299
63700,65033,1333,0,GE-Phase,preparation,64734,65047,313,299,0.224,-1034,-14
10765,11870,1105,0,GE-Phrase,204,10681,11709,1028,944,0.854,84,161
10765,11870,1105,0,GE-Phrase,205,11709,12745,1036,161,0.146,-944,-875
10765,11870,1105,0,GE-Phase,stroke,10681,11709,1028,944,0.854,84,161
10765,11870,1105,0,GE-Phase,stroke,11709,12745,1036,161,0.146,-944,-875
14560,15870,1310,0,GE-Phrase,206,12745,15828,3083,1268,0.968,1815,42
14560,15870,1310,0,GE-Phrase,207,15828,17061,1233,42,0.032,-1268,-1191
14560,15870,1310,0,GE-Phase,retraction,14308,15828,1520,1268,0.968,252,42
14560,15870,1310,0,GE-Phase,preparation,15828,16148,320,42,0.032,-1268,-278
22570,25660,3090,0,GE-Phrase,209,23133,25933,2800,2527,0.818,-563,-273
22570,25660,3090,0,GE-Phase,stroke,23133,23986,853,853,0.276,-563,1674
22570,25660,3090,0,GE-Phase,hold,23986,25933,1947,1674,0.542,-1416,-273
26022,27563,1541,0,GE-Phrase,210,25933,27493,1560,1471,0.955,89,70
26022,27563,1541,0,GE-Phrase,211,27493,29702,2209,70,0.045,-1471,-2139
26022,27563,1541,0,GE-Phase,preparation,25933,26485,552,463,0.3,89,1078
26022,27563,1541,0,GE-Phase,stroke,26485,27493,1008,1008,0.654,-463,70
26022,27563,1541,0,GE-Phase,stroke,27493,28197,704,70,0.045,-1471,-634
29529,31227,1698,0,GE-Phrase,211,27493,29702,2209,173,0.102,2036,1525
29529,31227,1698,0,GE-Phase,retraction,28197,29702,1505,173,0.102,1332,1525
33285,34491,1206,0,GE-Phrase,213,32366,34665,2299,1206,1.0,919,-174
33285,34491,1206,0,GE-Phase,stroke,32790,33932,1142,647,0.536,495,559
33285,34491,1206,0,GE-Phase,retraction,33932,34665,733,559,0.464,-647,-174
50217,51572,1355,0,GE-Phrase,221,49804,51662,1858,1355,1.0,413,-90
50217,51572,1355,0,GE-Phase,preparation,49804,50351,547,134,0.099,413,1221
50217,51572,1355,0,GE-Phase,stroke,50351,51136,785,785,0.579,-134,436
50217,51572,1355,0,GE-Phase,retraction,51136,51662,526,436,0.322,-919,-90
62628,63700,1072,0,GE-Phrase,224,62322,63789,1467,1072,1.0,306,-89
62628,63700,1072,0,GE-Phase,stroke,62322,63055,733,427,0.398,306,645
62628,63700,1072,0,GE-Phase,hold,63055,63789,734,645,0.602,-427,-89
63700,65033,1333,0,GE-Phrase,224,62322,63789,1467,89,0.067,1378,1244
63700,65033,1333,0,GE-Phrase,225,63789,64734,945,945,0.709,-89,299
63700,65033,1333,0,GE-Phrase,226,64734,66622,1888,299,0.224,-1034,-1589
63700,65033,1333,0,GE-Phase,hold,63055,63789,734,89,0.067,645,1244
63700,65033,1333,0,GE-Phase,stroke,63789,64277,488,488,0.366,-89,756
63700,65033,1333,0,GE-Phase,retraction,64277,64734,457,457,0.343,-577,299
63700,65033,1333,0,GE-Phase,preparation,64734,65047,313,299,0.224,-1034,-14
10765,11870,1105,0,GE-Phrase,204,10681,11709,1028,944,0.854,84,161
10765,11870,1105,0,GE-Phrase,205,11709,12745,1036,161,0.146,-944,-875
10765,11870,1105,0,GE-Phase,stroke,10681,11709,1028,944,0.854,84,161
10765,11870,1105,0,GE-Phase,stroke,11709,12745,1036,161,0.146,-944,-875
14560,15870,1310,0,GE-Phrase,206,12745,15828,3083,1268,0.968,1815,42
14560,15870,1310,0,GE-Phrase,207,15828,17061,1233,42,0.032,-1268,-1191
14560,15870,1310,0,GE-Phase,retraction,14308,15828,1520,1268,0.968,252,42
14560,15870,1310,0,GE-Phase,preparation,15828,16148,320,42,0.032,-1268,-278
22570,25660,3090,0,GE-Phrase,209,23133,25933,2800,2527,0.818,-563,-273
22570,25660,3090,0,GE-Phase,stroke,23133,23986,853,853,0.276,-563,1674
22570,25660,3090,0,GE-Phase,hold,23986,25933,1947,1674,0.542,-1416,-273
26022,27563,1541,0,GE-Phrase,210,25933,27493,1560,1471,0.955,89,70
26022,27563,1541,0,GE-Phrase,211,27493,29702,2209,70,0.045,-1471,-2139
26022,27563,1541,0,GE-Phase,preparation,25933,26485,552,463,0.3,89,1078
26022,27563,1541,0,GE-Phase,stroke,26485,27493,1008,1008,0.654,-463,70
26022,27563,1541,0,GE-Phase,stroke,27493,28197,704,70,0.045,-1471,-634
29529,31227,1698,0,GE-Phrase,211,27493,29702,2209,173,0.102,2036,1525
29529,31227,1698,0,GE-Phase,retraction,28197,29702,1505,173,0.102,1332,1525
33285,34491,1206,0,GE-Phrase,213,32366,34665,2299,1206,1.0,919,-174
33285,34491,1206,0,GE-Phase,stroke,32790,33932,1142,647,0.536,495,559
33285,34491,1206,0,GE-Phase,retraction,33932,34665,733,559,0.464,-647,-174
50217,51572,1355,0,GE-Phrase,221,49804,51662,1858,1355,1.0,413,-90
50217,51572,1355,0,GE-Phase,preparation,49804,50351,547,134,0.099,413,1221
50217,51572,1355,0,GE-Phase,stroke,50351,51136,785,785,0.579,-134,436
50217,51572,1355,0,GE-Phase,retraction,51136,51662,526,436,0.322,-919,-90
62628,63700,1072,0,GE-Phrase,224,62322,63789,1467,1072,1.0,306,-89
62628,63700,1072,0,GE-Phase,stroke,62322,63055,733,427,0.398,306,645
62628,63700,1072,0,GE-Phase,hold,63055,63789,734,645,0.602,-427,-89
63700,65033,1333,0,GE-Phrase,224,62322,63789,1467,89,0.067,1378,1244
63700,65033,1333,0,GE-Phrase,225,63789,64734,945,945,0.709,-89,299
63700,65033,1333,0,GE-Phrase,226,64734,66622,1888,299,0.224,-1034,-1589
63700,65033,1333,0,GE-Phase,hold,63055,63789,734,89,0.067,645,1244
63700,65033,1333,0,GE-Phase,stroke,63789,64277,488,488,0.366,-89,756
63700,65033,1333,0,GE-Phase,retraction,64277,64734,457,457,0.343,-577,299
63700,65033,1333,0,GE-Phase,preparation,64734,65047,313,299,0.224,-1034,-14
10765,11870,1105,0,GE-Phrase,204,10681,11709,1028,944,0.854,84,161
10765,11870,1105,0,GE-Phrase,205,11709,12745,1036,161,0.146,-944,-875
10765,11870,1105,0,GE-Phase,stroke,10681,11709,1028,944,0.854,84,161
10765,11870,1105,0,GE-Phase,stroke,11709,12745,1036,161,0.146,-944,-875
14560,15870,1310,0,GE-Phrase,206,12745,15828,3083,1268,0.968,1815,42
14560,15870,1310,0,GE-Phrase,207,15828,17061,1233,42,0.032,-1268,-1191
14560,15870,1310,0,GE-Phase,retraction,14308,15828,1520,1268,0.968,252,42
14560,15870,1310,0,GE-Phase,preparation,15828,16148,320,42,0.032,-1268,-278
22570,25660,3090,0,GE-Phrase,209,23133,25933,2800,2527,0.818,-563,-273
22570,25660,3090,0,GE-Phase,stroke,23133,23986,853,853,0.276,-563,1674
22570,25660,3090,0,GE-Phase,hold,23986,25933,1947,1674,0.542,-1416,-273
26022,27563,1541,0,GE-Phrase,210,25933,27493,1560,1471,0.955,89,70
26022,27563,1541,0,GE-Phrase,211,27493,29702,2209,70,0.045,-1471,-2139
26022,27563,1541,0,GE-Phase,preparation,25933,26485,552,463,0.3,89,1078
26022,27563,1541,0,GE-Phase,stroke,26485,27493,1008,1008,0.654,-463,70
26022,27563,1541,0,GE-Phase,stroke,27493,28197,704,70,0.045,-1471,-634
29529,31227,1698,0,GE-Phrase,211,27493,29702,2209,173,0.102,2036,1525
29529,31227,1698,0,GE-Phase,retraction,28197,29702,1505,173,0.102,1332,1525
33285,34491,1206,0,GE-Phrase,213,32366,34665,2299,1206,1.0,919,-174
33285,34491,1206,0,GE-Phase,stroke,32790,33932,1142,647,0.536,495,559
33285,34491,1206,0,GE-Phase,retraction,33932,34665,733,559,0.464,-647,-174
50217,51572,1355,0,GE-Phrase,221,49804,51662,1858,1355,1.0,413,-90
50217,51572,1355,0,GE-Phase,preparation,49804,50351,547,134,0.099,413,1221
50217,51572,1355,0,GE-Phase,stroke,50351,51136,785,785,0.579,-134,436
50217,51572,1355,0,GE-Phase,retraction,51136,51662,526,436,0.322,-919,-90
62628,63700,1072,0,GE-Phrase,224,62322,63789,1467,1072,1.0,306,-89
62628,63700,1072,0,GE-Phase,stroke,62322,63055,733,427,0.398,306,645
62628,63700,1072,0,GE-Phase,hold,63055,63789,734,645,0.602,-427,-89
63700,65033,1333,0,GE-Phrase,224,62322,63789,1467,89,0.067,1378,1244
63700,65033,1333,0,GE-Phrase,225,63789,64734,945,945,0.709,-89,299
63700,65033,1333,0,GE-Phrase,226,64734,66622,1888,299,0.224,-1034,-1589
63700,65033,1333,0,GE-Phase,hold,63055,63789,734,89,0.067,645,1244
63700,65033,1333,0,GE-Phase,stroke,63789,64277,488,488,0.366,-89,756
63700,65033,1333,0,GE-Phase,retraction,64277,64734,457,457,0.343,-577,299
63700,65033,1333,0,GE-Phase,preparation,64734,65047,313,299,0.224,-1034,-14
10765,11870,1105,0,GE-Phrase,204,10681,11709,1028,944,0.854,84,161
10765,11870,1105,0,GE-Phrase,205,11709,12745,1036,161,0.146,-944,-875
10765,11870,1105,0,GE-Phase,stroke,10681,11709,1028,944,0.854,84,161
10765,11870,1105,0,GE-Phase,stroke,11709,12745,1036,161,0.146,-944,-875
14560,15870,1310,0,GE-Phrase,206,12745,15828,3083,1268,0.968,1815,42
14560,15870,1310,0,GE-Phrase,207,15828,17061,1233,42,0.032,-1268,-1191
14560,15870,1310,0,GE-Phase,retraction,14308,15828,1520,1268,0.968,252,42
14560,15870,1310,0,GE-Phase,preparation,15828,16148,320,42,0.032,-1268,-278
22570,25660,3090,0,GE-Phrase,209,23133,25933,2800,2527,0.818,-563,-273
22570,25660,3090,0,GE-Phase,stroke,23133,23986,853,853,0.276,-563,1674
22570,25660,3090,0,GE-Phase,hold,23986,25933,1947,1674,0.542,-1416,-273
26022,27563,1541,0,GE-Phrase,210,25933,27493,1560,1471,0.955,89,70
26022,27563,1541,0,GE-Phrase,211,27493,29702,2209,70,0.045,-1471,-2139
26022,27563,1541,0,GE-Phase,preparation,25933,26485,552,463,0.3,89,1078
26022,27563,1541,0,GE-Phase,stroke,26485,27493,1008,1008,0.654,-463,70
26022,27563,1541,0,GE-Phase,stroke,27493,28197,704,70,0.045,-1471,-634
29529,31227,1698,0,GE-Phrase,211,27493,29702,2209,173,0.102,2036,1525
29529,31227,1698,0,GE-Phase,retraction,28197,29702,1505,173,0.102,1332,1525
33285,34491,1206,0,GE-Phrase,213,32366,34665,2299,1206,1.0,919,-174
33285,34491,1206,0,GE-Phase,stroke,32790,33932,1142,647,0.536,495,559
33285,34491,1206,0,GE-Phase,retraction,33932,34665,733,559,0.464,-647,-174
50217,51572,1355,0,GE-Phrase,221,49804,51662,1858,1355,1.0,413,-90
50217,51572,1355,0,GE-Phase,preparation,49804,50351,547,134,0.099,413,1221
50217,51572,1355,0,GE-Phase,stroke,50351,51136,785,785,0.579,-134,436
50217,51572,1355,0,GE-Phase,retraction,51136,51662,526,436,0.322,-919,-90
62628,63700,1072,0,GE-Phrase,224,62322,63789,1467,1072,1.0,306,-89
62628,63700,1072,0,GE-Phase,stroke,62322,63055,733,427,0.398,306,645
62628,63700,1072,0,GE-Phase,hold,63055,63789,734,645,0.602,-427,-89
63700,65033,1333,0,GE-Phrase,224,62322,63789,1467,89,0.067,1378,1244
63700,65033,1333,0,GE-Phrase,225,63789,64734,945,945,0.709,-89,299
63700,65033,1333,0,GE-Phrase,226,64734,66622,1888,299,0.224,-1034,-1589
63700,65033,1333,0,GE-Phase,hold,63055,63789,734,89,0.067,645,1244
63700,65033,1333,0,GE-Phase,stroke,63789,64277,488,488,0.366,-89,756
63700,65033,1333,0,GE-Phase,retraction,64277,64734,457,457,0.343,-577,299
63700,65033,1333,0,GE-Phase,preparation,64734,65047,313,299,0.224,-1034,-14
10765,11870,1105,0,GE-Phrase,204,10681,11709,1028,944,0.854,84,161
10765,11870,1105,0,GE-Phrase,205,11709,12745,1036,161,0.146,-944,-875
10765,11870,1105,0,GE-Phase,stroke,10681,11709,1028,944,0.854,84,161
10765,11870,1105,0,GE-Phase,stroke,11709,12745,1036,161,0.146,-944,-875
14560,15870,1310,0,GE-Phrase,206,12745,15828,3083,1268,0.968,1815,42
14560,15870,1310,0,GE-Phrase,207,15828,17061,1233,42,0.032,-1268,-1191
14560,15870,1310,0,GE-Phase,retraction,14308,15828,1520,1268,0.968,252,42
14560,15870,1310,0,GE-Phase,preparation,15828,16148,320,42,0.032,-1268,-278
22570,25660,3090,0,GE-Phrase,209,23133,25933,2800,2527,0.818,-563,-273
22570,25660,3090,0,GE-Phase,stroke,23133,23986,853,853,0.276,-563,1674
22570,25660,3090,0,GE-Phase,hold,23986,25933,1947,1674,0.542,-1416,-273
26022,27563,1541,0,GE-Phrase,210,25933,27493,1560,1471,0.955,89,70
26022,27563,1541,0,GE-Phrase,211,27493,29702,2209,70,0.045,-1471,-2139
26022,27563,1541,0,GE-Phase,preparation,25933,26485,552,463,0.3,89,1078
26022,27563,1541,0,GE-Phase,stroke,26485,27493,1008,1008,0.654,-463,70
26022,27563,1541,0,GE-Phase,stroke,27493,28197,704,70,0.045,-1471,-634
29529,31227,1698,0,GE-Phrase,211,27493,29702,2209,173,0.102,2036,1525
29529,31227,1698,0,GE-Phase,retraction,28197,29702,1505,173,0.102,1332,1525
33285,34491,1206,0,GE-Phrase,213,32366,34665,2299,1206,1.0,919,-174
33285,34491,1206,0,GE-Phase,stroke,32790,33932,1142,647,0.536,495,559
33285,34491,1206,0,GE-Phase,retraction,33932,34665,733,559,0.464,-647,-174
50217,51572,1355,0,GE-Phrase,221,49804,51662,1858,1355,1.0,413,-90
50217,51572,1355,0,GE-Phase,preparation,49804,50351,547,134,0.099,413,1221
50217,51572,1355,0,GE-Phase,stroke,50351,51136,785,785,0.579,-134,436
50217,51572,1355,0,GE-Phase,retraction,51136,51662,526,436,0.322,-919,-90
62628,63700,1072,0,GE-Phrase,224,62322,63789,1467,1072,1.0,306,-89
62628,63700,1072,0,GE-Phase,stroke,62322,63055,733,427,0.398,306,645
62628,63700,1072,0,GE-Phase,hold,63055,63789,734,645,0.602,-427,-89
63700,65033,1333,0,GE-Phrase,224,62322,63789,1467,89,0.067,1378,1244
63700,65033,1333,0,GE-Phrase,225,63789,64734,945,945,0.709,-89,299
63700,65033,1333,0,GE-Phrase,226,64734,66622,1888,299,0.224,-1034,-1589
63700,65033,1333,0,GE-Phase,hold,63055,63789,734,89,0.067,645,1244
63700,65033,1333,0,GE-Phase,stroke,63789,64277,488,488,0.366,-89,756
63700,65033,1333,0,GE-Phase,retraction,64277,64734,457,457,0.343,-577,299
63700,65033,1333,0,GE-Phase,preparation,64734,65047,313,299,0.224,-1034,-14
10765,11870,1105,0,GE-Phrase,204,10681,11709,1028,944,0.854,84,161
10765,11870,1105,0,GE-Phrase,205,11709,12745,1036,161,0.146,-944,-875
10765,11870,1105,0,GE-Phase,stroke,10681,11709,1028,944,0.854,84,161
10765,11870,1105,0,GE-Phase,stroke,11709,12745,1036,161,0.146,-944,-875
14560,15870,1310,0,GE-Phrase,206,12745,15828,3083,1268,0.968,1815,42
14560,15870,1310,0,GE-Phrase,207,15828,17061,1233,42,0.032,-1268,-1191
14560,15870,1310,0,GE-Phase,retraction,14308,15828,1520,1268,0.968,252,42
14560,15870,1310,0,GE-Phase,preparation,15828,16148,320,42,0.032,-1268,-278
22570,25660,3090,0,GE-Phrase,209,23133,25933,2800,2527,0.818,-563,-273
22570,25660,3090,0,GE-Phase,stroke,23133,23986,853,853,0.276,-563,1674
22570,25660,3090,0,GE-Phase,hold,23986,25933,1947,1674,0.542,-1416,-273
26022,27563,1541,0,GE-Phrase,210,25933,27493,1560,1471,0.955,89,70
26022,27563,1541,0,GE-Phrase,211,27493,29702,2209,70,0.045,-1471,-2139
26022,27563,1541,0,GE-Phase,preparation,25933,26485,552,463,0.3,89,1078
26022,27563,1541,0,GE-Phase,stroke,26485,27493,1008,1008,0.654,-463,70
26022,27563,1541,0,GE-Phase,stroke,27493,28197,704,70,0.045,-1471,-634
29529,31227,1698,0,GE-Phrase,211,27493,29702,2209,173,0.102,2036,1525
29529,31227,1698,0,GE-Phase,retraction,28197,29702,1505,173,0.102,1332,1525
33285,34491,1206,0,GE-Phrase,213,32366,34665,2299,1206,1.0,919,-174
33285,34491,1206,0,GE-Phase,stroke,32790,33932,1142,647,0.536,495,559
33285,34491,1206,0,GE-Phase,retraction,33932,34665,733,559,0.464,-647,-174
50217,51572,1355,0,GE-Phrase,221,49804,51662,1858,1355,1.0,413,-90
50217,51572,1355,0,GE-Phase,preparation,49804,50351,547,134,0.099,413,1221
50217,51572,1355,0,GE-Phase,stroke,50351,51136,785,785,0.579,-134,436
50217,51572,1355,0,GE-Phase,retraction,51136,51662,526,436,0.322,-919,-90
62628,63700,1072,0,GE-Phrase,224,62322,63789,1467,1072,1.0,306,-89
62628,63700,1072,0,GE-Phase,stroke,62322,63055,733,427,0.398,306,645
62628,63700,1072,0,GE-Phase,hold,63055,63789,734,645,0.602,-427,-89
63700,65033,1333,0,GE-Phrase,224,62322,63789,1467,89,0.067,1378,1244
63700,65033,1333,0,GE-Phrase,225,63789,64734,945,945,0.709,-89,299
63700,65033,1333,0,GE-Phrase,226,64734,66622,1888,299,0.224,-1034,-1589
63700,65033,1333,0,GE-Phase,hold,63055,63789,734,89,0.067,645,1244
63700,65033,1333,0,GE-Phase,stroke,63789,64277,488,488,0.366,-89,756
63700,65033,1333,0,GE-Phase,retraction,64277,64734,457,457,0.343,-577,299
63700,65033,1333,0,GE-Phase,preparation,64734,65047,313,299,0.224,-1034,-14
10765,11870,1105,0,GE-Phrase,204,10681,11709,1028,944,0.854,84,161
10765,11870,1105,0,GE-Phrase,205,11709,12745,1036,161,0.146,-944,-875
10765,11870,1105,0,GE-Phase,stroke,10681,11709,1028,944,0.854,84,161
10765,11870,1105,0,GE-Phase,stroke,11709,12745,1036,161,0.146,-944,-875
14560,15870,1310,0,GE-Phrase,206,12745,15828,3083,1268,0.968,1815,42
14560,15870,1310,0,GE-Phrase,207,15828,17061,1233,42,0.032,-1268,-1191
14560,15870,1310,0,GE-Phase,retraction,14308,15828,1520,1268,0.968,252,42
14560,15870,1310,0,GE-Phase,preparation,15828,16148,320,42,0.032,-1268,-278
22570,25660,3090,0,GE-Phrase,209,23133,25933,2800,2527,0.818,-563,-273
22570,25660,3090,0,GE-Phase,stroke,23133,23986,853,853,0.276,-563,1674
22570,25660,3090,0,GE-Phase,hold,23986,25933,1947,1674,0.542,-1416,-273
26022,27563,1541,0,GE-Phrase,210,25933,27493,1560,1471,0.955,89,70
26022,27563,1541,0,GE-Phrase,211,27493,29702,2209,70,0.045,-1471,-2139
26022,27563,1541,0,GE-Phase,preparation,25933,26485,552,463,0.3,89,1078
26022,27563,1541,0,GE-Phase,stroke,26485,27493,1008,1008,0.654,-463,70
26022,27563,1541,0,GE-Phase,stroke,27493,28197,704,70,0.045,-1471,-634
29529,31227,1698,0,GE-Phrase,211,27493,29702,2209,173,0.102,2036,1525
29529,31227,1698,0,GE-Phase,retraction,28197,29702,1505,173,0.102,1332,1525
33285,34491,1206,0,GE-Phrase,213,32366,34665,2299,1206,1.0,919,-174
33285,34491,1206,0,GE-Phase,stroke,32790,33932,1142,647,0.536,495,559
33285,34491,1206,0,GE-Phase,retraction,33932,34665,733,559,0.464,-647,-174
50217,51572,1355,0,GE-Phrase,221,49804,51662,1858,1355,1.0,413,-90
50217,51572,1355,0,GE-Phase,preparation,49804,50351,547,134,0.099,413,1221
50217,51572,1355,0,GE-Phase,stroke,50351,51136,785,785,0.579,-134,436
50217,51572,1355,0,GE-Phase,retraction,51136,51662,526,436,0.322,-919,-90
62628,63700,1072,0,GE-Phrase,224,62322,63789,1467,1072,1.0,306,-89
62628,63700,1072,0,GE-Phase,stroke,62322,63055,733,427,0.398,306,645
62628,63700,1072,0,GE-Phase,hold,63055,63789,734,645,0.602,-427,-89
63700,65033,1333,0,GE-Phrase,224,62322,63789,1467,89,0.067,1378,1244
63700,65033,1333,0,GE-Phrase,225,63789,64734,945,945,0.709,-89,299
63700,65033,1333,0,GE-Phrase,226,64734,66622,1888,299,0.224,-1034,-1589
63700,65033,1333,0,GE-Phase,hold,63055,63789,734,89,0.067,645,1244
63700,65033,1333,0,GE-Phase,stroke,63789,64277,488,488,0.366,-89,756
63700,65033,1333,0,GE-Phase,retraction,64277,64734,457,457,0.343,-577,299
63700,65033,1333,0,GE-Phase,preparation,64734,65047,313,299,0.224,-1034,-14
10765,11870,1105,0,GE-Phrase,204,10681,11709,1028,944,0.854,84,161
10765,11870,1105,0,GE-Phrase,205,11709,12745,1036,161,0.146,-944,-875
10765,11870,1105,0,GE-Phase,stroke,10681,11709,1028,944,0.854,84,161
10765,11870,1105,0,GE-Phase,stroke,11709,12745,1036,161,0.146,-944,-875
14560,15870,1310,0,GE-Phrase,206,12745,15828,3083,1268,0.968,1815,42
14560,15870,1310,0,GE-Phrase,207,15828,17061,1233,42,0.032,-1268,-1191
14560,15870,1310,0,GE-Phase,retraction,14308,15828,1520,1268,0.968,252,42
14560,15870,1310,0,GE-Phase,preparation,15828,16148,320,42,0.032,-1268,-278
22570,25660,3090,0,GE-Phrase,209,23133,25933,2800,2527,0.818,-563,-273
22570,25660,3090,0,GE-Phase,stroke,23133,23986,853,853,0.276,-563,1674
22570,25660,3090,0,GE-Phase,hold,23986,25933,1947,1674,0.542,-1416,-273
26022,27563,1541,0,GE-Phrase,210,25933,27493,1560,1471,0.955,89,70
26022,27563,1541,0,GE-Phrase,211,27493,29702,2209,70,0.045,-1471,-2139
26022,27563,1541,0,GE-Phase,preparation,25933,26485,552,463,0.3,89,1078
26022,27563,1541,0,GE-Phase,stroke,26485,27493,1008,1008,0.654,-463,70
26022,27563,1541,0,GE-Phase,stroke,27493,28197,704,70,0.045,-1471,-634
29529,31227,1698,0,GE-Phrase,211,27493,29702,2209,173,0.102,2036,1525
29529,31227,1698,0,GE-Phase,retraction,28197,29702,1505,173,0.102,1332,1525
33285,34491,1206,0,GE-Phrase,213,32366,34665,2299,1206,1.0,919,-174
33285,34491,1206,0,GE-Phase,stroke,32790,33932,1142,647,0.536,495,559
33285,34491,1206,0,GE-Phase,retraction,33932,34665,733,559,0.464,-647,-174
50217,51572,1355,0,GE-Phrase,221,49804,51662,1858,1355,1.0,413,-90
50217,51572,1355,0,GE-Phase,preparation,49804,50351,547,134,0.099,413,1221
50217,51572,1355,0,GE-Phase,stroke,50351,51136,785,785,0.579,-134,436
50217,51572,1355,0,GE-Phase,retraction,51136,51662,526,436,0.322,-919,-90
62628,63700,1072,0,GE-Phrase,224,62322,63789,1467,1072,1.0,306,-89
62628,63700,1072,0,GE-Phase,stroke,62322,63055,733,427,0.398,306,645
62628,63700,1072,0,GE-Phase,hold,63055,63789,734,645,0.602,-427,-89
63700,65033,1333,0,GE-Phrase,224,62322,63789,1467,89,0.067,1378,1244
63700,65033,1333,0,GE-Phrase,225,63789,64734,945,945,0.709,-89,299
63700,65033,1333,0,GE-Phrase,226,64734,66622,1888,299,0.224,-1034,-1589
63700,65033,1333,0,GE-Phase,hold,63055,63789,734,89,0.067,645,1244
63700,65033,1333,0,GE-Phase,stroke,63789,64277,488,488,0.366,-89,756
63700,65033,1333,0,GE-Phase,retraction,64277,64734,457,457,0.343,-577,299
63700,65033,1333,0,GE-Phase,preparation,64734,65047,313,299,0.224,-1034,-14
10765,11870,1105,0,GE-Phrase,204,10681,11709,1028,944,0.854,84,161
10765,11870,1105,0,GE-Phrase,205,11709,12745,1036,161,0.146,-944,-875
10765,11870,1105,0,GE-Phase,stroke,10681,11709,1028,944,0.854,84,161
10765,11870,1105,0,GE-Phase,stroke,11709,12745,1036,161,0.146,-944,-875
14560,15870,1310,0,GE-Phrase,206,12745,15828,3083,1268,0.968,1815,42
14560,15870,1310,0,GE-Phrase,207,15828,17061,1233,42,0.032,-1268,-1191
14560,15870,1310,0,GE-Phase,retraction,14308,15828,1520,1268,0.968,252,42
14560,15870,1310,0,GE-Phase,preparation,15828,16148,320,42,0.032,-1268,-278
22570,25660,3090,0,GE-Phrase,209,23133,25933,2800,2527,0.818,-563,-273
22570,25660,3090,0,GE-Phase,stroke,23133,23986,853,853,0.276,-563,1674
22570,25660,3090,0,GE-Phase,hold,23986,25933,1947,1674,0.542,-1416,-273
26022,27563,1541,0,GE-Phrase,210,25933,27493,1560,1471,0.955,89,70
26022,27563,1541,0,GE-Phrase,211,27493,29702,2209,70,0.045,-1471,-2139
26022,27563,1541,0,GE-Phase,preparation,25933,26485,552,463,0.3,89,1078
26022,27563,1541,0,GE-Phase,stroke,26485,27493,1008,1008,0.654,-463,70
26022,27563,1541,0,GE-Phase,stroke,27493,28197,704,70,0.045,-1471,-634
29529,31227,1698,0,GE-Phrase,211,27493,29702,2209,173,0.102,2036,1525
29529,31227,1698,0,GE-Phase,retraction,28197,29702,1505,173,0.102,1332,1525
33285,34491,1206,0,GE-Phrase,213,32366,34665,2299,1206,1.0,919,-174
33285,34491,1206,0,GE-Phase,stroke,32790,33932,1142,647,0.536,495,559
33285,34491,1206,0,GE-Phase,retraction,33932,34665,733,559,0.464,-647,-174
50217,51572,1355,0,GE-Phrase,221,49804,51662,1858,1355,1.0,413,-90
50217,51572,1355,0,GE-Phase,preparation,49804,50351,547,134,0.099,413,1221
50217,51572,1355,0,GE-Phase,stroke,50351,51136,785,785,0.579,-134,436
50217,51572,1355,0,GE-Phase,retraction,51136,51662,526,436,0.322,-919,-90
62628,63700,1072,0,GE-Phrase,224,62322,63789,1467,1072,1.0,306,-89
62628,63700,1072,0,GE-Phase,stroke,62322,63055,733,427,0.398,306,645
62628,63700,1072,0,GE-Phase,hold,63055,63789,734,645,0.602,-427,-89
63700,65033,1333,0,GE-Phrase,224,62322,63789,1467,89,0.067,1378,1244
63700,65033,1333,0,GE-Phrase,225,63789,64734,945,945,0.709,-89,299
63700,65033,1333,0,GE-Phrase,226,64734,66622,1888,299,0.224,-1034,-1589
63700,65033,1333,0,GE-Phase,hold,63055,63789,734,89,0.067,645,1244
63700,65033,1333,0,GE-Phase,stroke,63789,64277,488,488,0.366,-89,756
63700,65033,1333,0,GE-Phase,retraction,64277,64734,457,457,0.343,-577,299
63700,65033,1333,0,GE-Phase,preparation,64734,65047,313,299,0.224,-1034,-14
10765,11870,1105,0,GE-Phrase,204,10681,11709,1028,944,0.854,84,161
10765,11870,1105,0,GE-Phrase,205,11709,12745,1036,161,0.146,-944,-875
10765,11870,1105,0,GE-Phase,stroke,10681,11709,1028,944,0.854,84,161
10765,11870,1105,0,GE-Phase,stroke,11709,12745,1036,161,0.146,-944,-875
14560,15870,1310,0,GE-Phrase,206,12745,15828,3083,1268,0.968,1815,42
14560,15870,1310,0,GE-Phrase,207,15828,17061,1233,42,0.032,-1268,-1191
14560,15870,1310,0,GE-Phase,retraction,14308,15828,1520,1268,0.968,252,42
14560,15870,1310,0,GE-Phase,preparation,15828,16148,320,42,0.032,-1268,-278
22570,25660,3090,0,GE-Phrase,209,23133,25933,2800,2527,0.818,-563,-273
22570,25660,3090,0,GE-Phase,stroke,23133,23986,853,853,0.276,-563,1674
22570,25660,3090,0,GE-Phase,hold,23986,25933,1947,1674,0.542,-1416,-273
26022,27563,1541,0,GE-Phrase,210,25933,27493,1560,1471,0.955,89,70
26022,27563,1541,0,GE-Phrase,211,27493,29702,2209,70,0.045,-1471,-2139
26022,27563,1541,0,GE-Phase,preparation,25933,26485,552,463,0.3,89,1078
26022,27563,1541,0,GE-Phase,stroke,26485,27493,1008,1008,0.654,-463,70
26022,27563,1541,0,GE-Phase,stroke,27493,28197,704,70,0.045,-1471,-634
29529,31227,1698,0,GE-Phrase,211,27493,29702,2209,173,0.102,2036,1525
29529,31227,1698,0,GE-Phase,retraction,28197,29702,1505,173,0.102,1332,1525
33285,34491,1206,0,GE-Phrase,213,32366,34665,2299,1206,1.0,919,-174
33285,34491,1206,0,GE-Phase,stroke,32790,33932,1142,647,0.536,495,559
33285,34491,1206,0,GE-Phase,retraction,33932,34665,733,559,0.464,-647,-174
50217,51572,1355,0,GE-Phrase,221,49804,51662,1858,1355,1.0,413,-90
50217,51572,1355,0,GE-Phase,preparation,49804,50351,547,134,0.099,413,1221
50217,51572,1355,0,GE-Phase,stroke,50351,51136,785,785,0.579,-134,436
50217,51572,1355,0,GE-Phase,retraction,51136,51662,526,436,0.322,-919,-90
62628,63700,1072,0,GE-Phrase,224,62322,63789,1467,1072,1.0,306,-89
62628,63700,1072,0,GE-Phase,stroke,62322,63055,733,427,0.398,306,645
62628,63700,1072,0,GE-Phase,hold,63055,63789,734,645,0.602,-427,-89
63700,65033,1333,0,GE-Phrase,224,62322,63789,1467,89,0.067,1378,1244
63700,65033,1333,0,GE-Phrase,225,63789,64734,945,945,0.709,-89,299
63700,65033,1333,0,GE-Phrase,226,64734,66622,1888,299,0.224,-1034,-1589
63700,65033,1333,0,GE-Phase,hold,63055,63789,734,89,0.067,645,1244
63700,65033,1333,0,GE-Phase,stroke,63789,64277,488,488,0.366,-89,756
63700,65033,1333,0,GE-Phase,retraction,64277,64734,457,457,0.343,-577,299
63700,65033,1333,0,GE-Phase,preparation,64734,65047,313,299,0.224,-1034,-14
10765,11870,1105,0,GE-Phrase,204,10681,11709,1028,944,0.854,84,161
10765,11870,1105,0,GE-Phrase,205,11709,12745,1036,161,0.146,-944,-875
10765,11870,1105,0,GE-Phase,stroke,10681,11709,1028,944,0.854,84,161
10765,11870,1105,0,GE-Phase,stroke,11709,12745,1036,161,0.146,-944,-875
14560,15870,1310,0,GE-Phrase,206,12745,15828,3083,1268,0.968,1815,42
14560,15870,1310,0,GE-Phrase,207,15828,17061,1233,42,0.032,-1268,-1191
14560,15870,1310,0,GE-Phase,retraction,14308,15828,1520,1268,0.968,252,42
14560,15870,1310,0,GE-Phase,preparation,15828,16148,320,42,0.032,-1268,-278
22570,25660,3090,0,GE-Phrase,209,23133,25933,2800,2527,0.818,-563,-273
22570,25660,3090,0,GE-Phase,stroke,23133,23986,853,853,0.276,-563,1674
22570,25660,3090,0,GE-Phase,hold,23986,25933,1947,1674,0.542,-1416,-273
26022,27563,1541,0,GE-Phrase,210,25933,27493,1560,1471,0.955,89,70
26022,27563,1541,0,GE-Phrase,211,27493,29702,2209,70,0.045,-1471,-2139
26022,27563,1541,0,GE-Phase,preparation,25933,26485,552,463,0.3,89,1078
26022,27563,1541,0,GE-Phase,stroke,26485,27493,1008,1008,0.654,-463,70
26022,27563,1541,0,GE-Phase,stroke,27493,28197,704,70,0.045,-1471,-634
29529,31227,1698,0,GE-Phrase,211,27493,29702,2209,173,0.102,2036,1525
29529,31227,1698,0,GE-Phase,retraction,28197,29702,1505,173,0.102,1332,1525
33285,34491,1206,0,GE-Phrase,213,32366,34665,2299,1206,1.0,919,-174
33285,34491,1206,0,GE-Phase,stroke,32790,33932,1142,647,0.536,495,559
33285,34491,1206,0,GE-Phase,retraction,33932,34665,733,559,0.464,-647,-174
50217,51572,1355,0,GE-Phrase,221,49804,51662,1858,1355,1.0,413,-90
50217,51572,1355,0,GE-Phase,preparation,49804,50351,547,134,0.099,413,1221
50217,51572,1355,0,GE-Phase,stroke,50351,51136,785,785,0.579,-134,436
50217,51572,1355,0,GE-Phase,retraction,51136,51662,526,436,0.322,-919,-90
62628,63700,1072,0,GE-Phrase,224,62322,63789,1467,1072,1.0,306,-89
62628,63700,1072,0,GE-Phase,stroke,62322,63055,733,427,0.398,306,645
62628,63700,1072,0,GE-Phase,hold,63055,63789,734,645,0.602,-427,-89
63700,65033,1333,0,GE-Phrase,224,62322,63789,1467,89,0.067,1378,1244
63700,65033,1333,0,GE-Phrase,225,63789,64734,945,945,0.709,-89,299
63700,65033,1333,0,GE-Phrase,226,64734,66622,1888,299,0.224,-1034,-1589
63700,65033,1333,0,GE-Phase,hold,63055,63789,734,89,0.067,645,1244
63700,65033,1333,0,GE-Phase,stroke,63789,64277,488,488,0.366,-89,756
63700,65033,1333,0,GE-Phase,retraction,64277,64734,457,457,0.343,-577,299
63700,65033,1333,0,GE-Phase,preparation,64734,65047,313,299,0.224,-1034,-14
10765,11870,1105,0,GE-Phrase,204,10681,11709,1028,944,0.854,84,161
10765,11870,1105,0,GE-Phrase,205,11709,12745,1036,161,0.146,-944,-875
10765,11870,1105,0,GE-Phase,stroke,10681,11709,1028,944,0.854,84,161
10765,11870,1105,0,GE-Phase,stroke,11709,12745,1036,161,0.146,-944,-875
14560,15870,1310,0,GE-Phrase,206,12745,15828,3083,1268,0.968,1815,42
14560,15870,1310,0,GE-Phrase,207,15828,17061,1233,42,0.032,-1268,-1191
14560,15870,1310,0,GE-Phase,retraction,14308,15828,1520,1268,0.968,252,42
14560,15870,1310,0,GE-Phase,preparation,15828,16148,320,42,0.032,-1268,-278
22570,25660,3090,0,GE-Phrase,209,23133,25933,2800,2527,0.818,-563,-273
22570,25660,3090,0,GE-Phase,stroke,23133,23986,853,853,0.276,-563,1674
22570,25660,3090,0,GE-Phase,hold,23986,25933,1947,1674,0.542,-1416,-273
26022,27563,1541,0,GE-Phrase,210,25933,27493,1560,1471,0.955,89,70
26022,27563,1541,0,GE-Phrase,211,27493,29702,2209,70,0.045,-1471,-2139
26022,27563,1541,0,GE-Phase,preparation,25933,26485,552,463,0.3,89,1078
26022,27563,1541,0,GE-Phase,stroke,26485,27493,1008,1008,0.654,-463,70
26022,27563,1541,0,GE-Phase,stroke,27493,28197,704,70,0.045,-1471,-634
29529,31227,1698,0,GE-Phrase,211,27493,29702,2209,173,0.102,2036,1525
29529,31227,1698,0,GE-Phase,retraction,28197,29702,1505,173,0.102,1332,1525
33285,34491,1206,0,GE-Phrase,213,32366,34665,2299,1206,1.0,919,-174
33285,34491,1206,0,GE-Phase,stroke,32790,33932,1142,647,0.536,495,559
33285,34491,1206,0,GE-Phase,retraction,33932,34665,733,559,0.464,-647,-174
50217,51572,1355,0,GE-Phrase,221,49804,51662,1858,1355,1.0,413,-90
50217,51572,1355,0,GE-Phase,preparation,49804,50351,547,134,0.099,413,1221
50217,51572,1355,0,GE-Phase,stroke,50351,51136,785,785,0.579,-134,436
50217,51572,1355,0,GE-Phase,retraction,51136,51662,526,436,0.322,-919,-90
62628,63700,1072,0,GE-Phrase,224,62322,63789,1467,1072,1.0,306,-89
62628,63700,1072,0,GE-Phase,stroke,62322,63055,733,427,0.398,306,645
62628,63700,1072,0,GE-Phase,hold,63055,63789,734,645,0.602,-427,-89
63700,65033,1333,0,GE-Phrase,224,62322,63789,1467,89,0.067,1378,1244
63700,65033,1333,0,GE-Phrase,225,63789,64734,945,945,0.709,-89,299
63700,65033,1333,0,GE-Phrase,226,64734,66622,1888,299,0.224,-1034,-1589
63700,65033,1333,0,GE-Phase,hold,63055,63789,734,89,0.067,645,1244
63700,65033,1333,0,GE-Phase,stroke,63789,64277,488,488,0.366,-89,756
63700,65033,1333,0,GE-Phase,retraction,64277,64734,457,457,0.343,-577,299
63700,65033,1333,0,GE-Phase,preparation,64734,65047,313,299,0.224,-1034,-14
10765,11870,1105,0,GE-Phrase,204,10681,11709,1028,944,0.854,84,161
10765,11870,1105,0,GE-Phrase,205,11709,12745,1036,161,0.146,-944,-875
10765,11870,1105,0,GE-Phase,stroke,10681,11709,1028,944,0.854,84,161
10765,11870,1105,0,GE-Phase,stroke,11709,12745,1036,161,0.146,-944,-875
14560,15870,1310,0,GE-Phrase,206,12745,15828,3083,1268,0.968,1815,42
14560,15870,1310,0,GE-Phrase,207,15828,17061,1233,42,0.032,-1268,-1191
14560,15870,1310,0,GE-Phase,retraction,14308,15828,1520,1268,0.968,252,42
14560,15870,1310,0,GE-Phase,preparation,15828,16148,320,42,0.032,-1268,-278
22570,25660,3090,0,GE-Phrase,209,23133,25933,2800,2527,0.818,-563,-273
22570,25660,3090,0,GE-Phase,stroke,23133,23986,853,853,0.276,-563,1674
22570,25660,3090,0,GE-Phase,hold,23986,25933,1947,1674,0.542,-1416,-273
26022,27563,1541,0,GE-Phrase,210,25933,27493,1560,1471,0.955,89,70
26022,27563,1541,0,GE-Phrase,211,27493,29702,2209,70,0.045,-1471,-2139
26022,27563,1541,0,GE-Phase,preparation,25933,26485,552,463,0.3,89,1078
26022,27563,1541,0,GE-Phase,stroke,26485,27493,1008,1008,0.654,-463,70
26022,27563,1541,0,GE-Phase,stroke,27493,28197,704,70,0.045,-1471,-634
29529,31227,1698,0,GE-Phrase,211,27493,29702,2209,173,0.102,2036,1525
29529,31227,1698,0,GE-Phase,retraction,28197,29702,1505,173,0.102,1332,1525
33285,34491,1206,0,GE-Phrase,213,32366,34665,2299,1206,1.0,919,-174
33285,34491,1206,0,GE-Phase,stroke,32790,33932,1142,647,0.536,495,559
33285,34491,1206,0,GE-Phase,retraction,33932,34665,733,559,0.464,-647,-174
50217,51572,1355,0,GE-Phrase,221,49804,51662,1858,1355,1.0,413,-90
50217,51572,1355,0,GE-Phase,preparation,49804,50351,547,134,0.099,413,1221
50217,51572,1355,0,GE-Phase,stroke,50351,51136,785,785,0.579,-134,436
50217,51572,1355,0,GE-Phase,retraction,51136,51662,526,436,0.322,-919,-90
62628,63700,1072,0,GE-Phrase,224,62322,63789,1467,1072,1.0,306,-89
62628,63700,1072,0,GE-Phase,stroke,62322,63055,733,427,0.398,306,645
62628,63700,1072,0,GE-Phase,hold,63055,63789,734,645,0.602,-427,-89
63700,65033,1333,0,GE-Phrase,224,62322,63789,1467,89,0.067,1378,1244
63700,65033,1333,0,GE-Phrase,225,63789,64734,945,945,0.709,-89,299
63700,65033,1333,0,GE-Phrase,226,64734,66622,1888,299,0.224,-1034,-1589
63700,65033,1333,0,GE-Phase,hold,63055,63789,734,89,0.067,645,1244
63700,65033,1333,0,GE-Phase,stroke,63789,64277,488,488,0.366,-89,756
63700,65033,1333,0,GE-Phase,retraction,64277,64734,457,457,0.343,-577,299
63700,65033,1333,0,GE-Phase,preparation,64734,65047,313,299,0.224,-1034,-14
10765,11870,1105,0,GE-Phrase,204,10681,11709,1028,944,0.854,84,161
10765,11870,1105,0,GE-Phrase,205,11709,12745,1036,161,0.146,-944,-875
10765,11870,1105,0,GE-Phase,stroke,10681,11709,1028,944,0.854,84,161
10765,11870,1105,0,GE-Phase,stroke,11709,12745,1036,161,0.146,-944,-875
14560,15870,1310,0,GE-Phrase,206,12745,15828,3083,1268,0.968,1815,42
14560,15870,1310,0,GE-Phrase,207,15828,17061,1233,42,0.032,-1268,-1191
14560,15870,1310,0,GE-Phase,retraction,14308,15828,1520,1268,0.968,252,42
14560,15870,1310,0,GE-Phase,preparation,15828,16148,320,42,0.032,-1268,-278
22570,25660,3090,0,GE-Phrase,209,23133,25933,2800,2527,0.818,-563,-273
22570,25660,3090,0,GE-Phase,stroke,23133,23986,853,853,0.276,-563,1674
22570,25660,3090,0,GE-Phase,hold,23986,25933,1947,1674,0.542,-1416,-273
26022,27563,1541,0,GE-Phrase,210,25933,27493,1560,1471,0.955,89,70
26022,27563,1541,0,GE-Phrase,211,27493,29702,2209,70,0.045,-1471,-2139
26022,27563,1541,0,GE-Phase,preparation,25933,26485,552,463,0.3,89,1078
26022,27563,1541,0,GE-Phase,stroke,26485,27493,1008,1008,0.654,-463,70
26022,27563,1541,0,GE-Phase,stroke,27493,28197,704,70,0.045,-1471,-634
29529,31227,1698,0,GE-Phrase,211,27493,29702,2209,173,0.102,2036,1525
29529,31227,1698,0,GE-Phase,retraction,28197,29702,1505,173,0.102,1332,1525
33285,34491,1206,0,GE-Phrase,213,32366,34665,2299,1206,1.0,919,-174
33285,34491,1206,0,GE-Phase,stroke,32790,33932,1142,647,0.536,495,559
33285,34491,1206,0,GE-Phase,retraction,33932,34665,733,559,0.464,-647,-174
50217,51572,1355,0,GE-Phrase,221,49804,51662,1858,1355,1.0,413,-90
50217,51572,1355,0,GE-Phase,preparation,49804,50351,547,134,0.099,413,1221
50217,51572,1355,0,GE-Phase,stroke,50351,51136,785,785,0.579,-134,436
50217,51572,1355,0,GE-Phase,retraction,51136,51662,526,436,0.322,-919,-90
62628,63700,1072,0,GE-Phrase,224,62322,63789,1467,1072,1.0,306,-89
62628,63700,1072,0,GE-Phase,stroke,62322,63055,733,427,0.398,306,645
62628,63700,1072,0,GE-Phase,hold,63055,63789,734,645,0.602,-427,-89
63700,65033,1333,0,GE-Phrase,224,62322,63789,1467,89,0.067,1378,1244
63700,65033,1333,0,GE-Phrase,225,63789,64734,945,945,0.709,-89,299
63700,65033,1333,0,GE-Phrase,226,64734,66622,1888,299,0.224,-1034,-1589
63700,65033,1333,0,GE-Phase,hold,63055,63789,734,89,0.067,645,1244
63700,65033,1333,0,GE-Phase,stroke,63789,64277,488,488,0.366,-89,756
63700,65033,1333,0,GE-Phase,retraction,64277,64734,457,457,0.343,-577,299
63700,65033,1333,0,GE-Phase,preparation,64734,65047,313,299,0.224,-1034,-14
10765,11870,1105,0,GE-Phrase,204,10681,11709,1028,944,0.854,84,161
10765,11870,1105,0,GE-Phrase,205,11709,12745,1036,161,0.146,-944,-875
10765,11870,1105,0,GE-Phase,stroke,10681,11709,1028,944,0.854,84,161
10765,11870,1105,0,GE-Phase,stroke,11709,12745,1036,161,0.146,-944,-875
14560,15870,1310,0,GE-Phrase,206,12745,15828,3083,1268,0.968,1815,42
14560,15870,1310,0,GE-Phrase,207,15828,17061,1233,42,0.032,-1268,-1191
14560,15870,1310,0,GE-Phase,retraction,14308,15828,1520,1268,0.968,252,42
14560,15870,1310,0,GE-Phase,preparation,15828,16148,320,42,0.032,-1268,-278
22570,25660,3090,0,GE-Phrase,209,23133,25933,2800,2527,0.818,-563,-273
22570,25660,3090,0,GE-Phase,stroke,23133,23986,853,853,0.276,-563,1674
22570,25660,3090,0,GE-Phase,hold,23986,25933,1947,1674,0.542,-1416,-273
26022,27563,1541,0,GE-Phrase,210,25933,27493,1560,1471,0.955,89,70
26022,27563,1541,0,GE-Phrase,211,27493,29702,2209,70,0.045,-1471,-2139
26022,27563,1541,0,GE-Phase,preparation,25933,26485,552,463,0.3,89,1078
26022,27563,1541,0,GE-Phase,stroke,26485,27493,1008,1008,0.654,-463,70
26022,27563,1541,0,GE-Phase,stroke,27493,28197,704,70,0.045,-1471,-634
29529,31227,1698,0,GE-Phrase,211,27493,29702,2209,173,0.102,2036,1525
29529,31227,1698,0,GE-Phase,retraction,28197,29702,1505,173,0.102,1332,1525
33285,34491,1206,0,GE-Phrase,213,32366,34665,2299,1206,1.0,919,-174
33285,34491,1206,0,GE-Phase,stroke,32790,33932,1142,647,0.536,495,559
33285,34491,1206,0,GE-Phase,retraction,33932,34665,733,559,0.464,-647,-174
50217,51572,1355,0,GE-Phrase,221,49804,51662,1858,1355,1.0,413,-90
50217,51572,1355,0,GE-Phase,preparation,49804,50351,547,134,0.099,413,1221
50217,51572,1355,0,GE-Phase,stroke,50351,51136,785,785,0.579,-134,436
50217,51572,1355,0,GE-Phase,retraction,51136,51662,526,436,0.322,-919,-90
62628,63700,1072,0,GE-Phrase,224,62322,63789,1467,1072,1.0,306,-89
62628,63700,1072,0,GE-Phase,stroke,62322,63055,733,427,0.398,306,645
62628,63700,1072,0,GE-Phase,hold,63055,63789,734,645,0.602,-427,-89
63700,65033,1333,0,GE-Phrase,224,62322,63789,1467,89,0.067,1378,1244
63700,65033,1333,0,GE-Phrase,225,63789,64734,945,945,0.709,-89,299
63700,65033,1333,0,GE-Phrase,226,64734,66622,1888,299,0.224,-1034,-1589
63700,65033,1333,0,GE-Phase,hold,63055,63789,734,89,0.067,645,1244
63700,65033,1333,0,GE-Phase,stroke,63789,64277,488,488,0.366,-89,756
63700,65033,1333,0,GE-Phase,retraction,64277,64734,457,457,0.343,-577,299
63700,65033,1333,0,GE-Phase,preparation,64734,65047,313,299,0.224,-1034,-14
10765,11870,1105,0,GE-Phrase,204,10681,11709,1028,944,0.854,84,161
10765,11870,1105,0,GE-Phrase,205,11709,12745,1036,161,0.146,-944,-875
10765,11870,1105,0,GE-Phase,stroke,10681,11709,1028,944,0.854,84,161
10765,11870,1105,0,GE-Phase,stroke,11709,12745,1036,161,0.146,-944,-875
14560,15870,1310,0,GE-Phrase,206,12745,15828,3083,1268,0.968,1815,42
14560,15870,1310,0,GE-Phrase,207,15828,17061,1233,42,0.032,-1268,-1191
14560,15870,1310,0,GE-Phase,retraction,14308,15828,1520,1268,0.968,252,42
14560,15870,1310,0,GE-Phase,preparation,15828,16148,320,42,0.032,-1268,-278
22570,25660,3090,0,GE-Phrase,209,23133,25933,2800,2527,0.818,-563,-273
22570,25660,3090,0,GE-Phase,stroke,23133,23986,853,853,0.276,-563,1674
22570,25660,3090,0,GE-Phase,hold,23986,25933,1947,1674,0.542,-1416,-273
26022,27563,1541,0,GE-Phrase,210,25933,27493,1560,1471,0.955,89,70
26022,27563,1541,0,GE-Phrase,211,27493,29702,2209,70,0.045,-1471,-2139
26022,27563,1541,0,GE-Phase,preparation,25933,26485,552,463,0.3,89,1078
26022,27563,1541,0,GE-Phase,stroke,26485,27493,1008,1008,0.654,-463,70
26022,27563,1541,0,GE-Phase,stroke,27493,28197,704,70,0.045,-1471,-634
29529,31227,1698,0,GE-Phrase,211,27493,29702,2209,173,0.102,2036,1525
29529,31227,1698,0,GE-Phase,retraction,28197,29702,1505,173,0.102,1332,1525
33285,34491,1206,0,GE-Phrase,213,32366,34665,2299,1206,1.0,919,-174
33285,34491,1206,0,GE-Phase,stroke,32790,33932,1142,647,0.536,495,559
33285,34491,1206,0,GE-Phase,retraction,33932,34665,733,559,0.464,-647,-174
50217,51572,1355,0,GE-Phrase,221,49804,51662,1858,1355,1.0,413,-90
50217,51572,1355,0,GE-Phase,preparation,49804,50351,547,134,0.099,413,1221
50217,51572,1355,0,GE-Phase,stroke,50351,51136,785,785,0.579,-134,436
50217,51572,1355,0,GE-Phase,retraction,51136,51662,526,436,0.322,-919,-90
62628,63700,1072,0,GE-Phrase,224,62322,63789,1467,1072,1.0,306,-89
62628,63700,1072,0,GE-Phase,stroke,62322,63055,733,427,0.398,306,645
62628,63700,1072,0,GE-Phase,hold,63055,63789,734,645,0.602,-427,-89
63700,65033,1333,0,GE-Phrase,224,62322,63789,1467,89,0.067,1378,1244
63700,65033,1333,0,GE-Phrase,225,63789,64734,945,945,0.709,-89,299
63700,65033,1333,0,GE-Phrase,226,64734,66622,1888,299,0.224,-1034,-1589
63700,65033,1333,0,GE-Phase,hold,63055,63789,734,89,0.067,645,1244
63700,65033,1333,0,GE-Phase,stroke,63789,64277,488,488,0.366,-89,756
63700,65033,1333,0,GE-Phase,retraction,64277,64734,457,457,0.343,-577,299
63700,65033,1333,0,GE-Phase,preparation,64734,65047,313,299,0.224,-1034,-14
10765,11870,1105,0,GE-Phrase,204,10681,11709,1028,944,0.854,84,161
10765,11870,1105,0,GE-Phrase,205,11709,12745,1036,161,0.146,-944,-875
10765,11870,1105,0,GE-Phase,stroke,10681,11709,1028,944,0.854,84,161
10765,11870,1105,0,GE-Phase,stroke,11709,12745,1036,161,0.146,-944,-875
14560,15870,1310,0,GE-Phrase,206,12745,15828,3083,1268,0.968,1815,42
14560,15870,1310,0,GE-Phrase,207,15828,17061,1233,42,0.032,-1268,-1191
14560,15870,1310,0,GE-Phase,retraction,14308,15828,1520,1268,0.968,252,42
14560,15870,1310,0,GE-Phase,preparation,15828,16148,320,42,0.032,-1268,-278
22570,25660,3090,0,GE-Phrase,209,23133,25933,2800,2527,0.818,-563,-273
22570,25660,3090,0,GE-Phase,stroke,23133,23986,853,853,0.276,-563,1674
22570,25660,3090,0,GE-Phase,hold,23986,25933,1947,1674,0.542,-1416,-273
26022,27563,1541,0,GE-Phrase,210,25933,27493,1560,1471,0.955,89,70
26022,27563,1541,0,GE-Phrase,211,27493,29702,2209,70,0.045,-1471,-2139
26022,27563,1541,0,GE-Phase,preparation,25933,26485,552,463,0.3,89,1078
26022,27563,1541,0,GE-Phase,stroke,26485,27493,1008,1008,0.654,-463,70
26022,27563,1541,0,GE-Phase,stroke,27493,28197,704,70,0.045,-1471,-634
29529,31227,1698,0,GE-Phrase,211,27493,29702,2209,173,0.102,2036,1525
29529,31227,1698,0,GE-Phase,retraction,28197,29702,1505,173,0.102,1332,1525
33285,34491,1206,0,GE-Phrase,213,32366,34665,2299,1206,1.0,919,-174
33285,34491,1206,0,GE-Phase,stroke,32790,33932,1142,647,0.536,495,559
33285,34491,1206,0,GE-Phase,retraction,33932,34665,733,559,0.464,-647,-174
50217,51572,1355,0,GE-Phrase,221,49804,51662,1858,1355,1.0,413,-90
50217,51572,1355,0,GE-Phase,preparation,49804,50351,547,134,0.099,413,1221
50217,51572,1355,0,GE-Phase,stroke,50351,51136,785,785,0.579,-134,436
50217,51572,1355,0,GE-Phase,retraction,51136,51662,526,436,0.322,-919,-90
62628,63700,1072,0,GE-Phrase,224,62322,63789,1467,1072,1.0,306,-89
62628,63700,1072,0,GE-Phase,stroke,62322,63055,733,427,0.398,306,645
62628,63700,1072,0,GE-Phase,hold,63055,63789,734,645,0.602,-427,-89
63700,65033,1333,0,GE-Phrase,224,62322,63789,1467,89,0.067,1378,1244
63700,65033,1333,0,GE-Phrase,225,63789,64734,945,945,0.709,-89,299
63700,65033,1333,0,GE-Phrase,226,64734,66622,1888,299,0.224,-1034,-1589
63700,65033,1333,0,GE-Phase,hold,63055,63789,734,89,0.067,645,1244
63700,65033,1333,0,GE-Phase,stroke,63789,64277,488,488,0.366,-89,756
63700,65033,1333,0,GE-Phase,retraction,64277,64734,457,457,0.343,-577,299
63700,65033,1333,0,GE-Phase,preparation,64734,65047,313,299,0.224,-1034,-14
10765,11870,1105,0,GE-Phrase,204,10681,11709,1028,944,0.854,84,161
10765,11870,1105,0,GE-Phrase,205,11709,12745,1036,161,0.146,-944,-875
10765,11870,1105,0,GE-Phase,stroke,10681,11709,1028,944,0.854,84,161
10765,11870,1105,0,GE-Phase,stroke,11709,12745,1036,161,0.146,-944,-875
14560,15870,1310,0,GE-Phrase,206,12745,15828,3083,1268,0.968,1815,42
14560,15870,1310,0,GE-Phrase,207,15828,17061,1233,42,0.032,-1268,-1191
14560,15870,1310,0,GE-Phase,retraction,14308,15828,1520,1268,0.968,252,42
14560,15870,1310,0,GE-Phase,preparation,15828,16148,320,42,0.032,-1268,-278
22570,25660,3090,0,GE-Phrase,209,23133,25933,2800,2527,0.818,-563,-273
22570,25660,3090,0,GE-Phase,stroke,23133,23986,853,853,0.276,-563,1674
22570,25660,3090,0,GE-Phase,hold,23986,25933,1947,1674,0.542,-1416,-273
26022,27563,1541,0,GE-Phrase,210,25933,27493,1560,1471,0.955,89,70
26022,27563,1541,0,GE-Phrase,211,27493,29702,2209,70,0.045,-1471,-2139
26022,27563,1541,0,GE-Phase,preparation,25933,26485,552,463,0.3,89,1078
26022,27563,1541,0,GE-Phase,stroke,26485,27493,1008,1008,0.654,-463,70
26022,27563,1541,0,GE-Phase,stroke,27493,28197,704,70,0.045,-1471,-634
29529,31227,1698,0,GE-Phrase,211,27493,29702,2209,173,0.102,2036,1525
29529,31227,1698,0,GE-Phase,retraction,28197,29702,1505,173,0.102,1332,1525
33285,34491,1206,0,GE-Phrase,213,32366,34665,2299,1206,1.0,919,-174
33285,34491,1206,0,GE-Phase,stroke,32790,33932,1142,647,0.536,495,559
33285,34491,1206,0,GE-Phase,retraction,33932,34665,733,559,0.464,-647,-174
50217,51572,1355,0,GE-Phrase,221,49804,51662,1858,1355,1.0,413,-90
50217,51572,1355,0,GE-Phase,preparation,49804,50351,547,134,0.099,413,1221
50217,51572,1355,0,GE-Phase,stroke,50351,51136,785,785,0.579,-134,436
50217,51572,1355,0,GE-Phase,retraction,51136,51662,526,436,0.322,-919,-90
62628,63700,1072,0,GE-Phrase,224,62322,63789,1467,1072,1.0,306,-89
62628,63700,1072,0,GE-Phase,stroke,62322,63055,733,427,0.398,306,645
62628,63700,1072,0,GE-Phase,hold,63055,63789,734,645,0.602,-427,-89
63700,65033,1333,0,GE-Phrase,224,62322,63789,1467,89,0.067,1378,1244
63700,65033,1333,0,GE-Phrase,225,63789,64734,945,945,0.709,-89,299
63700,65033,1333,0,GE-Phrase,226,64734,66622,1888,299,0.224,-1034,-1589
63700,65033,1333,0,GE-Phase,hold,63055,63789,734,89,0.067,645,1244
63700,65033,1333,0,GE-Phase,stroke,63789,64277,488,488,0.366,-89,756
63700,65033,1333,0,GE-Phase,retraction,64277,64734,457,457,0.343,-577,299
63700,65033,1333,0,GE-Phase,preparation,64734,65047,313,299,0.224,-1034,-14
10765,11870,1105,0,GE-Phrase,204,10681,11709,1028,944,0.854,84,161
10765,11870,1105,0,GE-Phrase,205,11709,12745,1036,161,0.146,-944,-875
10765,11870,1105,0,GE-Phase,stroke,10681,11709,1028,944,0.854,84,161
10765,11870,1105,0,GE-Phase,stroke,11709,12745,1036,161,0.146,-944,-875
14560,15870,1310,0,GE-Phrase,206,12745,15828,3083,1268,0.968,1815,42
14560,15870,1310,0,GE-Phrase,207,15828,17061,1233,42,0.032,-1268,-1191
14560,15870,1310,0,GE-Phase,retraction,14308,15828,1520,1268,0.968,252,42
14560,15870,1310,0,GE-Phase,preparation,15828,16148,320,42,0.032,-1268,-278
22570,25660,3090,0,GE-Phrase,209,23133,25933,2800,2527,0.818,-563,-273
22570,25660,3090,0,GE-Phase,stroke,23133,23986,853,853,0.276,-563,1674
22570,25660,3090,0,GE-Phase,hold,23986,25933,1947,1674,0.542,-1416,-273
26022,27563,1541,0,GE-Phrase,210,25933,27493,1560,1471,0.955,89,70
26022,27563,1541,0,GE-Phrase,211,27493,29702,2209,70,0.045,-1471,-2139
26022,27563,1541,0,GE-Phase,preparation,25933,26485,552,463,0.3,89,1078
26022,27563,1541,0,GE-Phase,stroke,26485,27493,1008,1008,0.654,-463,70
26022,27563,1541,0,GE-Phase,stroke,27493,28197,704,70,0.045,-1471,-634
29529,31227,1698,0,GE-Phrase,211,27493,29702,2209,173,0.102,2036,1525
29529,31227,1698,0,GE-Phase,retraction,28197,29702,1505,173,0.102,1332,1525
33285,34491,1206,0,GE-Phrase,213,32366,34665,2299,1206,1.0,919,-174
33285,34491,1206,0,GE-Phase,stroke,32790,33932,1142,647,0.536,495,559
33285,34491,1206,0,GE-Phase,retraction,33932,34665,733,559,0.464,-647,-174
50217,51572,1355,0,GE-Phrase,221,49804,51662,1858,1355,1.0,413,-90
50217,51572,1355,0,GE-Phase,preparation,49804,50351,547,134,0.099,413,1221
50217,51572,1355,0,GE-Phase,stroke,50351,51136,785,785,0.579,-134,436
50217,51572,1355,0,GE-Phase,retraction,51136,51662,526,436,0.322,-919,-90
62628,63700,1072,0,GE-Phrase,224,62322,63789,1467,1072,1.0,306,-89
62628,63700,1072,0,GE-Phase,stroke,62322,63055,733,427,0.398,306,645
62628,63700,1072,0,GE-Phase,hold,63055,63789,734,645,0.602,-427,-89
63700,65033,1333,0,GE-Phrase,224,62322,63789,1467,89,0.067,1378,1244
63700,65033,1333,0,GE-Phrase,225,63789,64734,945,945,0.709,-89,299
63700,65033,1333,0,GE-Phrase,226,64734,66622,1888,299,0.224,-1034,-1589
63700,65033,1333,0,GE-Phase,hold,63055,63789,734,89,0.067,645,1244
63700,65033,1333,0,GE-Phase,stroke,63789,64277,488,488,0.366,-89,756
63700,65033,1333,0,GE-Phase,retraction,64277,64734,457,457,0.343,-577,299
63700,65033,1333,0,GE-Phase,preparation,64734,65047,313,299,0.224,-1034,-14
10765,11870,1105,0,GE-Phrase,204,10681,11709,1028,944,0.854,84,161
10765,11870,1105,0,GE-Phrase,205,11709,12745,1036,161,0.146,-944,-875
10765,11870,1105,0,GE-Phase,stroke,10681,11709,1028,944,0.854,84,161
10765,11870,1105,0,GE-Phase,stroke,11709,12745,1036,161,0.146,-944,-875
14560,15870,1310,0,GE-Phrase,206,12745,15828,3083,1268,0.968,1815,42
14560,15870,1310,0,GE-Phrase,207,15828,17061,1233,42,0.032,-1268,-1191
14560,15870,1310,0,GE-Phase,retraction,14308,15828,1520,1268,0.968,252,42
14560,15870,1310,0,GE-Phase,preparation,15828,16148,320,42,0.032,-1268,-278
22570,25660,3090,0,GE-Phrase,209,23133,25933,2800,2527,0.818,-563,-273
22570,25660,3090,0,GE-Phase,stroke,23133,23986,853,853,0.276,-563,1674
22570,25660,3090,0,GE-Phase,hold,23986,25933,1947,1674,0.542,-1416,-273
26022,27563,1541,0,GE-Phrase,210,25933,27493,1560,1471,0.955,89,70
26022,27563,1541,0,GE-Phrase,211,27493,29702,2209,70,0.045,-1471,-2139
26022,27563,1541,0,GE-Phase,preparation,25933,26485,552,463,0.3,89,1078
26022,27563,1541,0,GE-Phase,stroke,26485,27493,1008,1008,0.654,-463,70
26022,27563,1541,0,GE-Phase,stroke,27493,28197,704,70,0.045,-1471,-634
29529,31227,1698,0,GE-Phrase,211,27493,29702,2209,173,0.102,2036,1525
29529,31227,1698,0,GE-Phase,retraction,28197,29702,1505,173,0.102,1332,1525
33285,34491,1206,0,GE-Phrase,213,32366,34665,2299,1206,1.0,919,-174
33285,34491,1206,0,GE-Phase,stroke,32790,33932,1142,647,0.536,495,559
33285,34491,1206,0,GE-Phase,retraction,33932,34665,733,559,0.464,-647,-174
50217,51572,1355,0,GE-Phrase,221,49804,51662,1858,1355,1.0,413,-90
50217,51572,1355,0,GE-Phase,preparation,49804,50351,547,134,0.099,413,1221
50217,51572,1355,0,GE-Phase,stroke,50351,51136,785,785,0.579,-134,436
50217,51572,1355,0,GE-Phase,retraction,51136,51662,526,436,0.322,-919,-90
62628,63700,1072,0,GE-Phrase,224,62322,63789,1467,1072,1.0,306,-89
62628,63700,1072,0,GE-Phase,stroke,62322,63055,733,427,0.398,306,645
62628,63700,1072,0,GE-Phase,hold,63055,63789,734,645,0.602,-427,-89
63700,65033,1333,0,GE-Phrase,224,62322,63789,1467,89,0.067,1378,1244
63700,65033,1333,0,GE-Phrase,225,63789,64734,945,945,0.709,-89,299
63700,65033,1333,0,GE-Phrase,226,64734,66622,1888,299,0.224,-1034,-1589
63700,65033,1333,0,GE-Phase,hold,63055,63789,734,89,0.067,645,1244
63700,65033,1333,0,GE-Phase,stroke,63789,64277,488,488,0.366,-89,756
63700,65033,1333,0,GE-Phase,retraction,64277,64734,457,457,0.343,-577,299
63700,65033,1333,0,GE-Phase,preparation,64734,65047,313,299,0.224,-1034,-14
10765,11870,1105,0,GE-Phrase,204,10681,11709,1028,944,0.854,84,161
10765,11870,1105,0,GE-Phrase,205,11709,12745,1036,161,0.146,-944,-875
10765,11870,1105,0,GE-Phase,stroke,10681,11709,1028,944,0.854,84,161
10765,11870,1105,0,GE-Phase,stroke,11709,12745,1036,161,0.146,-944,-875
14560,15870,1310,0,GE-Phrase,206,12745,15828,3083,1268,0.968,1815,42
14560,15870,1310,0,GE-Phrase,207,15828,17061,1233,42,0.032,-1268,-1191
14560,15870,1310,0,GE-Phase,retraction,14308,15828,1520,1268,0.968,252,42
14560,15870,1310,0,GE-Phase,preparation,15828,16148,320,42,0.032,-1268,-278
22570,25660,3090,0,GE-Phrase,209,23133,25933,2800,2527,0.818,-563,-273
22570,25660,3090,0,GE-Phase,stroke,23133,23986,853,853,0.276,-563,1674
22570,25660,3090,0,GE-Phase,hold,23986,25933,1947,1674,0.542,-1416,-273
26022,27563,1541,0,GE-Phrase,210,25933,27493,1560,1471,0.955,89,70
26022,27563,1541,0,GE-Phrase,211,27493,29702,2209,70,0.045,-1471,-2139
26022,27563,1541,0,GE-Phase,preparation,25933,26485,552,463,0.3,89,1078
26022,27563,1541,0,GE-Phase,stroke,26485,27493,1008,1008,0.654,-463,70
26022,27563,1541,0,GE-Phase,stroke,27493,28197,704,70,0.045,-1471,-634
29529,31227,1698,0,GE-Phrase,211,27493,29702,2209,173,0.102,2036,1525
29529,31227,1698,0,GE-Phase,retraction,28197,29702,1505,173,0.102,1332,1525
33285,34491,1206,0,GE-Phrase,213,32366,34665,2299,1206,1.0,919,-174
33285,34491,1206,0,GE-Phase,stroke,32790,33932,1142,647,0.536,495,559
33285,34491,1206,0,GE-Phase,retraction,33932,34665,733,559,0.464,-647,-174
50217,51572,1355,0,GE-Phrase,221,49804,51662,1858,1355,1.0,413,-90
50217,51572,1355,0,GE-Phase,preparation,49804,50351,547,134,0.099,413,1221
50217,51572,1355,0,GE-Phase,stroke,50351,51136,785,785,0.579,-134,436
50217,51572,1355,0,GE-Phase,retraction,51136,51662,526,436,0.322,-919,-90
62628,63700,1072,0,GE-Phrase,224,62322,63789,1467,1072,1.0,306,-89
62628,63700,1072,0,GE-Phase,stroke,62322,63055,733,427,0.398,306,645
62628,63700,1072,0,GE-Phase,hold,63055,63789,734,645,0.602,-427,-89
63700,65033,1333,0,GE-Phrase,224,62322,63789,1467,89,0.067,1378,1244
63700,65033,1333,0,GE-Phrase,225,63789,64734,945,945,0.709,-89,299
63700,65033,1333,0,GE-Phrase,226,64734,66622,1888,299,0.224,-1034,-1589
63700,65033,1333,0,GE-Phase,hold,63055,63789,734,89,0.067,645,1244
63700,65033,1333,0,GE-Phase,stroke,63789,64277,488,488,0.366,-89,756
63700,65033,1333,0,GE-Phase,retraction,64277,64734,457,457,0.343,-577,299
63700,65033,1333,0,GE-Phase,preparation,64734,65047,313,299,0.224,-1034,-14
10765,11870,1105,0,GE-Phrase,204,10681,11709,1028,944,0.854,84,161
10765,11870,1105,0,GE-Phrase,205,11709,12745,1036,161,0.146,-944,-875
10765,11870,1105,0,GE-Phase,stroke,10681,11709,1028,944,0.854,84,161
10765,11870,1105,0,GE-Phase,stroke,11709,12745,1036,161,0.146,-944,-875
14560,15870,1310,0,GE-Phrase,206,12745,15828,3083,1268,0.968,1815,42
14560,15870,1310,0,GE-Phrase,207,15828,17061,1233,42,0.032,-1268,-1191
14560,15870,1310,0,GE-Phase,retraction,14308,15828,1520,1268,0.968,252,42
14560,15870,1310,0,GE-Phase,preparation,15828,16148,320,42,0.032,-1268,-278
22570,25660,3090,0,GE-Phrase,209,23133,25933,2800,2527,0.818,-563,-273
22570,25660,3090,0,GE-Phase,stroke,23133,23986,853,853,0.276,-563,1674
22570,25660,3090,0,GE-Phase,hold,23986,25933,1947,1674,0.542,-1416,-273
26022,27563,1541,0,GE-Phrase,210,25933,27493,1560,1471,0.955,89,70
26022,27563,1541,0,GE-Phrase,211,27493,29702,2209,70,0.045,-1471,-2139
26022,27563,1541,0,GE-Phase,preparation,25933,26485,552,463,0.3,89,1078
26022,27563,1541,0,GE-Phase,stroke,26485,27493,1008,1008,0.654,-463,70
26022,27563,1541,0,GE-Phase,stroke,27493,28197,704,70,0.045,-1471,-634
29529,31227,1698,0,GE-Phrase,211,27493,29702,2209,173,0.102,2036,1525
29529,31227,1698,0,GE-Phase,retraction,28197,29702,1505,173,0.102,1332,1525
33285,34491,1206,0,GE-Phrase,213,32366,34665,2299,1206,1.0,919,-174
33285,34491,1206,0,GE-Phase,stroke,32790,33932,1142,647,0.536,495,559
33285,34491,1206,0,GE-Phase,retraction,33932,34665,733,559,0.464,-647,-174
50217,51572,1355,0,GE-Phrase,221,49804,51662,1858,1355,1.0,413,-90
50217,51572,1355,0,GE-Phase,preparation,49804,50351,547,134,0.099,413,1221
50217,51572,1355,0,GE-Phase,stroke,50351,51136,785,785,0.579,-134,436
50217,51572,1355,0,GE-Phase,retraction,51136,51662,526,436,0.322,-919,-90
62628,63700,1072,0,GE-Phrase,224,62322,63789,1467,1072,1.0,306,-89
62628,63700,1072,0,GE-Phase,stroke,62322,63055,733,427,0.398,306,645
62628,63700,1072,0,GE-Phase,hold,63055,63789,734,645,0.602,-427,-89
63700,65033,1333,0,GE-Phrase,224,62322,63789,1467,89,0.067,1378,1244
63700,65033,1333,0,GE-Phrase,225,63789,64734,945,945,0.709,-89,299
63700,65033,1333,0,GE-Phrase,226,64734,66622,1888,299,0.224,-1034,-1589
63700,65033,1333,0,GE-Phase,hold,63055,63789,734,89,0.067,645,1244
63700,65033,1333,0,GE-Phase,stroke,63789,64277,488,488,0.366,-89,756
63700,65033,1333,0,GE-Phase,retraction,64277,64734,457,457,0.343,-577,299
63700,65033,1333,0,GE-Phase,preparation,64734,65047,313,299,0.224,-1034,-14
10765,11870,1105,0,GE-Phrase,204,10681,11709,1028,944,0.854,84,161
10765,11870,1105,0,GE-Phrase,205,11709,12745,1036,161,0.146,-944,-875
10765,11870,1105,0,GE-Phase,stroke,10681,11709,1028,944,0.854,84,161
10765,11870,1105,0,GE-Phase,stroke,11709,12745,1036,161,0.146,-944,-875
14560,15870,1310,0,GE-Phrase,206,12745,15828,3083,1268,0.968,1815,42
14560,15870,1310,0,GE-Phrase,207,15828,17061,1233,42,0.032,-1268,-1191
14560,15870,1310,0,GE-Phase,retraction,14308,15828,1520,1268,0.968,252,42
14560,15870,1310,0,GE-Phase,preparation,15828,16148,320,42,0.032,-1268,-278
22570,25660,3090,0,GE-Phrase,209,23133,25933,2800,2527,0.818,-563,-273
22570,25660,3090,0,GE-Phase,stroke,23133,23986,853,853,0.276,-563,1674
22570,25660,3090,0,GE-Phase,hold,23986,25933,1947,1674,0.542,-1416,-273
26022,27563,1541,0,GE-Phrase,210,25933,27493,1560,1471,0.955,89,70
26022,27563,1541,0,GE-Phrase,211,27493,29702,2209,70,0.045,-1471,-2139
26022,27563,1541,0,GE-Phase,preparation,25933,26485,552,463,0.3,89,1078
26022,27563,1541,0,GE-Phase,stroke,26485,27493,1008,1008,0.654,-463,70
26022,27563,1541,0,GE-Phase,stroke,27493,28197,704,70,0.045,-1471,-634
29529,31227,1698,0,GE-Phrase,211,27493,29702,2209,173,0.102,2036,1525
29529,31227,1698,0,GE-Phase,retraction,28197,29702,1505,173,0.102,1332,1525
33285,34491,1206,0,GE-Phrase,213,32366,34665,2299,1206,1.0,919,-174
33285,34491,1206,0,GE-Phase,stroke,32790,33932,1142,647,0.536,495,559
33285,34491,1206,0,GE-Phase,retraction,33932,34665,733,559,0.464,-647,-174
50217,51572,1355,0,GE-Phrase,221,49804,51662,1858,1355,1.0,413,-90
50217,51572,1355,0,GE-Phase,preparation,49804,50351,547,134,0.099,413,1221
50217,51572,1355,0,GE-Phase,stroke,50351,51136,785,785,0.579,-134,436
50217,51572,1355,0,GE-Phase,retraction,51136,51662,526,436,0.322,-919,-90
62628,63700,1072,0,GE-Phrase,224,62322,63789,1467,1072,1.0,306,-89
62628,63700,1072,0,GE-Phase,stroke,62322,63055,733,427,0.398,306,645
62628,63700,1072,0,GE-Phase,hold,63055,63789,734,645,0.602,-427,-89
63700,65033,1333,0,GE-Phrase,224,62322,63789,1467,89,0.067,1378,1244
63700,65033,1333,0,GE-Phrase,225,63789,64734,945,945,0.709,-89,299
63700,65033,1333,0,GE-Phrase,226,64734,66622,1888,299,0.224,-1034,-1589
63700,65033,1333,0,GE-Phase,hold,63055,63789,734,89,0.067,645,1244
63700,65033,1333,0,GE-Phase,stroke,63789,64277,488,488,0.366,-89,756
63700,65033,1333,0,GE-Phase,retraction,64277,64734,457,457,0.343,-577,299
63700,65033,1333,0,GE-Phase,preparation,64734,65047,313,299,0.224,-1034,-14
10765,11870,1105,0,GE-Phrase,204,10681,11709,1028,944,0.854,84,161
10765,11870,1105,0,GE-Phrase,205,11709,12745,1036,161,0.146,-944,-875
10765,11870,1105,0,GE-Phase,stroke,10681,11709,1028,944,0.854,84,161
10765,11870,1105,0,GE-Phase,stroke,11709,12745,1036,161,0.146,-944,-875
14560,15870,1310,0,GE-Phrase,206,12745,15828,3083,1268,0.968,1815,42
14560,15870,1310,0,GE-Phrase,207,15828,17061,1233,42,0.032,-1268,-1191
14560,15870,1310,0,GE-Phase,retraction,14308,15828,1520,1268,0.968,252,42
14560,15870,1310,0,GE-Phase,preparation,15828,16148,320,42,0.032,-1268,-278
22570,25660,3090,0,GE-Phrase,209,23133,25933,2800,2527,0.818,-563,-273
22570,25660,3090,0,GE-Phase,stroke,23133,23986,853,853,0.276,-563,1674
22570,25660,3090,0,GE-Phase,hold,23986,25933,1947,1674,0.542,-1416,-273
26022,27563,1541,0,GE-Phrase,210,25933,27493,1560,1471,0.955,89,70
26022,27563,1541,0,GE-Phrase,211,27493,29702,2209,70,0.045,-1471,-2139
26022,27563,1541,0,GE-Phase,preparation,25933,26485,552,463,0.3,89,1078
26022,27563,1541,0,GE-Phase,stroke,26485,27493,1008,1008,0.654,-463,70
26022,27563,1541,0,GE-Phase,stroke,27493,28197,704,70,0.045,-1471,-634
29529,31227,1698,0,GE-Phrase,211,27493,29702,2209,173,0.102,2036,1525
29529,31227,1698,0,GE-Phase,retraction,28197,29702,1505,173,0.102,1332,1525
33285,34491,1206,0,GE-Phrase,213,32366,34665,2299,1206,1.0,919,-174
33285,34491,1206,0,GE-Phase,stroke,32790,33932,1142,647,0.536,495,559
33285,34491,1206,0,GE-Phase,retraction,33932,34665,733,559,0.464,-647,-174
50217,51572,1355,0,GE-Phrase,221,49804,51662,1858,1355,1.0,413,-90
50217,51572,1355,0,GE-Phase,preparation,49804,50351,547,134,0.099,413,1221
50217,51572,1355,0,GE-Phase,stroke,50351,51136,785,785,0.579,-134,436
50217,51572,1355,0,GE-Phase,retraction,51136,51662,526,436,0.322,-919,-90
62628,63700,1072,0,GE-Phrase,224,62322,63789,1467,1072,1.0,306,-89
62628,63700,1072,0,GE-Phase,stroke,62322,63055,733,427,0.398,306,645
62628,63700,1072,0,GE-Phase,hold,63055,63789,734,645,0.602,-427,-89
63700,65033,1333,0,GE-Phrase,224,62322,63789,1467,89,0.067,1378,1244
63700,65033,1333,0,GE-Phrase,225,63789,64734,945,945,0.709,-89,299
63700,65033,1333,0,GE-Phrase,226,64734,66622,1888,299,0.224,-1034,-1589
63700,65033,1333,0,GE-Phase,hold,63055,63789,734,89,0.067,645,1244
63700,65033,1333,0,GE-Phase,stroke,63789,64277,488,488,0.366,-89,756
63700,65033,1333,0,GE-Phase,retraction,64277,64734,457,457,0.343,-577,299
63700,65033,1333,0,GE-Phase,preparation,64734,65047,313,299,0.224,-1034,-14
10765,11870,1105,0,GE-Phrase,204,10681,11709,1028,944,0.854,84,161
10765,11870,1105,0,GE-Phrase,205,11709,12745,1036,161,0.146,-944,-875
10765,11870,1105,0,GE-Phase,stroke,10681,11709,1028,944,0.854,84,161
10765,11870,1105,0,GE-Phase,stroke,11709,12745,1036,161,0.146,-944,-875
14560,15870,1310,0,GE-Phrase,206,12745,15828,3083,1268,0.968,1815,42
14560,15870,1310,0,GE-Phrase,207,15828,17061,1233,42,0.032,-1268,-1191
14560,15870,1310,0,GE-Phase,retraction,14308,15828,1520,1268,0.968,252,42
14560,15870,1310,0,GE-Phase,preparation,15828,16148,320,42,0.032,-1268,-278
22570,25660,3090,0,GE-Phrase,209,23133,25933,2800,2527,0.818,-563,-273
22570,25660,3090,0,GE-Phase,stroke,23133,23986,853,853,0.276,-563,1674
22570,25660,3090,0,GE-Phase,hold,23986,25933,1947,1674,0.542,-1416,-273
26022,27563,1541,0,GE-Phrase,210,25933,27493,1560,1471,0.955,89,70
26022,27563,1541,0,GE-Phrase,211,27493,29702,2209,70,0.045,-1471,-2139
26022,27563,1541,0,GE-Phase,preparation,25933,26485,552,463,0.3,89,1078
26022,27563,1541,0,GE-Phase,stroke,26485,27493,1008,1008,0.654,-463,70
26022,27563,1541,0,GE-Phase,stroke,27493,28197,704,70,0.045,-1471,-634
29529,31227,1698,0,GE-Phrase,211,27493,29702,2209,173,0.102,2036,1525
29529,31227,1698,0,GE-Phase,retraction,28197,29702,1505,173,0.102,1332,1525
33285,34491,1206,0,GE-Phrase,213,32366,34665,2299,1206,1.0,919,-174
33285,34491,1206,0,GE-Phase,stroke,32790,33932,1142,647,0.536,495,559
33285,34491,1206,0,GE-Phase,retraction,33932,34665,733,559,0.464,-647,-174
50217,51572,1355,0,GE-Phrase,221,49804,51662,1858,1355,1.0,413,-90
50217,51572,1355,0,GE-Phase,preparation,49804,50351,547,134,0.099,413,1221
50217,51572,1355,0,GE-Phase,stroke,50351,51136,785,785,0.579,-134,436
50217,51572,1355,0,GE-Phase,retraction,51136,51662,526,436,0.322,-919,-90
62628,63700,1072,0,GE-Phrase,224,62322,63789,1467,1072,1.0,306,-89
62628,63700,1072,0,GE-Phase,stroke,62322,63055,733,427,0.398,306,645
62628,63700,1072,0,GE-Phase,hold,63055,63789,734,645,0.602,-427,-89
63700,65033,1333,0,GE-Phrase,224,62322,63789,1467,89,0.067,1378,1244
63700,65033,1333,0,GE-Phrase,225,63789,64734,945,945,0.709,-89,299
63700,65033,1333,0,GE-Phrase,226,64734,66622,1888,299,0.224,-1034,-1589
63700,65033,1333,0,GE-Phase,hold,63055,63789,734,89,0.067,645,1244
63700,65033,1333,0,GE-Phase,stroke,63789,64277,488,488,0.366,-89,756
63700,65033,1333,0,GE-Phase,retraction,64277,64734,457,457,0.343,-577,299
63700,65033,1333,0,GE-Phase,preparation,64734,65047,313,299,0.224,-1034,-14
10765,11870,1105,0,GE-Phrase,204,10681,11709,1028,944,0.854,84,161
10765,11870,1105,0,GE-Phrase,205,11709,12745,1036,161,0.146,-944,-875
10765,11870,1105,0,GE-Phase,stroke,10681,11709,1028,944,0.854,84,161
10765,11870,1105,0,GE-Phase,stroke,11709,12745,1036,161,0.146,-944,-875
14560,15870,1310,0,GE-Phrase,206,12745,15828,3083,1268,0.968,1815,42
14560,15870,1310,0,GE-Phrase,207,15828,17061,1233,42,0.032,-1268,-1191
14560,15870,1310,0,GE-Phase,retraction,14308,15828,1520,1268,0.968,252,42
14560,15870,1310,0,GE-Phase,preparation,15828,16148,320,42,0.032,-1268,-278
22570,25660,3090,0,GE-Phrase,209,23133,25933,2800,2527,0.818,-563,-273
22570,25660,3090,0,GE-Phase,stroke,23133,23986,853,853,0.276,-563,1674
22570,25660,3090,0,GE-Phase,hold,23986,25933,1947,1674,0.542,-1416,-273
26022,27563,1541,0,GE-Phrase,210,25933,27493,1560,1471,0.955,89,70
26022,27563,1541,0,GE-Phrase,211,27493,29702,2209,70,0.045,-1471,-2139
26022,27563,1541,0,GE-Phase,preparation,25933,26485,552,463,0.3,89,1078
26022,27563,1541,0,GE-Phase,stroke,26485,27493,1008,1008,0.654,-463,70
26022,27563,1541,0,GE-Phase,stroke,27493,28197,704,70,0.045,-1471,-634
29529,31227,1698,0,GE-Phrase,211,27493,29702,2209,173,0.102,2036,1525
29529,31227,1698,0,GE-Phase,retraction,28197,29702,1505,173,0.102,1332,1525
33285,34491,1206,0,GE-Phrase,213,32366,34665,2299,1206,1.0,919,-174
33285,34491,1206,0,GE-Phase,stroke,32790,33932,1142,647,0.536,495,559
33285,34491,1206,0,GE-Phase,retraction,33932,34665,733,559,0.464,-647,-174
50217,51572,1355,0,GE-Phrase,221,49804,51662,1858,1355,1.0,413,-90
50217,51572,1355,0,GE-Phase,preparation,49804,50351,547,134,0.099,413,1221
50217,51572,1355,0,GE-Phase,stroke,50351,51136,785,785,0.579,-134,436
50217,51572,1355,0,GE-Phase,retraction,51136,51662,526,436,0.322,-919,-90
62628,63700,1072,0,GE-Phrase,224,62322,63789,1467,1072,1.0,306,-89
62628,63700,1072,0,GE-Phase,stroke,62322,63055,733,427,0.398,306,645
62628,63700,1072,0,GE-Phase,hold,63055,63789,734,645,0.602,-427,-89
63700,65033,1333,0,GE-Phrase,224,62322,63789,1467,89,0.067,1378,1244
63700,65033,1333,0,GE-Phrase,225,63789,64734,945,945,0.709,-89,299
63700,65033,1333,0,GE-Phrase,226,64734,66622,1888,299,0.224,-1034,-1589
63700,65033,1333,0,GE-Phase,hold,63055,63789,734,89,0.067,645,1244
63700,65033,1333,0,GE-Phase,stroke,63789,64277,488,488,0.366,-89,756
63700,65033,1333,0,GE-Phase,retraction,64277,64734,457,457,0.343,-577,299
63700,65033,1333,0,GE-Phase,preparation,64734,65047,313,299,0.224,-1034,-14
10765,11870,1105,0,GE-Phrase,204,10681,11709,1028,944,0.854,84,161
10765,11870,1105,0,GE-Phrase,205,11709,12745,1036,161,0.146,-944,-875
10765,11870,1105,0,GE-Phase,stroke,10681,11709,1028,944,0.854,84,161
10765,11870,1105,0,GE-Phase,stroke,11709,12745,1036,161,0.146,-944,-875
14560,15870,1310,0,GE-Phrase,206,12745,15828,3083,1268,0.968,1815,42
14560,15870,1310,0,GE-Phrase,207,15828,17061,1233,42,0.032,-1268,-1191
14560,15870,1310,0,GE-Phase,retraction,14308,15828,1520,1268,0.968,252,42
14560,15870,1310,0,GE-Phase,preparation,15828,16148,320,42,0.032,-1268,-278
22570,25660,3090,0,GE-Phrase,209,23133,25933,2800,2527,0.818,-563,-273
22570,25660,3090,0,GE-Phase,stroke,23133,23986,853,853,0.276,-563,1674
22570,25660,3090,0,GE-Phase,hold,23986,25933,1947,1674,0.542,-1416,-273
26022,27563,1541,0,GE-Phrase,210,25933,27493,1560,1471,0.955,89,70
26022,27563,1541,0,GE-Phrase,211,27493,29702,2209,70,0.045,-1471,-2139
26022,27563,1541,0,GE-Phase,preparation,25933,26485,552,463,0.3,89,1078
26022,27563,1541,0,GE-Phase,stroke,26485,27493,1008,1008,0.654,-463,70
26022,27563,1541,0,GE-Phase,stroke,27493,28197,704,70,0.045,-1471,-634
29529,31227,1698,0,GE-Phrase,211,27493,29702,2209,173,0.102,2036,1525
29529,31227,1698,0,GE-Phase,retraction,28197,29702,1505,173,0.102,1332,1525
33285,34491,1206,0,GE-Phrase,213,32366,34665,2299,1206,1.0,919,-174
33285,34491,1206,0,GE-Phase,stroke,32790,33932,1142,647,0.536,495,559
33285,34491,1206,0,GE-Phase,retraction,33932,34665,733,559,0.464,-647,-174
50217,51572,1355,0,GE-Phrase,221,49804,51662,1858,1355,1.0,413,-90
50217,51572,1355,0,GE-Phase,preparation,49804,50351,547,134,0.099,413,1221
50217,51572,1355,0,GE-Phase,stroke,50351,51136,785,785,0.579,-134,436
50217,51572,1355,0,GE-Phase,retraction,51136,51662,526,436,0.322,-919,-90
62628,63700,1072,0,GE-Phrase,224,62322,63789,1467,1072,1.0,306,-89
62628,63700,1072,0,GE-Phase,stroke,62322,63055,733,427,0.398,306,645
62628,63700,1072,0,GE-Phase,hold,63055,63789,734,645,0.602,-427,-89
63700,65033,1333,0,GE-Phrase,224,62322,63789,1467,89,0.067,1378,1244
63700,65033,1333,0,GE-Phrase,225,63789,64734,945,945,0.709,-89,299
63700,65033,1333,0,GE-Phrase,226,64734,66622,1888,299,0.224,-1034,-1589
63700,65033,1333,0,GE-Phase,hold,63055,63789,734,89,0.067,645,1244
63700,65033,1333,0,GE-Phase,stroke,63789,64277,488,488,0.366,-89,756
63700,65033,1333,0,GE-Phase,retraction,64277,64734,457,457,0.343,-577,299
63700,65033,1333,0,GE-Phase,preparation,64734,65047,313,299,0.224,-1034,-14
10765,11870,1105,0,GE-Phrase,204,10681,11709,1028,944,0.854,84,161
10765,11870,1105,0,GE-Phrase,205,11709,12745,1036,161,0.146,-944,-875
10765,11870,1105,0,GE-Phase,stroke,10681,11709,1028,944,0.854,84,161
10765,11870,1105,0,GE-Phase,stroke,11709,12745,1036,161,0.146,-944,-875
14560,15870,1310,0,GE-Phrase,206,12745,15828,3083,1268,0.968,1815,42
14560,15870,1310,0,GE-Phrase,207,15828,17061,1233,42,0.032,-1268,-1191
14560,15870,1310,0,GE-Phase,retraction,14308,15828,1520,1268,0.968,252,42
14560,15870,1310,0,GE-Phase,preparation,15828,16148,320,42,0.032,-1268,-278
22570,25660,3090,0,GE-Phrase,209,23133,25933,2800,2527,0.818,-563,-273
22570,25660,3090,0,GE-Phase,stroke,23133,23986,853,853,0.276,-563,1674
22570,25660,3090,0,GE-Phase,hold,23986,25933,1947,1674,0.542,-1416,-273
26022,27563,1541,0,GE-Phrase,210,25933,27493,1560,1471,0.955,89,70
26022,27563,1541,0,GE-Phrase,211,27493,29702,2209,70,0.045,-1471,-2139
26022,27563,1541,0,GE-Phase,preparation,25933,26485,552,463,0.3,89,1078
26022,27563,1541,0,GE-Phase,stroke,26485,27493,1008,1008,0.654,-463,70
26022,27563,1541,0,GE-Phase,stroke,27493,28197,704,70,0.045,-1471,-634
29529,31227,1698,0,GE-Phrase,211,27493,29702,2209,173,0.102,2036,1525
29529,31227,1698,0,GE-Phase,retraction,28197,29702,1505,173,0.102,1332,1525
33285,34491,1206,0,GE-Phrase,213,32366,34665,2299,1206,1.0,919,-174
33285,34491,1206,0,GE-Phase,stroke,32790,33932,1142,647,0.536,495,559
33285,34491,1206,0,GE-Phase,retraction,33932,34665,733,559,0.464,-647,-174
50217,51572,1355,0,GE-Phrase,221,49804,51662,1858,1355,1.0,413,-90
50217,51572,1355,0,GE-Phase,preparation,49804,50351,547,134,0.099,413,1221
50217,51572,1355,0,GE-Phase,stroke,50351,51136,785,785,0.579,-134,436
50217,51572,1355,0,GE-Phase,retraction,51136,51662,526,436,0.322,-919,-90
62628,63700,1072,0,GE-Phrase,224,62322,63789,1467,1072,1.0,306,-89
62628,63700,1072,0,GE-Phase,stroke,62322,63055,733,427,0.398,306,645
62628,63700,1072,0,GE-Phase,hold,63055,63789,734,645,0.602,-427,-89
63700,65033,1333,0,GE-Phrase,224,62322,63789,1467,89,0.067,1378,1244
63700,65033,1333,0,GE-Phrase,225,63789,64734,945,945,0.709,-89,299
63700,65033,1333,0,GE-Phrase,226,64734,66622,1888,299,0.224,-1034,-1589
63700,65033,1333,0,GE-Phase,hold,63055,63789,734,89,0.067,645,1244
63700,65033,1333,0,GE-Phase,stroke,63789,64277,488,488,0.366,-89,756
63700,65033,1333,0,GE-Phase,retraction,64277,64734,457,457,0.343,-577,299
63700,65033,1333,0,GE-Phase,preparation,64734,65047,313,299,0.224,-1034,-14
10765,11870,1105,0,GE-Phrase,204,10681,11709,1028,944,0.854,84,161
10765,11870,1105,0,GE-Phrase,205,11709,12745,1036,161,0.146,-944,-875
10765,11870,1105,0,GE-Phase,stroke,10681,11709,1028,944,0.854,84,161
10765,11870,1105,0,GE-Phase,stroke,11709,12745,1036,161,0.146,-944,-875
14560,15870,1310,0,GE-Phrase,206,12745,15828,3083,1268,0.968,1815,42
14560,15870,1310,0,GE-Phrase,207,15828,17061,1233,42,0.032,-1268,-1191
14560,15870,1310,0,GE-Phase,retraction,14308,15828,1520,1268,0.968,252,42
14560,15870,1310,0,GE-Phase,preparation,15828,16148,320,42,0.032,-1268,-278
22570,25660,3090,0,GE-Phrase,209,23133,25933,2800,2527,0.818,-563,-273
22570,25660,3090,0,GE-Phase,stroke,23133,23986,853,853,0.276,-563,1674
22570,25660,3090,0,GE-Phase,hold,23986,25933,1947,1674,0.542,-1416,-273
26022,27563,1541,0,GE-Phrase,210,25933,27493,1560,1471,0.955,89,70
26022,27563,1541,0,GE-Phrase,211,27493,29702,2209,70,0.045,-1471,-2139
26022,27563,1541,0,GE-Phase,preparation,25933,26485,552,463,0.3,89,1078
26022,27563,1541,0,GE-Phase,stroke,26485,27493,1008,1008,0.654,-463,70
26022,27563,1541,0,GE-Phase,stroke,27493,28197,704,70,0.045,-1471,-634
29529,31227,1698,0,GE-Phrase,211,27493,29702,2209,173,0.102,2036,1525
29529,31227,1698,0,GE-Phase,retraction,28197,29702,1505,173,0.102,1332,1525
33285,34491,1206,0,GE-Phrase,213,32366,34665,2299,1206,1.0,919,-174
33285,34491,1206,0,GE-Phase,stroke,32790,33932,1142,647,0.536,495,559
33285,34491,1206,0,GE-Phase,retraction,33932,34665,733,559,0.464,-647,-174
50217,51572,1355,0,GE-Phrase,221,49804,51662,1858,1355,1.0,413,-90
50217,51572,1355,0,GE-Phase,preparation,49804,50351,547,134,0.099,413,1221
50217,51572,1355,0,GE-Phase,stroke,50351,51136,785,785,0.579,-134,436
50217,51572,1355,0,GE-Phase,retraction,51136,51662,526,436,0.322,-919,-90
62628,63700,1072,0,GE-Phrase,224,62322,63789,1467,1072,1.0,306,-89
62628,63700,1072,0,GE-Phase,stroke,62322,63055,733,427,0.398,306,645
62628,63700,1072,0,GE-Phase,hold,63055,63789,734,645,0.602,-427,-89
63700,65033,1333,0,GE-Phrase,224,62322,63789,1467,89,0.067,1378,1244
63700,65033,1333,0,GE-Phrase,225,63789,64734,945,945,0.709,-89,299
63700,65033,1333,0,GE-Phrase,226,64734,66622,1888,299,0.224,-1034,-1589
63700,65033,1333,0,GE-Phase,hold,63055,63789,734,89,0.067,645,1244
63700,65033,1333,0,GE-Phase,stroke,63789,64277,488,488,0.366,-89,756
63700,65033,1333,0,GE-Phase,retraction,64277,64734,457,457,0.343,-577,299
63700,65033,1333,0,GE-Phase,preparation,64734,65047,313,299,0.224,-1034,-14
10765,11870,1105,0,GE-Phrase,204,10681,11709,1028,944,0.854,84,161
10765,11870,1105,0,GE-Phrase,205,11709,12745,1036,161,0.146,-944,-875
10765,11870,1105,0,GE-Phase,stroke,10681,11709,1028,944,0.854,84,161
10765,11870,1105,0,GE-Phase,stroke,11709,12745,1036,161,0.146,-944,-875
14560,15870,1310,0,GE-Phrase,206,12745,15828,3083,1268,0.968,1815,42
14560,15870,1310,0,GE-Phrase,207,15828,17061,1233,42,0.032,-1268,-1191
14560,15870,1310,0,GE-Phase,retraction,14308,15828,1520,1268,0.968,252,42
14560,15870,1310,0,GE-Phase,preparation,15828,16148,320,42,0.032,-1268,-278
22570,25660,3090,0,GE-Phrase,209,23133,25933,2800,2527,0.818,-563,-273
22570,25660,3090,0,GE-Phase,stroke,23133,23986,853,853,0.276,-563,1674
22570,25660,3090,0,GE-Phase,hold,23986,25933,1947,1674,0.542,-1416,-273
26022,27563,1541,0,GE-Phrase,210,25933,27493,1560,1471,0.955,89,70
26022,27563,1541,0,GE-Phrase,211,27493,29702,2209,70,0.045,-1471,-2139
26022,27563,1541,0,GE-Phase,preparation,25933,26485,552,463,0.3,89,1078
26022,27563,1541,0,GE-Phase,stroke,26485,27493,1008,1008,0.654,-463,70
26022,27563,1541,0,GE-Phase,stroke,27493,28197,704,70,0.045,-1471,-634
29529,31227,1698,0,GE-Phrase,211,27493,29702,2209,173,0.102,2036,1525
29529,31227,1698,0,GE-Phase,retraction,28197,29702,1505,173,0.102,1332,1525
33285,34491,1206,0,GE-Phrase,213,32366,34665,2299,1206,1.0,919,-174
33285,34491,1206,0,GE-Phase,stroke,32790,33932,1142,647,0.536,495,559
33285,34491,1206,0,GE-Phase,retraction,33932,34665,733,559,0.464,-647,-174
50217,51572,1355,0,GE-Phrase,221,49804,51662,1858,1355,1.0,413,-90
50217,51572,1355,0,GE-Phase,preparation,49804,50351,547,134,0.099,413,1221
50217,51572,1355,0,GE-Phase,stroke,50351,51136,785,785,0.579,-134,436
50217,51572,1355,0,GE-Phase,retraction,51136,51662,526,436,0.322,-919,-90
62628,63700,1072,0,GE-Phrase,224,62322,63789,1467,1072,1.0,306,-89
62628,63700,1072,0,GE-Phase,stroke,62322,63055,733,427,0.398,306,645
62628,63700,1072,0,GE-Phase,hold,63055,63789,734,645,0.602,-427,-89
63700,65033,1333,0,GE-Phrase,224,62322,63789,1467,89,0.067,1378,1244
63700,65033,1333,0,GE-Phrase,225,63789,64734,945,945,0.709,-89,299
63700,65033,1333,0,GE-Phrase,226,64734,66622,1888,299,0.224,-1034,-1589
63700,65033,1333,0,GE-Phase,hold,63055,63789,734,89,0.067,645,1244
63700,65033,1333,0,GE-Phase,stroke,63789,64277,488,488,0.366,-89,756
63700,65033,1333,0,GE-Phase,retraction,64277,64734,457,457,0.343,-577,299
63700,65033,1333,0,GE-Phase,preparation,64734,65047,313,299,0.224,-1034,-14
10765,11870,1105,0,GE-Phrase,204,10681,11709,1028,944,0.854,84,161
10765,11870,1105,0,GE-Phrase,205,11709,12745,1036,161,0.146,-944,-875
10765,11870,1105,0,GE-Phase,stroke,10681,11709,1028,944,0.854,84,161
10765,11870,1105,0,GE-Phase,stroke,11709,12745,1036,161,0.146,-944,-875
14560,15870,1310,0,GE-Phrase,206,12745,15828,3083,1268,0.968,1815,42
14560,15870,1310,0,GE-Phrase,207,15828,17061,1233,42,0.032,-1268,-1191
14560,15870,1310,0,GE-Phase,retraction,14308,15828,1520,1268,0.968,252,42
14560,15870,1310,0,GE-Phase,preparation,15828,16148,320,42,0.032,-1268,-278
22570,25660,3090,0,GE-Phrase,209,23133,25933,2800,2527,0.818,-563,-273
22570,25660,3090,0,GE-Phase,stroke,23133,23986,853,853,0.276,-563,1674
22570,25660,3090,0,GE-Phase,hold,23986,25933,1947,1674,0.542,-1416,-273
26022,27563,1541,0,GE-Phrase,210,25933,27493,1560,1471,0.955,89,70
26022,27563,1541,0,GE-Phrase,211,27493,29702,2209,70,0.045,-1471,-2139
26022,27563,1541,0,GE-Phase,preparation,25933,26485,552,463,0.3,89,1078
26022,27563,1541,0,GE-Phase,stroke,26485,27493,1008,1008,0.654,-463,70
26022,27563,1541,0,GE-Phase,stroke,27493,28197,704,70,0.045,-1471,-634
29529,31227,1698,0,GE-Phrase,211,27493,29702,2209,173,0.102,2036,1525
29529,31227,1698,0,GE-Phase,retraction,28197,29702,1505,173,0.102,1332,1525
33285,34491,1206,0,GE-Phrase,213,32366,34665,2299,1206,1.0,919,-174
33285,34491,1206,0,GE-Phase,stroke,32790,33932,1142,647,0.536,495,559
33285,34491,1206,0,GE-Phase,retraction,33932,34665,733,559,0.464,-647,-174
50217,51572,1355,0,GE-Phrase,221,49804,51662,1858,1355,1.0,413,-90
50217,51572,1355,0,GE-Phase,preparation,49804,50351,547,134,0.099,413,1221
50217,51572,1355,0,GE-Phase,stroke,50351,51136,785,785,0.579,-134,436
50217,51572,1355,0,GE-Phase,retraction,51136,51662,526,436,0.322,-919,-90
62628,63700,1072,0,GE-Phrase,224,62322,63789,1467,1072,1.0,306,-89
62628,63700,1072,0,GE-Phase,stroke,62322,63055,733,427,0.398,306,645
62628,63700,1072,0,GE-Phase,hold,63055,63789,734,645,0.602,-427,-89
63700,65033,1333,0,GE-Phrase,224,62322,63789,1467,89,0.067,1378,1244
63700,65033,1333,0,GE-Phrase,225,63789,64734,945,945,0.709,-89,299
63700,65033,1333,0,GE-Phrase,226,64734,66622,1888,299,0.224,-1034,-1589
63700,65033,1333,0,GE-Phase,hold,63055,63789,734,89,0.067,645,1244
63700,65033,1333,0,GE-Phase,stroke,63789,64277,488,488,0.366,-89,756
63700,65033,1333,0,GE-Phase,retraction,64277,64734,457,457,0.343,-577,299
63700,65033,1333,0,GE-Phase,preparation,64734,65047,313,299,0.224,-1034,-14
10765,11870,1105,0,GE-Phrase,204,10681,11709,1028,944,0.854,84,161
10765,11870,1105,0,GE-Phrase,205,11709,12745,1036,161,0.146,-944,-875
10765,11870,1105,0,GE-Phase,stroke,10681,11709,1028,944,0.854,84,161
10765,11870,1105,0,GE-Phase,stroke,11709,12745,1036,161,0.146,-944,-875
14560,15870,1310,0,GE-Phrase,206,12745,15828,3083,1268,0.968,1815,42
14560,15870,1310,0,GE-Phrase,207,15828,17061,1233,42,0.032,-1268,-1191
14560,15870,1310,0,GE-Phase,retraction,14308,15828,1520,1268,0.968,252,42
14560,15870,1310,0,GE-Phase,preparation,15828,16148,320,42,0.032,-1268,-278
22570,25660,3090,0,GE-Phrase,209,23133,25933,2800,2527,0.818,-563,-273
22570,25660,3090,0,GE-Phase,stroke,23133,23986,853,853,0.276,-563,1674
22570,25660,3090,0,GE-Phase,hold,23986,25933,1947,1674,0.542,-1416,-273
26022,27563,1541,0,GE-Phrase,210,25933,27493,1560,1471,0.955,89,70
26022,27563,1541,0,GE-Phrase,211,27493,29702,2209,70,0.045,-1471,-2139
26022,27563,1541,0,GE-Phase,preparation,25933,26485,552,463,0.3,89,1078
26022,27563,1541,0,GE-Phase,stroke,26485,27493,1008,1008,0.654,-463,70
26022,27563,1541,0,GE-Phase,stroke,27493,28197,704,70,0.045,-1471,-634
29529,31227,1698,0,GE-Phrase,211,27493,29702,2209,173,0.102,2036,1525
29529,31227,1698,0,GE-Phase,retraction,28197,29702,1505,173,0.102,1332,1525
33285,34491,1206,0,GE-Phrase,213,32366,34665,2299,1206,1.0,919,-174
33285,34491,1206,0,GE-Phase,stroke,32790,33932,1142,647,0.536,495,559
33285,34491,1206,0,GE-Phase,retraction,33932,34665,733,559,0.464,-647,-174
50217,51572,1355,0,GE-Phrase,221,49804,51662,1858,1355,1.0,413,-90
50217,51572,1355,0,GE-Phase,preparation,49804,50351,547,134,0.099,413,1221
50217,51572,1355,0,GE-Phase,stroke,50351,51136,785,785,0.579,-134,436
50217,51572,1355,0,GE-Phase,retraction,51136,51662,526,436,0.322,-919,-90
62628,63700,1072,0,GE-Phrase,224,62322,63789,1467,1072,1.0,306,-89
62628,63700,1072,0,GE-Phase,stroke,62322,63055,733,427,0.398,306,645
62628,63700,1072,0,GE-Phase,hold,63055,63789,734,645,0.602,-427,-89
63700,65033,1333,0,GE-Phrase,224,62322,63789,1467,89,0.067,1378,1244
63700,65033,1333,0,GE-Phrase,225,63789,64734,945,945,0.709,-89,299
63700,65033,1333,0,GE-Phrase,226,64734,66622,1888,299,0.224,-1034,-1589
63700,65033,1333,0,GE-Phase,hold,63055,63789,734,89,0.067,645,1244
63700,65033,1333,0,GE-Phase,stroke,63789,64277,488,488,0.366,-89,756
63700,65033,1333,0,GE-Phase,retraction,64277,64734,457,457,0.343,-577,299
63700,65033,1333,0,GE-Phase,preparation,64734,65047,313,299,0.224,-1034,-14
10765,11870,1105,0,GE-Phrase,204,10681,11709,1028,944,0.854,84,161
10765,11870,1105,0,GE-Phrase,205,11709,12745,1036,161,0.146,-944,-875
10765,11870,1105,0,GE-Phase,stroke,10681,11709,1028,944,0.854,84,161
10765,11870,1105,0,GE-Phase,stroke,11709,12745,1036,161,0.146,-944,-875
14560,15870,1310,0,GE-Phrase,206,12745,15828,3083,1268,0.968,1815,42
14560,15870,1310,0,GE-Phrase,207,15828,17061,1233,42,0.032,-1268,-1191
14560,15870,1310,0,GE-Phase,retraction,14308,15828,1520,1268,0.968,252,42
14560,15870,1310,0,GE-Phase,preparation,15828,16148,320,42,0.032,-1268,-278
22570,25660,3090,0,GE-Phrase,209,23133,25933,2800,2527,0.818,-563,-273
22570,25660,3090,0,GE-Phase,stroke,23133,23986,853,853,0.276,-563,1674
22570,25660,3090,0,GE-Phase,hold,23986,25933,1947,1674,0.542,-1416,-273
26022,27563,1541,0,GE-Phrase,210,25933,27493,1560,1471,0.955,89,70
26022,27563,1541,0,GE-Phrase,211,27493,29702,2209,70,0.045,-1471,-2139
26022,27563,1541,0,GE-Phase,preparation,25933,26485,552,463,0.3,89,1078
26022,27563,1541,0,GE-Phase,stroke,26485,27493,1008,1008,0.654,-463,70
26022,27563,1541,0,GE-Phase,stroke,27493,28197,704,70,0.045,-1471,-634
29529,31227,1698,0,GE-Phrase,211,27493,29702,2209,173,0.102,2036,1525
29529,31227,1698,0,GE-Phase,retraction,28197,29702,1505,173,0.102,1332,1525
33285,34491,1206,0,GE-Phrase,213,32366,34665,2299,1206,1.0,919,-174
33285,34491,1206,0,GE-Phase,stroke,32790,33932,1142,647,0.536,495,559
33285,34491,1206,0,GE-Phase,retraction,33932,34665,733,559,0.464,-647,-174
50217,51572,1355,0,GE-Phrase,221,49804,51662,1858,1355,1.0,413,-90
50217,51572,1355,0,GE-Phase,preparation,49804,50351,547,134,0.099,413,1221
50217,51572,1355,0,GE-Phase,stroke,50351,51136,785,785,0.579,-134,436
50217,51572,1355,0,GE-Phase,retraction,51136,51662,526,436,0.322,-919,-90
62628,63700,1072,0,GE-Phrase,224,62322,63789,1467,1072,1.0,306,-89
62628,63700,1072,0,GE-Phase,stroke,62322,63055,733,427,0.398,306,645
62628,63700,1072,0,GE-Phase,hold,63055,63789,734,645,0.602,-427,-89
63700,65033,1333,0,GE-Phrase,224,62322,63789,1467,89,0.067,1378,1244
63700,65033,1333,0,GE-Phrase,225,63789,64734,945,945,0.709,-89,299
63700,65033,1333,0,GE-Phrase,226,64734,66622,1888,299,0.224,-1034,-1589
63700,65033,1333,0,GE-Phase,hold,63055,63789,734,89,0.067,645,1244
63700,65033,1333,0,GE-Phase,stroke,63789,64277,488,488,0.366,-89,756
63700,65033,1333,0,GE-Phase,retraction,64277,64734,457,457,0.343,-577,299
63700,65033,1333,0,GE-Phase,preparation,64734,65047,313,299,0.224,-1034,-14
10765,11870,1105,0,GE-Phrase,204,10681,11709,1028,944,0.854,84,161
10765,11870,1105,0,GE-Phrase,205,11709,12745,1036,161,0.146,-944,-875
10765,11870,1105,0,GE-Phase,stroke,10681,11709,1028,944,0.854,84,161
10765,11870,1105,0,GE-Phase,stroke,11709,12745,1036,161,0.146,-944,-875
14560,15870,1310,0,GE-Phrase,206,12745,15828,3083,1268,0.968,1815,42
14560,15870,1310,0,GE-Phrase,207,15828,17061,1233,42,0.032,-1268,-1191
14560,15870,1310,0,GE-Phase,retraction,14308,15828,1520,1268,0.968,252,42
14560,15870,1310,0,GE-Phase,preparation,15828,16148,320,42,0.032,-1268,-278
22570,25660,3090,0,GE-Phrase,209,23133,25933,2800,2527,0.818,-563,-273
22570,25660,3090,0,GE-Phase,stroke,23133,23986,853,853,0.276,-563,1674
22570,25660,3090,0,GE-Phase,hold,23986,25933,1947,1674,0.542,-1416,-273
26022,27563,1541,0,GE-Phrase,210,25933,27493,1560,1471,0.955,89,70
26022,27563,1541,0,GE-Phrase,211,27493,29702,2209,70,0.045,-1471,-2139
26022,27563,1541,0,GE-Phase,preparation,25933,26485,552,463,0.3,89,1078
26022,27563,1541,0,GE-Phase,stroke,26485,27493,1008,1008,0.654,-463,70
26022,27563,1541,0,GE-Phase,stroke,27493,28197,704,70,0.045,-1471,-634
29529,31227,1698,0,GE-Phrase,211,27493,29702,2209,173,0.102,2036,1525
29529,31227,1698,0,GE-Phase,retraction,28197,29702,1505,173,0.102,1332,1525
33285,34491,1206,0,GE-Phrase,213,32366,34665,2299,1206,1.0,919,-174
33285,34491,1206,0,GE-Phase,stroke,32790,33932,1142,647,0.536,495,559
33285,34491,1206,0,GE-Phase,retraction,33932,34665,733,559,0.464,-647,-174
50217,51572,1355,0,GE-Phrase,221,49804,51662,1858,1355,1.0,413,-90
50217,51572,1355,0,GE-Phase,preparation,49804,50351,547,134,0.099,413,1221
50217,51572,1355,0,GE-Phase,stroke,50351,51136,785,785,0.579,-134,436
50217,51572,1355,0,GE-Phase,retraction,51136,51662,526,436,0.322,-919,-90
62628,63700,1072,0,GE-Phrase,224,62322,63789,1467,1072,1.0,306,-89
62628,63700,1072,0,GE-Phase,stroke,62322,63055,733,427,0.398,306,645
62628,63700,1072,0,GE-Phase,hold,63055,63789,734,645,0.602,-427,-89
63700,65033,1333,0,GE-Phrase,224,62322,63789,1467,89,0.067,1378,1244
63700,65033,1333,0,GE-Phrase,225,63789,64734,945,945,0.709,-89,299
63700,65033,1333,0,GE-Phrase,226,64734,66622,1888,299,0.224,-1034,-1589
63700,65033,1333,0,GE-Phase,hold,63055,63789,734,89,0.067,645,1244
63700,65033,1333,0,GE-Phase,stroke,63789,64277,488,488,0.366,-89,756
63700,65033,1333,0,GE-Phase,retraction,64277,64734,457,457,0.343,-577,299
63700,65033,1333,0,GE-Phase,preparation,64734,65047,313,299,0.224,-1034,-14
10765,11870,1105,0,GE-Phrase,204,10681,11709,1028,944,0.854,84,161
10765,11870,1105,0,GE-Phrase,205,11709,12745,1036,161,0.146,-944,-875
10765,11870,1105,0,GE-Phase,stroke,10681,11709,1028,944,0.854,84,161
10765,11870,1105,0,GE-Phase,stroke,11709,12745,1036,161,0.146,-944,-875
14560,15870,1310,0,GE-Phrase,206,12745,15828,3083,1268,0.968,1815,42
14560,15870,1310,0,GE-Phrase,207,15828,17061,1233,42,0.032,-1268,-1191
14560,15870,1310,0,GE-Phase,retraction,14308,15828,1520,1268,0.968,252,42
14560,15870,1310,0,GE-Phase,preparation,15828,16148,320,42,0.032,-1268,-278
22570,25660,3090,0,GE-Phrase,209,23133,25933,2800,2527,0.818,-563,-273
22570,25660,3090,0,GE-Phase,stroke,23133,23986,853,853,0.276,-563,1674
22570,25660,3090,0,GE-Phase,hold,23986,25933,1947,1674,0.542,-1416,-273
26022,27563,1541,0,GE-Phrase,210,25933,27493,1560,1471,0.955,89,70
26022,27563,1541,0,GE-Phrase,211,27493,29702,2209,70,0.045,-1471,-2139
26022,27563,1541,0,GE-Phase,preparation,25933,26485,552,463,0.3,89,1078
26022,27563,1541,0,GE-Phase,stroke,26485,27493,1008,1008,0.654,-463,70
26022,27563,1541,0,GE-Phase,stroke,27493,28197,704,70,0.045,-1471,-634
29529,31227,1698,0,GE-Phrase,211,27493,29702,2209,173,0.102,2036,1525
29529,31227,1698,0,GE-Phase,retraction,28197,29702,1505,173,0.102,1332,1525
33285,34491,1206,0,GE-Phrase,213,32366,34665,2299,1206,1.0,919,-174
33285,34491,1206,0,GE-Phase,stroke,32790,33932,1142,647,0.536,495,559
33285,34491,1206,0,GE-Phase,retraction,33932,34665,733,559,0.464,-647,-174
50217,51572,1355,0,GE-Phrase,221,49804,51662,1858,1355,1.0,413,-90
50217,51572,1355,0,GE-Phase,preparation,49804,50351,547,134,0.099,413,1221
50217,51572,1355,0,GE-Phase,stroke,50351,51136,785,785,0.579,-134,436
50217,51572,1355,0,GE-Phase,retraction,51136,51662,526,436,0.322,-919,-90
62628,63700,1072,0,GE-Phrase,224,62322,63789,1467,1072,1.0,306,-89
62628,63700,1072,0,GE-Phase,stroke,62322,63055,733,427,0.398,306,645
62628,63700,1072,0,GE-Phase,hold,63055,63789,734,645,0.602,-427,-89
63700,65033,1333,0,GE-Phrase,224,62322,63789,1467,89,0.067,1378,1244
63700,65033,1333,0,GE-Phrase,225,63789,64734,945,945,0.709,-89,299
63700,65033,1333,0,GE-Phrase,226,64734,66622,1888,299,0.224,-1034,-1589
63700,65033,1333,0,GE-Phase,hold,63055,63789,734,89,0.067,645,1244
63700,65033,1333,0,GE-Phase,stroke,63789,64277,488,488,0.366,-89,756
63700,65033,1333,0,GE-Phase,retraction,64277,64734,457,457,0.343,-577,299
63700,65033,1333,0,GE-Phase,preparation,64734,65047,313,299,0.224,-1034,-14
10765,11870,1105,0,GE-Phrase,204,10681,11709,1028,944,0.854,84,161
10765,11870,1105,0,GE-Phrase,205,11709,12745,1036,161,0.146,-944,-875
10765,11870,1105,0,GE-Phase,stroke,10681,11709,1028,944,0.854,84,161
10765,11870,1105,0,GE-Phase,stroke,11709,12745,1036,161,0.146,-944,-875
14560,15870,1310,0,GE-Phrase,206,12745,15828,3083,1268,0.968,1815,42
14560,15870,1310,0,GE-Phrase,207,15828,17061,1233,42,0.032,-1268,-1191
14560,15870,1310,0,GE-Phase,retraction,14308,15828,1520,1268,0.968,252,42
14560,15870,1310,0,GE-Phase,preparation,15828,16148,320,42,0.032,-1268,-278
22570,25660,3090,0,GE-Phrase,209,23133,25933,2800,2527,0.818,-563,-273
22570,25660,3090,0,GE-Phase,stroke,23133,23986,853,853,0.276,-563,1674
22570,25660,3090,0,GE-Phase,hold,23986,25933,1947,1674,0.542,-1416,-273
26022,27563,1541,0,GE-Phrase,210,25933,27493,1560,1471,0.955,89,70
26022,27563,1541,0,GE-Phrase,211,27493,29702,2209,70,0.045,-1471,-2139
26022,27563,1541,0,GE-Phase,preparation,25933,26485,552,463,0.3,89,1078
26022,27563,1541,0,GE-Phase,stroke,26485,27493,1008,1008,0.654,-463,70
26022,27563,1541,0,GE-Phase,stroke,27493,28197,704,70,0.045,-1471,-634
29529,31227,1698,0,GE-Phrase,211,27493,29702,2209,173,0.102,2036,1525
29529,31227,1698,0,GE-Phase,retraction,28197,29702,1505,173,0.102,1332,1525
33285,34491,1206,0,GE-Phrase,213,32366,34665,2299,1206,1.0,919,-174
33285,34491,1206,0,GE-Phase,stroke,32790,33932,1142,647,0.536,495,559
33285,34491,1206,0,GE-Phase,retraction,33932,34665,733,559,0.464,-647,-174
50217,51572,1355,0,GE-Phrase,221,49804,51662,1858,1355,1.0,413,-90
50217,51572,1355,0,GE-Phase,preparation,49804,50351,547,134,0.099,413,1221
50217,51572,1355,0,GE-Phase,stroke,50351,51136,785,785,0.579,-134,436
50217,51572,1355,0,GE-Phase,retraction,51136,51662,526,436,0.322,-919,-90
62628,63700,1072,0,GE-Phrase,224,62322,63789,1467,1072,1.0,306,-89
62628,63700,1072,0,GE-Phase,stroke,62322,63055,733,427,0.398,306,645
62628,63700,1072,0,GE-Phase,hold,63055,63789,734,645,0.602,-427,-89
63700,65033,1333,0,GE-Phrase,224,62322,63789,1467,89,0.067,1378,1244
63700,65033,1333,0,GE-Phrase,225,63789,64734,945,945,0.709,-89,299
63700,65033,1333,0,GE-Phrase,226,64734,66622,1888,299,0.224,-1034,-1589
63700,65033,1333,0,GE-Phase,hold,63055,63789,734,89,0.067,645,1244
63700,65033,1333,0,GE-Phase,stroke,63789,64277,488,488,0.366,-89,756
63700,65033,1333,0,GE-Phase,retraction,64277,64734,457,457,0.343,-577,299
63700,65033,1333,0,GE-Phase,preparation,64734,65047,313,299,0.224,-1034,-14
10765,11870,1105,0,GE-Phrase,204,10681,11709,1028,944,0.854,84,161
10765,11870,1105,0,GE-Phrase,205,11709,12745,1036,161,0.146,-944,-875
10765,11870,1105,0,GE-Phase,stroke,10681,11709,1028,944,0.854,84,161
10765,11870,1105,0,GE-Phase,stroke,11709,12745,1036,161,0.146,-944,-875
14560,15870,1310,0,GE-Phrase,206,12745,15828,3083,1268,0.968,1815,42
14560,15870,1310,0,GE-Phrase,207,15828,17061,1233,42,0.032,-1268,-1191
14560,15870,1310,0,GE-Phase,retraction,14308,15828,1520,1268,0.968,252,42
14560,15870,1310,0,GE-Phase,preparation,15828,16148,320,42,0.032,-1268,-278
22570,25660,3090,0,GE-Phrase,209,23133,25933,2800,2527,0.818,-563,-273
22570,25660,3090,0,GE-Phase,stroke,23133,23986,853,853,0.276,-563,1674
22570,25660,3090,0,GE-Phase,hold,23986,25933,1947,1674,0.542,-1416,-273
26022,27563,1541,0,GE-Phrase,210,25933,27493,1560,1471,0.955,89,70
26022,27563,1541,0,GE-Phrase,211,27493,29702,2209,70,0.045,-1471,-2139
26022,27563,1541,0,GE-Phase,preparation,25933,26485,552,463,0.3,89,1078
26022,27563,1541,0,GE-Phase,stroke,26485,27493,1008,1008,0.654,-463,70
26022,27563,1541,0,GE-Phase,stroke,27493,28197,704,70,0.045,-1471,-634
29529,31227,1698,0,GE-Phrase,211,27493,29702,2209,173,0.102,2036,1525
29529,31227,1698,0,GE-Phase,retraction,28197,29702,1505,173,0.102,1332,1525
33285,34491,1206,0,GE-Phrase,213,32366,34665,2299,1206,1.0,919,-174
33285,34491,1206,0,GE-Phase,stroke,32790,33932,1142,647,0.536,495,559
33285,34491,1206,0,GE-Phase,retraction,33932,34665,733,559,0.464,-647,-174
50217,51572,1355,0,GE-Phrase,221,49804,51662,1858,1355,1.0,413,-90
50217,51572,1355,0,GE-Phase,preparation,49804,50351,547,134,0.099,413,1221
50217,51572,1355,0,GE-Phase,stroke,50351,51136,785,785,0.579,-134,436
50217,51572,1355,0,GE-Phase,retraction,51136,51662,526,436,0.322,-919,-90
62628,63700,1072,0,GE-Phrase,224,62322,63789,1467,1072,1.0,306,-89
62628,63700,1072,0,GE-Phase,stroke,62322,63055,733,427,0.398,306,645
62628,63700,1072,0,GE-Phase,hold,63055,63789,734,645,0.602,-427,-89
63700,65033,1333,0,GE-Phrase,224,62322,63789,1467,89,0.067,1378,1244
63700,65033,1333,0,GE-Phrase,225,63789,64734,945,945,0.709,-89,299
63700,65033,1333,0,GE-Phrase,226,64734,66622,1888,299,0.224,-1034,-1589
63700,65033,1333,0,GE-Phase,hold,63055,63789,734,89,0.067,645,1244
63700,65033,1333,0,GE-Phase,stroke,63789,64277,488,488,0.366,-89,756
63700,65033,1333,0,GE-Phase,retraction,64277,64734,457,457,0.343,-577,299
63700,65033,1333,0,GE-Phase,preparation,64734,65047,313,299,0.224,-1034,-14
10765,11870,1105,0,GE-Phrase,204,10681,11709,1028,944,0.854,84,161
10765,11870,1105,0,GE-Phrase,205,11709,12745,1036,161,0.146,-944,-875
10765,11870,1105,0,GE-Phase,stroke,10681,11709,1028,944,0.854,84,161
10765,11870,1105,0,GE-Phase,stroke,11709,12745,1036,161,0.146,-944,-875
14560,15870,1310,0,GE-Phrase,206,12745,15828,3083,1268,0.968,1815,42
14560,15870,1310,0,GE-Phrase,207,15828,17061,1233,42,0.032,-1268,-1191
14560,15870,1310,0,GE-Phase,retraction,14308,15828,1520,1268,0.968,252,42
14560,15870,1310,0,GE-Phase,preparation,15828,16148,320,42,0.032,-1268,-278
22570,25660,3090,0,GE-Phrase,209,23133,25933,2800,2527,0.818,-563,-273
22570,25660,3090,0,GE-Phase,stroke,23133,23986,853,853,0.276,-563,1674
22570,25660,3090,0,GE-Phase,hold,23986,25933,1947,1674,0.542,-1416,-273
26022,27563,1541,0,GE-Phrase,210,25933,27493,1560,1471,0.955,89,70
26022,27563,1541,0,GE-Phrase,211,27493,29702,2209,70,0.045,-1471,-2139
26022,27563,1541,0,GE-Phase,preparation,25933,26485,552,463,0.3,89,1078
26022,27563,1541,0,GE-Phase,stroke,26485,27493,1008,1008,0.654,-463,70
26022,27563,1541,0,GE-Phase,stroke,27493,28197,704,70,0.045,-1471,-634
29529,31227,1698,0,GE-Phrase,211,27493,29702,2209,173,0.102,2036,1525
29529,31227,1698,0,GE-Phase,retraction,28197,29702,1505,173,0.102,1332,1525
33285,34491,1206,0,GE-Phrase,213,32366,34665,2299,1206,1.0,919,-174
33285,34491,1206,0,GE-Phase,stroke,32790,33932,1142,647,0.536,495,559
33285,34491,1206,0,GE-Phase,retraction,33932,34665,733,559,0.464,-647,-174
50217,51572,1355,0,GE-Phrase,221,49804,51662,1858,1355,1.0,413,-90
50217,51572,1355,0,GE-Phase,preparation,49804,50351,547,134,0.099,413,1221
50217,51572,1355,0,GE-Phase,stroke,50351,51136,785,785,0.579,-134,436
50217,51572,1355,0,GE-Phase,retraction,51136,51662,526,436,0.322,-919,-90
62628,63700,1072,0,GE-Phrase,224,62322,63789,1467,1072,1.0,306,-89
62628,63700,1072,0,GE-Phase,stroke,62322,63055,733,427,0.398,306,645
62628,63700,1072,0,GE-Phase,hold,63055,63789,734,645,0.602,-427,-89
63700,65033,1333,0,GE-Phrase,224,62322,63789,1467,89,0.067,1378,1244
63700,65033,1333,0,GE-Phrase,225,63789,64734,945,945,0.709,-89,299
63700,65033,1333,0,GE-Phrase,226,64734,66622,1888,299,0.224,-1034,-1589
63700,65033,1333,0,GE-Phase,hold,63055,63789,734,89,0.067,645,1244
63700,65033,1333,0,GE-Phase,stroke,63789,64277,488,488,0.366,-89,756
63700,65033,1333,0,GE-Phase,retraction,64277,64734,457,457,0.343,-577,299
63700,65033,1333,0,GE-Phase,preparation,64734,65047,313,299,0.224,-1034,-14
10765,11870,1105,0,GE-Phrase,204,10681,11709,1028,944,0.854,84,161
10765,11870,1105,0,GE-Phrase,205,11709,12745,1036,161,0.146,-944,-875
10765,11870,1105,0,GE-Phase,stroke,10681,11709,1028,944,0.854,84,161
10765,11870,1105,0,GE-Phase,stroke,11709,12745,1036,161,0.146,-944,-875
14560,15870,1310,0,GE-Phrase,206,12745,15828,3083,1268,0.968,1815,42
14560,15870,1310,0,GE-Phrase,207,15828,17061,1233,42,0.032,-1268,-1191
14560,15870,1310,0,GE-Phase,retraction,14308,15828,1520,1268,0.968,252,42
14560,15870,1310,0,GE-Phase,preparation,15828,16148,320,42,0.032,-1268,-278
22570,25660,3090,0,GE-Phrase,209,23133,25933,2800,2527,0.818,-563,-273
22570,25660,3090,0,GE-Phase,stroke,23133,23986,853,853,0.276,-563,1674
22570,25660,3090,0,GE-Phase,hold,23986,25933,1947,1674,0.542,-1416,-273
26022,27563,1541,0,GE-Phrase,210,25933,27493,1560,1471,0.955,89,70
26022,27563,1541,0,GE-Phrase,211,27493,29702,2209,70,0.045,-1471,-2139
26022,27563,1541,0,GE-Phase,preparation,25933,26485,552,463,0.3,89,1078
26022,27563,1541,0,GE-Phase,stroke,26485,27493,1008,1008,0.654,-463,70
26022,27563,1541,0,GE-Phase,stroke,27493,28197,704,70,0.045,-1471,-634
29529,31227,1698,0,GE-Phrase,211,27493,29702,2209,173,0.102,2036,1525
29529,31227,1698,0,GE-Phase,retraction,28197,29702,1505,173,0.102,1332,1525
33285,34491,1206,0,GE-Phrase,213,32366,34665,2299,1206,1.0,919,-174
33285,34491,1206,0,GE-Phase,stroke,32790,33932,1142,647,0.536,495,559
33285,34491,1206,0,GE-Phase,retraction,33932,34665,733,559,0.464,-647,-174
50217,51572,1355,0,GE-Phrase,221,49804,51662,1858,1355,1.0,413,-90
50217,51572,1355,0,GE-Phase,preparation,49804,50351,547,134,0.099,413,1221
50217,51572,1355,0,GE-Phase,stroke,50351,51136,785,785,0.579,-134,436
50217,51572,1355,0,GE-Phase,retraction,51136,51662,526,436,0.322,-919,-90
62628,63700,1072,0,GE-Phrase,224,62322,63789,1467,1072,1.0,306,-89
62628,63700,1072,0,GE-Phase,stroke,62322,63055,733,427,0.398,306,645
62628,63700,1072,0,GE-Phase,hold,63055,63789,734,645,0.602,-427,-89
63700,65033,1333,0,GE-Phrase,224,62322,63789,1467,89,0.067,1378,1244
63700,65033,1333,0,GE-Phrase,225,63789,64734,945,945,0.709,-89,299
63700,65033,1333,0,GE-Phrase,226,64734,66622,1888,299,0.224,-1034,-1589
63700,65033,1333,0,GE-Phase,hold,63055,63789,734,89,0.067,645,1244
63700,65033,1333,0,GE-Phase,stroke,63789,64277,488,488,0.366,-89,756
63700,65033,1333,0,GE-Phase,retraction,64277,64734,457,457,0.343,-577,299
63700,65033,1333,0,GE-Phase,preparation,64734,65047,313,299,0.224,-1034,-14
10765,11870,1105,0,GE-Phrase,204,10681,11709,1028,944,0.854,84,161
10765,11870,1105,0,GE-Phrase,205,11709,12745,1036,161,0.146,-944,-875
10765,11870,1105,0,GE-Phase,stroke,10681,11709,1028,944,0.854,84,161
10765,11870,1105,0,GE-Phase,stroke,11709,12745,1036,161,0.146,-944,-875
14560,15870,1310,0,GE-Phrase,206,12745,15828,3083,1268,0.968,1815,42
14560,15870,1310,0,GE-Phrase,207,15828,17061,1233,42,0.032,-1268,-1191
14560,15870,1310,0,GE-Phase,retraction,14308,15828,1520,1268,0.968,252,42
14560,15870,1310,0,GE-Phase,preparation,15828,16148,320,42,0.032,-1268,-278
22570,25660,3090,0,GE-Phrase,209,23133,25933,2800,2527,0.818,-563,-273
22570,25660,3090,0,GE-Phase,stroke,23133,23986,853,853,0.276,-563,1674
22570,25660,3090,0,GE-Phase,hold,23986,25933,1947,1674,0.542,-1416,-273
26022,27563,1541,0,GE-Phrase,210,25933,27493,1560,1471,0.955,89,70
26022,27563,1541,0,GE-Phrase,211,27493,29702,2209,70,0.045,-1471,-2139
26022,27563,1541,0,GE-Phase,preparation,25933,26485,552,463,0.3,89,1078
26022,27563,1541,0,GE-Phase,stroke,26485,27493,1008,1008,0.654,-463,70
26022,27563,1541,0,GE-Phase,stroke,27493,28197,704,70,0.045,-1471,-634
29529,31227,1698,0,GE-Phrase,211,27493,29702,2209,173,0.102,2036,1525
29529,31227,1698,0,GE-Phase,retraction,28197,29702,1505,173,0.102,1332,1525
33285,34491,1206,0,GE-Phrase,213,32366,34665,2299,1206,1.0,919,-174
33285,34491,1206,0,GE-Phase,stroke,32790,33932,1142,647,0.536,495,559
33285,34491,1206,0,GE-Phase,retraction,33932,34665,733,559,0.464,-647,-174
50217,51572,1355,0,GE-Phrase,221,49804,51662,1858,1355,1.0,413,-90
50217,51572,1355,0,GE-Phase,preparation,49804,50351,547,134,0.099,413,1221
50217,51572,1355,0,GE-Phase,stroke,50351,51136,785,785,0.579,-134,436
50217,51572,1355,0,GE-Phase,retraction,51136,51662,526,436,0.322,-919,-90
62628,63700,1072,0,GE-Phrase,224,62322,63789,1467,1072,1.0,306,-89
62628,63700,1072,0,GE-Phase,stroke,62322,63055,733,427,0.398,306,645
62628,63700,1072,0,GE-Phase,hold,63055,63789,734,645,0.602,-427,-89
63700,65033,1333,0,GE-Phrase,224,62322,63789,1467,89,0.067,1378,1244
63700,65033,1333,0,GE-Phrase,225,63789,64734,945,945,0.709,-89,299
63700,65033,1333,0,GE-Phrase,226,64734,66622,1888,299,0.224,-1034,-1589
63700,65033,1333,0,GE-Phase,hold,63055,63789,734,89,0.067,645,1244
63700,65033,1333,0,GE-Phase,stroke,63789,64277,488,488,0.366,-89,756
63700,65033,1333,0,GE-Phase,retraction,64277,64734,457,457,0.343,-577,299
63700,65033,1333,0,GE-Phase,preparation,64734,65047,313,299,0.224,-1034,-14
10765,11870,1105,0,GE-Phrase,204,10681,11709,1028,944,0.854,84,161
10765,11870,1105,0,GE-Phrase,205,11709,12745,1036,161,0.146,-944,-875
10765,11870,1105,0,GE-Phase,stroke,10681,11709,1028,944,0.854,84,161
10765,11870,1105,0,GE-Phase,stroke,11709,12745,1036,161,0.146,-944,-875
14560,15870,1310,0,GE-Phrase,206,12745,15828,3083,1268,0.968,1815,42
14560,15870,1310,0,GE-Phrase,207,15828,17061,1233,42,0.032,-1268,-1191
14560,15870,1310,0,GE-Phase,retraction,14308,15828,1520,1268,0.968,252,42
14560,15870,1310,0,GE-Phase,preparation,15828,16148,320,42,0.032,-1268,-278
22570,25660,3090,0,GE-Phrase,209,23133,25933,2800,2527,0.818,-563,-273
22570,25660,3090,0,GE-Phase,stroke,23133,23986,853,853,0.276,-563,1674
22570,25660,3090,0,GE-Phase,hold,23986,25933,1947,1674,0.542,-1416,-273
26022,27563,1541,0,GE-Phrase,210,25933,27493,1560,1471,0.955,89,70
26022,27563,1541,0,GE-Phrase,211,27493,29702,2209,70,0.045,-1471,-2139
26022,27563,1541,0,GE-Phase,preparation,25933,26485,552,463,0.3,89,1078
26022,27563,1541,0,GE-Phase,stroke,26485,27493,1008,1008,0.654,-463,70
26022,27563,1541,0,GE-Phase,stroke,27493,28197,704,70,0.045,-1471,-634
29529,31227,1698,0,GE-Phrase,211,27493,29702,2209,173,0.102,2036,1525
29529,31227,1698,0,GE-Phase,retraction,28197,29702,1505,173,0.102,1332,1525
33285,34491,1206,0,GE-Phrase,213,32366,34665,2299,1206,1.0,919,-174
33285,34491,1206,0,GE-Phase,stroke,32790,33932,1142,647,0.536,495,559
33285,34491,1206,0,GE-Phase,retraction,33932,34665,733,559,0.464,-647,-174
50217,51572,1355,0,GE-Phrase,221,49804,51662,1858,1355,1.0,413,-90
50217,51572,1355,0,GE-Phase,preparation,49804,50351,547,134,0.099,413,1221
50217,51572,1355,0,GE-Phase,stroke,50351,51136,785,785,0.579,-134,436
50217,51572,1355,0,GE-Phase,retraction,51136,51662,526,436,0.322,-919,-90
62628,63700,1072,0,GE-Phrase,224,62322,63789,1467,1072,1.0,306,-89
62628,63700,1072,0,GE-Phase,stroke,62322,63055,733,427,0.398,306,645
62628,63700,1072,0,GE-Phase,hold,63055,63789,734,645,0.602,-427,-89
63700,65033,1333,0,GE-Phrase,224,62322,63789,1467,89,0.067,1378,1244
63700,65033,1333,0,GE-Phrase,225,63789,64734,945,945,0.709,-89,299
63700,65033,1333,0,GE-Phrase,226,64734,66622,1888,299,0.224,-1034,-1589
63700,65033,1333,0,GE-Phase,hold,63055,63789,734,89,0.067,645,1244
63700,65033,1333,0,GE-Phase,stroke,63789,64277,488,488,0.366,-89,756
63700,65033,1333,0,GE-Phase,retraction,64277,64734,457,457,0.343,-577,299
63700,65033,1333,0,GE-Phase,preparation,64734,65047,313,299,0.224,-1034,-14
10765,11870,1105,0,GE-Phrase,204,10681,11709,1028,944,0.854,84,161
10765,11870,1105,0,GE-Phrase,205,11709,12745,1036,161,0.146,-944,-875
10765,11870,1105,0,GE-Phase,stroke,10681,11709,1028,944,0.854,84,161
10765,11870,1105,0,GE-Phase,stroke,11709,12745,1036,161,0.146,-944,-875
14560,15870,1310,0,GE-Phrase,206,12745,15828,3083,1268,0.968,1815,42
14560,15870,1310,0,GE-Phrase,207,15828,17061,1233,42,0.032,-1268,-1191
14560,15870,1310,0,GE-Phase,retraction,14308,15828,1520,1268,0.968,252,42
14560,15870,1310,0,GE-Phase,preparation,15828,16148,320,42,0.032,-1268,-278
22570,25660,3090,0,GE-Phrase,209,23133,25933,2800,2527,0.818,-563,-273
22570,25660,3090,0,GE-Phase,stroke,23133,23986,853,853,0.276,-563,1674
22570,25660,3090,0,GE-Phase,hold,23986,25933,1947,1674,0.542,-1416,-273
26022,27563,1541,0,GE-Phrase,210,25933,27493,1560,1471,0.955,89,70
26022,27563,1541,0,GE-Phrase,211,27493,29702,2209,70,0.045,-1471,-2139
26022,27563,1541,0,GE-Phase,preparation,25933,26485,552,463,0.3,89,1078
26022,27563,1541,0,GE-Phase,stroke,26485,27493,1008,1008,0.654,-463,70
26022,27563,1541,0,GE-Phase,stroke,27493,28197,704,70,0.045,-1471,-634
29529,31227,1698,0,GE-Phrase,211,27493,29702,2209,173,0.102,2036,1525
29529,31227,1698,0,GE-Phase,retraction,28197,29702,1505,173,0.102,1332,1525
33285,34491,1206,0,GE-Phrase,213,32366,34665,2299,1206,1.0,919,-174
33285,34491,1206,0,GE-Phase,stroke,32790,33932,1142,647,0.536,495,559
33285,34491,1206,0,GE-Phase,retraction,33932,34665,733,559,0.464,-647,-174
50217,51572,1355,0,GE-Phrase,221,49804,51662,1858,1355,1.0,413,-90
50217,51572,1355,0,GE-Phase,preparation,49804,50351,547,134,0.099,413,1221
50217,51572,1355,0,GE-Phase,stroke,50351,51136,785,785,0.579,-134,436
50217,51572,1355,0,GE-Phase,retraction,51136,51662,526,436,0.322,-919,-90
62628,63700,1072,0,GE-Phrase,224,62322,63789,1467,1072,1.0,306,-89
62628,63700,1072,0,GE-Phase,stroke,62322,63055,733,427,0.398,306,645
62628,63700,1072,0,GE-Phase,hold,63055,63789,734,645,0.602,-427,-89
63700,65033,1333,0,GE-Phrase,224,62322,63789,1467,89,0.067,1378,1244
63700,65033,1333,0,GE-Phrase,225,63789,64734,945,945,0.709,-89,299
63700,65033,1333,0,GE-Phrase,226,64734,66622,1888,299,0.224,-1034,-1589
63700,65033,1333,0,GE-Phase,hold,63055,63789,734,89,0.067,645,1244
63700,65033,1333,0,GE-Phase,stroke,63789,64277,488,488,0.366,-89,756
63700,65033,1333,0,GE-Phase,retraction,64277,64734,457,457,0.343,-577,299
63700,65033,1333,0,GE-Phase,preparation,64734,65047,313,299,0.224,-1034,-14
10765,11870,1105,0,GE-Phrase,204,10681,11709,1028,944,0.854,84,161
10765,11870,1105,0,GE-Phrase,205,11709,12745,1036,161,0.146,-944,-875
10765,11870,1105,0,GE-Phase,stroke,10681,11709,1028,944,0.854,84,161
10765,11870,1105,0,GE-Phase,stroke,11709,12745,1036,161,0.146,-944,-875
14560,15870,1310,0,GE-Phrase,206,12745,15828,3083,1268,0.968,1815,42
14560,15870,1310,0,GE-Phrase,207,15828,17061,1233,42,0.032,-1268,-1191
14560,15870,1310,0,GE-Phase,retraction,14308,15828,1520,1268,0.968,252,42
14560,15870,1310,0,GE-Phase,preparation,15828,16148,320,42,0.032,-1268,-278
22570,25660,3090,0,GE-Phrase,209,23133,25933,2800,2527,0.818,-563,-273
22570,25660,3090,0,GE-Phase,stroke,23133,23986,853,853,0.276,-563,1674
22570,25660,3090,0,GE-Phase,hold,23986,25933,1947,1674,0.542,-1416,-273
26022,27563,1541,0,GE-Phrase,210,25933,27493,1560,1471,0.955,89,70
26022,27563,1541,0,GE-Phrase,211,27493,29702,2209,70,0.045,-1471,-2139
26022,27563,1541,0,GE-Phase,preparation,25933,26485,552,463,0.3,89,1078
26022,27563,1541,0,GE-Phase,stroke,26485,27493,1008,1008,0.654,-463,70
26022,27563,1541,0,GE-Phase,stroke,27493,28197,704,70,0.045,-1471,-634
29529,31227,1698,0,GE-Phrase,211,27493,29702,2209,173,0.102,2036,1525
29529,31227,1698,0,GE-Phase,retraction,28197,29702,1505,173,0.102,1332,1525
33285,34491,1206,0,GE-Phrase,213,32366,34665,2299,1206,1.0,919,-174
33285,34491,1206,0,GE-Phase,stroke,32790,33932,1142,647,0.536,495,559
33285,34491,1206,0,GE-Phase,retraction,33932,34665,733,559,0.464,-647,-174
50217,51572,1355,0,GE-Phrase,221,49804,51662,1858,1355,1.0,413,-90
50217,51572,1355,0,GE-Phase,preparation,49804,50351,547,134,0.099,413,1221
50217,51572,1355,0,GE-Phase,stroke,50351,51136,785,785,0.579,-134,436
50217,51572,1355,0,GE-Phase,retraction,51136,51662,526,436,0.322,-919,-90
62628,63700,1072,0,GE-Phrase,224,62322,63789,1467,1072,1.0,306,-89
62628,63700,1072,0,GE-Phase,stroke,62322,63055,733,427,0.398,306,645
62628,63700,1072,0,GE-Phase,hold,63055,63789,734,645,0.602,-427,-89
63700,65033,1333,0,GE-Phrase,224,62322,63789,1467,89,0.067,1378,1244
63700,65033,1333,0,GE-Phrase,225,63789,64734,945,945,0.709,-89,299
63700,65033,1333,0,GE-Phrase,226,64734,66622,1888,299,0.224,-1034,-1589
63700,65033,1333,0,GE-Phase,hold,63055,63789,734,89,0.067,645,1244
63700,65033,1333,0,GE-Phase,stroke,63789,64277,488,488,0.366,-89,756
63700,65033,1333,0,GE-Phase,retraction,64277,64734,457,457,0.343,-577,299
63700,65033,1333,0,GE-Phase,preparation,64734,65047,313,299,0.224,-1034,-14
10765,11870,1105,0,GE-Phrase,204,10681,11709,1028,944,0.854,84,161
10765,11870,1105,0,GE-Phrase,205,11709,12745,1036,161,0.146,-944,-875
10765,11870,1105,0,GE-Phase,stroke,10681,11709,1028,944,0.854,84,161
10765,11870,1105,0,GE-Phase,stroke,11709,12745,1036,161,0.146,-944,-875
14560,15870,1310,0,GE-Phrase,206,12745,15828,3083,1268,0.968,1815,42
14560,15870,1310,0,GE-Phrase,207,15828,17061,1233,42,0.032,-1268,-1191
14560,15870,1310,0,GE-Phase,retraction,14308,15828,1520,1268,0.968,252,42
14560,15870,1310,0,GE-Phase,preparation,15828,16148,320,42,0.032,-1268,-278
22570,25660,3090,0,GE-Phrase,209,23133,25933,2800,2527,0.818,-563,-273
22570,25660,3090,0,GE-Phase,stroke,23133,23986,853,853,0.276,-563,1674
22570,25660,3090,0,GE-Phase,hold,23986,25933,1947,1674,0.542,-1416,-273
26022,27563,1541,0,GE-Phrase,210,25933,27493,1560,1471,0.955,89,70
26022,27563,1541,0,GE-Phrase,211,27493,29702,2209,70,0.045,-1471,-2139
26022,27563,1541,0,GE-Phase,preparation,25933,26485,552,463,0.3,89,1078
26022,27563,1541,0,GE-Phase,stroke,26485,27493,1008,1008,0.654,-463,70
26022,27563,1541,0,GE-Phase,stroke,27493,28197,704,70,0.045,-1471,-634
29529,31227,1698,0,GE-Phrase,211,27493,29702,2209,173,0.102,2036,1525
29529,31227,1698,0,GE-Phase,retraction,28197,29702,1505,173,0.102,1332,1525
33285,34491,1206,0,GE-Phrase,213,32366,34665,2299,1206,1.0,919,-174
33285,34491,1206,0,GE-Phase,stroke,32790,33932,1142,647,0.536,495,559
33285,34491,1206,0,GE-Phase,retraction,33932,34665,733,559,0.464,-647,-174
50217,51572,1355,0,GE-Phrase,221,49804,51662,1858,1355,1.0,413,-90
50217,51572,1355,0,GE-Phase,preparation,49804,50351,547,134,0.099,413,1221
50217,51572,1355,0,GE-Phase,stroke,50351,51136,785,785,0.579,-134,436
50217,51572,1355,0,GE-Phase,retraction,51136,51662,526,436,0.322,-919,-90
62628,63700,1072,0,GE-Phrase,224,62322,63789,1467,1072,1.0,306,-89
62628,63700,1072,0,GE-Phase,stroke,62322,63055,733,427,0.398,306,645
62628,63700,1072,0,GE-Phase,hold,63055,63789,734,645,0.602,-427,-89
63700,65033,1333,0,GE-Phrase,224,62322,63789,1467,89,0.067,1378,1244
63700,65033,1333,0,GE-Phrase,225,63789,64734,945,945,0.709,-89,299
63700,65033,1333,0,GE-Phrase,226,64734,66622,1888,299,0.224,-1034,-1589
63700,65033,1333,0,GE-Phase,hold,63055,63789,734,89,0.067,645,1244
63700,65033,1333,0,GE-Phase,stroke,63789,64277,488,488,0.366,-89,756
63700,65033,1333,0,GE-Phase,retraction,64277,64734,457,457,0.343,-577,299
63700,65033,1333,0,GE-Phase,preparation,64734,65047,313,299,0.224,-1034,-14
10765,11870,1105,0,GE-Phrase,204,10681,11709,1028,944,0.854,84,161
10765,11870,1105,0,GE-Phrase,205,11709,12745,1036,161,0.146,-944,-875
10765,11870,1105,0,GE-Phase,stroke,10681,11709,1028,944,0.854,84,161
10765,11870,1105,0,GE-Phase,stroke,11709,12745,1036,161,0.146,-944,-875
14560,15870,1310,0,GE-Phrase,206,12745,15828,3083,1268,0.968,1815,42
14560,15870,1310,0,GE-Phrase,207,15828,17061,1233,42,0.032,-1268,-1191
14560,15870,1310,0,GE-Phase,retraction,14308,15828,1520,1268,0.968,252,42
14560,15870,1310,0,GE-Phase,preparation,15828,16148,320,42,0.032,-1268,-278
22570,25660,3090,0,GE-Phrase,209,23133,25933,2800,2527,0.818,-563,-273
22570,25660,3090,0,GE-Phase,stroke,23133,23986,853,853,0.276,-563,1674
22570,25660,3090,0,GE-Phase,hold,23986,25933,1947,1674,0.542,-1416,-273
26022,27563,1541,0,GE-Phrase,210,25933,27493,1560,1471,0.955,89,70
26022,27563,1541,0,GE-Phrase,211,27493,29702,2209,70,0.045,-1471,-2139
26022,27563,1541,0,GE-Phase,preparation,25933,26485,552,463,0.3,89,1078
26022,27563,1541,0,GE-Phase,stroke,26485,27493,1008,1008,0.654,-463,70
26022,27563,1541,0,GE-Phase,stroke,27493,28197,704,70,0.045,-1471,-634
29529,31227,1698,0,GE-Phrase,211,27493,29702,2209,173,0.102,2036,1525
29529,31227,1698,0,GE-Phase,retraction,28197,29702,1505,173,0.102,1332,1525
33285,34491,1206,0,GE-Phrase,213,32366,34665,2299,1206,1.0,919,-174
33285,34491,1206,0,GE-Phase,stroke,32790,33932,1142,647,0.536,495,559
33285,34491,1206,0,GE-Phase,retraction,33932,34665,733,559,0.464,-647,-174
50217,51572,1355,0,GE-Phrase,221,49804,51662,1858,1355,1.0,413,-90
50217,51572,1355,0,GE-Phase,preparation,49804,50351,547,134,0.099,413,1221
50217,51572,1355,0,GE-Phase,stroke,50351,51136,785,785,0.579,-134,436
50217,51572,1355,0,GE-Phase,retraction,51136,51662,526,436,0.322,-919,-90
62628,63700,1072,0,GE-Phrase,224,62322,63789,1467,1072,1.0,306,-89
62628,63700,1072,0,GE-Phase,stroke,62322,63055,733,427,0.398,306,645
62628,63700,1072,0,GE-Phase,hold,63055,63789,734,645,0.602,-427,-89
63700,65033,1333,0,GE-Phrase,224,62322,63789,1467,89,0.067,1378,1244
63700,65033,1333,0,GE-Phrase,225,63789,64734,945,945,0.709,-89,299
63700,65033,1333,0,GE-Phrase,226,64734,66622,1888,299,0.224,-1034,-1589
63700,65033,1333,0,GE-Phase,hold,63055,63789,734,89,0.067,645,1244
63700,65033,1333,0,GE-Phase,stroke,63789,64277,488,488,0.366,-89,756
63700,65033,1333,0,GE-Phase,retraction,64277,64734,457,457,0.343,-577,299
63700,65033,1333,0,GE-Phase,preparation,64734,65047,313,299,0.224,-1034,-14
85824,88041,2217,0,GE-Phrase,233,85300,86352,1052,528,0.238,524,1689
85824,88041,2217,0,GE-Phrase,234,86352,87587,1235,1235,0.557,-528,454
85824,88041,2217,0,GE-Phrase,235,87587,88868,1281,454,0.205,-1763,-827
85824,88041,2217,0,GE-Phase,preparation,85300,85900,600,76,0.034,524,2141
85824,88041,2217,0,GE-Phase,stroke,85900,86352,452,452,0.204,-76,1689
85824,88041,2217,0,GE-Phase,preparation,86352,86779,427,427,0.193,-528,1262
85824,88041,2217,0,GE-Phase,stroke,86779,87587,808,808,0.364,-955,454
85824,88041,2217,0,GE-Phase,preparation,87587,88111,524,454,0.205,-1763,-70
88041,89282,1241,0,GE-Phrase,235,87587,88868,1281,827,0.666,454,414
88041,89282,1241,0,GE-Phase,preparation,87587,88111,524,70,0.056,454,1171
88041,89282,1241,0,GE-Phase,stroke,88111,88480,369,369,0.297,-70,802
88041,89282,1241,0,GE-Phase,retraction,88480,88868,388,388,0.313,-439,414
98750,99456,706,0,GE-Phrase,238,97522,99461,1939,706,1.0,1228,-5
98750,99456,706,0,GE-Phase,retraction,98230,99461,1231,706,1.0,520,-5
99456,99868,412,0,GE-Phrase,238,97522,99461,1939,5,0.012,1934,407
99456,99868,412,0,GE-Phrase,239,99461,102171,2710,407,0.988,-5,-2303
99456,99868,412,0,GE-Phase,retraction,98230,99461,1231,5,0.012,1226,407
99456,99868,412,0,GE-Phase,preparation,99461,100037,576,407,0.988,-5,-169
100200,101506,1306,0,GE-Phrase,239,99461,102171,2710,1306,1.0,739,-665
100200,101506,1306,0,GE-Phase,stroke,100037,101131,1094,931,0.713,163,375
100200,101506,1306,0,GE-Phase,retraction,101131,102171,1040,375,0.287,-931,-665
101506,102256,750,0,GE-Phrase,239,99461,102171,2710,665,0.887,2045,85
101506,102256,750,0,GE-Phrase,240,102171,104002,1831,85,0.113,-665,-1746
101506,102256,750,0,GE-Phase,retraction,101131,102171,1040,665,0.887,375,85
101506,102256,750,0,GE-Phase,preparation,102171,102490,319,85,0.113,-665,-234
102256,103393,1137,0,GE-Phrase,240,102171,104002,1831,1137,1.0,85,-609
102256,103393,1137,0,GE-Phase,preparation,102171,102490,319,234,0.206,85,903
102256,103393,1137,0,GE-Phase,stroke,102490,102813,323,323,0.284,-234,580
102256,103393,1137,0,GE-Phase,retraction,102813,104002,1189,580,0.51,-557,-609
103393,106072,2679,0,GE-Phrase,240,102171,104002,1831,609,0.227,1222,2070
103393,106072,2679,0,GE-Phase,retraction,102813,104002,1189,609,0.227,580,2070
112081,113696,1615,0,GE-Phrase,241,111522,113521,1999,1440,0.892,559,175
112081,113696,1615,0,GE-Phrase,242,113521,115411,1890,175,0.108,-1440,-1715
112081,113696,1615,0,GE-Phase,preparation,111522,112566,1044,485,0.3,559,1130
112081,113696,1615,0,GE-Phase,stroke,112566,113292,726,726,0.45,-485,404
112081,113696,1615,0,GE-Phase,retraction,113292,113521,229,229,0.142,-1211,175
112081,113696,1615,0,GE-Phase,preparation,113521,113978,457,175,0.108,-1440,-282
113696,114860,1164,0,GE-Phrase,242,113521,115411,1890,1164,1.0,175,-551
113696,114860,1164,0,GE-Phase,preparation,113521,113978,457,282,0.242,175,882
113696,114860,1164,0,GE-Phase,stroke,113978,114582,604,604,0.519,-282,278
113696,114860,1164,0,GE-Phase,retraction,114582,115411,829,278,0.239,-886,-551
114860,115793,933,0,GE-Phrase,242,113521,115411,1890,551,0.591,1339,382
114860,115793,933,0,GE-Phase,retraction,114582,115411,829,551,0.591,278,382
85824,88041,2217,0,GE-Phrase,233,85300,86352,1052,528,0.238,524,1689
85824,88041,2217,0,GE-Phrase,234,86352,87587,1235,1235,0.557,-528,454
85824,88041,2217,0,GE-Phrase,235,87587,88868,1281,454,0.205,-1763,-827
85824,88041,2217,0,GE-Phase,preparation,85300,85900,600,76,0.034,524,2141
85824,88041,2217,0,GE-Phase,stroke,85900,86352,452,452,0.204,-76,1689
85824,88041,2217,0,GE-Phase,preparation,86352,86779,427,427,0.193,-528,1262
85824,88041,2217,0,GE-Phase,stroke,86779,87587,808,808,0.364,-955,454
85824,88041,2217,0,GE-Phase,preparation,87587,88111,524,454,0.205,-1763,-70
88041,89282,1241,0,GE-Phrase,235,87587,88868,1281,827,0.666,454,414
88041,89282,1241,0,GE-Phase,preparation,87587,88111,524,70,0.056,454,1171
88041,89282,1241,0,GE-Phase,stroke,88111,88480,369,369,0.297,-70,802
88041,89282,1241,0,GE-Phase,retraction,88480,88868,388,388,0.313,-439,414
98750,99456,706,0,GE-Phrase,238,97522,99461,1939,706,1.0,1228,-5
98750,99456,706,0,GE-Phase,retraction,98230,99461,1231,706,1.0,520,-5
99456,99868,412,0,GE-Phrase,238,97522,99461,1939,5,0.012,1934,407
99456,99868,412,0,GE-Phrase,239,99461,102171,2710,407,0.988,-5,-2303
99456,99868,412,0,GE-Phase,retraction,98230,99461,1231,5,0.012,1226,407
99456,99868,412,0,GE-Phase,preparation,99461,100037,576,407,0.988,-5,-169
100200,101506,1306,0,GE-Phrase,239,99461,102171,2710,1306,1.0,739,-665
100200,101506,1306,0,GE-Phase,stroke,100037,101131,1094,931,0.713,163,375
100200,101506,1306,0,GE-Phase,retraction,101131,102171,1040,375,0.287,-931,-665
101506,102256,750,0,GE-Phrase,239,99461,102171,2710,665,0.887,2045,85
101506,102256,750,0,GE-Phrase,240,102171,104002,1831,85,0.113,-665,-1746
101506,102256,750,0,GE-Phase,retraction,101131,102171,1040,665,0.887,375,85
101506,102256,750,0,GE-Phase,preparation,102171,102490,319,85,0.113,-665,-234
102256,103393,1137,0,GE-Phrase,240,102171,104002,1831,1137,1.0,85,-609
102256,103393,1137,0,GE-Phase,preparation,102171,102490,319,234,0.206,85,903
102256,103393,1137,0,GE-Phase,stroke,102490,102813,323,323,0.284,-234,580
102256,103393,1137,0,GE-Phase,retraction,102813,104002,1189,580,0.51,-557,-609
103393,106072,2679,0,GE-Phrase,240,102171,104002,1831,609,0.227,1222,2070
103393,106072,2679,0,GE-Phase,retraction,102813,104002,1189,609,0.227,580,2070
112081,113696,1615,0,GE-Phrase,241,111522,113521,1999,1440,0.892,559,175
112081,113696,1615,0,GE-Phrase,242,113521,115411,1890,175,0.108,-1440,-1715
112081,113696,1615,0,GE-Phase,preparation,111522,112566,1044,485,0.3,559,1130
112081,113696,1615,0,GE-Phase,stroke,112566,113292,726,726,0.45,-485,404
112081,113696,1615,0,GE-Phase,retraction,113292,113521,229,229,0.142,-1211,175
112081,113696,1615,0,GE-Phase,preparation,113521,113978,457,175,0.108,-1440,-282
113696,114860,1164,0,GE-Phrase,242,113521,115411,1890,1164,1.0,175,-551
113696,114860,1164,0,GE-Phase,preparation,113521,113978,457,282,0.242,175,882
113696,114860,1164,0,GE-Phase,stroke,113978,114582,604,604,0.519,-282,278
113696,114860,1164,0,GE-Phase,retraction,114582,115411,829,278,0.239,-886,-551
114860,115793,933,0,GE-Phrase,242,113521,115411,1890,551,0.591,1339,382
114860,115793,933,0,GE-Phase,retraction,114582,115411,829,551,0.591,278,382
85824,88041,2217,0,GE-Phrase,233,85300,86352,1052,528,0.238,524,1689
85824,88041,2217,0,GE-Phrase,234,86352,87587,1235,1235,0.557,-528,454
85824,88041,2217,0,GE-Phrase,235,87587,88868,1281,454,0.205,-1763,-827
85824,88041,2217,0,GE-Phase,preparation,85300,85900,600,76,0.034,524,2141
85824,88041,2217,0,GE-Phase,stroke,85900,86352,452,452,0.204,-76,1689
85824,88041,2217,0,GE-Phase,preparation,86352,86779,427,427,0.193,-528,1262
85824,88041,2217,0,GE-Phase,stroke,86779,87587,808,808,0.364,-955,454
85824,88041,2217,0,GE-Phase,preparation,87587,88111,524,454,0.205,-1763,-70
88041,89282,1241,0,GE-Phrase,235,87587,88868,1281,827,0.666,454,414
88041,89282,1241,0,GE-Phase,preparation,87587,88111,524,70,0.056,454,1171
88041,89282,1241,0,GE-Phase,stroke,88111,88480,369,369,0.297,-70,802
88041,89282,1241,0,GE-Phase,retraction,88480,88868,388,388,0.313,-439,414
98750,99456,706,0,GE-Phrase,238,97522,99461,1939,706,1.0,1228,-5
98750,99456,706,0,GE-Phase,retraction,98230,99461,1231,706,1.0,520,-5
99456,99868,412,0,GE-Phrase,238,97522,99461,1939,5,0.012,1934,407
99456,99868,412,0,GE-Phrase,239,99461,102171,2710,407,0.988,-5,-2303
99456,99868,412,0,GE-Phase,retraction,98230,99461,1231,5,0.012,1226,407
99456,99868,412,0,GE-Phase,preparation,99461,100037,576,407,0.988,-5,-169
100200,101506,1306,0,GE-Phrase,239,99461,102171,2710,1306,1.0,739,-665
100200,101506,1306,0,GE-Phase,stroke,100037,101131,1094,931,0.713,163,375
100200,101506,1306,0,GE-Phase,retraction,101131,102171,1040,375,0.287,-931,-665
101506,102256,750,0,GE-Phrase,239,99461,102171,2710,665,0.887,2045,85
101506,102256,750,0,GE-Phrase,240,102171,104002,1831,85,0.113,-665,-1746
101506,102256,750,0,GE-Phase,retraction,101131,102171,1040,665,0.887,375,85
101506,102256,750,0,GE-Phase,preparation,102171,102490,319,85,0.113,-665,-234
102256,103393,1137,0,GE-Phrase,240,102171,104002,1831,1137,1.0,85,-609
102256,103393,1137,0,GE-Phase,preparation,102171,102490,319,234,0.206,85,903
102256,103393,1137,0,GE-Phase,stroke,102490,102813,323,323,0.284,-234,580
102256,103393,1137,0,GE-Phase,retraction,102813,104002,1189,580,0.51,-557,-609
103393,106072,2679,0,GE-Phrase,240,102171,104002,1831,609,0.227,1222,2070
103393,106072,2679,0,GE-Phase,retraction,102813,104002,1189,609,0.227,580,2070
112081,113696,1615,0,GE-Phrase,241,111522,113521,1999,1440,0.892,559,175
112081,113696,1615,0,GE-Phrase,242,113521,115411,1890,175,0.108,-1440,-1715
112081,113696,1615,0,GE-Phase,preparation,111522,112566,1044,485,0.3,559,1130
112081,113696,1615,0,GE-Phase,stroke,112566,113292,726,726,0.45,-485,404
112081,113696,1615,0,GE-Phase,retraction,113292,113521,229,229,0.142,-1211,175
112081,113696,1615,0,GE-Phase,preparation,113521,113978,457,175,0.108,-1440,-282
113696,114860,1164,0,GE-Phrase,242,113521,115411,1890,1164,1.0,175,-551
113696,114860,1164,0,GE-Phase,preparation,113521,113978,457,282,0.242,175,882
113696,114860,1164,0,GE-Phase,stroke,113978,114582,604,604,0.519,-282,278
113696,114860,1164,0,GE-Phase,retraction,114582,115411,829,278,0.239,-886,-551
114860,115793,933,0,GE-Phrase,242,113521,115411,1890,551,0.591,1339,382
114860,115793,933,0,GE-Phase,retraction,114582,115411,829,551,0.591,278,382
85824,88041,2217,0,GE-Phrase,233,85300,86352,1052,528,0.238,524,1689
85824,88041,2217,0,GE-Phrase,234,86352,87587,1235,1235,0.557,-528,454
85824,88041,2217,0,GE-Phrase,235,87587,88868,1281,454,0.205,-1763,-827
85824,88041,2217,0,GE-Phase,preparation,85300,85900,600,76,0.034,524,2141
85824,88041,2217,0,GE-Phase,stroke,85900,86352,452,452,0.204,-76,1689
85824,88041,2217,0,GE-Phase,preparation,86352,86779,427,427,0.193,-528,1262
85824,88041,2217,0,GE-Phase,stroke,86779,87587,808,808,0.364,-955,454
85824,88041,2217,0,GE-Phase,preparation,87587,88111,524,454,0.205,-1763,-70
88041,89282,1241,0,GE-Phrase,235,87587,88868,1281,827,0.666,454,414
88041,89282,1241,0,GE-Phase,preparation,87587,88111,524,70,0.056,454,1171
88041,89282,1241,0,GE-Phase,stroke,88111,88480,369,369,0.297,-70,802
88041,89282,1241,0,GE-Phase,retraction,88480,88868,388,388,0.313,-439,414
98750,99456,706,0,GE-Phrase,238,97522,99461,1939,706,1.0,1228,-5
98750,99456,706,0,GE-Phase,retraction,98230,99461,1231,706,1.0,520,-5
99456,99868,412,0,GE-Phrase,238,97522,99461,1939,5,0.012,1934,407
99456,99868,412,0,GE-Phrase,239,99461,102171,2710,407,0.988,-5,-2303
99456,99868,412,0,GE-Phase,retraction,98230,99461,1231,5,0.012,1226,407
99456,99868,412,0,GE-Phase,preparation,99461,100037,576,407,0.988,-5,-169
100200,101506,1306,0,GE-Phrase,239,99461,102171,2710,1306,1.0,739,-665
100200,101506,1306,0,GE-Phase,stroke,100037,101131,1094,931,0.713,163,375
100200,101506,1306,0,GE-Phase,retraction,101131,102171,1040,375,0.287,-931,-665
101506,102256,750,0,GE-Phrase,239,99461,102171,2710,665,0.887,2045,85
101506,102256,750,0,GE-Phrase,240,102171,104002,1831,85,0.113,-665,-1746
101506,102256,750,0,GE-Phase,retraction,101131,102171,1040,665,0.887,375,85
101506,102256,750,0,GE-Phase,preparation,102171,102490,319,85,0.113,-665,-234
102256,103393,1137,0,GE-Phrase,240,102171,104002,1831,1137,1.0,85,-609
102256,103393,1137,0,GE-Phase,preparation,102171,102490,319,234,0.206,85,903
102256,103393,1137,0,GE-Phase,stroke,102490,102813,323,323,0.284,-234,580
102256,103393,1137,0,GE-Phase,retraction,102813,104002,1189,580,0.51,-557,-609
103393,106072,2679,0,GE-Phrase,240,102171,104002,1831,609,0.227,1222,2070
103393,106072,2679,0,GE-Phase,retraction,102813,104002,1189,609,0.227,580,2070
112081,113696,1615,0,GE-Phrase,241,111522,113521,1999,1440,0.892,559,175
112081,113696,1615,0,GE-Phrase,242,113521,115411,1890,175,0.108,-1440,-1715
112081,113696,1615,0,GE-Phase,preparation,111522,112566,1044,485,0.3,559,1130
112081,113696,1615,0,GE-Phase,stroke,112566,113292,726,726,0.45,-485,404
112081,113696,1615,0,GE-Phase,retraction,113292,113521,229,229,0.142,-1211,175
112081,113696,1615,0,GE-Phase,preparation,113521,113978,457,175,0.108,-1440,-282
113696,114860,1164,0,GE-Phrase,242,113521,115411,1890,1164,1.0,175,-551
113696,114860,1164,0,GE-Phase,preparation,113521,113978,457,282,0.242,175,882
113696,114860,1164,0,GE-Phase,stroke,113978,114582,604,604,0.519,-282,278
113696,114860,1164,0,GE-Phase,retraction,114582,115411,829,278,0.239,-886,-551
114860,115793,933,0,GE-Phrase,242,113521,115411,1890,551,0.591,1339,382
114860,115793,933,0,GE-Phase,retraction,114582,115411,829,551,0.591,278,382
85824,88041,2217,0,GE-Phrase,233,85300,86352,1052,528,0.238,524,1689
85824,88041,2217,0,GE-Phrase,234,86352,87587,1235,1235,0.557,-528,454
85824,88041,2217,0,GE-Phrase,235,87587,88868,1281,454,0.205,-1763,-827
85824,88041,2217,0,GE-Phase,preparation,85300,85900,600,76,0.034,524,2141
85824,88041,2217,0,GE-Phase,stroke,85900,86352,452,452,0.204,-76,1689
85824,88041,2217,0,GE-Phase,preparation,86352,86779,427,427,0.193,-528,1262
85824,88041,2217,0,GE-Phase,stroke,86779,87587,808,808,0.364,-955,454
85824,88041,2217,0,GE-Phase,preparation,87587,88111,524,454,0.205,-1763,-70
88041,89282,1241,0,GE-Phrase,235,87587,88868,1281,827,0.666,454,414
88041,89282,1241,0,GE-Phase,preparation,87587,88111,524,70,0.056,454,1171
88041,89282,1241,0,GE-Phase,stroke,88111,88480,369,369,0.297,-70,802
88041,89282,1241,0,GE-Phase,retraction,88480,88868,388,388,0.313,-439,414
98750,99456,706,0,GE-Phrase,238,97522,99461,1939,706,1.0,1228,-5
98750,99456,706,0,GE-Phase,retraction,98230,99461,1231,706,1.0,520,-5
99456,99868,412,0,GE-Phrase,238,97522,99461,1939,5,0.012,1934,407
99456,99868,412,0,GE-Phrase,239,99461,102171,2710,407,0.988,-5,-2303
99456,99868,412,0,GE-Phase,retraction,98230,99461,1231,5,0.012,1226,407
99456,99868,412,0,GE-Phase,preparation,99461,100037,576,407,0.988,-5,-169
100200,101506,1306,0,GE-Phrase,239,99461,102171,2710,1306,1.0,739,-665
100200,101506,1306,0,GE-Phase,stroke,100037,101131,1094,931,0.713,163,375
100200,101506,1306,0,GE-Phase,retraction,101131,102171,1040,375,0.287,-931,-665
101506,102256,750,0,GE-Phrase,239,99461,102171,2710,665,0.887,2045,85
101506,102256,750,0,GE-Phrase,240,102171,104002,1831,85,0.113,-665,-1746
101506,102256,750,0,GE-Phase,retraction,101131,102171,1040,665,0.887,375,85
101506,102256,750,0,GE-Phase,preparation,102171,102490,319,85,0.113,-665,-234
102256,103393,1137,0,GE-Phrase,240,102171,104002,1831,1137,1.0,85,-609
102256,103393,1137,0,GE-Phase,preparation,102171,102490,319,234,0.206,85,903
102256,103393,1137,0,GE-Phase,stroke,102490,102813,323,323,0.284,-234,580
102256,103393,1137,0,GE-Phase,retraction,102813,104002,1189,580,0.51,-557,-609
103393,106072,2679,0,GE-Phrase,240,102171,104002,1831,609,0.227,1222,2070
103393,106072,2679,0,GE-Phase,retraction,102813,104002,1189,609,0.227,580,2070
112081,113696,1615,0,GE-Phrase,241,111522,113521,1999,1440,0.892,559,175
112081,113696,1615,0,GE-Phrase,242,113521,115411,1890,175,0.108,-1440,-1715
112081,113696,1615,0,GE-Phase,preparation,111522,112566,1044,485,0.3,559,1130
112081,113696,1615,0,GE-Phase,stroke,112566,113292,726,726,0.45,-485,404
112081,113696,1615,0,GE-Phase,retraction,113292,113521,229,229,0.142,-1211,175
112081,113696,1615,0,GE-Phase,preparation,113521,113978,457,175,0.108,-1440,-282
113696,114860,1164,0,GE-Phrase,242,113521,115411,1890,1164,1.0,175,-551
113696,114860,1164,0,GE-Phase,preparation,113521,113978,457,282,0.242,175,882
113696,114860,1164,0,GE-Phase,stroke,113978,114582,604,604,0.519,-282,278
113696,114860,1164,0,GE-Phase,retraction,114582,115411,829,278,0.239,-886,-551
114860,115793,933,0,GE-Phrase,242,113521,115411,1890,551,0.591,1339,382
114860,115793,933,0,GE-Phase,retraction,114582,115411,829,551,0.591,278,382
85824,88041,2217,0,GE-Phrase,233,85300,86352,1052,528,0.238,524,1689
85824,88041,2217,0,GE-Phrase,234,86352,87587,1235,1235,0.557,-528,454
85824,88041,2217,0,GE-Phrase,235,87587,88868,1281,454,0.205,-1763,-827
85824,88041,2217,0,GE-Phase,preparation,85300,85900,600,76,0.034,524,2141
85824,88041,2217,0,GE-Phase,stroke,85900,86352,452,452,0.204,-76,1689
85824,88041,2217,0,GE-Phase,preparation,86352,86779,427,427,0.193,-528,1262
85824,88041,2217,0,GE-Phase,stroke,86779,87587,808,808,0.364,-955,454
85824,88041,2217,0,GE-Phase,preparation,87587,88111,524,454,0.205,-1763,-70
88041,89282,1241,0,GE-Phrase,235,87587,88868,1281,827,0.666,454,414
88041,89282,1241,0,GE-Phase,preparation,87587,88111,524,70,0.056,454,1171
88041,89282,1241,0,GE-Phase,stroke,88111,88480,369,369,0.297,-70,802
88041,89282,1241,0,GE-Phase,retraction,88480,88868,388,388,0.313,-439,414
98750,99456,706,0,GE-Phrase,238,97522,99461,1939,706,1.0,1228,-5
98750,99456,706,0,GE-Phase,retraction,98230,99461,1231,706,1.0,520,-5
99456,99868,412,0,GE-Phrase,238,97522,99461,1939,5,0.012,1934,407
99456,99868,412,0,GE-Phrase,239,99461,102171,2710,407,0.988,-5,-2303
99456,99868,412,0,GE-Phase,retraction,98230,99461,1231,5,0.012,1226,407
99456,99868,412,0,GE-Phase,preparation,99461,100037,576,407,0.988,-5,-169
100200,101506,1306,0,GE-Phrase,239,99461,102171,2710,1306,1.0,739,-665
100200,101506,1306,0,GE-Phase,stroke,100037,101131,1094,931,0.713,163,375
100200,101506,1306,0,GE-Phase,retraction,101131,102171,1040,375,0.287,-931,-665
101506,102256,750,0,GE-Phrase,239,99461,102171,2710,665,0.887,2045,85
101506,102256,750,0,GE-Phrase,240,102171,104002,1831,85,0.113,-665,-1746
101506,102256,750,0,GE-Phase,retraction,101131,102171,1040,665,0.887,375,85
101506,102256,750,0,GE-Phase,preparation,102171,102490,319,85,0.113,-665,-234
102256,103393,1137,0,GE-Phrase,240,102171,104002,1831,1137,1.0,85,-609
102256,103393,1137,0,GE-Phase,preparation,102171,102490,319,234,0.206,85,903
102256,103393,1137,0,GE-Phase,stroke,102490,102813,323,323,0.284,-234,580
102256,103393,1137,0,GE-Phase,retraction,102813,104002,1189,580,0.51,-557,-609
103393,106072,2679,0,GE-Phrase,240,102171,104002,1831,609,0.227,1222,2070
103393,106072,2679,0,GE-Phase,retraction,102813,104002,1189,609,0.227,580,2070
112081,113696,1615,0,GE-Phrase,241,111522,113521,1999,1440,0.892,559,175
112081,113696,1615,0,GE-Phrase,242,113521,115411,1890,175,0.108,-1440,-1715
112081,113696,1615,0,GE-Phase,preparation,111522,112566,1044,485,0.3,559,1130
112081,113696,1615,0,GE-Phase,stroke,112566,113292,726,726,0.45,-485,404
112081,113696,1615,0,GE-Phase,retraction,113292,113521,229,229,0.142,-1211,175
112081,113696,1615,0,GE-Phase,preparation,113521,113978,457,175,0.108,-1440,-282
113696,114860,1164,0,GE-Phrase,242,113521,115411,1890,1164,1.0,175,-551
113696,114860,1164,0,GE-Phase,preparation,113521,113978,457,282,0.242,175,882
113696,114860,1164,0,GE-Phase,stroke,113978,114582,604,604,0.519,-282,278
113696,114860,1164,0,GE-Phase,retraction,114582,115411,829,278,0.239,-886,-551
114860,115793,933,0,GE-Phrase,242,113521,115411,1890,551,0.591,1339,382
114860,115793,933,0,GE-Phase,retraction,114582,115411,829,551,0.591,278,382
85824,88041,2217,0,GE-Phrase,233,85300,86352,1052,528,0.238,524,1689
85824,88041,2217,0,GE-Phrase,234,86352,87587,1235,1235,0.557,-528,454
85824,88041,2217,0,GE-Phrase,235,87587,88868,1281,454,0.205,-1763,-827
85824,88041,2217,0,GE-Phase,preparation,85300,85900,600,76,0.034,524,2141
85824,88041,2217,0,GE-Phase,stroke,85900,86352,452,452,0.204,-76,1689
85824,88041,2217,0,GE-Phase,preparation,86352,86779,427,427,0.193,-528,1262
85824,88041,2217,0,GE-Phase,stroke,86779,87587,808,808,0.364,-955,454
85824,88041,2217,0,GE-Phase,preparation,87587,88111,524,454,0.205,-1763,-70
88041,89282,1241,0,GE-Phrase,235,87587,88868,1281,827,0.666,454,414
88041,89282,1241,0,GE-Phase,preparation,87587,88111,524,70,0.056,454,1171
88041,89282,1241,0,GE-Phase,stroke,88111,88480,369,369,0.297,-70,802
88041,89282,1241,0,GE-Phase,retraction,88480,88868,388,388,0.313,-439,414
98750,99456,706,0,GE-Phrase,238,97522,99461,1939,706,1.0,1228,-5
98750,99456,706,0,GE-Phase,retraction,98230,99461,1231,706,1.0,520,-5
99456,99868,412,0,GE-Phrase,238,97522,99461,1939,5,0.012,1934,407
99456,99868,412,0,GE-Phrase,239,99461,102171,2710,407,0.988,-5,-2303
99456,99868,412,0,GE-Phase,retraction,98230,99461,1231,5,0.012,1226,407
99456,99868,412,0,GE-Phase,preparation,99461,100037,576,407,0.988,-5,-169
100200,101506,1306,0,GE-Phrase,239,99461,102171,2710,1306,1.0,739,-665
100200,101506,1306,0,GE-Phase,stroke,100037,101131,1094,931,0.713,163,375
100200,101506,1306,0,GE-Phase,retraction,101131,102171,1040,375,0.287,-931,-665
101506,102256,750,0,GE-Phrase,239,99461,102171,2710,665,0.887,2045,85
101506,102256,750,0,GE-Phrase,240,102171,104002,1831,85,0.113,-665,-1746
101506,102256,750,0,GE-Phase,retraction,101131,102171,1040,665,0.887,375,85
101506,102256,750,0,GE-Phase,preparation,102171,102490,319,85,0.113,-665,-234
102256,103393,1137,0,GE-Phrase,240,102171,104002,1831,1137,1.0,85,-609
102256,103393,1137,0,GE-Phase,preparation,102171,102490,319,234,0.206,85,903
102256,103393,1137,0,GE-Phase,stroke,102490,102813,323,323,0.284,-234,580
102256,103393,1137,0,GE-Phase,retraction,102813,104002,1189,580,0.51,-557,-609
103393,106072,2679,0,GE-Phrase,240,102171,104002,1831,609,0.227,1222,2070
103393,106072,2679,0,GE-Phase,retraction,102813,104002,1189,609,0.227,580,2070
112081,113696,1615,0,GE-Phrase,241,111522,113521,1999,1440,0.892,559,175
112081,113696,1615,0,GE-Phrase,242,113521,115411,1890,175,0.108,-1440,-1715
112081,113696,1615,0,GE-Phase,preparation,111522,112566,1044,485,0.3,559,1130
112081,113696,1615,0,GE-Phase,stroke,112566,113292,726,726,0.45,-485,404
112081,113696,1615,0,GE-Phase,retraction,113292,113521,229,229,0.142,-1211,175
112081,113696,1615,0,GE-Phase,preparation,113521,113978,457,175,0.108,-1440,-282
113696,114860,1164,0,GE-Phrase,242,113521,115411,1890,1164,1.0,175,-551
113696,114860,1164,0,GE-Phase,preparation,113521,113978,457,282,0.242,175,882
113696,114860,1164,0,GE-Phase,stroke,113978,114582,604,604,0.519,-282,278
113696,114860,1164,0,GE-Phase,retraction,114582,115411,829,278,0.239,-886,-551
114860,115793,933,0,GE-Phrase,242,113521,115411,1890,551,0.591,1339,382
114860,115793,933,0,GE-Phase,retraction,114582,115411,829,551,0.591,278,382
85824,88041,2217,0,GE-Phrase,233,85300,86352,1052,528,0.238,524,1689
85824,88041,2217,0,GE-Phrase,234,86352,87587,1235,1235,0.557,-528,454
85824,88041,2217,0,GE-Phrase,235,87587,88868,1281,454,0.205,-1763,-827
85824,88041,2217,0,GE-Phase,preparation,85300,85900,600,76,0.034,524,2141
85824,88041,2217,0,GE-Phase,stroke,85900,86352,452,452,0.204,-76,1689
85824,88041,2217,0,GE-Phase,preparation,86352,86779,427,427,0.193,-528,1262
85824,88041,2217,0,GE-Phase,stroke,86779,87587,808,808,0.364,-955,454
85824,88041,2217,0,GE-Phase,preparation,87587,88111,524,454,0.205,-1763,-70
88041,89282,1241,0,GE-Phrase,235,87587,88868,1281,827,0.666,454,414
88041,89282,1241,0,GE-Phase,preparation,87587,88111,524,70,0.056,454,1171
88041,89282,1241,0,GE-Phase,stroke,88111,88480,369,369,0.297,-70,802
88041,89282,1241,0,GE-Phase,retraction,88480,88868,388,388,0.313,-439,414
98750,99456,706,0,GE-Phrase,238,97522,99461,1939,706,1.0,1228,-5
98750,99456,706,0,GE-Phase,retraction,98230,99461,1231,706,1.0,520,-5
99456,99868,412,0,GE-Phrase,238,97522,99461,1939,5,0.012,1934,407
99456,99868,412,0,GE-Phrase,239,99461,102171,2710,407,0.988,-5,-2303
99456,99868,412,0,GE-Phase,retraction,98230,99461,1231,5,0.012,1226,407
99456,99868,412,0,GE-Phase,preparation,99461,100037,576,407,0.988,-5,-169
100200,101506,1306,0,GE-Phrase,239,99461,102171,2710,1306,1.0,739,-665
100200,101506,1306,0,GE-Phase,stroke,100037,101131,1094,931,0.713,163,375
100200,101506,1306,0,GE-Phase,retraction,101131,102171,1040,375,0.287,-931,-665
101506,102256,750,0,GE-Phrase,239,99461,102171,2710,665,0.887,2045,85
101506,102256,750,0,GE-Phrase,240,102171,104002,1831,85,0.113,-665,-1746
101506,102256,750,0,GE-Phase,retraction,101131,102171,1040,665,0.887,375,85
101506,102256,750,0,GE-Phase,preparation,102171,102490,319,85,0.113,-665,-234
102256,103393,1137,0,GE-Phrase,240,102171,104002,1831,1137,1.0,85,-609
102256,103393,1137,0,GE-Phase,preparation,102171,102490,319,234,0.206,85,903
102256,103393,1137,0,GE-Phase,stroke,102490,102813,323,323,0.284,-234,580
102256,103393,1137,0,GE-Phase,retraction,102813,104002,1189,580,0.51,-557,-609
103393,106072,2679,0,GE-Phrase,240,102171,104002,1831,609,0.227,1222,2070
103393,106072,2679,0,GE-Phase,retraction,102813,104002,1189,609,0.227,580,2070
112081,113696,1615,0,GE-Phrase,241,111522,113521,1999,1440,0.892,559,175
112081,113696,1615,0,GE-Phrase,242,113521,115411,1890,175,0.108,-1440,-1715
112081,113696,1615,0,GE-Phase,preparation,111522,112566,1044,485,0.3,559,1130
112081,113696,1615,0,GE-Phase,stroke,112566,113292,726,726,0.45,-485,404
112081,113696,1615,0,GE-Phase,retraction,113292,113521,229,229,0.142,-1211,175
112081,113696,1615,0,GE-Phase,preparation,113521,113978,457,175,0.108,-1440,-282
113696,114860,1164,0,GE-Phrase,242,113521,115411,1890,1164,1.0,175,-551
113696,114860,1164,0,GE-Phase,preparation,113521,113978,457,282,0.242,175,882
113696,114860,1164,0,GE-Phase,stroke,113978,114582,604,604,0.519,-282,278
113696,114860,1164,0,GE-Phase,retraction,114582,115411,829,278,0.239,-886,-551
114860,115793,933,0,GE-Phrase,242,113521,115411,1890,551,0.591,1339,382
114860,115793,933,0,GE-Phase,retraction,114582,115411,829,551,0.591,278,382
85824,88041,2217,0,GE-Phrase,233,85300,86352,1052,528,0.238,524,1689
85824,88041,2217,0,GE-Phrase,234,86352,87587,1235,1235,0.557,-528,454
85824,88041,2217,0,GE-Phrase,235,87587,88868,1281,454,0.205,-1763,-827
85824,88041,2217,0,GE-Phase,preparation,85300,85900,600,76,0.034,524,2141
85824,88041,2217,0,GE-Phase,stroke,85900,86352,452,452,0.204,-76,1689
85824,88041,2217,0,GE-Phase,preparation,86352,86779,427,427,0.193,-528,1262
85824,88041,2217,0,GE-Phase,stroke,86779,87587,808,808,0.364,-955,454
85824,88041,2217,0,GE-Phase,preparation,87587,88111,524,454,0.205,-1763,-70
88041,89282,1241,0,GE-Phrase,235,87587,88868,1281,827,0.666,454,414
88041,89282,1241,0,GE-Phase,preparation,87587,88111,524,70,0.056,454,1171
88041,89282,1241,0,GE-Phase,stroke,88111,88480,369,369,0.297,-70,802
88041,89282,1241,0,GE-Phase,retraction,88480,88868,388,388,0.313,-439,414
98750,99456,706,0,GE-Phrase,238,97522,99461,1939,706,1.0,1228,-5
98750,99456,706,0,GE-Phase,retraction,98230,99461,1231,706,1.0,520,-5
99456,99868,412,0,GE-Phrase,238,97522,99461,1939,5,0.012,1934,407
99456,99868,412,0,GE-Phrase,239,99461,102171,2710,407,0.988,-5,-2303
99456,99868,412,0,GE-Phase,retraction,98230,99461,1231,5,0.012,1226,407
99456,99868,412,0,GE-Phase,preparation,99461,100037,576,407,0.988,-5,-169
100200,101506,1306,0,GE-Phrase,239,99461,102171,2710,1306,1.0,739,-665
100200,101506,1306,0,GE-Phase,stroke,100037,101131,1094,931,0.713,163,375
100200,101506,1306,0,GE-Phase,retraction,101131,102171,1040,375,0.287,-931,-665
101506,102256,750,0,GE-Phrase,239,99461,102171,2710,665,0.887,2045,85
101506,102256,750,0,GE-Phrase,240,102171,104002,1831,85,0.113,-665,-1746
101506,102256,750,0,GE-Phase,retraction,101131,102171,1040,665,0.887,375,85
101506,102256,750,0,GE-Phase,preparation,102171,102490,319,85,0.113,-665,-234
102256,103393,1137,0,GE-Phrase,240,102171,104002,1831,1137,1.0,85,-609
102256,103393,1137,0,GE-Phase,preparation,102171,102490,319,234,0.206,85,903
102256,103393,1137,0,GE-Phase,stroke,102490,102813,323,323,0.284,-234,580
102256,103393,1137,0,GE-Phase,retraction,102813,104002,1189,580,0.51,-557,-609
103393,106072,2679,0,GE-Phrase,240,102171,104002,1831,609,0.227,1222,2070
103393,106072,2679,0,GE-Phase,retraction,102813,104002,1189,609,0.227,580,2070
112081,113696,1615,0,GE-Phrase,241,111522,113521,1999,1440,0.892,559,175
112081,113696,1615,0,GE-Phrase,242,113521,115411,1890,175,0.108,-1440,-1715
112081,113696,1615,0,GE-Phase,preparation,111522,112566,1044,485,0.3,559,1130
112081,113696,1615,0,GE-Phase,stroke,112566,113292,726,726,0.45,-485,404
112081,113696,1615,0,GE-Phase,retraction,113292,113521,229,229,0.142,-1211,175
112081,113696,1615,0,GE-Phase,preparation,113521,113978,457,175,0.108,-1440,-282
113696,114860,1164,0,GE-Phrase,242,113521,115411,1890,1164,1.0,175,-551
113696,114860,1164,0,GE-Phase,preparation,113521,113978,457,282,0.242,175,882
113696,114860,1164,0,GE-Phase,stroke,113978,114582,604,604,0.519,-282,278
113696,114860,1164,0,GE-Phase,retraction,114582,115411,829,278,0.239,-886,-551
114860,115793,933,0,GE-Phrase,242,113521,115411,1890,551,0.591,1339,382
114860,115793,933,0,GE-Phase,retraction,114582,115411,829,551,0.591,278,382
85824,88041,2217,0,GE-Phrase,233,85300,86352,1052,528,0.238,524,1689
85824,88041,2217,0,GE-Phrase,234,86352,87587,1235,1235,0.557,-528,454
85824,88041,2217,0,GE-Phrase,235,87587,88868,1281,454,0.205,-1763,-827
85824,88041,2217,0,GE-Phase,preparation,85300,85900,600,76,0.034,524,2141
85824,88041,2217,0,GE-Phase,stroke,85900,86352,452,452,0.204,-76,1689
85824,88041,2217,0,GE-Phase,preparation,86352,86779,427,427,0.193,-528,1262
85824,88041,2217,0,GE-Phase,stroke,86779,87587,808,808,0.364,-955,454
85824,88041,2217,0,GE-Phase,preparation,87587,88111,524,454,0.205,-1763,-70
88041,89282,1241,0,GE-Phrase,235,87587,88868,1281,827,0.666,454,414
88041,89282,1241,0,GE-Phase,preparation,87587,88111,524,70,0.056,454,1171
88041,89282,1241,0,GE-Phase,stroke,88111,88480,369,369,0.297,-70,802
88041,89282,1241,0,GE-Phase,retraction,88480,88868,388,388,0.313,-439,414
98750,99456,706,0,GE-Phrase,238,97522,99461,1939,706,1.0,1228,-5
98750,99456,706,0,GE-Phase,retraction,98230,99461,1231,706,1.0,520,-5
99456,99868,412,0,GE-Phrase,238,97522,99461,1939,5,0.012,1934,407
99456,99868,412,0,GE-Phrase,239,99461,102171,2710,407,0.988,-5,-2303
99456,99868,412,0,GE-Phase,retraction,98230,99461,1231,5,0.012,1226,407
99456,99868,412,0,GE-Phase,preparation,99461,100037,576,407,0.988,-5,-169
100200,101506,1306,0,GE-Phrase,239,99461,102171,2710,1306,1.0,739,-665
100200,101506,1306,0,GE-Phase,stroke,100037,101131,1094,931,0.713,163,375
100200,101506,1306,0,GE-Phase,retraction,101131,102171,1040,375,0.287,-931,-665
101506,102256,750,0,GE-Phrase,239,99461,102171,2710,665,0.887,2045,85
101506,102256,750,0,GE-Phrase,240,102171,104002,1831,85,0.113,-665,-1746
101506,102256,750,0,GE-Phase,retraction,101131,102171,1040,665,0.887,375,85
101506,102256,750,0,GE-Phase,preparation,102171,102490,319,85,0.113,-665,-234
102256,103393,1137,0,GE-Phrase,240,102171,104002,1831,1137,1.0,85,-609
102256,103393,1137,0,GE-Phase,preparation,102171,102490,319,234,0.206,85,903
102256,103393,1137,0,GE-Phase,stroke,102490,102813,323,323,0.284,-234,580
102256,103393,1137,0,GE-Phase,retraction,102813,104002,1189,580,0.51,-557,-609
103393,106072,2679,0,GE-Phrase,240,102171,104002,1831,609,0.227,1222,2070
103393,106072,2679,0,GE-Phase,retraction,102813,104002,1189,609,0.227,580,2070
112081,113696,1615,0,GE-Phrase,241,111522,113521,1999,1440,0.892,559,175
112081,113696,1615,0,GE-Phrase,242,113521,115411,1890,175,0.108,-1440,-1715
112081,113696,1615,0,GE-Phase,preparation,111522,112566,1044,485,0.3,559,1130
112081,113696,1615,0,GE-Phase,stroke,112566,113292,726,726,0.45,-485,404
112081,113696,1615,0,GE-Phase,retraction,113292,113521,229,229,0.142,-1211,175
112081,113696,1615,0,GE-Phase,preparation,113521,113978,457,175,0.108,-1440,-282
113696,114860,1164,0,GE-Phrase,242,113521,115411,1890,1164,1.0,175,-551
113696,114860,1164,0,GE-Phase,preparation,113521,113978,457,282,0.242,175,882
113696,114860,1164,0,GE-Phase,stroke,113978,114582,604,604,0.519,-282,278
113696,114860,1164,0,GE-Phase,retraction,114582,115411,829,278,0.239,-886,-551
114860,115793,933,0,GE-Phrase,242,113521,115411,1890,551,0.591,1339,382
114860,115793,933,0,GE-Phase,retraction,114582,115411,829,551,0.591,278,382
85824,88041,2217,0,GE-Phrase,233,85300,86352,1052,528,0.238,524,1689
85824,88041,2217,0,GE-Phrase,234,86352,87587,1235,1235,0.557,-528,454
85824,88041,2217,0,GE-Phrase,235,87587,88868,1281,454,0.205,-1763,-827
85824,88041,2217,0,GE-Phase,preparation,85300,85900,600,76,0.034,524,2141
85824,88041,2217,0,GE-Phase,stroke,85900,86352,452,452,0.204,-76,1689
85824,88041,2217,0,GE-Phase,preparation,86352,86779,427,427,0.193,-528,1262
85824,88041,2217,0,GE-Phase,stroke,86779,87587,808,808,0.364,-955,454
85824,88041,2217,0,GE-Phase,preparation,87587,88111,524,454,0.205,-1763,-70
88041,89282,1241,0,GE-Phrase,235,87587,88868,1281,827,0.666,454,414
88041,89282,1241,0,GE-Phase,preparation,87587,88111,524,70,0.056,454,1171
88041,89282,1241,0,GE-Phase,stroke,88111,88480,369,369,0.297,-70,802
88041,89282,1241,0,GE-Phase,retraction,88480,88868,388,388,0.313,-439,414
98750,99456,706,0,GE-Phrase,238,97522,99461,1939,706,1.0,1228,-5
98750,99456,706,0,GE-Phase,retraction,98230,99461,1231,706,1.0,520,-5
99456,99868,412,0,GE-Phrase,238,97522,99461,1939,5,0.012,1934,407
99456,99868,412,0,GE-Phrase,239,99461,102171,2710,407,0.988,-5,-2303
99456,99868,412,0,GE-Phase,retraction,98230,99461,1231,5,0.012,1226,407
99456,99868,412,0,GE-Phase,preparation,99461,100037,576,407,0.988,-5,-169
100200,101506,1306,0,GE-Phrase,239,99461,102171,2710,1306,1.0,739,-665
100200,101506,1306,0,GE-Phase,stroke,100037,101131,1094,931,0.713,163,375
100200,101506,1306,0,GE-Phase,retraction,101131,102171,1040,375,0.287,-931,-665
101506,102256,750,0,GE-Phrase,239,99461,102171,2710,665,0.887,2045,85
101506,102256,750,0,GE-Phrase,240,102171,104002,1831,85,0.113,-665,-1746
101506,102256,750,0,GE-Phase,retraction,101131,102171,1040,665,0.887,375,85
101506,102256,750,0,GE-Phase,preparation,102171,102490,319,85,0.113,-665,-234
102256,103393,1137,0,GE-Phrase,240,102171,104002,1831,1137,1.0,85,-609
102256,103393,1137,0,GE-Phase,preparation,102171,102490,319,234,0.206,85,903
102256,103393,1137,0,GE-Phase,stroke,102490,102813,323,323,0.284,-234,580
102256,103393,1137,0,GE-Phase,retraction,102813,104002,1189,580,0.51,-557,-609
103393,106072,2679,0,GE-Phrase,240,102171,104002,1831,609,0.227,1222,2070
103393,106072,2679,0,GE-Phase,retraction,102813,104002,1189,609,0.227,580,2070
112081,113696,1615,0,GE-Phrase,241,111522,113521,1999,1440,0.892,559,175
112081,113696,1615,0,GE-Phrase,242,113521,115411,1890,175,0.108,-1440,-1715
112081,113696,1615,0,GE-Phase,preparation,111522,112566,1044,485,0.3,559,1130
112081,113696,1615,0,GE-Phase,stroke,112566,113292,726,726,0.45,-485,404
112081,113696,1615,0,GE-Phase,retraction,113292,113521,229,229,0.142,-1211,175
112081,113696,1615,0,GE-Phase,preparation,113521,113978,457,175,0.108,-1440,-282
113696,114860,1164,0,GE-Phrase,242,113521,115411,1890,1164,1.0,175,-551
113696,114860,1164,0,GE-Phase,preparation,113521,113978,457,282,0.242,175,882
113696,114860,1164,0,GE-Phase,stroke,113978,114582,604,604,0.519,-282,278
113696,114860,1164,0,GE-Phase,retraction,114582,115411,829,278,0.239,-886,-551
114860,115793,933,0,GE-Phrase,242,113521,115411,1890,551,0.591,1339,382
114860,115793,933,0,GE-Phase,retraction,114582,115411,829,551,0.591,278,382
85824,88041,2217,0,GE-Phrase,233,85300,86352,1052,528,0.238,524,1689
85824,88041,2217,0,GE-Phrase,234,86352,87587,1235,1235,0.557,-528,454
85824,88041,2217,0,GE-Phrase,235,87587,88868,1281,454,0.205,-1763,-827
85824,88041,2217,0,GE-Phase,preparation,85300,85900,600,76,0.034,524,2141
85824,88041,2217,0,GE-Phase,stroke,85900,86352,452,452,0.204,-76,1689
85824,88041,2217,0,GE-Phase,preparation,86352,86779,427,427,0.193,-528,1262
85824,88041,2217,0,GE-Phase,stroke,86779,87587,808,808,0.364,-955,454
85824,88041,2217,0,GE-Phase,preparation,87587,88111,524,454,0.205,-1763,-70
88041,89282,1241,0,GE-Phrase,235,87587,88868,1281,827,0.666,454,414
88041,89282,1241,0,GE-Phase,preparation,87587,88111,524,70,0.056,454,1171
88041,89282,1241,0,GE-Phase,stroke,88111,88480,369,369,0.297,-70,802
88041,89282,1241,0,GE-Phase,retraction,88480,88868,388,388,0.313,-439,414
98750,99456,706,0,GE-Phrase,238,97522,99461,1939,706,1.0,1228,-5
98750,99456,706,0,GE-Phase,retraction,98230,99461,1231,706,1.0,520,-5
99456,99868,412,0,GE-Phrase,238,97522,99461,1939,5,0.012,1934,407
99456,99868,412,0,GE-Phrase,239,99461,102171,2710,407,0.988,-5,-2303
99456,99868,412,0,GE-Phase,retraction,98230,99461,1231,5,0.012,1226,407
99456,99868,412,0,GE-Phase,preparation,99461,100037,576,407,0.988,-5,-169
100200,101506,1306,0,GE-Phrase,239,99461,102171,2710,1306,1.0,739,-665
100200,101506,1306,0,GE-Phase,stroke,100037,101131,1094,931,0.713,163,375
100200,101506,1306,0,GE-Phase,retraction,101131,102171,1040,375,0.287,-931,-665
101506,102256,750,0,GE-Phrase,239,99461,102171,2710,665,0.887,2045,85
101506,102256,750,0,GE-Phrase,240,102171,104002,1831,85,0.113,-665,-1746
101506,102256,750,0,GE-Phase,retraction,101131,102171,1040,665,0.887,375,85
101506,102256,750,0,GE-Phase,preparation,102171,102490,319,85,0.113,-665,-234
102256,103393,1137,0,GE-Phrase,240,102171,104002,1831,1137,1.0,85,-609
102256,103393,1137,0,GE-Phase,preparation,102171,102490,319,234,0.206,85,903
102256,103393,1137,0,GE-Phase,stroke,102490,102813,323,323,0.284,-234,580
102256,103393,1137,0,GE-Phase,retraction,102813,104002,1189,580,0.51,-557,-609
103393,106072,2679,0,GE-Phrase,240,102171,104002,1831,609,0.227,1222,2070
103393,106072,2679,0,GE-Phase,retraction,102813,104002,1189,609,0.227,580,2070
112081,113696,1615,0,GE-Phrase,241,111522,113521,1999,1440,0.892,559,175
112081,113696,1615,0,GE-Phrase,242,113521,115411,1890,175,0.108,-1440,-1715
112081,113696,1615,0,GE-Phase,preparation,111522,112566,1044,485,0.3,559,1130
112081,113696,1615,0,GE-Phase,stroke,112566,113292,726,726,0.45,-485,404
112081,113696,1615,0,GE-Phase,retraction,113292,113521,229,229,0.142,-1211,175
112081,113696,1615,0,GE-Phase,preparation,113521,113978,457,175,0.108,-1440,-282
113696,114860,1164,0,GE-Phrase,242,113521,115411,1890,1164,1.0,175,-551
113696,114860,1164,0,GE-Phase,preparation,113521,113978,457,282,0.242,175,882
113696,114860,1164,0,GE-Phase,stroke,113978,114582,604,604,0.519,-282,278
113696,114860,1164,0,GE-Phase,retraction,114582,115411,829,278,0.239,-886,-551
114860,115793,933,0,GE-Phrase,242,113521,115411,1890,551,0.591,1339,382
114860,115793,933,0,GE-Phase,retraction,114582,115411,829,551,0.591,278,382
85824,88041,2217,0,GE-Phrase,233,85300,86352,1052,528,0.238,524,1689
85824,88041,2217,0,GE-Phrase,234,86352,87587,1235,1235,0.557,-528,454
85824,88041,2217,0,GE-Phrase,235,87587,88868,1281,454,0.205,-1763,-827
85824,88041,2217,0,GE-Phase,preparation,85300,85900,600,76,0.034,524,2141
85824,88041,2217,0,GE-Phase,stroke,85900,86352,452,452,0.204,-76,1689
85824,88041,2217,0,GE-Phase,preparation,86352,86779,427,427,0.193,-528,1262
85824,88041,2217,0,GE-Phase,stroke,86779,87587,808,808,0.364,-955,454
85824,88041,2217,0,GE-Phase,preparation,87587,88111,524,454,0.205,-1763,-70
88041,89282,1241,0,GE-Phrase,235,87587,88868,1281,827,0.666,454,414
88041,89282,1241,0,GE-Phase,preparation,87587,88111,524,70,0.056,454,1171
88041,89282,1241,0,GE-Phase,stroke,88111,88480,369,369,0.297,-70,802
88041,89282,1241,0,GE-Phase,retraction,88480,88868,388,388,0.313,-439,414
98750,99456,706,0,GE-Phrase,238,97522,99461,1939,706,1.0,1228,-5
98750,99456,706,0,GE-Phase,retraction,98230,99461,1231,706,1.0,520,-5
99456,99868,412,0,GE-Phrase,238,97522,99461,1939,5,0.012,1934,407
99456,99868,412,0,GE-Phrase,239,99461,102171,2710,407,0.988,-5,-2303
99456,99868,412,0,GE-Phase,retraction,98230,99461,1231,5,0.012,1226,407
99456,99868,412,0,GE-Phase,preparation,99461,100037,576,407,0.988,-5,-169
100200,101506,1306,0,GE-Phrase,239,99461,102171,2710,1306,1.0,739,-665
100200,101506,1306,0,GE-Phase,stroke,100037,101131,1094,931,0.713,163,375
100200,101506,1306,0,GE-Phase,retraction,101131,102171,1040,375,0.287,-931,-665
101506,102256,750,0,GE-Phrase,239,99461,102171,2710,665,0.887,2045,85
101506,102256,750,0,GE-Phrase,240,102171,104002,1831,85,0.113,-665,-1746
101506,102256,750,0,GE-Phase,retraction,101131,102171,1040,665,0.887,375,85
101506,102256,750,0,GE-Phase,preparation,102171,102490,319,85,0.113,-665,-234
102256,103393,1137,0,GE-Phrase,240,102171,104002,1831,1137,1.0,85,-609
102256,103393,1137,0,GE-Phase,preparation,102171,102490,319,234,0.206,85,903
102256,103393,1137,0,GE-Phase,stroke,102490,102813,323,323,0.284,-234,580
102256,103393,1137,0,GE-Phase,retraction,102813,104002,1189,580,0.51,-557,-609
103393,106072,2679,0,GE-Phrase,240,102171,104002,1831,609,0.227,1222,2070
103393,106072,2679,0,GE-Phase,retraction,102813,104002,1189,609,0.227,580,2070
112081,113696,1615,0,GE-Phrase,241,111522,113521,1999,1440,0.892,559,175
112081,113696,1615,0,GE-Phrase,242,113521,115411,1890,175,0.108,-1440,-1715
112081,113696,1615,0,GE-Phase,preparation,111522,112566,1044,485,0.3,559,1130
112081,113696,1615,0,GE-Phase,stroke,112566,113292,726,726,0.45,-485,404
112081,113696,1615,0,GE-Phase,retraction,113292,113521,229,229,0.142,-1211,175
112081,113696,1615,0,GE-Phase,preparation,113521,113978,457,175,0.108,-1440,-282
113696,114860,1164,0,GE-Phrase,242,113521,115411,1890,1164,1.0,175,-551
113696,114860,1164,0,GE-Phase,preparation,113521,113978,457,282,0.242,175,882
113696,114860,1164,0,GE-Phase,stroke,113978,114582,604,604,0.519,-282,278
113696,114860,1164,0,GE-Phase,retraction,114582,115411,829,278,0.239,-886,-551
114860,115793,933,0,GE-Phrase,242,113521,115411,1890,551,0.591,1339,382
114860,115793,933,0,GE-Phase,retraction,114582,115411,829,551,0.591,278,382
85824,88041,2217,0,GE-Phrase,233,85300,86352,1052,528,0.238,524,1689
85824,88041,2217,0,GE-Phrase,234,86352,87587,1235,1235,0.557,-528,454
85824,88041,2217,0,GE-Phrase,235,87587,88868,1281,454,0.205,-1763,-827
85824,88041,2217,0,GE-Phase,preparation,85300,85900,600,76,0.034,524,2141
85824,88041,2217,0,GE-Phase,stroke,85900,86352,452,452,0.204,-76,1689
85824,88041,2217,0,GE-Phase,preparation,86352,86779,427,427,0.193,-528,1262
85824,88041,2217,0,GE-Phase,stroke,86779,87587,808,808,0.364,-955,454
85824,88041,2217,0,GE-Phase,preparation,87587,88111,524,454,0.205,-1763,-70
88041,89282,1241,0,GE-Phrase,235,87587,88868,1281,827,0.666,454,414
88041,89282,1241,0,GE-Phase,preparation,87587,88111,524,70,0.056,454,1171
88041,89282,1241,0,GE-Phase,stroke,88111,88480,369,369,0.297,-70,802
88041,89282,1241,0,GE-Phase,retraction,88480,88868,388,388,0.313,-439,414
98750,99456,706,0,GE-Phrase,238,97522,99461,1939,706,1.0,1228,-5
98750,99456,706,0,GE-Phase,retraction,98230,99461,1231,706,1.0,520,-5
99456,99868,412,0,GE-Phrase,238,97522,99461,1939,5,0.012,1934,407
99456,99868,412,0,GE-Phrase,239,99461,102171,2710,407,0.988,-5,-2303
99456,99868,412,0,GE-Phase,retraction,98230,99461,1231,5,0.012,1226,407
99456,99868,412,0,GE-Phase,preparation,99461,100037,576,407,0.988,-5,-169
100200,101506,1306,0,GE-Phrase,239,99461,102171,2710,1306,1.0,739,-665
100200,101506,1306,0,GE-Phase,stroke,100037,101131,1094,931,0.713,163,375
100200,101506,1306,0,GE-Phase,retraction,101131,102171,1040,375,0.287,-931,-665
101506,102256,750,0,GE-Phrase,239,99461,102171,2710,665,0.887,2045,85
101506,102256,750,0,GE-Phrase,240,102171,104002,1831,85,0.113,-665,-1746
101506,102256,750,0,GE-Phase,retraction,101131,102171,1040,665,0.887,375,85
101506,102256,750,0,GE-Phase,preparation,102171,102490,319,85,0.113,-665,-234
102256,103393,1137,0,GE-Phrase,240,102171,104002,1831,1137,1.0,85,-609
102256,103393,1137,0,GE-Phase,preparation,102171,102490,319,234,0.206,85,903
102256,103393,1137,0,GE-Phase,stroke,102490,102813,323,323,0.284,-234,580
102256,103393,1137,0,GE-Phase,retraction,102813,104002,1189,580,0.51,-557,-609
103393,106072,2679,0,GE-Phrase,240,102171,104002,1831,609,0.227,1222,2070
103393,106072,2679,0,GE-Phase,retraction,102813,104002,1189,609,0.227,580,2070
112081,113696,1615,0,GE-Phrase,241,111522,113521,1999,1440,0.892,559,175
112081,113696,1615,0,GE-Phrase,242,113521,115411,1890,175,0.108,-1440,-1715
112081,113696,1615,0,GE-Phase,preparation,111522,112566,1044,485,0.3,559,1130
112081,113696,1615,0,GE-Phase,stroke,112566,113292,726,726,0.45,-485,404
112081,113696,1615,0,GE-Phase,retraction,113292,113521,229,229,0.142,-1211,175
112081,113696,1615,0,GE-Phase,preparation,113521,113978,457,175,0.108,-1440,-282
113696,114860,1164,0,GE-Phrase,242,113521,115411,1890,1164,1.0,175,-551
113696,114860,1164,0,GE-Phase,preparation,113521,113978,457,282,0.242,175,882
113696,114860,1164,0,GE-Phase,stroke,113978,114582,604,604,0.519,-282,278
113696,114860,1164,0,GE-Phase,retraction,114582,115411,829,278,0.239,-886,-551
114860,115793,933,0,GE-Phrase,242,113521,115411,1890,551,0.591,1339,382
114860,115793,933,0,GE-Phase,retraction,114582,115411,829,551,0.591,278,382
85824,88041,2217,0,GE-Phrase,233,85300,86352,1052,528,0.238,524,1689
85824,88041,2217,0,GE-Phrase,234,86352,87587,1235,1235,0.557,-528,454
85824,88041,2217,0,GE-Phrase,235,87587,88868,1281,454,0.205,-1763,-827
85824,88041,2217,0,GE-Phase,preparation,85300,85900,600,76,0.034,524,2141
85824,88041,2217,0,GE-Phase,stroke,85900,86352,452,452,0.204,-76,1689
85824,88041,2217,0,GE-Phase,preparation,86352,86779,427,427,0.193,-528,1262
85824,88041,2217,0,GE-Phase,stroke,86779,87587,808,808,0.364,-955,454
85824,88041,2217,0,GE-Phase,preparation,87587,88111,524,454,0.205,-1763,-70
88041,89282,1241,0,GE-Phrase,235,87587,88868,1281,827,0.666,454,414
88041,89282,1241,0,GE-Phase,preparation,87587,88111,524,70,0.056,454,1171
88041,89282,1241,0,GE-Phase,stroke,88111,88480,369,369,0.297,-70,802
88041,89282,1241,0,GE-Phase,retraction,88480,88868,388,388,0.313,-439,414
98750,99456,706,0,GE-Phrase,238,97522,99461,1939,706,1.0,1228,-5
98750,99456,706,0,GE-Phase,retraction,98230,99461,1231,706,1.0,520,-5
99456,99868,412,0,GE-Phrase,238,97522,99461,1939,5,0.012,1934,407
99456,99868,412,0,GE-Phrase,239,99461,102171,2710,407,0.988,-5,-2303
99456,99868,412,0,GE-Phase,retraction,98230,99461,1231,5,0.012,1226,407
99456,99868,412,0,GE-Phase,preparation,99461,100037,576,407,0.988,-5,-169
100200,101506,1306,0,GE-Phrase,239,99461,102171,2710,1306,1.0,739,-665
100200,101506,1306,0,GE-Phase,stroke,100037,101131,1094,931,0.713,163,375
100200,101506,1306,0,GE-Phase,retraction,101131,102171,1040,375,0.287,-931,-665
101506,102256,750,0,GE-Phrase,239,99461,102171,2710,665,0.887,2045,85
101506,102256,750,0,GE-Phrase,240,102171,104002,1831,85,0.113,-665,-1746
101506,102256,750,0,GE-Phase,retraction,101131,102171,1040,665,0.887,375,85
101506,102256,750,0,GE-Phase,preparation,102171,102490,319,85,0.113,-665,-234
102256,103393,1137,0,GE-Phrase,240,102171,104002,1831,1137,1.0,85,-609
102256,103393,1137,0,GE-Phase,preparation,102171,102490,319,234,0.206,85,903
102256,103393,1137,0,GE-Phase,stroke,102490,102813,323,323,0.284,-234,580
102256,103393,1137,0,GE-Phase,retraction,102813,104002,1189,580,0.51,-557,-609
103393,106072,2679,0,GE-Phrase,240,102171,104002,1831,609,0.227,1222,2070
103393,106072,2679,0,GE-Phase,retraction,102813,104002,1189,609,0.227,580,2070
112081,113696,1615,0,GE-Phrase,241,111522,113521,1999,1440,0.892,559,175
112081,113696,1615,0,GE-Phrase,242,113521,115411,1890,175,0.108,-1440,-1715
112081,113696,1615,0,GE-Phase,preparation,111522,112566,1044,485,0.3,559,1130
112081,113696,1615,0,GE-Phase,stroke,112566,113292,726,726,0.45,-485,404
112081,113696,1615,0,GE-Phase,retraction,113292,113521,229,229,0.142,-1211,175
112081,113696,1615,0,GE-Phase,preparation,113521,113978,457,175,0.108,-1440,-282
113696,114860,1164,0,GE-Phrase,242,113521,115411,1890,1164,1.0,175,-551
113696,114860,1164,0,GE-Phase,preparation,113521,113978,457,282,0.242,175,882
113696,114860,1164,0,GE-Phase,stroke,113978,114582,604,604,0.519,-282,278
113696,114860,1164,0,GE-Phase,retraction,114582,115411,829,278,0.239,-886,-551
114860,115793,933,0,GE-Phrase,242,113521,115411,1890,551,0.591,1339,382
114860,115793,933,0,GE-Phase,retraction,114582,115411,829,551,0.591,278,382
85824,88041,2217,0,GE-Phrase,233,85300,86352,1052,528,0.238,524,1689
85824,88041,2217,0,GE-Phrase,234,86352,87587,1235,1235,0.557,-528,454
85824,88041,2217,0,GE-Phrase,235,87587,88868,1281,454,0.205,-1763,-827
85824,88041,2217,0,GE-Phase,preparation,85300,85900,600,76,0.034,524,2141
85824,88041,2217,0,GE-Phase,stroke,85900,86352,452,452,0.204,-76,1689
85824,88041,2217,0,GE-Phase,preparation,86352,86779,427,427,0.193,-528,1262
85824,88041,2217,0,GE-Phase,stroke,86779,87587,808,808,0.364,-955,454
85824,88041,2217,0,GE-Phase,preparation,87587,88111,524,454,0.205,-1763,-70
88041,89282,1241,0,GE-Phrase,235,87587,88868,1281,827,0.666,454,414
88041,89282,1241,0,GE-Phase,preparation,87587,88111,524,70,0.056,454,1171
88041,89282,1241,0,GE-Phase,stroke,88111,88480,369,369,0.297,-70,802
88041,89282,1241,0,GE-Phase,retraction,88480,88868,388,388,0.313,-439,414
98750,99456,706,0,GE-Phrase,238,97522,99461,1939,706,1.0,1228,-5
98750,99456,706,0,GE-Phase,retraction,98230,99461,1231,706,1.0,520,-5
99456,99868,412,0,GE-Phrase,238,97522,99461,1939,5,0.012,1934,407
99456,99868,412,0,GE-Phrase,239,99461,102171,2710,407,0.988,-5,-2303
99456,99868,412,0,GE-Phase,retraction,98230,99461,1231,5,0.012,1226,407
99456,99868,412,0,GE-Phase,preparation,99461,100037,576,407,0.988,-5,-169
100200,101506,1306,0,GE-Phrase,239,99461,102171,2710,1306,1.0,739,-665
100200,101506,1306,0,GE-Phase,stroke,100037,101131,1094,931,0.713,163,375
100200,101506,1306,0,GE-Phase,retraction,101131,102171,1040,375,0.287,-931,-665
101506,102256,750,0,GE-Phrase,239,99461,102171,2710,665,0.887,2045,85
101506,102256,750,0,GE-Phrase,240,102171,104002,1831,85,0.113,-665,-1746
101506,102256,750,0,GE-Phase,retraction,101131,102171,1040,665,0.887,375,85
101506,102256,750,0,GE-Phase,preparation,102171,102490,319,85,0.113,-665,-234
102256,103393,1137,0,GE-Phrase,240,102171,104002,1831,1137,1.0,85,-609
102256,103393,1137,0,GE-Phase,preparation,102171,102490,319,234,0.206,85,903
102256,103393,1137,0,GE-Phase,stroke,102490,102813,323,323,0.284,-234,580
102256,103393,1137,0,GE-Phase,retraction,102813,104002,1189,580,0.51,-557,-609
103393,106072,2679,0,GE-Phrase,240,102171,104002,1831,609,0.227,1222,2070
103393,106072,2679,0,GE-Phase,retraction,102813,104002,1189,609,0.227,580,2070
112081,113696,1615,0,GE-Phrase,241,111522,113521,1999,1440,0.892,559,175
112081,113696,1615,0,GE-Phrase,242,113521,115411,1890,175,0.108,-1440,-1715
112081,113696,1615,0,GE-Phase,preparation,111522,112566,1044,485,0.3,559,1130
112081,113696,1615,0,GE-Phase,stroke,112566,113292,726,726,0.45,-485,404
112081,113696,1615,0,GE-Phase,retraction,113292,113521,229,229,0.142,-1211,175
112081,113696,1615,0,GE-Phase,preparation,113521,113978,457,175,0.108,-1440,-282
113696,114860,1164,0,GE-Phrase,242,113521,115411,1890,1164,1.0,175,-551
113696,114860,1164,0,GE-Phase,preparation,113521,113978,457,282,0.242,175,882
113696,114860,1164,0,GE-Phase,stroke,113978,114582,604,604,0.519,-282,278
113696,114860,1164,0,GE-Phase,retraction,114582,115411,829,278,0.239,-886,-551
114860,115793,933,0,GE-Phrase,242,113521,115411,1890,551,0.591,1339,382
114860,115793,933,0,GE-Phase,retraction,114582,115411,829,551,0.591,278,382
85824,88041,2217,0,GE-Phrase,233,85300,86352,1052,528,0.238,524,1689
85824,88041,2217,0,GE-Phrase,234,86352,87587,1235,1235,0.557,-528,454
85824,88041,2217,0,GE-Phrase,235,87587,88868,1281,454,0.205,-1763,-827
85824,88041,2217,0,GE-Phase,preparation,85300,85900,600,76,0.034,524,2141
85824,88041,2217,0,GE-Phase,stroke,85900,86352,452,452,0.204,-76,1689
85824,88041,2217,0,GE-Phase,preparation,86352,86779,427,427,0.193,-528,1262
85824,88041,2217,0,GE-Phase,stroke,86779,87587,808,808,0.364,-955,454
85824,88041,2217,0,GE-Phase,preparation,87587,88111,524,454,0.205,-1763,-70
88041,89282,1241,0,GE-Phrase,235,87587,88868,1281,827,0.666,454,414
88041,89282,1241,0,GE-Phase,preparation,87587,88111,524,70,0.056,454,1171
88041,89282,1241,0,GE-Phase,stroke,88111,88480,369,369,0.297,-70,802
88041,89282,1241,0,GE-Phase,retraction,88480,88868,388,388,0.313,-439,414
98750,99456,706,0,GE-Phrase,238,97522,99461,1939,706,1.0,1228,-5
98750,99456,706,0,GE-Phase,retraction,98230,99461,1231,706,1.0,520,-5
99456,99868,412,0,GE-Phrase,238,97522,99461,1939,5,0.012,1934,407
99456,99868,412,0,GE-Phrase,239,99461,102171,2710,407,0.988,-5,-2303
99456,99868,412,0,GE-Phase,retraction,98230,99461,1231,5,0.012,1226,407
99456,99868,412,0,GE-Phase,preparation,99461,100037,576,407,0.988,-5,-169
100200,101506,1306,0,GE-Phrase,239,99461,102171,2710,1306,1.0,739,-665
100200,101506,1306,0,GE-Phase,stroke,100037,101131,1094,931,0.713,163,375
100200,101506,1306,0,GE-Phase,retraction,101131,102171,1040,375,0.287,-931,-665
101506,102256,750,0,GE-Phrase,239,99461,102171,2710,665,0.887,2045,85
101506,102256,750,0,GE-Phrase,240,102171,104002,1831,85,0.113,-665,-1746
101506,102256,750,0,GE-Phase,retraction,101131,102171,1040,665,0.887,375,85
101506,102256,750,0,GE-Phase,preparation,102171,102490,319,85,0.113,-665,-234
102256,103393,1137,0,GE-Phrase,240,102171,104002,1831,1137,1.0,85,-609
102256,103393,1137,0,GE-Phase,preparation,102171,102490,319,234,0.206,85,903
102256,103393,1137,0,GE-Phase,stroke,102490,102813,323,323,0.284,-234,580
102256,103393,1137,0,GE-Phase,retraction,102813,104002,1189,580,0.51,-557,-609
103393,106072,2679,0,GE-Phrase,240,102171,104002,1831,609,0.227,1222,2070
103393,106072,2679,0,GE-Phase,retraction,102813,104002,1189,609,0.227,580,2070
112081,113696,1615,0,GE-Phrase,241,111522,113521,1999,1440,0.892,559,175
112081,113696,1615,0,GE-Phrase,242,113521,115411,1890,175,0.108,-1440,-1715
112081,113696,1615,0,GE-Phase,preparation,111522,112566,1044,485,0.3,559,1130
112081,113696,1615,0,GE-Phase,stroke,112566,113292,726,726,0.45,-485,404
112081,113696,1615,0,GE-Phase,retraction,113292,113521,229,229,0.142,-1211,175
112081,113696,1615,0,GE-Phase,preparation,113521,113978,457,175,0.108,-1440,-282
113696,114860,1164,0,GE-Phrase,242,113521,115411,1890,1164,1.0,175,-551
113696,114860,1164,0,GE-Phase,preparation,113521,113978,457,282,0.242,175,882
113696,114860,1164,0,GE-Phase,stroke,113978,114582,604,604,0.519,-282,278
113696,114860,1164,0,GE-Phase,retraction,114582,115411,829,278,0.239,-886,-551
114860,115793,933,0,GE-Phrase,242,113521,115411,1890,551,0.591,1339,382
114860,115793,933,0,GE-Phase,retraction,114582,115411,829,551,0.591,278,382
85824,88041,2217,0,GE-Phrase,233,85300,86352,1052,528,0.238,524,1689
85824,88041,2217,0,GE-Phrase,234,86352,87587,1235,1235,0.557,-528,454
85824,88041,2217,0,GE-Phrase,235,87587,88868,1281,454,0.205,-1763,-827
85824,88041,2217,0,GE-Phase,preparation,85300,85900,600,76,0.034,524,2141
85824,88041,2217,0,GE-Phase,stroke,85900,86352,452,452,0.204,-76,1689
85824,88041,2217,0,GE-Phase,preparation,86352,86779,427,427,0.193,-528,1262
85824,88041,2217,0,GE-Phase,stroke,86779,87587,808,808,0.364,-955,454
85824,88041,2217,0,GE-Phase,preparation,87587,88111,524,454,0.205,-1763,-70
88041,89282,1241,0,GE-Phrase,235,87587,88868,1281,827,0.666,454,414
88041,89282,1241,0,GE-Phase,preparation,87587,88111,524,70,0.056,454,1171
88041,89282,1241,0,GE-Phase,stroke,88111,88480,369,369,0.297,-70,802
88041,89282,1241,0,GE-Phase,retraction,88480,88868,388,388,0.313,-439,414
98750,99456,706,0,GE-Phrase,238,97522,99461,1939,706,1.0,1228,-5
98750,99456,706,0,GE-Phase,retraction,98230,99461,1231,706,1.0,520,-5
99456,99868,412,0,GE-Phrase,238,97522,99461,1939,5,0.012,1934,407
99456,99868,412,0,GE-Phrase,239,99461,102171,2710,407,0.988,-5,-2303
99456,99868,412,0,GE-Phase,retraction,98230,99461,1231,5,0.012,1226,407
99456,99868,412,0,GE-Phase,preparation,99461,100037,576,407,0.988,-5,-169
100200,101506,1306,0,GE-Phrase,239,99461,102171,2710,1306,1.0,739,-665
100200,101506,1306,0,GE-Phase,stroke,100037,101131,1094,931,0.713,163,375
100200,101506,1306,0,GE-Phase,retraction,101131,102171,1040,375,0.287,-931,-665
101506,102256,750,0,GE-Phrase,239,99461,102171,2710,665,0.887,2045,85
101506,102256,750,0,GE-Phrase,240,102171,104002,1831,85,0.113,-665,-1746
101506,102256,750,0,GE-Phase,retraction,101131,102171,1040,665,0.887,375,85
101506,102256,750,0,GE-Phase,preparation,102171,102490,319,85,0.113,-665,-234
102256,103393,1137,0,GE-Phrase,240,102171,104002,1831,1137,1.0,85,-609
102256,103393,1137,0,GE-Phase,preparation,102171,102490,319,234,0.206,85,903
102256,103393,1137,0,GE-Phase,stroke,102490,102813,323,323,0.284,-234,580
102256,103393,1137,0,GE-Phase,retraction,102813,104002,1189,580,0.51,-557,-609
103393,106072,2679,0,GE-Phrase,240,102171,104002,1831,609,0.227,1222,2070
103393,106072,2679,0,GE-Phase,retraction,102813,104002,1189,609,0.227,580,2070
112081,113696,1615,0,GE-Phrase,241,111522,113521,1999,1440,0.892,559,175
112081,113696,1615,0,GE-Phrase,242,113521,115411,1890,175,0.108,-1440,-1715
112081,113696,1615,0,GE-Phase,preparation,111522,112566,1044,485,0.3,559,1130
112081,113696,1615,0,GE-Phase,stroke,112566,113292,726,726,0.45,-485,404
112081,113696,1615,0,GE-Phase,retraction,113292,113521,229,229,0.142,-1211,175
112081,113696,1615,0,GE-Phase,preparation,113521,113978,457,175,0.108,-1440,-282
113696,114860,1164,0,GE-Phrase,242,113521,115411,1890,1164,1.0,175,-551
113696,114860,1164,0,GE-Phase,preparation,113521,113978,457,282,0.242,175,882
113696,114860,1164,0,GE-Phase,stroke,113978,114582,604,604,0.519,-282,278
113696,114860,1164,0,GE-Phase,retraction,114582,115411,829,278,0.239,-886,-551
114860,115793,933,0,GE-Phrase,242,113521,115411,1890,551,0.591,1339,382
114860,115793,933,0,GE-Phase,retraction,114582,115411,829,551,0.591,278,382
85824,88041,2217,0,GE-Phrase,233,85300,86352,1052,528,0.238,524,1689
85824,88041,2217,0,GE-Phrase,234,86352,87587,1235,1235,0.557,-528,454
85824,88041,2217,0,GE-Phrase,235,87587,88868,1281,454,0.205,-1763,-827
85824,88041,2217,0,GE-Phase,preparation,85300,85900,600,76,0.034,524,2141
85824,88041,2217,0,GE-Phase,stroke,85900,86352,452,452,0.204,-76,1689
85824,88041,2217,0,GE-Phase,preparation,86352,86779,427,427,0.193,-528,1262
85824,88041,2217,0,GE-Phase,stroke,86779,87587,808,808,0.364,-955,454
85824,88041,2217,0,GE-Phase,preparation,87587,88111,524,454,0.205,-1763,-70
88041,89282,1241,0,GE-Phrase,235,87587,88868,1281,827,0.666,454,414
88041,89282,1241,0,GE-Phase,preparation,87587,88111,524,70,0.056,454,1171
88041,89282,1241,0,GE-Phase,stroke,88111,88480,369,369,0.297,-70,802
88041,89282,1241,0,GE-Phase,retraction,88480,88868,388,388,0.313,-439,414
98750,99456,706,0,GE-Phrase,238,97522,99461,1939,706,1.0,1228,-5
98750,99456,706,0,GE-Phase,retraction,98230,99461,1231,706,1.0,520,-5
99456,99868,412,0,GE-Phrase,238,97522,99461,1939,5,0.012,1934,407
99456,99868,412,0,GE-Phrase,239,99461,102171,2710,407,0.988,-5,-2303
99456,99868,412,0,GE-Phase,retraction,98230,99461,1231,5,0.012,1226,407
99456,99868,412,0,GE-Phase,preparation,99461,100037,576,407,0.988,-5,-169
100200,101506,1306,0,GE-Phrase,239,99461,102171,2710,1306,1.0,739,-665
100200,101506,1306,0,GE-Phase,stroke,100037,101131,1094,931,0.713,163,375
100200,101506,1306,0,GE-Phase,retraction,101131,102171,1040,375,0.287,-931,-665
101506,102256,750,0,GE-Phrase,239,99461,102171,2710,665,0.887,2045,85
101506,102256,750,0,GE-Phrase,240,102171,104002,1831,85,0.113,-665,-1746
101506,102256,750,0,GE-Phase,retraction,101131,102171,1040,665,0.887,375,85
101506,102256,750,0,GE-Phase,preparation,102171,102490,319,85,0.113,-665,-234
102256,103393,1137,0,GE-Phrase,240,102171,104002,1831,1137,1.0,85,-609
102256,103393,1137,0,GE-Phase,preparation,102171,102490,319,234,0.206,85,903
102256,103393,1137,0,GE-Phase,stroke,102490,102813,323,323,0.284,-234,580
102256,103393,1137,0,GE-Phase,retraction,102813,104002,1189,580,0.51,-557,-609
103393,106072,2679,0,GE-Phrase,240,102171,104002,1831,609,0.227,1222,2070
103393,106072,2679,0,GE-Phase,retraction,102813,104002,1189,609,0.227,580,2070
112081,113696,1615,0,GE-Phrase,241,111522,113521,1999,1440,0.892,559,175
112081,113696,1615,0,GE-Phrase,242,113521,115411,1890,175,0.108,-1440,-1715
112081,113696,1615,0,GE-Phase,preparation,111522,112566,1044,485,0.3,559,1130
112081,113696,1615,0,GE-Phase,stroke,112566,113292,726,726,0.45,-485,404
112081,113696,1615,0,GE-Phase,retraction,113292,113521,229,229,0.142,-1211,175
112081,113696,1615,0,GE-Phase,preparation,113521,113978,457,175,0.108,-1440,-282
113696,114860,1164,0,GE-Phrase,242,113521,115411,1890,1164,1.0,175,-551
113696,114860,1164,0,GE-Phase,preparation,113521,113978,457,282,0.242,175,882
113696,114860,1164,0,GE-Phase,stroke,113978,114582,604,604,0.519,-282,278
113696,114860,1164,0,GE-Phase,retraction,114582,115411,829,278,0.239,-886,-551
114860,115793,933,0,GE-Phrase,242,113521,115411,1890,551,0.591,1339,382
114860,115793,933,0,GE-Phase,retraction,114582,115411,829,551,0.591,278,382
85824,88041,2217,0,GE-Phrase,233,85300,86352,1052,528,0.238,524,1689
85824,88041,2217,0,GE-Phrase,234,86352,87587,1235,1235,0.557,-528,454
85824,88041,2217,0,GE-Phrase,235,87587,88868,1281,454,0.205,-1763,-827
85824,88041,2217,0,GE-Phase,preparation,85300,85900,600,76,0.034,524,2141
85824,88041,2217,0,GE-Phase,stroke,85900,86352,452,452,0.204,-76,1689
85824,88041,2217,0,GE-Phase,preparation,86352,86779,427,427,0.193,-528,1262
85824,88041,2217,0,GE-Phase,stroke,86779,87587,808,808,0.364,-955,454
85824,88041,2217,0,GE-Phase,preparation,87587,88111,524,454,0.205,-1763,-70
88041,89282,1241,0,GE-Phrase,235,87587,88868,1281,827,0.666,454,414
88041,89282,1241,0,GE-Phase,preparation,87587,88111,524,70,0.056,454,1171
88041,89282,1241,0,GE-Phase,stroke,88111,88480,369,369,0.297,-70,802
88041,89282,1241,0,GE-Phase,retraction,88480,88868,388,388,0.313,-439,414
98750,99456,706,0,GE-Phrase,238,97522,99461,1939,706,1.0,1228,-5
98750,99456,706,0,GE-Phase,retraction,98230,99461,1231,706,1.0,520,-5
99456,99868,412,0,GE-Phrase,238,97522,99461,1939,5,0.012,1934,407
99456,99868,412,0,GE-Phrase,239,99461,102171,2710,407,0.988,-5,-2303
99456,99868,412,0,GE-Phase,retraction,98230,99461,1231,5,0.012,1226,407
99456,99868,412,0,GE-Phase,preparation,99461,100037,576,407,0.988,-5,-169
100200,101506,1306,0,GE-Phrase,239,99461,102171,2710,1306,1.0,739,-665
100200,101506,1306,0,GE-Phase,stroke,100037,101131,1094,931,0.713,163,375
100200,101506,1306,0,GE-Phase,retraction,101131,102171,1040,375,0.287,-931,-665
101506,102256,750,0,GE-Phrase,239,99461,102171,2710,665,0.887,2045,85
101506,102256,750,0,GE-Phrase,240,102171,104002,1831,85,0.113,-665,-1746
101506,102256,750,0,GE-Phase,retraction,101131,102171,1040,665,0.887,375,85
101506,102256,750,0,GE-Phase,preparation,102171,102490,319,85,0.113,-665,-234
102256,103393,1137,0,GE-Phrase,240,102171,104002,1831,1137,1.0,85,-609
102256,103393,1137,0,GE-Phase,preparation,102171,102490,319,234,0.206,85,903
102256,103393,1137,0,GE-Phase,stroke,102490,102813,323,323,0.284,-234,580
102256,103393,1137,0,GE-Phase,retraction,102813,104002,1189,580,0.51,-557,-609
103393,106072,2679,0,GE-Phrase,240,102171,104002,1831,609,0.227,1222,2070
103393,106072,2679,0,GE-Phase,retraction,102813,104002,1189,609,0.227,580,2070
112081,113696,1615,0,GE-Phrase,241,111522,113521,1999,1440,0.892,559,175
112081,113696,1615,0,GE-Phrase,242,113521,115411,1890,175,0.108,-1440,-1715
112081,113696,1615,0,GE-Phase,preparation,111522,112566,1044,485,0.3,559,1130
112081,113696,1615,0,GE-Phase,stroke,112566,113292,726,726,0.45,-485,404
112081,113696,1615,0,GE-Phase,retraction,113292,113521,229,229,0.142,-1211,175
112081,113696,1615,0,GE-Phase,preparation,113521,113978,457,175,0.108,-1440,-282
113696,114860,1164,0,GE-Phrase,242,113521,115411,1890,1164,1.0,175,-551
113696,114860,1164,0,GE-Phase,preparation,113521,113978,457,282,0.242,175,882
113696,114860,1164,0,GE-Phase,stroke,113978,114582,604,604,0.519,-282,278
113696,114860,1164,0,GE-Phase,retraction,114582,115411,829,278,0.239,-886,-551
114860,115793,933,0,GE-Phrase,242,113521,115411,1890,551,0.591,1339,382
114860,115793,933,0,GE-Phase,retraction,114582,115411,829,551,0.591,278,382
85824,88041,2217,0,GE-Phrase,233,85300,86352,1052,528,0.238,524,1689
85824,88041,2217,0,GE-Phrase,234,86352,87587,1235,1235,0.557,-528,454
85824,88041,2217,0,GE-Phrase,235,87587,88868,1281,454,0.205,-1763,-827
85824,88041,2217,0,GE-Phase,preparation,85300,85900,600,76,0.034,524,2141
85824,88041,2217,0,GE-Phase,stroke,85900,86352,452,452,0.204,-76,1689
85824,88041,2217,0,GE-Phase,preparation,86352,86779,427,427,0.193,-528,1262
85824,88041,2217,0,GE-Phase,stroke,86779,87587,808,808,0.364,-955,454
85824,88041,2217,0,GE-Phase,preparation,87587,88111,524,454,0.205,-1763,-70
88041,89282,1241,0,GE-Phrase,235,87587,88868,1281,827,0.666,454,414
88041,89282,1241,0,GE-Phase,preparation,87587,88111,524,70,0.056,454,1171
88041,89282,1241,0,GE-Phase,stroke,88111,88480,369,369,0.297,-70,802
88041,89282,1241,0,GE-Phase,retraction,88480,88868,388,388,0.313,-439,414
98750,99456,706,0,GE-Phrase,238,97522,99461,1939,706,1.0,1228,-5
98750,99456,706,0,GE-Phase,retraction,98230,99461,1231,706,1.0,520,-5
99456,99868,412,0,GE-Phrase,238,97522,99461,1939,5,0.012,1934,407
99456,99868,412,0,GE-Phrase,239,99461,102171,2710,407,0.988,-5,-2303
99456,99868,412,0,GE-Phase,retraction,98230,99461,1231,5,0.012,1226,407
99456,99868,412,0,GE-Phase,preparation,99461,100037,576,407,0.988,-5,-169
100200,101506,1306,0,GE-Phrase,239,99461,102171,2710,1306,1.0,739,-665
100200,101506,1306,0,GE-Phase,stroke,100037,101131,1094,931,0.713,163,375
100200,101506,1306,0,GE-Phase,retraction,101131,102171,1040,375,0.287,-931,-665
101506,102256,750,0,GE-Phrase,239,99461,102171,2710,665,0.887,2045,85
101506,102256,750,0,GE-Phrase,240,102171,104002,1831,85,0.113,-665,-1746
101506,102256,750,0,GE-Phase,retraction,101131,102171,1040,665,0.887,375,85
101506,102256,750,0,GE-Phase,preparation,102171,102490,319,85,0.113,-665,-234
102256,103393,1137,0,GE-Phrase,240,102171,104002,1831,1137,1.0,85,-609
102256,103393,1137,0,GE-Phase,preparation,102171,102490,319,234,0.206,85,903
102256,103393,1137,0,GE-Phase,stroke,102490,102813,323,323,0.284,-234,580
102256,103393,1137,0,GE-Phase,retraction,102813,104002,1189,580,0.51,-557,-609
103393,106072,2679,0,GE-Phrase,240,102171,104002,1831,609,0.227,1222,2070
103393,106072,2679,0,GE-Phase,retraction,102813,104002,1189,609,0.227,580,2070
112081,113696,1615,0,GE-Phrase,241,111522,113521,1999,1440,0.892,559,175
112081,113696,1615,0,GE-Phrase,242,113521,115411,1890,175,0.108,-1440,-1715
112081,113696,1615,0,GE-Phase,preparation,111522,112566,1044,485,0.3,559,1130
112081,113696,1615,0,GE-Phase,stroke,112566,113292,726,726,0.45,-485,404
112081,113696,1615,0,GE-Phase,retraction,113292,113521,229,229,0.142,-1211,175
112081,113696,1615,0,GE-Phase,preparation,113521,113978,457,175,0.108,-1440,-282
113696,114860,1164,0,GE-Phrase,242,113521,115411,1890,1164,1.0,175,-551
113696,114860,1164,0,GE-Phase,preparation,113521,113978,457,282,0.242,175,882
113696,114860,1164,0,GE-Phase,stroke,113978,114582,604,604,0.519,-282,278
113696,114860,1164,0,GE-Phase,retraction,114582,115411,829,278,0.239,-886,-551
114860,115793,933,0,GE-Phrase,242,113521,115411,1890,551,0.591,1339,382
114860,115793,933,0,GE-Phase,retraction,114582,115411,829,551,0.591,278,382
85824,88041,2217,0,GE-Phrase,233,85300,86352,1052,528,0.238,524,1689
85824,88041,2217,0,GE-Phrase,234,86352,87587,1235,1235,0.557,-528,454
85824,88041,2217,0,GE-Phrase,235,87587,88868,1281,454,0.205,-1763,-827
85824,88041,2217,0,GE-Phase,preparation,85300,85900,600,76,0.034,524,2141
85824,88041,2217,0,GE-Phase,stroke,85900,86352,452,452,0.204,-76,1689
85824,88041,2217,0,GE-Phase,preparation,86352,86779,427,427,0.193,-528,1262
85824,88041,2217,0,GE-Phase,stroke,86779,87587,808,808,0.364,-955,454
85824,88041,2217,0,GE-Phase,preparation,87587,88111,524,454,0.205,-1763,-70
88041,89282,1241,0,GE-Phrase,235,87587,88868,1281,827,0.666,454,414
88041,89282,1241,0,GE-Phase,preparation,87587,88111,524,70,0.056,454,1171
88041,89282,1241,0,GE-Phase,stroke,88111,88480,369,369,0.297,-70,802
88041,89282,1241,0,GE-Phase,retraction,88480,88868,388,388,0.313,-439,414
98750,99456,706,0,GE-Phrase,238,97522,99461,1939,706,1.0,1228,-5
98750,99456,706,0,GE-Phase,retraction,98230,99461,1231,706,1.0,520,-5
99456,99868,412,0,GE-Phrase,238,97522,99461,1939,5,0.012,1934,407
99456,99868,412,0,GE-Phrase,239,99461,102171,2710,407,0.988,-5,-2303
99456,99868,412,0,GE-Phase,retraction,98230,99461,1231,5,0.012,1226,407
99456,99868,412,0,GE-Phase,preparation,99461,100037,576,407,0.988,-5,-169
100200,101506,1306,0,GE-Phrase,239,99461,102171,2710,1306,1.0,739,-665
100200,101506,1306,0,GE-Phase,stroke,100037,101131,1094,931,0.713,163,375
100200,101506,1306,0,GE-Phase,retraction,101131,102171,1040,375,0.287,-931,-665
101506,102256,750,0,GE-Phrase,239,99461,102171,2710,665,0.887,2045,85
101506,102256,750,0,GE-Phrase,240,102171,104002,1831,85,0.113,-665,-1746
101506,102256,750,0,GE-Phase,retraction,101131,102171,1040,665,0.887,375,85
101506,102256,750,0,GE-Phase,preparation,102171,102490,319,85,0.113,-665,-234
102256,103393,1137,0,GE-Phrase,240,102171,104002,1831,1137,1.0,85,-609
102256,103393,1137,0,GE-Phase,preparation,102171,102490,319,234,0.206,85,903
102256,103393,1137,0,GE-Phase,stroke,102490,102813,323,323,0.284,-234,580
102256,103393,1137,0,GE-Phase,retraction,102813,104002,1189,580,0.51,-557,-609
103393,106072,2679,0,GE-Phrase,240,102171,104002,1831,609,0.227,1222,2070
103393,106072,2679,0,GE-Phase,retraction,102813,104002,1189,609,0.227,580,2070
112081,113696,1615,0,GE-Phrase,241,111522,113521,1999,1440,0.892,559,175
112081,113696,1615,0,GE-Phrase,242,113521,115411,1890,175,0.108,-1440,-1715
112081,113696,1615,0,GE-Phase,preparation,111522,112566,1044,485,0.3,559,1130
112081,113696,1615,0,GE-Phase,stroke,112566,113292,726,726,0.45,-485,404
112081,113696,1615,0,GE-Phase,retraction,113292,113521,229,229,0.142,-1211,175
112081,113696,1615,0,GE-Phase,preparation,113521,113978,457,175,0.108,-1440,-282
113696,114860,1164,0,GE-Phrase,242,113521,115411,1890,1164,1.0,175,-551
113696,114860,1164,0,GE-Phase,preparation,113521,113978,457,282,0.242,175,882
113696,114860,1164,0,GE-Phase,stroke,113978,114582,604,604,0.519,-282,278
113696,114860,1164,0,GE-Phase,retraction,114582,115411,829,278,0.239,-886,-551
114860,115793,933,0,GE-Phrase,242,113521,115411,1890,551,0.591,1339,382
114860,115793,933,0,GE-Phase,retraction,114582,115411,829,551,0.591,278,382
85824,88041,2217,0,GE-Phrase,233,85300,86352,1052,528,0.238,524,1689
85824,88041,2217,0,GE-Phrase,234,86352,87587,1235,1235,0.557,-528,454
85824,88041,2217,0,GE-Phrase,235,87587,88868,1281,454,0.205,-1763,-827
85824,88041,2217,0,GE-Phase,preparation,85300,85900,600,76,0.034,524,2141
85824,88041,2217,0,GE-Phase,stroke,85900,86352,452,452,0.204,-76,1689
85824,88041,2217,0,GE-Phase,preparation,86352,86779,427,427,0.193,-528,1262
85824,88041,2217,0,GE-Phase,stroke,86779,87587,808,808,0.364,-955,454
85824,88041,2217,0,GE-Phase,preparation,87587,88111,524,454,0.205,-1763,-70
88041,89282,1241,0,GE-Phrase,235,87587,88868,1281,827,0.666,454,414
88041,89282,1241,0,GE-Phase,preparation,87587,88111,524,70,0.056,454,1171
88041,89282,1241,0,GE-Phase,stroke,88111,88480,369,369,0.297,-70,802
88041,89282,1241,0,GE-Phase,retraction,88480,88868,388,388,0.313,-439,414
98750,99456,706,0,GE-Phrase,238,97522,99461,1939,706,1.0,1228,-5
98750,99456,706,0,GE-Phase,retraction,98230,99461,1231,706,1.0,520,-5
99456,99868,412,0,GE-Phrase,238,97522,99461,1939,5,0.012,1934,407
99456,99868,412,0,GE-Phrase,239,99461,102171,2710,407,0.988,-5,-2303
99456,99868,412,0,GE-Phase,retraction,98230,99461,1231,5,0.012,1226,407
99456,99868,412,0,GE-Phase,preparation,99461,100037,576,407,0.988,-5,-169
100200,101506,1306,0,GE-Phrase,239,99461,102171,2710,1306,1.0,739,-665
100200,101506,1306,0,GE-Phase,stroke,100037,101131,1094,931,0.713,163,375
100200,101506,1306,0,GE-Phase,retraction,101131,102171,1040,375,0.287,-931,-665
101506,102256,750,0,GE-Phrase,239,99461,102171,2710,665,0.887,2045,85
101506,102256,750,0,GE-Phrase,240,102171,104002,1831,85,0.113,-665,-1746
101506,102256,750,0,GE-Phase,retraction,101131,102171,1040,665,0.887,375,85
101506,102256,750,0,GE-Phase,preparation,102171,102490,319,85,0.113,-665,-234
102256,103393,1137,0,GE-Phrase,240,102171,104002,1831,1137,1.0,85,-609
102256,103393,1137,0,GE-Phase,preparation,102171,102490,319,234,0.206,85,903
102256,103393,1137,0,GE-Phase,stroke,102490,102813,323,323,0.284,-234,580
102256,103393,1137,0,GE-Phase,retraction,102813,104002,1189,580,0.51,-557,-609
103393,106072,2679,0,GE-Phrase,240,102171,104002,1831,609,0.227,1222,2070
103393,106072,2679,0,GE-Phase,retraction,102813,104002,1189,609,0.227,580,2070
112081,113696,1615,0,GE-Phrase,241,111522,113521,1999,1440,0.892,559,175
112081,113696,1615,0,GE-Phrase,242,113521,115411,1890,175,0.108,-1440,-1715
112081,113696,1615,0,GE-Phase,preparation,111522,112566,1044,485,0.3,559,1130
112081,113696,1615,0,GE-Phase,stroke,112566,113292,726,726,0.45,-485,404
112081,113696,1615,0,GE-Phase,retraction,113292,113521,229,229,0.142,-1211,175
112081,113696,1615,0,GE-Phase,preparation,113521,113978,457,175,0.108,-1440,-282
113696,114860,1164,0,GE-Phrase,242,113521,115411,1890,1164,1.0,175,-551
113696,114860,1164,0,GE-Phase,preparation,113521,113978,457,282,0.242,175,882
113696,114860,1164,0,GE-Phase,stroke,113978,114582,604,604,0.519,-282,278
113696,114860,1164,0,GE-Phase,retraction,114582,115411,829,278,0.239,-886,-551
114860,115793,933,0,GE-Phrase,242,113521,115411,1890,551,0.591,1339,382
114860,115793,933,0,GE-Phase,retraction,114582,115411,829,551,0.591,278,382
85824,88041,2217,0,GE-Phrase,233,85300,86352,1052,528,0.238,524,1689
85824,88041,2217,0,GE-Phrase,234,86352,87587,1235,1235,0.557,-528,454
85824,88041,2217,0,GE-Phrase,235,87587,88868,1281,454,0.205,-1763,-827
85824,88041,2217,0,GE-Phase,preparation,85300,85900,600,76,0.034,524,2141
85824,88041,2217,0,GE-Phase,stroke,85900,86352,452,452,0.204,-76,1689
85824,88041,2217,0,GE-Phase,preparation,86352,86779,427,427,0.193,-528,1262
85824,88041,2217,0,GE-Phase,stroke,86779,87587,808,808,0.364,-955,454
85824,88041,2217,0,GE-Phase,preparation,87587,88111,524,454,0.205,-1763,-70
88041,89282,1241,0,GE-Phrase,235,87587,88868,1281,827,0.666,454,414
88041,89282,1241,0,GE-Phase,preparation,87587,88111,524,70,0.056,454,1171
88041,89282,1241,0,GE-Phase,stroke,88111,88480,369,369,0.297,-70,802
88041,89282,1241,0,GE-Phase,retraction,88480,88868,388,388,0.313,-439,414
98750,99456,706,0,GE-Phrase,238,97522,99461,1939,706,1.0,1228,-5
98750,99456,706,0,GE-Phase,retraction,98230,99461,1231,706,1.0,520,-5
99456,99868,412,0,GE-Phrase,238,97522,99461,1939,5,0.012,1934,407
99456,99868,412,0,GE-Phrase,239,99461,102171,2710,407,0.988,-5,-2303
99456,99868,412,0,GE-Phase,retraction,98230,99461,1231,5,0.012,1226,407
99456,99868,412,0,GE-Phase,preparation,99461,100037,576,407,0.988,-5,-169
100200,101506,1306,0,GE-Phrase,239,99461,102171,2710,1306,1.0,739,-665
100200,101506,1306,0,GE-Phase,stroke,100037,101131,1094,931,0.713,163,375
100200,101506,1306,0,GE-Phase,retraction,101131,102171,1040,375,0.287,-931,-665
101506,102256,750,0,GE-Phrase,239,99461,102171,2710,665,0.887,2045,85
101506,102256,750,0,GE-Phrase,240,102171,104002,1831,85,0.113,-665,-1746
101506,102256,750,0,GE-Phase,retraction,101131,102171,1040,665,0.887,375,85
101506,102256,750,0,GE-Phase,preparation,102171,102490,319,85,0.113,-665,-234
102256,103393,1137,0,GE-Phrase,240,102171,104002,1831,1137,1.0,85,-609
102256,103393,1137,0,GE-Phase,preparation,102171,102490,319,234,0.206,85,903
102256,103393,1137,0,GE-Phase,stroke,102490,102813,323,323,0.284,-234,580
102256,103393,1137,0,GE-Phase,retraction,102813,104002,1189,580,0.51,-557,-609
103393,106072,2679,0,GE-Phrase,240,102171,104002,1831,609,0.227,1222,2070
103393,106072,2679,0,GE-Phase,retraction,102813,104002,1189,609,0.227,580,2070
112081,113696,1615,0,GE-Phrase,241,111522,113521,1999,1440,0.892,559,175
112081,113696,1615,0,GE-Phrase,242,113521,115411,1890,175,0.108,-1440,-1715
112081,113696,1615,0,GE-Phase,preparation,111522,112566,1044,485,0.3,559,1130
112081,113696,1615,0,GE-Phase,stroke,112566,113292,726,726,0.45,-485,404
112081,113696,1615,0,GE-Phase,retraction,113292,113521,229,229,0.142,-1211,175
112081,113696,1615,0,GE-Phase,preparation,113521,113978,457,175,0.108,-1440,-282
113696,114860,1164,0,GE-Phrase,242,113521,115411,1890,1164,1.0,175,-551
113696,114860,1164,0,GE-Phase,preparation,113521,113978,457,282,0.242,175,882
113696,114860,1164,0,GE-Phase,stroke,113978,114582,604,604,0.519,-282,278
113696,114860,1164,0,GE-Phase,retraction,114582,115411,829,278,0.239,-886,-551
114860,115793,933,0,GE-Phrase,242,113521,115411,1890,551,0.591,1339,382
114860,115793,933,0,GE-Phase,retraction,114582,115411,829,551,0.591,278,382
85824,88041,2217,0,GE-Phrase,233,85300,86352,1052,528,0.238,524,1689
85824,88041,2217,0,GE-Phrase,234,86352,87587,1235,1235,0.557,-528,454
85824,88041,2217,0,GE-Phrase,235,87587,88868,1281,454,0.205,-1763,-827
85824,88041,2217,0,GE-Phase,preparation,85300,85900,600,76,0.034,524,2141
85824,88041,2217,0,GE-Phase,stroke,85900,86352,452,452,0.204,-76,1689
85824,88041,2217,0,GE-Phase,preparation,86352,86779,427,427,0.193,-528,1262
85824,88041,2217,0,GE-Phase,stroke,86779,87587,808,808,0.364,-955,454
85824,88041,2217,0,GE-Phase,preparation,87587,88111,524,454,0.205,-1763,-70
88041,89282,1241,0,GE-Phrase,235,87587,88868,1281,827,0.666,454,414
88041,89282,1241,0,GE-Phase,preparation,87587,88111,524,70,0.056,454,1171
88041,89282,1241,0,GE-Phase,stroke,88111,88480,369,369,0.297,-70,802
88041,89282,1241,0,GE-Phase,retraction,88480,88868,388,388,0.313,-439,414
98750,99456,706,0,GE-Phrase,238,97522,99461,1939,706,1.0,1228,-5
98750,99456,706,0,GE-Phase,retraction,98230,99461,1231,706,1.0,520,-5
99456,99868,412,0,GE-Phrase,238,97522,99461,1939,5,0.012,1934,407
99456,99868,412,0,GE-Phrase,239,99461,102171,2710,407,0.988,-5,-2303
99456,99868,412,0,GE-Phase,retraction,98230,99461,1231,5,0.012,1226,407
99456,99868,412,0,GE-Phase,preparation,99461,100037,576,407,0.988,-5,-169
100200,101506,1306,0,GE-Phrase,239,99461,102171,2710,1306,1.0,739,-665
100200,101506,1306,0,GE-Phase,stroke,100037,101131,1094,931,0.713,163,375
100200,101506,1306,0,GE-Phase,retraction,101131,102171,1040,375,0.287,-931,-665
101506,102256,750,0,GE-Phrase,239,99461,102171,2710,665,0.887,2045,85
101506,102256,750,0,GE-Phrase,240,102171,104002,1831,85,0.113,-665,-1746
101506,102256,750,0,GE-Phase,retraction,101131,102171,1040,665,0.887,375,85
101506,102256,750,0,GE-Phase,preparation,102171,102490,319,85,0.113,-665,-234
102256,103393,1137,0,GE-Phrase,240,102171,104002,1831,1137,1.0,85,-609
102256,103393,1137,0,GE-Phase,preparation,102171,102490,319,234,0.206,85,903
102256,103393,1137,0,GE-Phase,stroke,102490,102813,323,323,0.284,-234,580
102256,103393,1137,0,GE-Phase,retraction,102813,104002,1189,580,0.51,-557,-609
103393,106072,2679,0,GE-Phrase,240,102171,104002,1831,609,0.227,1222,2070
103393,106072,2679,0,GE-Phase,retraction,102813,104002,1189,609,0.227,580,2070
112081,113696,1615,0,GE-Phrase,241,111522,113521,1999,1440,0.892,559,175
112081,113696,1615,0,GE-Phrase,242,113521,115411,1890,175,0.108,-1440,-1715
112081,113696,1615,0,GE-Phase,preparation,111522,112566,1044,485,0.3,559,1130
112081,113696,1615,0,GE-Phase,stroke,112566,113292,726,726,0.45,-485,404
112081,113696,1615,0,GE-Phase,retraction,113292,113521,229,229,0.142,-1211,175
112081,113696,1615,0,GE-Phase,preparation,113521,113978,457,175,0.108,-1440,-282
113696,114860,1164,0,GE-Phrase,242,113521,115411,1890,1164,1.0,175,-551
113696,114860,1164,0,GE-Phase,preparation,113521,113978,457,282,0.242,175,882
113696,114860,1164,0,GE-Phase,stroke,113978,114582,604,604,0.519,-282,278
113696,114860,1164,0,GE-Phase,retraction,114582,115411,829,278,0.239,-886,-551
114860,115793,933,0,GE-Phrase,242,113521,115411,1890,551,0.591,1339,382
114860,115793,933,0,GE-Phase,retraction,114582,115411,829,551,0.591,278,382
85824,88041,2217,0,GE-Phrase,233,85300,86352,1052,528,0.238,524,1689
85824,88041,2217,0,GE-Phrase,234,86352,87587,1235,1235,0.557,-528,454
85824,88041,2217,0,GE-Phrase,235,87587,88868,1281,454,0.205,-1763,-827
85824,88041,2217,0,GE-Phase,preparation,85300,85900,600,76,0.034,524,2141
85824,88041,2217,0,GE-Phase,stroke,85900,86352,452,452,0.204,-76,1689
85824,88041,2217,0,GE-Phase,preparation,86352,86779,427,427,0.193,-528,1262
85824,88041,2217,0,GE-Phase,stroke,86779,87587,808,808,0.364,-955,454
85824,88041,2217,0,GE-Phase,preparation,87587,88111,524,454,0.205,-1763,-70
88041,89282,1241,0,GE-Phrase,235,87587,88868,1281,827,0.666,454,414
88041,89282,1241,0,GE-Phase,preparation,87587,88111,524,70,0.056,454,1171
88041,89282,1241,0,GE-Phase,stroke,88111,88480,369,369,0.297,-70,802
88041,89282,1241,0,GE-Phase,retraction,88480,88868,388,388,0.313,-439,414
98750,99456,706,0,GE-Phrase,238,97522,99461,1939,706,1.0,1228,-5
98750,99456,706,0,GE-Phase,retraction,98230,99461,1231,706,1.0,520,-5
99456,99868,412,0,GE-Phrase,238,97522,99461,1939,5,0.012,1934,407
99456,99868,412,0,GE-Phrase,239,99461,102171,2710,407,0.988,-5,-2303
99456,99868,412,0,GE-Phase,retraction,98230,99461,1231,5,0.012,1226,407
99456,99868,412,0,GE-Phase,preparation,99461,100037,576,407,0.988,-5,-169
100200,101506,1306,0,GE-Phrase,239,99461,102171,2710,1306,1.0,739,-665
100200,101506,1306,0,GE-Phase,stroke,100037,101131,1094,931,0.713,163,375
100200,101506,1306,0,GE-Phase,retraction,101131,102171,1040,375,0.287,-931,-665
101506,102256,750,0,GE-Phrase,239,99461,102171,2710,665,0.887,2045,85
101506,102256,750,0,GE-Phrase,240,102171,104002,1831,85,0.113,-665,-1746
101506,102256,750,0,GE-Phase,retraction,101131,102171,1040,665,0.887,375,85
101506,102256,750,0,GE-Phase,preparation,102171,102490,319,85,0.113,-665,-234
102256,103393,1137,0,GE-Phrase,240,102171,104002,1831,1137,1.0,85,-609
102256,103393,1137,0,GE-Phase,preparation,102171,102490,319,234,0.206,85,903
102256,103393,1137,0,GE-Phase,stroke,102490,102813,323,323,0.284,-234,580
102256,103393,1137,0,GE-Phase,retraction,102813,104002,1189,580,0.51,-557,-609
103393,106072,2679,0,GE-Phrase,240,102171,104002,1831,609,0.227,1222,2070
103393,106072,2679,0,GE-Phase,retraction,102813,104002,1189,609,0.227,580,2070
112081,113696,1615,0,GE-Phrase,241,111522,113521,1999,1440,0.892,559,175
112081,113696,1615,0,GE-Phrase,242,113521,115411,1890,175,0.108,-1440,-1715
112081,113696,1615,0,GE-Phase,preparation,111522,112566,1044,485,0.3,559,1130
112081,113696,1615,0,GE-Phase,stroke,112566,113292,726,726,0.45,-485,404
112081,113696,1615,0,GE-Phase,retraction,113292,113521,229,229,0.142,-1211,175
112081,113696,1615,0,GE-Phase,preparation,113521,113978,457,175,0.108,-1440,-282
113696,114860,1164,0,GE-Phrase,242,113521,115411,1890,1164,1.0,175,-551
113696,114860,1164,0,GE-Phase,preparation,113521,113978,457,282,0.242,175,882
113696,114860,1164,0,GE-Phase,stroke,113978,114582,604,604,0.519,-282,278
113696,114860,1164,0,GE-Phase,retraction,114582,115411,829,278,0.239,-886,-551
114860,115793,933,0,GE-Phrase,242,113521,115411,1890,551,0.591,1339,382
114860,115793,933,0,GE-Phase,retraction,114582,115411,829,551,0.591,278,382
85824,88041,2217,0,GE-Phrase,233,85300,86352,1052,528,0.238,524,1689
85824,88041,2217,0,GE-Phrase,234,86352,87587,1235,1235,0.557,-528,454
85824,88041,2217,0,GE-Phrase,235,87587,88868,1281,454,0.205,-1763,-827
85824,88041,2217,0,GE-Phase,preparation,85300,85900,600,76,0.034,524,2141
85824,88041,2217,0,GE-Phase,stroke,85900,86352,452,452,0.204,-76,1689
85824,88041,2217,0,GE-Phase,preparation,86352,86779,427,427,0.193,-528,1262
85824,88041,2217,0,GE-Phase,stroke,86779,87587,808,808,0.364,-955,454
85824,88041,2217,0,GE-Phase,preparation,87587,88111,524,454,0.205,-1763,-70
88041,89282,1241,0,GE-Phrase,235,87587,88868,1281,827,0.666,454,414
88041,89282,1241,0,GE-Phase,preparation,87587,88111,524,70,0.056,454,1171
88041,89282,1241,0,GE-Phase,stroke,88111,88480,369,369,0.297,-70,802
88041,89282,1241,0,GE-Phase,retraction,88480,88868,388,388,0.313,-439,414
98750,99456,706,0,GE-Phrase,238,97522,99461,1939,706,1.0,1228,-5
98750,99456,706,0,GE-Phase,retraction,98230,99461,1231,706,1.0,520,-5
99456,99868,412,0,GE-Phrase,238,97522,99461,1939,5,0.012,1934,407
99456,99868,412,0,GE-Phrase,239,99461,102171,2710,407,0.988,-5,-2303
99456,99868,412,0,GE-Phase,retraction,98230,99461,1231,5,0.012,1226,407
99456,99868,412,0,GE-Phase,preparation,99461,100037,576,407,0.988,-5,-169
100200,101506,1306,0,GE-Phrase,239,99461,102171,2710,1306,1.0,739,-665
100200,101506,1306,0,GE-Phase,stroke,100037,101131,1094,931,0.713,163,375
100200,101506,1306,0,GE-Phase,retraction,101131,102171,1040,375,0.287,-931,-665
101506,102256,750,0,GE-Phrase,239,99461,102171,2710,665,0.887,2045,85
101506,102256,750,0,GE-Phrase,240,102171,104002,1831,85,0.113,-665,-1746
101506,102256,750,0,GE-Phase,retraction,101131,102171,1040,665,0.887,375,85
101506,102256,750,0,GE-Phase,preparation,102171,102490,319,85,0.113,-665,-234
102256,103393,1137,0,GE-Phrase,240,102171,104002,1831,1137,1.0,85,-609
102256,103393,1137,0,GE-Phase,preparation,102171,102490,319,234,0.206,85,903
102256,103393,1137,0,GE-Phase,stroke,102490,102813,323,323,0.284,-234,580
102256,103393,1137,0,GE-Phase,retraction,102813,104002,1189,580,0.51,-557,-609
103393,106072,2679,0,GE-Phrase,240,102171,104002,1831,609,0.227,1222,2070
103393,106072,2679,0,GE-Phase,retraction,102813,104002,1189,609,0.227,580,2070
112081,113696,1615,0,GE-Phrase,241,111522,113521,1999,1440,0.892,559,175
112081,113696,1615,0,GE-Phrase,242,113521,115411,1890,175,0.108,-1440,-1715
112081,113696,1615,0,GE-Phase,preparation,111522,112566,1044,485,0.3,559,1130
112081,113696,1615,0,GE-Phase,stroke,112566,113292,726,726,0.45,-485,404
112081,113696,1615,0,GE-Phase,retraction,113292,113521,229,229,0.142,-1211,175
112081,113696,1615,0,GE-Phase,preparation,113521,113978,457,175,0.108,-1440,-282
113696,114860,1164,0,GE-Phrase,242,113521,115411,1890,1164,1.0,175,-551
113696,114860,1164,0,GE-Phase,preparation,113521,113978,457,282,0.242,175,882
113696,114860,1164,0,GE-Phase,stroke,113978,114582,604,604,0.519,-282,278
113696,114860,1164,0,GE-Phase,retraction,114582,115411,829,278,0.239,-886,-551
114860,115793,933,0,GE-Phrase,242,113521,115411,1890,551,0.591,1339,382
114860,115793,933,0,GE-Phase,retraction,114582,115411,829,551,0.591,278,382
85824,88041,2217,0,GE-Phrase,233,85300,86352,1052,528,0.238,524,1689
85824,88041,2217,0,GE-Phrase,234,86352,87587,1235,1235,0.557,-528,454
85824,88041,2217,0,GE-Phrase,235,87587,88868,1281,454,0.205,-1763,-827
85824,88041,2217,0,GE-Phase,preparation,85300,85900,600,76,0.034,524,2141
85824,88041,2217,0,GE-Phase,stroke,85900,86352,452,452,0.204,-76,1689
85824,88041,2217,0,GE-Phase,preparation,86352,86779,427,427,0.193,-528,1262
85824,88041,2217,0,GE-Phase,stroke,86779,87587,808,808,0.364,-955,454
85824,88041,2217,0,GE-Phase,preparation,87587,88111,524,454,0.205,-1763,-70
88041,89282,1241,0,GE-Phrase,235,87587,88868,1281,827,0.666,454,414
88041,89282,1241,0,GE-Phase,preparation,87587,88111,524,70,0.056,454,1171
88041,89282,1241,0,GE-Phase,stroke,88111,88480,369,369,0.297,-70,802
88041,89282,1241,0,GE-Phase,retraction,88480,88868,388,388,0.313,-439,414
98750,99456,706,0,GE-Phrase,238,97522,99461,1939,706,1.0,1228,-5
98750,99456,706,0,GE-Phase,retraction,98230,99461,1231,706,1.0,520,-5
99456,99868,412,0,GE-Phrase,238,97522,99461,1939,5,0.012,1934,407
99456,99868,412,0,GE-Phrase,239,99461,102171,2710,407,0.988,-5,-2303
99456,99868,412,0,GE-Phase,retraction,98230,99461,1231,5,0.012,1226,407
99456,99868,412,0,GE-Phase,preparation,99461,100037,576,407,0.988,-5,-169
100200,101506,1306,0,GE-Phrase,239,99461,102171,2710,1306,1.0,739,-665
100200,101506,1306,0,GE-Phase,stroke,100037,101131,1094,931,0.713,163,375
100200,101506,1306,0,GE-Phase,retraction,101131,102171,1040,375,0.287,-931,-665
101506,102256,750,0,GE-Phrase,239,99461,102171,2710,665,0.887,2045,85
101506,102256,750,0,GE-Phrase,240,102171,104002,1831,85,0.113,-665,-1746
101506,102256,750,0,GE-Phase,retraction,101131,102171,1040,665,0.887,375,85
101506,102256,750,0,GE-Phase,preparation,102171,102490,319,85,0.113,-665,-234
102256,103393,1137,0,GE-Phrase,240,102171,104002,1831,1137,1.0,85,-609
102256,103393,1137,0,GE-Phase,preparation,102171,102490,319,234,0.206,85,903
102256,103393,1137,0,GE-Phase,stroke,102490,102813,323,323,0.284,-234,580
102256,103393,1137,0,GE-Phase,retraction,102813,104002,1189,580,0.51,-557,-609
103393,106072,2679,0,GE-Phrase,240,102171,104002,1831,609,0.227,1222,2070
103393,106072,2679,0,GE-Phase,retraction,102813,104002,1189,609,0.227,580,2070
112081,113696,1615,0,GE-Phrase,241,111522,113521,1999,1440,0.892,559,175
112081,113696,1615,0,GE-Phrase,242,113521,115411,1890,175,0.108,-1440,-1715
112081,113696,1615,0,GE-Phase,preparation,111522,112566,1044,485,0.3,559,1130
112081,113696,1615,0,GE-Phase,stroke,112566,113292,726,726,0.45,-485,404
112081,113696,1615,0,GE-Phase,retraction,113292,113521,229,229,0.142,-1211,175
112081,113696,1615,0,GE-Phase,preparation,113521,113978,457,175,0.108,-1440,-282
113696,114860,1164,0,GE-Phrase,242,113521,115411,1890,1164,1.0,175,-551
113696,114860,1164,0,GE-Phase,preparation,113521,113978,457,282,0.242,175,882
113696,114860,1164,0,GE-Phase,stroke,113978,114582,604,604,0.519,-282,278
113696,114860,1164,0,GE-Phase,retraction,114582,115411,829,278,0.239,-886,-551
114860,115793,933,0,GE-Phrase,242,113521,115411,1890,551,0.591,1339,382
114860,115793,933,0,GE-Phase,retraction,114582,115411,829,551,0.591,278,382
85824,88041,2217,0,GE-Phrase,233,85300,86352,1052,528,0.238,524,1689
85824,88041,2217,0,GE-Phrase,234,86352,87587,1235,1235,0.557,-528,454
85824,88041,2217,0,GE-Phrase,235,87587,88868,1281,454,0.205,-1763,-827
85824,88041,2217,0,GE-Phase,preparation,85300,85900,600,76,0.034,524,2141
85824,88041,2217,0,GE-Phase,stroke,85900,86352,452,452,0.204,-76,1689
85824,88041,2217,0,GE-Phase,preparation,86352,86779,427,427,0.193,-528,1262
85824,88041,2217,0,GE-Phase,stroke,86779,87587,808,808,0.364,-955,454
85824,88041,2217,0,GE-Phase,preparation,87587,88111,524,454,0.205,-1763,-70
88041,89282,1241,0,GE-Phrase,235,87587,88868,1281,827,0.666,454,414
88041,89282,1241,0,GE-Phase,preparation,87587,88111,524,70,0.056,454,1171
88041,89282,1241,0,GE-Phase,stroke,88111,88480,369,369,0.297,-70,802
88041,89282,1241,0,GE-Phase,retraction,88480,88868,388,388,0.313,-439,414
98750,99456,706,0,GE-Phrase,238,97522,99461,1939,706,1.0,1228,-5
98750,99456,706,0,GE-Phase,retraction,98230,99461,1231,706,1.0,520,-5
99456,99868,412,0,GE-Phrase,238,97522,99461,1939,5,0.012,1934,407
99456,99868,412,0,GE-Phrase,239,99461,102171,2710,407,0.988,-5,-2303
99456,99868,412,0,GE-Phase,retraction,98230,99461,1231,5,0.012,1226,407
99456,99868,412,0,GE-Phase,preparation,99461,100037,576,407,0.988,-5,-169
100200,101506,1306,0,GE-Phrase,239,99461,102171,2710,1306,1.0,739,-665
100200,101506,1306,0,GE-Phase,stroke,100037,101131,1094,931,0.713,163,375
100200,101506,1306,0,GE-Phase,retraction,101131,102171,1040,375,0.287,-931,-665
101506,102256,750,0,GE-Phrase,239,99461,102171,2710,665,0.887,2045,85
101506,102256,750,0,GE-Phrase,240,102171,104002,1831,85,0.113,-665,-1746
101506,102256,750,0,GE-Phase,retraction,101131,102171,1040,665,0.887,375,85
101506,102256,750,0,GE-Phase,preparation,102171,102490,319,85,0.113,-665,-234
102256,103393,1137,0,GE-Phrase,240,102171,104002,1831,1137,1.0,85,-609
102256,103393,1137,0,GE-Phase,preparation,102171,102490,319,234,0.206,85,903
102256,103393,1137,0,GE-Phase,stroke,102490,102813,323,323,0.284,-234,580
102256,103393,1137,0,GE-Phase,retraction,102813,104002,1189,580,0.51,-557,-609
103393,106072,2679,0,GE-Phrase,240,102171,104002,1831,609,0.227,1222,2070
103393,106072,2679,0,GE-Phase,retraction,102813,104002,1189,609,0.227,580,2070
112081,113696,1615,0,GE-Phrase,241,111522,113521,1999,1440,0.892,559,175
112081,113696,1615,0,GE-Phrase,242,113521,115411,1890,175,0.108,-1440,-1715
112081,113696,1615,0,GE-Phase,preparation,111522,112566,1044,485,0.3,559,1130
112081,113696,1615,0,GE-Phase,stroke,112566,113292,726,726,0.45,-485,404
112081,113696,1615,0,GE-Phase,retraction,113292,113521,229,229,0.142,-1211,175
112081,113696,1615,0,GE-Phase,preparation,113521,113978,457,175,0.108,-1440,-282
113696,114860,1164,0,GE-Phrase,242,113521,115411,1890,1164,1.0,175,-551
113696,114860,1164,0,GE-Phase,preparation,113521,113978,457,282,0.242,175,882
113696,114860,1164,0,GE-Phase,stroke,113978,114582,604,604,0.519,-282,278
113696,114860,1164,0,GE-Phase,retraction,114582,115411,829,278,0.239,-886,-551
114860,115793,933,0,GE-Phrase,242,113521,115411,1890,551,0.591,1339,382
114860,115793,933,0,GE-Phase,retraction,114582,115411,829,551,0.591,278,382
85824,88041,2217,0,GE-Phrase,233,85300,86352,1052,528,0.238,524,1689
85824,88041,2217,0,GE-Phrase,234,86352,87587,1235,1235,0.557,-528,454
85824,88041,2217,0,GE-Phrase,235,87587,88868,1281,454,0.205,-1763,-827
85824,88041,2217,0,GE-Phase,preparation,85300,85900,600,76,0.034,524,2141
85824,88041,2217,0,GE-Phase,stroke,85900,86352,452,452,0.204,-76,1689
85824,88041,2217,0,GE-Phase,preparation,86352,86779,427,427,0.193,-528,1262
85824,88041,2217,0,GE-Phase,stroke,86779,87587,808,808,0.364,-955,454
85824,88041,2217,0,GE-Phase,preparation,87587,88111,524,454,0.205,-1763,-70
88041,89282,1241,0,GE-Phrase,235,87587,88868,1281,827,0.666,454,414
88041,89282,1241,0,GE-Phase,preparation,87587,88111,524,70,0.056,454,1171
88041,89282,1241,0,GE-Phase,stroke,88111,88480,369,369,0.297,-70,802
88041,89282,1241,0,GE-Phase,retraction,88480,88868,388,388,0.313,-439,414
98750,99456,706,0,GE-Phrase,238,97522,99461,1939,706,1.0,1228,-5
98750,99456,706,0,GE-Phase,retraction,98230,99461,1231,706,1.0,520,-5
99456,99868,412,0,GE-Phrase,238,97522,99461,1939,5,0.012,1934,407
99456,99868,412,0,GE-Phrase,239,99461,102171,2710,407,0.988,-5,-2303
99456,99868,412,0,GE-Phase,retraction,98230,99461,1231,5,0.012,1226,407
99456,99868,412,0,GE-Phase,preparation,99461,100037,576,407,0.988,-5,-169
100200,101506,1306,0,GE-Phrase,239,99461,102171,2710,1306,1.0,739,-665
100200,101506,1306,0,GE-Phase,stroke,100037,101131,1094,931,0.713,163,375
100200,101506,1306,0,GE-Phase,retraction,101131,102171,1040,375,0.287,-931,-665
101506,102256,750,0,GE-Phrase,239,99461,102171,2710,665,0.887,2045,85
101506,102256,750,0,GE-Phrase,240,102171,104002,1831,85,0.113,-665,-1746
101506,102256,750,0,GE-Phase,retraction,101131,102171,1040,665,0.887,375,85
101506,102256,750,0,GE-Phase,preparation,102171,102490,319,85,0.113,-665,-234
102256,103393,1137,0,GE-Phrase,240,102171,104002,1831,1137,1.0,85,-609
102256,103393,1137,0,GE-Phase,preparation,102171,102490,319,234,0.206,85,903
102256,103393,1137,0,GE-Phase,stroke,102490,102813,323,323,0.284,-234,580
102256,103393,1137,0,GE-Phase,retraction,102813,104002,1189,580,0.51,-557,-609
103393,106072,2679,0,GE-Phrase,240,102171,104002,1831,609,0.227,1222,2070
103393,106072,2679,0,GE-Phase,retraction,102813,104002,1189,609,0.227,580,2070
112081,113696,1615,0,GE-Phrase,241,111522,113521,1999,1440,0.892,559,175
112081,113696,1615,0,GE-Phrase,242,113521,115411,1890,175,0.108,-1440,-1715
112081,113696,1615,0,GE-Phase,preparation,111522,112566,1044,485,0.3,559,1130
112081,113696,1615,0,GE-Phase,stroke,112566,113292,726,726,0.45,-485,404
112081,113696,1615,0,GE-Phase,retraction,113292,113521,229,229,0.142,-1211,175
112081,113696,1615,0,GE-Phase,preparation,113521,113978,457,175,0.108,-1440,-282
113696,114860,1164,0,GE-Phrase,242,113521,115411,1890,1164,1.0,175,-551
113696,114860,1164,0,GE-Phase,preparation,113521,113978,457,282,0.242,175,882
113696,114860,1164,0,GE-Phase,stroke,113978,114582,604,604,0.519,-282,278
113696,114860,1164,0,GE-Phase,retraction,114582,115411,829,278,0.239,-886,-551
114860,115793,933,0,GE-Phrase,242,113521,115411,1890,551,0.591,1339,382
114860,115793,933,0,GE-Phase,retraction,114582,115411,829,551,0.591,278,382
85824,88041,2217,0,GE-Phrase,233,85300,86352,1052,528,0.238,524,1689
85824,88041,2217,0,GE-Phrase,234,86352,87587,1235,1235,0.557,-528,454
85824,88041,2217,0,GE-Phrase,235,87587,88868,1281,454,0.205,-1763,-827
85824,88041,2217,0,GE-Phase,preparation,85300,85900,600,76,0.034,524,2141
85824,88041,2217,0,GE-Phase,stroke,85900,86352,452,452,0.204,-76,1689
85824,88041,2217,0,GE-Phase,preparation,86352,86779,427,427,0.193,-528,1262
85824,88041,2217,0,GE-Phase,stroke,86779,87587,808,808,0.364,-955,454
85824,88041,2217,0,GE-Phase,preparation,87587,88111,524,454,0.205,-1763,-70
88041,89282,1241,0,GE-Phrase,235,87587,88868,1281,827,0.666,454,414
88041,89282,1241,0,GE-Phase,preparation,87587,88111,524,70,0.056,454,1171
88041,89282,1241,0,GE-Phase,stroke,88111,88480,369,369,0.297,-70,802
88041,89282,1241,0,GE-Phase,retraction,88480,88868,388,388,0.313,-439,414
98750,99456,706,0,GE-Phrase,238,97522,99461,1939,706,1.0,1228,-5
98750,99456,706,0,GE-Phase,retraction,98230,99461,1231,706,1.0,520,-5
99456,99868,412,0,GE-Phrase,238,97522,99461,1939,5,0.012,1934,407
99456,99868,412,0,GE-Phrase,239,99461,102171,2710,407,0.988,-5,-2303
99456,99868,412,0,GE-Phase,retraction,98230,99461,1231,5,0.012,1226,407
99456,99868,412,0,GE-Phase,preparation,99461,100037,576,407,0.988,-5,-169
100200,101506,1306,0,GE-Phrase,239,99461,102171,2710,1306,1.0,739,-665
100200,101506,1306,0,GE-Phase,stroke,100037,101131,1094,931,0.713,163,375
100200,101506,1306,0,GE-Phase,retraction,101131,102171,1040,375,0.287,-931,-665
101506,102256,750,0,GE-Phrase,239,99461,102171,2710,665,0.887,2045,85
101506,102256,750,0,GE-Phrase,240,102171,104002,1831,85,0.113,-665,-1746
101506,102256,750,0,GE-Phase,retraction,101131,102171,1040,665,0.887,375,85
101506,102256,750,0,GE-Phase,preparation,102171,102490,319,85,0.113,-665,-234
102256,103393,1137,0,GE-Phrase,240,102171,104002,1831,1137,1.0,85,-609
102256,103393,1137,0,GE-Phase,preparation,102171,102490,319,234,0.206,85,903
102256,103393,1137,0,GE-Phase,stroke,102490,102813,323,323,0.284,-234,580
102256,103393,1137,0,GE-Phase,retraction,102813,104002,1189,580,0.51,-557,-609
103393,106072,2679,0,GE-Phrase,240,102171,104002,1831,609,0.227,1222,2070
103393,106072,2679,0,GE-Phase,retraction,102813,104002,1189,609,0.227,580,2070
112081,113696,1615,0,GE-Phrase,241,111522,113521,1999,1440,0.892,559,175
112081,113696,1615,0,GE-Phrase,242,113521,115411,1890,175,0.108,-1440,-1715
112081,113696,1615,0,GE-Phase,preparation,111522,112566,1044,485,0.3,559,1130
112081,113696,1615,0,GE-Phase,stroke,112566,113292,726,726,0.45,-485,404
112081,113696,1615,0,GE-Phase,retraction,113292,113521,229,229,0.142,-1211,175
112081,113696,1615,0,GE-Phase,preparation,113521,113978,457,175,0.108,-1440,-282
113696,114860,1164,0,GE-Phrase,242,113521,115411,1890,1164,1.0,175,-551
113696,114860,1164,0,GE-Phase,preparation,113521,113978,457,282,0.242,175,882
113696,114860,1164,0,GE-Phase,stroke,113978,114582,604,604,0.519,-282,278
113696,114860,1164,0,GE-Phase,retraction,114582,115411,829,278,0.239,-886,-551
114860,115793,933,0,GE-Phrase,242,113521,115411,1890,551,0.591,1339,382
114860,115793,933,0,GE-Phase,retraction,114582,115411,829,551,0.591,278,382
85824,88041,2217,0,GE-Phrase,233,85300,86352,1052,528,0.238,524,1689
85824,88041,2217,0,GE-Phrase,234,86352,87587,1235,1235,0.557,-528,454
85824,88041,2217,0,GE-Phrase,235,87587,88868,1281,454,0.205,-1763,-827
85824,88041,2217,0,GE-Phase,preparation,85300,85900,600,76,0.034,524,2141
85824,88041,2217,0,GE-Phase,stroke,85900,86352,452,452,0.204,-76,1689
85824,88041,2217,0,GE-Phase,preparation,86352,86779,427,427,0.193,-528,1262
85824,88041,2217,0,GE-Phase,stroke,86779,87587,808,808,0.364,-955,454
85824,88041,2217,0,GE-Phase,preparation,87587,88111,524,454,0.205,-1763,-70
88041,89282,1241,0,GE-Phrase,235,87587,88868,1281,827,0.666,454,414
88041,89282,1241,0,GE-Phase,preparation,87587,88111,524,70,0.056,454,1171
88041,89282,1241,0,GE-Phase,stroke,88111,88480,369,369,0.297,-70,802
88041,89282,1241,0,GE-Phase,retraction,88480,88868,388,388,0.313,-439,414
98750,99456,706,0,GE-Phrase,238,97522,99461,1939,706,1.0,1228,-5
98750,99456,706,0,GE-Phase,retraction,98230,99461,1231,706,1.0,520,-5
99456,99868,412,0,GE-Phrase,238,97522,99461,1939,5,0.012,1934,407
99456,99868,412,0,GE-Phrase,239,99461,102171,2710,407,0.988,-5,-2303
99456,99868,412,0,GE-Phase,retraction,98230,99461,1231,5,0.012,1226,407
99456,99868,412,0,GE-Phase,preparation,99461,100037,576,407,0.988,-5,-169
100200,101506,1306,0,GE-Phrase,239,99461,102171,2710,1306,1.0,739,-665
100200,101506,1306,0,GE-Phase,stroke,100037,101131,1094,931,0.713,163,375
100200,101506,1306,0,GE-Phase,retraction,101131,102171,1040,375,0.287,-931,-665
101506,102256,750,0,GE-Phrase,239,99461,102171,2710,665,0.887,2045,85
101506,102256,750,0,GE-Phrase,240,102171,104002,1831,85,0.113,-665,-1746
101506,102256,750,0,GE-Phase,retraction,101131,102171,1040,665,0.887,375,85
101506,102256,750,0,GE-Phase,preparation,102171,102490,319,85,0.113,-665,-234
102256,103393,1137,0,GE-Phrase,240,102171,104002,1831,1137,1.0,85,-609
102256,103393,1137,0,GE-Phase,preparation,102171,102490,319,234,0.206,85,903
102256,103393,1137,0,GE-Phase,stroke,102490,102813,323,323,0.284,-234,580
102256,103393,1137,0,GE-Phase,retraction,102813,104002,1189,580,0.51,-557,-609
103393,106072,2679,0,GE-Phrase,240,102171,104002,1831,609,0.227,1222,2070
103393,106072,2679,0,GE-Phase,retraction,102813,104002,1189,609,0.227,580,2070
112081,113696,1615,0,GE-Phrase,241,111522,113521,1999,1440,0.892,559,175
112081,113696,1615,0,GE-Phrase,242,113521,115411,1890,175,0.108,-1440,-1715
112081,113696,1615,0,GE-Phase,preparation,111522,112566,1044,485,0.3,559,1130
112081,113696,1615,0,GE-Phase,stroke,112566,113292,726,726,0.45,-485,404
112081,113696,1615,0,GE-Phase,retraction,113292,113521,229,229,0.142,-1211,175
112081,113696,1615,0,GE-Phase,preparation,113521,113978,457,175,0.108,-1440,-282
113696,114860,1164,0,GE-Phrase,242,113521,115411,1890,1164,1.0,175,-551
113696,114860,1164,0,GE-Phase,preparation,113521,113978,457,282,0.242,175,882
113696,114860,1164,0,GE-Phase,stroke,113978,114582,604,604,0.519,-282,278
113696,114860,1164,0,GE-Phase,retraction,114582,115411,829,278,0.239,-886,-551
114860,115793,933,0,GE-Phrase,242,113521,115411,1890,551,0.591,1339,382
114860,115793,933,0,GE-Phase,retraction,114582,115411,829,551,0.591,278,382
85824,88041,2217,0,GE-Phrase,233,85300,86352,1052,528,0.238,524,1689
85824,88041,2217,0,GE-Phrase,234,86352,87587,1235,1235,0.557,-528,454
85824,88041,2217,0,GE-Phrase,235,87587,88868,1281,454,0.205,-1763,-827
85824,88041,2217,0,GE-Phase,preparation,85300,85900,600,76,0.034,524,2141
85824,88041,2217,0,GE-Phase,stroke,85900,86352,452,452,0.204,-76,1689
85824,88041,2217,0,GE-Phase,preparation,86352,86779,427,427,0.193,-528,1262
85824,88041,2217,0,GE-Phase,stroke,86779,87587,808,808,0.364,-955,454
85824,88041,2217,0,GE-Phase,preparation,87587,88111,524,454,0.205,-1763,-70
88041,89282,1241,0,GE-Phrase,235,87587,88868,1281,827,0.666,454,414
88041,89282,1241,0,GE-Phase,preparation,87587,88111,524,70,0.056,454,1171
88041,89282,1241,0,GE-Phase,stroke,88111,88480,369,369,0.297,-70,802
88041,89282,1241,0,GE-Phase,retraction,88480,88868,388,388,0.313,-439,414
98750,99456,706,0,GE-Phrase,238,97522,99461,1939,706,1.0,1228,-5
98750,99456,706,0,GE-Phase,retraction,98230,99461,1231,706,1.0,520,-5
99456,99868,412,0,GE-Phrase,238,97522,99461,1939,5,0.012,1934,407
99456,99868,412,0,GE-Phrase,239,99461,102171,2710,407,0.988,-5,-2303
99456,99868,412,0,GE-Phase,retraction,98230,99461,1231,5,0.012,1226,407
99456,99868,412,0,GE-Phase,preparation,99461,100037,576,407,0.988,-5,-169
100200,101506,1306,0,GE-Phrase,239,99461,102171,2710,1306,1.0,739,-665
100200,101506,1306,0,GE-Phase,stroke,100037,101131,1094,931,0.713,163,375
100200,101506,1306,0,GE-Phase,retraction,101131,102171,1040,375,0.287,-931,-665
101506,102256,750,0,GE-Phrase,239,99461,102171,2710,665,0.887,2045,85
101506,102256,750,0,GE-Phrase,240,102171,104002,1831,85,0.113,-665,-1746
101506,102256,750,0,GE-Phase,retraction,101131,102171,1040,665,0.887,375,85
101506,102256,750,0,GE-Phase,preparation,102171,102490,319,85,0.113,-665,-234
102256,103393,1137,0,GE-Phrase,240,102171,104002,1831,1137,1.0,85,-609
102256,103393,1137,0,GE-Phase,preparation,102171,102490,319,234,0.206,85,903
102256,103393,1137,0,GE-Phase,stroke,102490,102813,323,323,0.284,-234,580
102256,103393,1137,0,GE-Phase,retraction,102813,104002,1189,580,0.51,-557,-609
103393,106072,2679,0,GE-Phrase,240,102171,104002,1831,609,0.227,1222,2070
103393,106072,2679,0,GE-Phase,retraction,102813,104002,1189,609,0.227,580,2070
112081,113696,1615,0,GE-Phrase,241,111522,113521,1999,1440,0.892,559,175
112081,113696,1615,0,GE-Phrase,242,113521,115411,1890,175,0.108,-1440,-1715
112081,113696,1615,0,GE-Phase,preparation,111522,112566,1044,485,0.3,559,1130
112081,113696,1615,0,GE-Phase,stroke,112566,113292,726,726,0.45,-485,404
112081,113696,1615,0,GE-Phase,retraction,113292,113521,229,229,0.142,-1211,175
112081,113696,1615,0,GE-Phase,preparation,113521,113978,457,175,0.108,-1440,-282
113696,114860,1164,0,GE-Phrase,242,113521,115411,1890,1164,1.0,175,-551
113696,114860,1164,0,GE-Phase,preparation,113521,113978,457,282,0.242,175,882
113696,114860,1164,0,GE-Phase,stroke,113978,114582,604,604,0.519,-282,278
113696,114860,1164,0,GE-Phase,retraction,114582,115411,829,278,0.239,-886,-551
114860,115793,933,0,GE-Phrase,242,113521,115411,1890,551,0.591,1339,382
114860,115793,933,0,GE-Phase,retraction,114582,115411,829,551,0.591,278,382
85824,88041,2217,0,GE-Phrase,233,85300,86352,1052,528,0.238,524,1689
85824,88041,2217,0,GE-Phrase,234,86352,87587,1235,1235,0.557,-528,454
85824,88041,2217,0,GE-Phrase,235,87587,88868,1281,454,0.205,-1763,-827
85824,88041,2217,0,GE-Phase,preparation,85300,85900,600,76,0.034,524,2141
85824,88041,2217,0,GE-Phase,stroke,85900,86352,452,452,0.204,-76,1689
85824,88041,2217,0,GE-Phase,preparation,86352,86779,427,427,0.193,-528,1262
85824,88041,2217,0,GE-Phase,stroke,86779,87587,808,808,0.364,-955,454
85824,88041,2217,0,GE-Phase,preparation,87587,88111,524,454,0.205,-1763,-70
88041,89282,1241,0,GE-Phrase,235,87587,88868,1281,827,0.666,454,414
88041,89282,1241,0,GE-Phase,preparation,87587,88111,524,70,0.056,454,1171
88041,89282,1241,0,GE-Phase,stroke,88111,88480,369,369,0.297,-70,802
88041,89282,1241,0,GE-Phase,retraction,88480,88868,388,388,0.313,-439,414
98750,99456,706,0,GE-Phrase,238,97522,99461,1939,706,1.0,1228,-5
98750,99456,706,0,GE-Phase,retraction,98230,99461,1231,706,1.0,520,-5
99456,99868,412,0,GE-Phrase,238,97522,99461,1939,5,0.012,1934,407
99456,99868,412,0,GE-Phrase,239,99461,102171,2710,407,0.988,-5,-2303
99456,99868,412,0,GE-Phase,retraction,98230,99461,1231,5,0.012,1226,407
99456,99868,412,0,GE-Phase,preparation,99461,100037,576,407,0.988,-5,-169
100200,101506,1306,0,GE-Phrase,239,99461,102171,2710,1306,1.0,739,-665
100200,101506,1306,0,GE-Phase,stroke,100037,101131,1094,931,0.713,163,375
100200,101506,1306,0,GE-Phase,retraction,101131,102171,1040,375,0.287,-931,-665
101506,102256,750,0,GE-Phrase,239,99461,102171,2710,665,0.887,2045,85
101506,102256,750,0,GE-Phrase,240,102171,104002,1831,85,0.113,-665,-1746
101506,102256,750,0,GE-Phase,retraction,101131,102171,1040,665,0.887,375,85
101506,102256,750,0,GE-Phase,preparation,102171,102490,319,85,0.113,-665,-234
102256,103393,1137,0,GE-Phrase,240,102171,104002,1831,1137,1.0,85,-609
102256,103393,1137,0,GE-Phase,preparation,102171,102490,319,234,0.206,85,903
102256,103393,1137,0,GE-Phase,stroke,102490,102813,323,323,0.284,-234,580
102256,103393,1137,0,GE-Phase,retraction,102813,104002,1189,580,0.51,-557,-609
103393,106072,2679,0,GE-Phrase,240,102171,104002,1831,609,0.227,1222,2070
103393,106072,2679,0,GE-Phase,retraction,102813,104002,1189,609,0.227,580,2070
112081,113696,1615,0,GE-Phrase,241,111522,113521,1999,1440,0.892,559,175
112081,113696,1615,0,GE-Phrase,242,113521,115411,1890,175,0.108,-1440,-1715
112081,113696,1615,0,GE-Phase,preparation,111522,112566,1044,485,0.3,559,1130
112081,113696,1615,0,GE-Phase,stroke,112566,113292,726,726,0.45,-485,404
112081,113696,1615,0,GE-Phase,retraction,113292,113521,229,229,0.142,-1211,175
112081,113696,1615,0,GE-Phase,preparation,113521,113978,457,175,0.108,-1440,-282
113696,114860,1164,0,GE-Phrase,242,113521,115411,1890,1164,1.0,175,-551
113696,114860,1164,0,GE-Phase,preparation,113521,113978,457,282,0.242,175,882
113696,114860,1164,0,GE-Phase,stroke,113978,114582,604,604,0.519,-282,278
113696,114860,1164,0,GE-Phase,retraction,114582,115411,829,278,0.239,-886,-551
114860,115793,933,0,GE-Phrase,242,113521,115411,1890,551,0.591,1339,382
114860,115793,933,0,GE-Phase,retraction,114582,115411,829,551,0.591,278,382
85824,88041,2217,0,GE-Phrase,233,85300,86352,1052,528,0.238,524,1689
85824,88041,2217,0,GE-Phrase,234,86352,87587,1235,1235,0.557,-528,454
85824,88041,2217,0,GE-Phrase,235,87587,88868,1281,454,0.205,-1763,-827
85824,88041,2217,0,GE-Phase,preparation,85300,85900,600,76,0.034,524,2141
85824,88041,2217,0,GE-Phase,stroke,85900,86352,452,452,0.204,-76,1689
85824,88041,2217,0,GE-Phase,preparation,86352,86779,427,427,0.193,-528,1262
85824,88041,2217,0,GE-Phase,stroke,86779,87587,808,808,0.364,-955,454
85824,88041,2217,0,GE-Phase,preparation,87587,88111,524,454,0.205,-1763,-70
88041,89282,1241,0,GE-Phrase,235,87587,88868,1281,827,0.666,454,414
88041,89282,1241,0,GE-Phase,preparation,87587,88111,524,70,0.056,454,1171
88041,89282,1241,0,GE-Phase,stroke,88111,88480,369,369,0.297,-70,802
88041,89282,1241,0,GE-Phase,retraction,88480,88868,388,388,0.313,-439,414
98750,99456,706,0,GE-Phrase,238,97522,99461,1939,706,1.0,1228,-5
98750,99456,706,0,GE-Phase,retraction,98230,99461,1231,706,1.0,520,-5
99456,99868,412,0,GE-Phrase,238,97522,99461,1939,5,0.012,1934,407
99456,99868,412,0,GE-Phrase,239,99461,102171,2710,407,0.988,-5,-2303
99456,99868,412,0,GE-Phase,retraction,98230,99461,1231,5,0.012,1226,407
99456,99868,412,0,GE-Phase,preparation,99461,100037,576,407,0.988,-5,-169
100200,101506,1306,0,GE-Phrase,239,99461,102171,2710,1306,1.0,739,-665
100200,101506,1306,0,GE-Phase,stroke,100037,101131,1094,931,0.713,163,375
100200,101506,1306,0,GE-Phase,retraction,101131,102171,1040,375,0.287,-931,-665
101506,102256,750,0,GE-Phrase,239,99461,102171,2710,665,0.887,2045,85
101506,102256,750,0,GE-Phrase,240,102171,104002,1831,85,0.113,-665,-1746
101506,102256,750,0,GE-Phase,retraction,101131,102171,1040,665,0.887,375,85
101506,102256,750,0,GE-Phase,preparation,102171,102490,319,85,0.113,-665,-234
102256,103393,1137,0,GE-Phrase,240,102171,104002,1831,1137,1.0,85,-609
102256,103393,1137,0,GE-Phase,preparation,102171,102490,319,234,0.206,85,903
102256,103393,1137,0,GE-Phase,stroke,102490,102813,323,323,0.284,-234,580
102256,103393,1137,0,GE-Phase,retraction,102813,104002,1189,580,0.51,-557,-609
103393,106072,2679,0,GE-Phrase,240,102171,104002,1831,609,0.227,1222,2070
103393,106072,2679,0,GE-Phase,retraction,102813,104002,1189,609,0.227,580,2070
112081,113696,1615,0,GE-Phrase,241,111522,113521,1999,1440,0.892,559,175
112081,113696,1615,0,GE-Phrase,242,113521,115411,1890,175,0.108,-1440,-1715
112081,113696,1615,0,GE-Phase,preparation,111522,112566,1044,485,0.3,559,1130
112081,113696,1615,0,GE-Phase,stroke,112566,113292,726,726,0.45,-485,404
112081,113696,1615,0,GE-Phase,retraction,113292,113521,229,229,0.142,-1211,175
112081,113696,1615,0,GE-Phase,preparation,113521,113978,457,175,0.108,-1440,-282
113696,114860,1164,0,GE-Phrase,242,113521,115411,1890,1164,1.0,175,-551
113696,114860,1164,0,GE-Phase,preparation,113521,113978,457,282,0.242,175,882
113696,114860,1164,0,GE-Phase,stroke,113978,114582,604,604,0.519,-282,278
113696,114860,1164,0,GE-Phase,retraction,114582,115411,829,278,0.239,-886,-551
114860,115793,933,0,GE-Phrase,242,113521,115411,1890,551,0.591,1339,382
114860,115793,933,0,GE-Phase,retraction,114582,115411,829,551,0.591,278,382
85824,88041,2217,0,GE-Phrase,233,85300,86352,1052,528,0.238,524,1689
85824,88041,2217,0,GE-Phrase,234,86352,87587,1235,1235,0.557,-528,454
85824,88041,2217,0,GE-Phrase,235,87587,88868,1281,454,0.205,-1763,-827
85824,88041,2217,0,GE-Phase,preparation,85300,85900,600,76,0.034,524,2141
85824,88041,2217,0,GE-Phase,stroke,85900,86352,452,452,0.204,-76,1689
85824,88041,2217,0,GE-Phase,preparation,86352,86779,427,427,0.193,-528,1262
85824,88041,2217,0,GE-Phase,stroke,86779,87587,808,808,0.364,-955,454
85824,88041,2217,0,GE-Phase,preparation,87587,88111,524,454,0.205,-1763,-70
88041,89282,1241,0,GE-Phrase,235,87587,88868,1281,827,0.666,454,414
88041,89282,1241,0,GE-Phase,preparation,87587,88111,524,70,0.056,454,1171
88041,89282,1241,0,GE-Phase,stroke,88111,88480,369,369,0.297,-70,802
88041,89282,1241,0,GE-Phase,retraction,88480,88868,388,388,0.313,-439,414
98750,99456,706,0,GE-Phrase,238,97522,99461,1939,706,1.0,1228,-5
98750,99456,706,0,GE-Phase,retraction,98230,99461,1231,706,1.0,520,-5
99456,99868,412,0,GE-Phrase,238,97522,99461,1939,5,0.012,1934,407
99456,99868,412,0,GE-Phrase,239,99461,102171,2710,407,0.988,-5,-2303
99456,99868,412,0,GE-Phase,retraction,98230,99461,1231,5,0.012,1226,407
99456,99868,412,0,GE-Phase,preparation,99461,100037,576,407,0.988,-5,-169
100200,101506,1306,0,GE-Phrase,239,99461,102171,2710,1306,1.0,739,-665
100200,101506,1306,0,GE-Phase,stroke,100037,101131,1094,931,0.713,163,375
100200,101506,1306,0,GE-Phase,retraction,101131,102171,1040,375,0.287,-931,-665
101506,102256,750,0,GE-Phrase,239,99461,102171,2710,665,0.887,2045,85
101506,102256,750,0,GE-Phrase,240,102171,104002,1831,85,0.113,-665,-1746
101506,102256,750,0,GE-Phase,retraction,101131,102171,1040,665,0.887,375,85
101506,102256,750,0,GE-Phase,preparation,102171,102490,319,85,0.113,-665,-234
102256,103393,1137,0,GE-Phrase,240,102171,104002,1831,1137,1.0,85,-609
102256,103393,1137,0,GE-Phase,preparation,102171,102490,319,234,0.206,85,903
102256,103393,1137,0,GE-Phase,stroke,102490,102813,323,323,0.284,-234,580
102256,103393,1137,0,GE-Phase,retraction,102813,104002,1189,580,0.51,-557,-609
103393,106072,2679,0,GE-Phrase,240,102171,104002,1831,609,0.227,1222,2070
103393,106072,2679,0,GE-Phase,retraction,102813,104002,1189,609,0.227,580,2070
112081,113696,1615,0,GE-Phrase,241,111522,113521,1999,1440,0.892,559,175
112081,113696,1615,0,GE-Phrase,242,113521,115411,1890,175,0.108,-1440,-1715
112081,113696,1615,0,GE-Phase,preparation,111522,112566,1044,485,0.3,559,1130
112081,113696,1615,0,GE-Phase,stroke,112566,113292,726,726,0.45,-485,404
112081,113696,1615,0,GE-Phase,retraction,113292,113521,229,229,0.142,-1211,175
112081,113696,1615,0,GE-Phase,preparation,113521,113978,457,175,0.108,-1440,-282
113696,114860,1164,0,GE-Phrase,242,113521,115411,1890,1164,1.0,175,-551
113696,114860,1164,0,GE-Phase,preparation,113521,113978,457,282,0.242,175,882
113696,114860,1164,0,GE-Phase,stroke,113978,114582,604,604,0.519,-282,278
113696,114860,1164,0,GE-Phase,retraction,114582,115411,829,278,0.239,-886,-551
114860,115793,933,0,GE-Phrase,242,113521,115411,1890,551,0.591,1339,382
114860,115793,933,0,GE-Phase,retraction,114582,115411,829,551,0.591,278,382
85824,88041,2217,0,GE-Phrase,233,85300,86352,1052,528,0.238,524,1689
85824,88041,2217,0,GE-Phrase,234,86352,87587,1235,1235,0.557,-528,454
85824,88041,2217,0,GE-Phrase,235,87587,88868,1281,454,0.205,-1763,-827
85824,88041,2217,0,GE-Phase,preparation,85300,85900,600,76,0.034,524,2141
85824,88041,2217,0,GE-Phase,stroke,85900,86352,452,452,0.204,-76,1689
85824,88041,2217,0,GE-Phase,preparation,86352,86779,427,427,0.193,-528,1262
85824,88041,2217,0,GE-Phase,stroke,86779,87587,808,808,0.364,-955,454
85824,88041,2217,0,GE-Phase,preparation,87587,88111,524,454,0.205,-1763,-70
88041,89282,1241,0,GE-Phrase,235,87587,88868,1281,827,0.666,454,414
88041,89282,1241,0,GE-Phase,preparation,87587,88111,524,70,0.056,454,1171
88041,89282,1241,0,GE-Phase,stroke,88111,88480,369,369,0.297,-70,802
88041,89282,1241,0,GE-Phase,retraction,88480,88868,388,388,0.313,-439,414
98750,99456,706,0,GE-Phrase,238,97522,99461,1939,706,1.0,1228,-5
98750,99456,706,0,GE-Phase,retraction,98230,99461,1231,706,1.0,520,-5
99456,99868,412,0,GE-Phrase,238,97522,99461,1939,5,0.012,1934,407
99456,99868,412,0,GE-Phrase,239,99461,102171,2710,407,0.988,-5,-2303
99456,99868,412,0,GE-Phase,retraction,98230,99461,1231,5,0.012,1226,407
99456,99868,412,0,GE-Phase,preparation,99461,100037,576,407,0.988,-5,-169
100200,101506,1306,0,GE-Phrase,239,99461,102171,2710,1306,1.0,739,-665
100200,101506,1306,0,GE-Phase,stroke,100037,101131,1094,931,0.713,163,375
100200,101506,1306,0,GE-Phase,retraction,101131,102171,1040,375,0.287,-931,-665
101506,102256,750,0,GE-Phrase,239,99461,102171,2710,665,0.887,2045,85
101506,102256,750,0,GE-Phrase,240,102171,104002,1831,85,0.113,-665,-1746
101506,102256,750,0,GE-Phase,retraction,101131,102171,1040,665,0.887,375,85
101506,102256,750,0,GE-Phase,preparation,102171,102490,319,85,0.113,-665,-234
102256,103393,1137,0,GE-Phrase,240,102171,104002,1831,1137,1.0,85,-609
102256,103393,1137,0,GE-Phase,preparation,102171,102490,319,234,0.206,85,903
102256,103393,1137,0,GE-Phase,stroke,102490,102813,323,323,0.284,-234,580
102256,103393,1137,0,GE-Phase,retraction,102813,104002,1189,580,0.51,-557,-609
103393,106072,2679,0,GE-Phrase,240,102171,104002,1831,609,0.227,1222,2070
103393,106072,2679,0,GE-Phase,retraction,102813,104002,1189,609,0.227,580,2070
112081,113696,1615,0,GE-Phrase,241,111522,113521,1999,1440,0.892,559,175
112081,113696,1615,0,GE-Phrase,242,113521,115411,1890,175,0.108,-1440,-1715
112081,113696,1615,0,GE-Phase,preparation,111522,112566,1044,485,0.3,559,1130
112081,113696,1615,0,GE-Phase,stroke,112566,113292,726,726,0.45,-485,404
112081,113696,1615,0,GE-Phase,retraction,113292,113521,229,229,0.142,-1211,175
112081,113696,1615,0,GE-Phase,preparation,113521,113978,457,175,0.108,-1440,-282
113696,114860,1164,0,GE-Phrase,242,113521,115411,1890,1164,1.0,175,-551
113696,114860,1164,0,GE-Phase,preparation,113521,113978,457,282,0.242,175,882
113696,114860,1164,0,GE-Phase,stroke,113978,114582,604,604,0.519,-282,278
113696,114860,1164,0,GE-Phase,retraction,114582,115411,829,278,0.239,-886,-551
114860,115793,933,0,GE-Phrase,242,113521,115411,1890,551,0.591,1339,382
114860,115793,933,0,GE-Phase,retraction,114582,115411,829,551,0.591,278,382
85824,88041,2217,0,GE-Phrase,233,85300,86352,1052,528,0.238,524,1689
85824,88041,2217,0,GE-Phrase,234,86352,87587,1235,1235,0.557,-528,454
85824,88041,2217,0,GE-Phrase,235,87587,88868,1281,454,0.205,-1763,-827
85824,88041,2217,0,GE-Phase,preparation,85300,85900,600,76,0.034,524,2141
85824,88041,2217,0,GE-Phase,stroke,85900,86352,452,452,0.204,-76,1689
85824,88041,2217,0,GE-Phase,preparation,86352,86779,427,427,0.193,-528,1262
85824,88041,2217,0,GE-Phase,stroke,86779,87587,808,808,0.364,-955,454
85824,88041,2217,0,GE-Phase,preparation,87587,88111,524,454,0.205,-1763,-70
88041,89282,1241,0,GE-Phrase,235,87587,88868,1281,827,0.666,454,414
88041,89282,1241,0,GE-Phase,preparation,87587,88111,524,70,0.056,454,1171
88041,89282,1241,0,GE-Phase,stroke,88111,88480,369,369,0.297,-70,802
88041,89282,1241,0,GE-Phase,retraction,88480,88868,388,388,0.313,-439,414
98750,99456,706,0,GE-Phrase,238,97522,99461,1939,706,1.0,1228,-5
98750,99456,706,0,GE-Phase,retraction,98230,99461,1231,706,1.0,520,-5
99456,99868,412,0,GE-Phrase,238,97522,99461,1939,5,0.012,1934,407
99456,99868,412,0,GE-Phrase,239,99461,102171,2710,407,0.988,-5,-2303
99456,99868,412,0,GE-Phase,retraction,98230,99461,1231,5,0.012,1226,407
99456,99868,412,0,GE-Phase,preparation,99461,100037,576,407,0.988,-5,-169
100200,101506,1306,0,GE-Phrase,239,99461,102171,2710,1306,1.0,739,-665
100200,101506,1306,0,GE-Phase,stroke,100037,101131,1094,931,0.713,163,375
100200,101506,1306,0,GE-Phase,retraction,101131,102171,1040,375,0.287,-931,-665
101506,102256,750,0,GE-Phrase,239,99461,102171,2710,665,0.887,2045,85
101506,102256,750,0,GE-Phrase,240,102171,104002,1831,85,0.113,-665,-1746
101506,102256,750,0,GE-Phase,retraction,101131,102171,1040,665,0.887,375,85
101506,102256,750,0,GE-Phase,preparation,102171,102490,319,85,0.113,-665,-234
102256,103393,1137,0,GE-Phrase,240,102171,104002,1831,1137,1.0,85,-609
102256,103393,1137,0,GE-Phase,preparation,102171,102490,319,234,0.206,85,903
102256,103393,1137,0,GE-Phase,stroke,102490,102813,323,323,0.284,-234,580
102256,103393,1137,0,GE-Phase,retraction,102813,104002,1189,580,0.51,-557,-609
103393,106072,2679,0,GE-Phrase,240,102171,104002,1831,609,0.227,1222,2070
103393,106072,2679,0,GE-Phase,retraction,102813,104002,1189,609,0.227,580,2070
112081,113696,1615,0,GE-Phrase,241,111522,113521,1999,1440,0.892,559,175
112081,113696,1615,0,GE-Phrase,242,113521,115411,1890,175,0.108,-1440,-1715
112081,113696,1615,0,GE-Phase,preparation,111522,112566,1044,485,0.3,559,1130
112081,113696,1615,0,GE-Phase,stroke,112566,113292,726,726,0.45,-485,404
112081,113696,1615,0,GE-Phase,retraction,113292,113521,229,229,0.142,-1211,175
112081,113696,1615,0,GE-Phase,preparation,113521,113978,457,175,0.108,-1440,-282
113696,114860,1164,0,GE-Phrase,242,113521,115411,1890,1164,1.0,175,-551
113696,114860,1164,0,GE-Phase,preparation,113521,113978,457,282,0.242,175,882
113696,114860,1164,0,GE-Phase,stroke,113978,114582,604,604,0.519,-282,278
113696,114860,1164,0,GE-Phase,retraction,114582,115411,829,278,0.239,-886,-551
114860,115793,933,0,GE-Phrase,242,113521,115411,1890,551,0.591,1339,382
114860,115793,933,0,GE-Phase,retraction,114582,115411,829,551,0.591,278,382
85824,88041,2217,0,GE-Phrase,233,85300,86352,1052,528,0.238,524,1689
85824,88041,2217,0,GE-Phrase,234,86352,87587,1235,1235,0.557,-528,454
85824,88041,2217,0,GE-Phrase,235,87587,88868,1281,454,0.205,-1763,-827
85824,88041,2217,0,GE-Phase,preparation,85300,85900,600,76,0.034,524,2141
85824,88041,2217,0,GE-Phase,stroke,85900,86352,452,452,0.204,-76,1689
85824,88041,2217,0,GE-Phase,preparation,86352,86779,427,427,0.193,-528,1262
85824,88041,2217,0,GE-Phase,stroke,86779,87587,808,808,0.364,-955,454
85824,88041,2217,0,GE-Phase,preparation,87587,88111,524,454,0.205,-1763,-70
88041,89282,1241,0,GE-Phrase,235,87587,88868,1281,827,0.666,454,414
88041,89282,1241,0,GE-Phase,preparation,87587,88111,524,70,0.056,454,1171
88041,89282,1241,0,GE-Phase,stroke,88111,88480,369,369,0.297,-70,802
88041,89282,1241,0,GE-Phase,retraction,88480,88868,388,388,0.313,-439,414
98750,99456,706,0,GE-Phrase,238,97522,99461,1939,706,1.0,1228,-5
98750,99456,706,0,GE-Phase,retraction,98230,99461,1231,706,1.0,520,-5
99456,99868,412,0,GE-Phrase,238,97522,99461,1939,5,0.012,1934,407
99456,99868,412,0,GE-Phrase,239,99461,102171,2710,407,0.988,-5,-2303
99456,99868,412,0,GE-Phase,retraction,98230,99461,1231,5,0.012,1226,407
99456,99868,412,0,GE-Phase,preparation,99461,100037,576,407,0.988,-5,-169
100200,101506,1306,0,GE-Phrase,239,99461,102171,2710,1306,1.0,739,-665
100200,101506,1306,0,GE-Phase,stroke,100037,101131,1094,931,0.713,163,375
100200,101506,1306,0,GE-Phase,retraction,101131,102171,1040,375,0.287,-931,-665
101506,102256,750,0,GE-Phrase,239,99461,102171,2710,665,0.887,2045,85
101506,102256,750,0,GE-Phrase,240,102171,104002,1831,85,0.113,-665,-1746
101506,102256,750,0,GE-Phase,retraction,101131,102171,1040,665,0.887,375,85
101506,102256,750,0,GE-Phase,preparation,102171,102490,319,85,0.113,-665,-234
102256,103393,1137,0,GE-Phrase,240,102171,104002,1831,1137,1.0,85,-609
102256,103393,1137,0,GE-Phase,preparation,102171,102490,319,234,0.206,85,903
102256,103393,1137,0,GE-Phase,stroke,102490,102813,323,323,0.284,-234,580
102256,103393,1137,0,GE-Phase,retraction,102813,104002,1189,580,0.51,-557,-609
103393,106072,2679,0,GE-Phrase,240,102171,104002,1831,609,0.227,1222,2070
103393,106072,2679,0,GE-Phase,retraction,102813,104002,1189,609,0.227,580,2070
112081,113696,1615,0,GE-Phrase,241,111522,113521,1999,1440,0.892,559,175
112081,113696,1615,0,GE-Phrase,242,113521,115411,1890,175,0.108,-1440,-1715
112081,113696,1615,0,GE-Phase,preparation,111522,112566,1044,485,0.3,559,1130
112081,113696,1615,0,GE-Phase,stroke,112566,113292,726,726,0.45,-485,404
112081,113696,1615,0,GE-Phase,retraction,113292,113521,229,229,0.142,-1211,175
112081,113696,1615,0,GE-Phase,preparation,113521,113978,457,175,0.108,-1440,-282
113696,114860,1164,0,GE-Phrase,242,113521,115411,1890,1164,1.0,175,-551
113696,114860,1164,0,GE-Phase,preparation,113521,113978,457,282,0.242,175,882
113696,114860,1164,0,GE-Phase,stroke,113978,114582,604,604,0.519,-282,278
113696,114860,1164,0,GE-Phase,retraction,114582,115411,829,278,0.239,-886,-551
114860,115793,933,0,GE-Phrase,242,113521,115411,1890,551,0.591,1339,382
114860,115793,933,0,GE-Phase,retraction,114582,115411,829,551,0.591,278,382
85824,88041,2217,0,GE-Phrase,233,85300,86352,1052,528,0.238,524,1689
85824,88041,2217,0,GE-Phrase,234,86352,87587,1235,1235,0.557,-528,454
85824,88041,2217,0,GE-Phrase,235,87587,88868,1281,454,0.205,-1763,-827
85824,88041,2217,0,GE-Phase,preparation,85300,85900,600,76,0.034,524,2141
85824,88041,2217,0,GE-Phase,stroke,85900,86352,452,452,0.204,-76,1689
85824,88041,2217,0,GE-Phase,preparation,86352,86779,427,427,0.193,-528,1262
85824,88041,2217,0,GE-Phase,stroke,86779,87587,808,808,0.364,-955,454
85824,88041,2217,0,GE-Phase,preparation,87587,88111,524,454,0.205,-1763,-70
88041,89282,1241,0,GE-Phrase,235,87587,88868,1281,827,0.666,454,414
88041,89282,1241,0,GE-Phase,preparation,87587,88111,524,70,0.056,454,1171
88041,89282,1241,0,GE-Phase,stroke,88111,88480,369,369,0.297,-70,802
88041,89282,1241,0,GE-Phase,retraction,88480,88868,388,388,0.313,-439,414
98750,99456,706,0,GE-Phrase,238,97522,99461,1939,706,1.0,1228,-5
98750,99456,706,0,GE-Phase,retraction,98230,99461,1231,706,1.0,520,-5
99456,99868,412,0,GE-Phrase,238,97522,99461,1939,5,0.012,1934,407
99456,99868,412,0,GE-Phrase,239,99461,102171,2710,407,0.988,-5,-2303
99456,99868,412,0,GE-Phase,retraction,98230,99461,1231,5,0.012,1226,407
99456,99868,412,0,GE-Phase,preparation,99461,100037,576,407,0.988,-5,-169
100200,101506,1306,0,GE-Phrase,239,99461,102171,2710,1306,1.0,739,-665
100200,101506,1306,0,GE-Phase,stroke,100037,101131,1094,931,0.713,163,375
100200,101506,1306,0,GE-Phase,retraction,101131,102171,1040,375,0.287,-931,-665
101506,102256,750,0,GE-Phrase,239,99461,102171,2710,665,0.887,2045,85
101506,102256,750,0,GE-Phrase,240,102171,104002,1831,85,0.113,-665,-1746
101506,102256,750,0,GE-Phase,retraction,101131,102171,1040,665,0.887,375,85
101506,102256,750,0,GE-Phase,preparation,102171,102490,319,85,0.113,-665,-234
102256,103393,1137,0,GE-Phrase,240,102171,104002,1831,1137,1.0,85,-609
102256,103393,1137,0,GE-Phase,preparation,102171,102490,319,234,0.206,85,903
102256,103393,1137,0,GE-Phase,stroke,102490,102813,323,323,0.284,-234,580
102256,103393,1137,0,GE-Phase,retraction,102813,104002,1189,580,0.51,-557,-609
103393,106072,2679,0,GE-Phrase,240,102171,104002,1831,609,0.227,1222,2070
103393,106072,2679,0,GE-Phase,retraction,102813,104002,1189,609,0.227,580,2070
112081,113696,1615,0,GE-Phrase,241,111522,113521,1999,1440,0.892,559,175
112081,113696,1615,0,GE-Phrase,242,113521,115411,1890,175,0.108,-1440,-1715
112081,113696,1615,0,GE-Phase,preparation,111522,112566,1044,485,0.3,559,1130
112081,113696,1615,0,GE-Phase,stroke,112566,113292,726,726,0.45,-485,404
112081,113696,1615,0,GE-Phase,retraction,113292,113521,229,229,0.142,-1211,175
112081,113696,1615,0,GE-Phase,preparation,113521,113978,457,175,0.108,-1440,-282
113696,114860,1164,0,GE-Phrase,242,113521,115411,1890,1164,1.0,175,-551
113696,114860,1164,0,GE-Phase,preparation,113521,113978,457,282,0.242,175,882
113696,114860,1164,0,GE-Phase,stroke,113978,114582,604,604,0.519,-282,278
113696,114860,1164,0,GE-Phase,retraction,114582,115411,829,278,0.239,-886,-551
114860,115793,933,0,GE-Phrase,242,113521,115411,1890,551,0.591,1339,382
114860,115793,933,0,GE-Phase,retraction,114582,115411,829,551,0.591,278,382
85824,88041,2217,0,GE-Phrase,233,85300,86352,1052,528,0.238,524,1689
85824,88041,2217,0,GE-Phrase,234,86352,87587,1235,1235,0.557,-528,454
85824,88041,2217,0,GE-Phrase,235,87587,88868,1281,454,0.205,-1763,-827
85824,88041,2217,0,GE-Phase,preparation,85300,85900,600,76,0.034,524,2141
85824,88041,2217,0,GE-Phase,stroke,85900,86352,452,452,0.204,-76,1689
85824,88041,2217,0,GE-Phase,preparation,86352,86779,427,427,0.193,-528,1262
85824,88041,2217,0,GE-Phase,stroke,86779,87587,808,808,0.364,-955,454
85824,88041,2217,0,GE-Phase,preparation,87587,88111,524,454,0.205,-1763,-70
88041,89282,1241,0,GE-Phrase,235,87587,88868,1281,827,0.666,454,414
88041,89282,1241,0,GE-Phase,preparation,87587,88111,524,70,0.056,454,1171
88041,89282,1241,0,GE-Phase,stroke,88111,88480,369,369,0.297,-70,802
88041,89282,1241,0,GE-Phase,retraction,88480,88868,388,388,0.313,-439,414
98750,99456,706,0,GE-Phrase,238,97522,99461,1939,706,1.0,1228,-5
98750,99456,706,0,GE-Phase,retraction,98230,99461,1231,706,1.0,520,-5
99456,99868,412,0,GE-Phrase,238,97522,99461,1939,5,0.012,1934,407
99456,99868,412,0,GE-Phrase,239,99461,102171,2710,407,0.988,-5,-2303
99456,99868,412,0,GE-Phase,retraction,98230,99461,1231,5,0.012,1226,407
99456,99868,412,0,GE-Phase,preparation,99461,100037,576,407,0.988,-5,-169
100200,101506,1306,0,GE-Phrase,239,99461,102171,2710,1306,1.0,739,-665
100200,101506,1306,0,GE-Phase,stroke,100037,101131,1094,931,0.713,163,375
100200,101506,1306,0,GE-Phase,retraction,101131,102171,1040,375,0.287,-931,-665
101506,102256,750,0,GE-Phrase,239,99461,102171,2710,665,0.887,2045,85
101506,102256,750,0,GE-Phrase,240,102171,104002,1831,85,0.113,-665,-1746
101506,102256,750,0,GE-Phase,retraction,101131,102171,1040,665,0.887,375,85
101506,102256,750,0,GE-Phase,preparation,102171,102490,319,85,0.113,-665,-234
102256,103393,1137,0,GE-Phrase,240,102171,104002,1831,1137,1.0,85,-609
102256,103393,1137,0,GE-Phase,preparation,102171,102490,319,234,0.206,85,903
102256,103393,1137,0,GE-Phase,stroke,102490,102813,323,323,0.284,-234,580
102256,103393,1137,0,GE-Phase,retraction,102813,104002,1189,580,0.51,-557,-609
103393,106072,2679,0,GE-Phrase,240,102171,104002,1831,609,0.227,1222,2070
103393,106072,2679,0,GE-Phase,retraction,102813,104002,1189,609,0.227,580,2070
112081,113696,1615,0,GE-Phrase,241,111522,113521,1999,1440,0.892,559,175
112081,113696,1615,0,GE-Phrase,242,113521,115411,1890,175,0.108,-1440,-1715
112081,113696,1615,0,GE-Phase,preparation,111522,112566,1044,485,0.3,559,1130
112081,113696,1615,0,GE-Phase,stroke,112566,113292,726,726,0.45,-485,404
112081,113696,1615,0,GE-Phase,retraction,113292,113521,229,229,0.142,-1211,175
112081,113696,1615,0,GE-Phase,preparation,113521,113978,457,175,0.108,-1440,-282
113696,114860,1164,0,GE-Phrase,242,113521,115411,1890,1164,1.0,175,-551
113696,114860,1164,0,GE-Phase,preparation,113521,113978,457,282,0.242,175,882
113696,114860,1164,0,GE-Phase,stroke,113978,114582,604,604,0.519,-282,278
113696,114860,1164,0,GE-Phase,retraction,114582,115411,829,278,0.239,-886,-551
114860,115793,933,0,GE-Phrase,242,113521,115411,1890,551,0.591,1339,382
114860,115793,933,0,GE-Phase,retraction,114582,115411,829,551,0.591,278,382
85824,88041,2217,0,GE-Phrase,233,85300,86352,1052,528,0.238,524,1689
85824,88041,2217,0,GE-Phrase,234,86352,87587,1235,1235,0.557,-528,454
85824,88041,2217,0,GE-Phrase,235,87587,88868,1281,454,0.205,-1763,-827
85824,88041,2217,0,GE-Phase,preparation,85300,85900,600,76,0.034,524,2141
85824,88041,2217,0,GE-Phase,stroke,85900,86352,452,452,0.204,-76,1689
85824,88041,2217,0,GE-Phase,preparation,86352,86779,427,427,0.193,-528,1262
85824,88041,2217,0,GE-Phase,stroke,86779,87587,808,808,0.364,-955,454
85824,88041,2217,0,GE-Phase,preparation,87587,88111,524,454,0.205,-1763,-70
88041,89282,1241,0,GE-Phrase,235,87587,88868,1281,827,0.666,454,414
88041,89282,1241,0,GE-Phase,preparation,87587,88111,524,70,0.056,454,1171
88041,89282,1241,0,GE-Phase,stroke,88111,88480,369,369,0.297,-70,802
88041,89282,1241,0,GE-Phase,retraction,88480,88868,388,388,0.313,-439,414
98750,99456,706,0,GE-Phrase,238,97522,99461,1939,706,1.0,1228,-5
98750,99456,706,0,GE-Phase,retraction,98230,99461,1231,706,1.0,520,-5
99456,99868,412,0,GE-Phrase,238,97522,99461,1939,5,0.012,1934,407
99456,99868,412,0,GE-Phrase,239,99461,102171,2710,407,0.988,-5,-2303
99456,99868,412,0,GE-Phase,retraction,98230,99461,1231,5,0.012,1226,407
99456,99868,412,0,GE-Phase,preparation,99461,100037,576,407,0.988,-5,-169
100200,101506,1306,0,GE-Phrase,239,99461,102171,2710,1306,1.0,739,-665
100200,101506,1306,0,GE-Phase,stroke,100037,101131,1094,931,0.713,163,375
100200,101506,1306,0,GE-Phase,retraction,101131,102171,1040,375,0.287,-931,-665
101506,102256,750,0,GE-Phrase,239,99461,102171,2710,665,0.887,2045,85
101506,102256,750,0,GE-Phrase,240,102171,104002,1831,85,0.113,-665,-1746
101506,102256,750,0,GE-Phase,retraction,101131,102171,1040,665,0.887,375,85
101506,102256,750,0,GE-Phase,preparation,102171,102490,319,85,0.113,-665,-234
102256,103393,1137,0,GE-Phrase,240,102171,104002,1831,1137,1.0,85,-609
102256,103393,1137,0,GE-Phase,preparation,102171,102490,319,234,0.206,85,903
102256,103393,1137,0,GE-Phase,stroke,102490,102813,323,323,0.284,-234,580
102256,103393,1137,0,GE-Phase,retraction,102813,104002,1189,580,0.51,-557,-609
103393,106072,2679,0,GE-Phrase,240,102171,104002,1831,609,0.227,1222,2070
103393,106072,2679,0,GE-Phase,retraction,102813,104002,1189,609,0.227,580,2070
112081,113696,1615,0,GE-Phrase,241,111522,113521,1999,1440,0.892,559,175
112081,113696,1615,0,GE-Phrase,242,113521,115411,1890,175,0.108,-1440,-1715
112081,113696,1615,0,GE-Phase,preparation,111522,112566,1044,485,0.3,559,1130
112081,113696,1615,0,GE-Phase,stroke,112566,113292,726,726,0.45,-485,404
112081,113696,1615,0,GE-Phase,retraction,113292,113521,229,229,0.142,-1211,175
112081,113696,1615,0,GE-Phase,preparation,113521,113978,457,175,0.108,-1440,-282
113696,114860,1164,0,GE-Phrase,242,113521,115411,1890,1164,1.0,175,-551
113696,114860,1164,0,GE-Phase,preparation,113521,113978,457,282,0.242,175,882
113696,114860,1164,0,GE-Phase,stroke,113978,114582,604,604,0.519,-282,278
113696,114860,1164,0,GE-Phase,retraction,114582,115411,829,278,0.239,-886,-551
114860,115793,933,0,GE-Phrase,242,113521,115411,1890,551,0.591,1339,382
114860,115793,933,0,GE-Phase,retraction,114582,115411,829,551,0.591,278,382
85824,88041,2217,0,GE-Phrase,233,85300,86352,1052,528,0.238,524,1689
85824,88041,2217,0,GE-Phrase,234,86352,87587,1235,1235,0.557,-528,454
85824,88041,2217,0,GE-Phrase,235,87587,88868,1281,454,0.205,-1763,-827
85824,88041,2217,0,GE-Phase,preparation,85300,85900,600,76,0.034,524,2141
85824,88041,2217,0,GE-Phase,stroke,85900,86352,452,452,0.204,-76,1689
85824,88041,2217,0,GE-Phase,preparation,86352,86779,427,427,0.193,-528,1262
85824,88041,2217,0,GE-Phase,stroke,86779,87587,808,808,0.364,-955,454
85824,88041,2217,0,GE-Phase,preparation,87587,88111,524,454,0.205,-1763,-70
88041,89282,1241,0,GE-Phrase,235,87587,88868,1281,827,0.666,454,414
88041,89282,1241,0,GE-Phase,preparation,87587,88111,524,70,0.056,454,1171
88041,89282,1241,0,GE-Phase,stroke,88111,88480,369,369,0.297,-70,802
88041,89282,1241,0,GE-Phase,retraction,88480,88868,388,388,0.313,-439,414
98750,99456,706,0,GE-Phrase,238,97522,99461,1939,706,1.0,1228,-5
98750,99456,706,0,GE-Phase,retraction,98230,99461,1231,706,1.0,520,-5
99456,99868,412,0,GE-Phrase,238,97522,99461,1939,5,0.012,1934,407
99456,99868,412,0,GE-Phrase,239,99461,102171,2710,407,0.988,-5,-2303
99456,99868,412,0,GE-Phase,retraction,98230,99461,1231,5,0.012,1226,407
99456,99868,412,0,GE-Phase,preparation,99461,100037,576,407,0.988,-5,-169
100200,101506,1306,0,GE-Phrase,239,99461,102171,2710,1306,1.0,739,-665
100200,101506,1306,0,GE-Phase,stroke,100037,101131,1094,931,0.713,163,375
100200,101506,1306,0,GE-Phase,retraction,101131,102171,1040,375,0.287,-931,-665
101506,102256,750,0,GE-Phrase,239,99461,102171,2710,665,0.887,2045,85
101506,102256,750,0,GE-Phrase,240,102171,104002,1831,85,0.113,-665,-1746
101506,102256,750,0,GE-Phase,retraction,101131,102171,1040,665,0.887,375,85
101506,102256,750,0,GE-Phase,preparation,102171,102490,319,85,0.113,-665,-234
102256,103393,1137,0,GE-Phrase,240,102171,104002,1831,1137,1.0,85,-609
102256,103393,1137,0,GE-Phase,preparation,102171,102490,319,234,0.206,85,903
102256,103393,1137,0,GE-Phase,stroke,102490,102813,323,323,0.284,-234,580
102256,103393,1137,0,GE-Phase,retraction,102813,104002,1189,580,0.51,-557,-609
103393,106072,2679,0,GE-Phrase,240,102171,104002,1831,609,0.227,1222,2070
103393,106072,2679,0,GE-Phase,retraction,102813,104002,1189,609,0.227,580,2070
112081,113696,1615,0,GE-Phrase,241,111522,113521,1999,1440,0.892,559,175
112081,113696,1615,0,GE-Phrase,242,113521,115411,1890,175,0.108,-1440,-1715
112081,113696,1615,0,GE-Phase,preparation,111522,112566,1044,485,0.3,559,1130
112081,113696,1615,0,GE-Phase,stroke,112566,113292,726,726,0.45,-485,404
112081,113696,1615,0,GE-Phase,retraction,113292,113521,229,229,0.142,-1211,175
112081,113696,1615,0,GE-Phase,preparation,113521,113978,457,175,0.108,-1440,-282
113696,114860,1164,0,GE-Phrase,242,113521,115411,1890,1164,1.0,175,-551
113696,114860,1164,0,GE-Phase,preparation,113521,113978,457,282,0.242,175,882
113696,114860,1164,0,GE-Phase,stroke,113978,114582,604,604,0.519,-282,278
113696,114860,1164,0,GE-Phase,retraction,114582,115411,829,278,0.239,-886,-551
114860,115793,933,0,GE-Phrase,242,113521,115411,1890,551,0.591,1339,382
114860,115793,933,0,GE-Phase,retraction,114582,115411,829,551,0.591,278,382
85824,88041,2217,0,GE-Phrase,233,85300,86352,1052,528,0.238,524,1689
85824,88041,2217,0,GE-Phrase,234,86352,87587,1235,1235,0.557,-528,454
85824,88041,2217,0,GE-Phrase,235,87587,88868,1281,454,0.205,-1763,-827
85824,88041,2217,0,GE-Phase,preparation,85300,85900,600,76,0.034,524,2141
85824,88041,2217,0,GE-Phase,stroke,85900,86352,452,452,0.204,-76,1689
85824,88041,2217,0,GE-Phase,preparation,86352,86779,427,427,0.193,-528,1262
85824,88041,2217,0,GE-Phase,stroke,86779,87587,808,808,0.364,-955,454
85824,88041,2217,0,GE-Phase,preparation,87587,88111,524,454,0.205,-1763,-70
88041,89282,1241,0,GE-Phrase,235,87587,88868,1281,827,0.666,454,414
88041,89282,1241,0,GE-Phase,preparation,87587,88111,524,70,0.056,454,1171
88041,89282,1241,0,GE-Phase,stroke,88111,88480,369,369,0.297,-70,802
88041,89282,1241,0,GE-Phase,retraction,88480,88868,388,388,0.313,-439,414
98750,99456,706,0,GE-Phrase,238,97522,99461,1939,706,1.0,1228,-5
98750,99456,706,0,GE-Phase,retraction,98230,99461,1231,706,1.0,520,-5
99456,99868,412,0,GE-Phrase,238,97522,99461,1939,5,0.012,1934,407
99456,99868,412,0,GE-Phrase,239,99461,102171,2710,407,0.988,-5,-2303
99456,99868,412,0,GE-Phase,retraction,98230,99461,1231,5,0.012,1226,407
99456,99868,412,0,GE-Phase,preparation,99461,100037,576,407,0.988,-5,-169
100200,101506,1306,0,GE-Phrase,239,99461,102171,2710,1306,1.0,739,-665
100200,101506,1306,0,GE-Phase,stroke,100037,101131,1094,931,0.713,163,375
100200,101506,1306,0,GE-Phase,retraction,101131,102171,1040,375,0.287,-931,-665
101506,102256,750,0,GE-Phrase,239,99461,102171,2710,665,0.887,2045,85
101506,102256,750,0,GE-Phrase,240,102171,104002,1831,85,0.113,-665,-1746
101506,102256,750,0,GE-Phase,retraction,101131,102171,1040,665,0.887,375,85
101506,102256,750,0,GE-Phase,preparation,102171,102490,319,85,0.113,-665,-234
102256,103393,1137,0,GE-Phrase,240,102171,104002,1831,1137,1.0,85,-609
102256,103393,1137,0,GE-Phase,preparation,102171,102490,319,234,0.206,85,903
102256,103393,1137,0,GE-Phase,stroke,102490,102813,323,323,0.284,-234,580
102256,103393,1137,0,GE-Phase,retraction,102813,104002,1189,580,0.51,-557,-609
103393,106072,2679,0,GE-Phrase,240,102171,104002,1831,609,0.227,1222,2070
103393,106072,2679,0,GE-Phase,retraction,102813,104002,1189,609,0.227,580,2070
112081,113696,1615,0,GE-Phrase,241,111522,113521,1999,1440,0.892,559,175
112081,113696,1615,0,GE-Phrase,242,113521,115411,1890,175,0.108,-1440,-1715
112081,113696,1615,0,GE-Phase,preparation,111522,112566,1044,485,0.3,559,1130
112081,113696,1615,0,GE-Phase,stroke,112566,113292,726,726,0.45,-485,404
112081,113696,1615,0,GE-Phase,retraction,113292,113521,229,229,0.142,-1211,175
112081,113696,1615,0,GE-Phase,preparation,113521,113978,457,175,0.108,-1440,-282
113696,114860,1164,0,GE-Phrase,242,113521,115411,1890,1164,1.0,175,-551
113696,114860,1164,0,GE-Phase,preparation,113521,113978,457,282,0.242,175,882
113696,114860,1164,0,GE-Phase,stroke,113978,114582,604,604,0.519,-282,278
113696,114860,1164,0,GE-Phase,retraction,114582,115411,829,278,0.239,-886,-551
114860,115793,933,0,GE-Phrase,242,113521,115411,1890,551,0.591,1339,382
114860,115793,933,0,GE-Phase,retraction,114582,115411,829,551,0.591,278,382
85824,88041,2217,0,GE-Phrase,233,85300,86352,1052,528,0.238,524,1689
85824,88041,2217,0,GE-Phrase,234,86352,87587,1235,1235,0.557,-528,454
85824,88041,2217,0,GE-Phrase,235,87587,88868,1281,454,0.205,-1763,-827
85824,88041,2217,0,GE-Phase,preparation,85300,85900,600,76,0.034,524,2141
85824,88041,2217,0,GE-Phase,stroke,85900,86352,452,452,0.204,-76,1689
85824,88041,2217,0,GE-Phase,preparation,86352,86779,427,427,0.193,-528,1262
85824,88041,2217,0,GE-Phase,stroke,86779,87587,808,808,0.364,-955,454
85824,88041,2217,0,GE-Phase,preparation,87587,88111,524,454,0.205,-1763,-70
88041,89282,1241,0,GE-Phrase,235,87587,88868,1281,827,0.666,454,414
88041,89282,1241,0,GE-Phase,preparation,87587,88111,524,70,0.056,454,1171
88041,89282,1241,0,GE-Phase,stroke,88111,88480,369,369,0.297,-70,802
88041,89282,1241,0,GE-Phase,retraction,88480,88868,388,388,0.313,-439,414
98750,99456,706,0,GE-Phrase,238,97522,99461,1939,706,1.0,1228,-5
98750,99456,706,0,GE-Phase,retraction,98230,99461,1231,706,1.0,520,-5
99456,99868,412,0,GE-Phrase,238,97522,99461,1939,5,0.012,1934,407
99456,99868,412,0,GE-Phrase,239,99461,102171,2710,407,0.988,-5,-2303
99456,99868,412,0,GE-Phase,retraction,98230,99461,1231,5,0.012,1226,407
99456,99868,412,0,GE-Phase,preparation,99461,100037,576,407,0.988,-5,-169
100200,101506,1306,0,GE-Phrase,239,99461,102171,2710,1306,1.0,739,-665
100200,101506,1306,0,GE-Phase,stroke,100037,101131,1094,931,0.713,163,375
100200,101506,1306,0,GE-Phase,retraction,101131,102171,1040,375,0.287,-931,-665
101506,102256,750,0,GE-Phrase,239,99461,102171,2710,665,0.887,2045,85
101506,102256,750,0,GE-Phrase,240,102171,104002,1831,85,0.113,-665,-1746
101506,102256,750,0,GE-Phase,retraction,101131,102171,1040,665,0.887,375,85
101506,102256,750,0,GE-Phase,preparation,102171,102490,319,85,0.113,-665,-234
102256,103393,1137,0,GE-Phrase,240,102171,104002,1831,1137,1.0,85,-609
102256,103393,1137,0,GE-Phase,preparation,102171,102490,319,234,0.206,85,903
102256,103393,1137,0,GE-Phase,stroke,102490,102813,323,323,0.284,-234,580
102256,103393,1137,0,GE-Phase,retraction,102813,104002,1189,580,0.51,-557,-609
103393,106072,2679,0,GE-Phrase,240,102171,104002,1831,609,0.227,1222,2070
103393,106072,2679,0,GE-Phase,retraction,102813,104002,1189,609,0.227,580,2070
112081,113696,1615,0,GE-Phrase,241,111522,113521,1999,1440,0.892,559,175
112081,113696,1615,0,GE-Phrase,242,113521,115411,1890,175,0.108,-1440,-1715
112081,113696,1615,0,GE-Phase,preparation,111522,112566,1044,485,0.3,559,1130
112081,113696,1615,0,GE-Phase,stroke,112566,113292,726,726,0.45,-485,404
112081,113696,1615,0,GE-Phase,retraction,113292,113521,229,229,0.142,-1211,175
112081,113696,1615,0,GE-Phase,preparation,113521,113978,457,175,0.108,-1440,-282
113696,114860,1164,0,GE-Phrase,242,113521,115411,1890,1164,1.0,175,-551
113696,114860,1164,0,GE-Phase,preparation,113521,113978,457,282,0.242,175,882
113696,114860,1164,0,GE-Phase,stroke,113978,114582,604,604,0.519,-282,278
113696,114860,1164,0,GE-Phase,retraction,114582,115411,829,278,0.239,-886,-551
114860,115793,933,0,GE-Phrase,242,113521,115411,1890,551,0.591,1339,382
114860,115793,933,0,GE-Phase,retraction,114582,115411,829,551,0.591,278,382
85824,88041,2217,0,GE-Phrase,233,85300,86352,1052,528,0.238,524,1689
85824,88041,2217,0,GE-Phrase,234,86352,87587,1235,1235,0.557,-528,454
85824,88041,2217,0,GE-Phrase,235,87587,88868,1281,454,0.205,-1763,-827
85824,88041,2217,0,GE-Phase,preparation,85300,85900,600,76,0.034,524,2141
85824,88041,2217,0,GE-Phase,stroke,85900,86352,452,452,0.204,-76,1689
85824,88041,2217,0,GE-Phase,preparation,86352,86779,427,427,0.193,-528,1262
85824,88041,2217,0,GE-Phase,stroke,86779,87587,808,808,0.364,-955,454
85824,88041,2217,0,GE-Phase,preparation,87587,88111,524,454,0.205,-1763,-70
88041,89282,1241,0,GE-Phrase,235,87587,88868,1281,827,0.666,454,414
88041,89282,1241,0,GE-Phase,preparation,87587,88111,524,70,0.056,454,1171
88041,89282,1241,0,GE-Phase,stroke,88111,88480,369,369,0.297,-70,802
88041,89282,1241,0,GE-Phase,retraction,88480,88868,388,388,0.313,-439,414
98750,99456,706,0,GE-Phrase,238,97522,99461,1939,706,1.0,1228,-5
98750,99456,706,0,GE-Phase,retraction,98230,99461,1231,706,1.0,520,-5
99456,99868,412,0,GE-Phrase,238,97522,99461,1939,5,0.012,1934,407
99456,99868,412,0,GE-Phrase,239,99461,102171,2710,407,0.988,-5,-2303
99456,99868,412,0,GE-Phase,retraction,98230,99461,1231,5,0.012,1226,407
99456,99868,412,0,GE-Phase,preparation,99461,100037,576,407,0.988,-5,-169
100200,101506,1306,0,GE-Phrase,239,99461,102171,2710,1306,1.0,739,-665
100200,101506,1306,0,GE-Phase,stroke,100037,101131,1094,931,0.713,163,375
100200,101506,1306,0,GE-Phase,retraction,101131,102171,1040,375,0.287,-931,-665
101506,102256,750,0,GE-Phrase,239,99461,102171,2710,665,0.887,2045,85
101506,102256,750,0,GE-Phrase,240,102171,104002,1831,85,0.113,-665,-1746
101506,102256,750,0,GE-Phase,retraction,101131,102171,1040,665,0.887,375,85
101506,102256,750,0,GE-Phase,preparation,102171,102490,319,85,0.113,-665,-234
102256,103393,1137,0,GE-Phrase,240,102171,104002,1831,1137,1.0,85,-609
102256,103393,1137,0,GE-Phase,preparation,102171,102490,319,234,0.206,85,903
102256,103393,1137,0,GE-Phase,stroke,102490,102813,323,323,0.284,-234,580
102256,103393,1137,0,GE-Phase,retraction,102813,104002,1189,580,0.51,-557,-609
103393,106072,2679,0,GE-Phrase,240,102171,104002,1831,609,0.227,1222,2070
103393,106072,2679,0,GE-Phase,retraction,102813,104002,1189,609,0.227,580,2070
112081,113696,1615,0,GE-Phrase,241,111522,113521,1999,1440,0.892,559,175
112081,113696,1615,0,GE-Phrase,242,113521,115411,1890,175,0.108,-1440,-1715
112081,113696,1615,0,GE-Phase,preparation,111522,112566,1044,485,0.3,559,1130
112081,113696,1615,0,GE-Phase,stroke,112566,113292,726,726,0.45,-485,404
112081,113696,1615,0,GE-Phase,retraction,113292,113521,229,229,0.142,-1211,175
112081,113696,1615,0,GE-Phase,preparation,113521,113978,457,175,0.108,-1440,-282
113696,114860,1164,0,GE-Phrase,242,113521,115411,1890,1164,1.0,175,-551
113696,114860,1164,0,GE-Phase,preparation,113521,113978,457,282,0.242,175,882
113696,114860,1164,0,GE-Phase,stroke,113978,114582,604,604,0.519,-282,278
113696,114860,1164,0,GE-Phase,retraction,114582,115411,829,278,0.239,-886,-551
114860,115793,933,0,GE-Phrase,242,113521,115411,1890,551,0.591,1339,382
114860,115793,933,0,GE-Phase,retraction,114582,115411,829,551,0.591,278,382
85824,88041,2217,0,GE-Phrase,233,85300,86352,1052,528,0.238,524,1689
85824,88041,2217,0,GE-Phrase,234,86352,87587,1235,1235,0.557,-528,454
85824,88041,2217,0,GE-Phrase,235,87587,88868,1281,454,0.205,-1763,-827
85824,88041,2217,0,GE-Phase,preparation,85300,85900,600,76,0.034,524,2141
85824,88041,2217,0,GE-Phase,stroke,85900,86352,452,452,0.204,-76,1689
85824,88041,2217,0,GE-Phase,preparation,86352,86779,427,427,0.193,-528,1262
85824,88041,2217,0,GE-Phase,stroke,86779,87587,808,808,0.364,-955,454
85824,88041,2217,0,GE-Phase,preparation,87587,88111,524,454,0.205,-1763,-70
88041,89282,1241,0,GE-Phrase,235,87587,88868,1281,827,0.666,454,414
88041,89282,1241,0,GE-Phase,preparation,87587,88111,524,70,0.056,454,1171
88041,89282,1241,0,GE-Phase,stroke,88111,88480,369,369,0.297,-70,802
88041,89282,1241,0,GE-Phase,retraction,88480,88868,388,388,0.313,-439,414
98750,99456,706,0,GE-Phrase,238,97522,99461,1939,706,1.0,1228,-5
98750,99456,706,0,GE-Phase,retraction,98230,99461,1231,706,1.0,520,-5
99456,99868,412,0,GE-Phrase,238,97522,99461,1939,5,0.012,1934,407
99456,99868,412,0,GE-Phrase,239,99461,102171,2710,407,0.988,-5,-2303
99456,99868,412,0,GE-Phase,retraction,98230,99461,1231,5,0.012,1226,407
99456,99868,412,0,GE-Phase,preparation,99461,100037,576,407,0.988,-5,-169
100200,101506,1306,0,GE-Phrase,239,99461,102171,2710,1306,1.0,739,-665
100200,101506,1306,0,GE-Phase,stroke,100037,101131,1094,931,0.713,163,375
100200,101506,1306,0,GE-Phase,retraction,101131,102171,1040,375,0.287,-931,-665
101506,102256,750,0,GE-Phrase,239,99461,102171,2710,665,0.887,2045,85
101506,102256,750,0,GE-Phrase,240,102171,104002,1831,85,0.113,-665,-1746
101506,102256,750,0,GE-Phase,retraction,101131,102171,1040,665,0.887,375,85
101506,102256,750,0,GE-Phase,preparation,102171,102490,319,85,0.113,-665,-234
102256,103393,1137,0,GE-Phrase,240,102171,104002,1831,1137,1.0,85,-609
102256,103393,1137,0,GE-Phase,preparation,102171,102490,319,234,0.206,85,903
102256,103393,1137,0,GE-Phase,stroke,102490,102813,323,323,0.284,-234,580
102256,103393,1137,0,GE-Phase,retraction,102813,104002,1189,580,0.51,-557,-609
103393,106072,2679,0,GE-Phrase,240,102171,104002,1831,609,0.227,1222,2070
103393,106072,2679,0,GE-Phase,retraction,102813,104002,1189,609,0.227,580,2070
112081,113696,1615,0,GE-Phrase,241,111522,113521,1999,1440,0.892,559,175
112081,113696,1615,0,GE-Phrase,242,113521,115411,1890,175,0.108,-1440,-1715
112081,113696,1615,0,GE-Phase,preparation,111522,112566,1044,485,0.3,559,1130
112081,113696,1615,0,GE-Phase,stroke,112566,113292,726,726,0.45,-485,404
112081,113696,1615,0,GE-Phase,retraction,113292,113521,229,229,0.142,-1211,175
112081,113696,1615,0,GE-Phase,preparation,113521,113978,457,175,0.108,-1440,-282
113696,114860,1164,0,GE-Phrase,242,113521,115411,1890,1164,1.0,175,-551
113696,114860,1164,0,GE-Phase,preparation,113521,113978,457,282,0.242,175,882
113696,114860,1164,0,GE-Phase,stroke,113978,114582,604,604,0.519,-282,278
113696,114860,1164,0,GE-Phase,retraction,114582,115411,829,278,0.239,-886,-551
114860,115793,933,0,GE-Phrase,242,113521,115411,1890,551,0.591,1339,382
114860,115793,933,0,GE-Phase,retraction,114582,115411,829,551,0.591,278,382
85824,88041,2217,0,GE-Phrase,233,85300,86352,1052,528,0.238,524,1689
85824,88041,2217,0,GE-Phrase,234,86352,87587,1235,1235,0.557,-528,454
85824,88041,2217,0,GE-Phrase,235,87587,88868,1281,454,0.205,-1763,-827
85824,88041,2217,0,GE-Phase,preparation,85300,85900,600,76,0.034,524,2141
85824,88041,2217,0,GE-Phase,stroke,85900,86352,452,452,0.204,-76,1689
85824,88041,2217,0,GE-Phase,preparation,86352,86779,427,427,0.193,-528,1262
85824,88041,2217,0,GE-Phase,stroke,86779,87587,808,808,0.364,-955,454
85824,88041,2217,0,GE-Phase,preparation,87587,88111,524,454,0.205,-1763,-70
88041,89282,1241,0,GE-Phrase,235,87587,88868,1281,827,0.666,454,414
88041,89282,1241,0,GE-Phase,preparation,87587,88111,524,70,0.056,454,1171
88041,89282,1241,0,GE-Phase,stroke,88111,88480,369,369,0.297,-70,802
88041,89282,1241,0,GE-Phase,retraction,88480,88868,388,388,0.313,-439,414
98750,99456,706,0,GE-Phrase,238,97522,99461,1939,706,1.0,1228,-5
98750,99456,706,0,GE-Phase,retraction,98230,99461,1231,706,1.0,520,-5
99456,99868,412,0,GE-Phrase,238,97522,99461,1939,5,0.012,1934,407
99456,99868,412,0,GE-Phrase,239,99461,102171,2710,407,0.988,-5,-2303
99456,99868,412,0,GE-Phase,retraction,98230,99461,1231,5,0.012,1226,407
99456,99868,412,0,GE-Phase,preparation,99461,100037,576,407,0.988,-5,-169
100200,101506,1306,0,GE-Phrase,239,99461,102171,2710,1306,1.0,739,-665
100200,101506,1306,0,GE-Phase,stroke,100037,101131,1094,931,0.713,163,375
100200,101506,1306,0,GE-Phase,retraction,101131,102171,1040,375,0.287,-931,-665
101506,102256,750,0,GE-Phrase,239,99461,102171,2710,665,0.887,2045,85
101506,102256,750,0,GE-Phrase,240,102171,104002,1831,85,0.113,-665,-1746
101506,102256,750,0,GE-Phase,retraction,101131,102171,1040,665,0.887,375,85
101506,102256,750,0,GE-Phase,preparation,102171,102490,319,85,0.113,-665,-234
102256,103393,1137,0,GE-Phrase,240,102171,104002,1831,1137,1.0,85,-609
102256,103393,1137,0,GE-Phase,preparation,102171,102490,319,234,0.206,85,903
102256,103393,1137,0,GE-Phase,stroke,102490,102813,323,323,0.284,-234,580
102256,103393,1137,0,GE-Phase,retraction,102813,104002,1189,580,0.51,-557,-609
103393,106072,2679,0,GE-Phrase,240,102171,104002,1831,609,0.227,1222,2070
103393,106072,2679,0,GE-Phase,retraction,102813,104002,1189,609,0.227,580,2070
112081,113696,1615,0,GE-Phrase,241,111522,113521,1999,1440,0.892,559,175
112081,113696,1615,0,GE-Phrase,242,113521,115411,1890,175,0.108,-1440,-1715
112081,113696,1615,0,GE-Phase,preparation,111522,112566,1044,485,0.3,559,1130
112081,113696,1615,0,GE-Phase,stroke,112566,113292,726,726,0.45,-485,404
112081,113696,1615,0,GE-Phase,retraction,113292,113521,229,229,0.142,-1211,175
112081,113696,1615,0,GE-Phase,preparation,113521,113978,457,175,0.108,-1440,-282
113696,114860,1164,0,GE-Phrase,242,113521,115411,1890,1164,1.0,175,-551
113696,114860,1164,0,GE-Phase,preparation,113521,113978,457,282,0.242,175,882
113696,114860,1164,0,GE-Phase,stroke,113978,114582,604,604,0.519,-282,278
113696,114860,1164,0,GE-Phase,retraction,114582,115411,829,278,0.239,-886,-551
114860,115793,933,0,GE-Phrase,242,113521,115411,1890,551,0.591,1339,382
114860,115793,933,0,GE-Phase,retraction,114582,115411,829,551,0.591,278,382
85824,88041,2217,0,GE-Phrase,233,85300,86352,1052,528,0.238,524,1689
85824,88041,2217,0,GE-Phrase,234,86352,87587,1235,1235,0.557,-528,454
85824,88041,2217,0,GE-Phrase,235,87587,88868,1281,454,0.205,-1763,-827
85824,88041,2217,0,GE-Phase,preparation,85300,85900,600,76,0.034,524,2141
85824,88041,2217,0,GE-Phase,stroke,85900,86352,452,452,0.204,-76,1689
85824,88041,2217,0,GE-Phase,preparation,86352,86779,427,427,0.193,-528,1262
85824,88041,2217,0,GE-Phase,stroke,86779,87587,808,808,0.364,-955,454
85824,88041,2217,0,GE-Phase,preparation,87587,88111,524,454,0.205,-1763,-70
88041,89282,1241,0,GE-Phrase,235,87587,88868,1281,827,0.666,454,414
88041,89282,1241,0,GE-Phase,preparation,87587,88111,524,70,0.056,454,1171
88041,89282,1241,0,GE-Phase,stroke,88111,88480,369,369,0.297,-70,802
88041,89282,1241,0,GE-Phase,retraction,88480,88868,388,388,0.313,-439,414
98750,99456,706,0,GE-Phrase,238,97522,99461,1939,706,1.0,1228,-5
98750,99456,706,0,GE-Phase,retraction,98230,99461,1231,706,1.0,520,-5
99456,99868,412,0,GE-Phrase,238,97522,99461,1939,5,0.012,1934,407
99456,99868,412,0,GE-Phrase,239,99461,102171,2710,407,0.988,-5,-2303
99456,99868,412,0,GE-Phase,retraction,98230,99461,1231,5,0.012,1226,407
99456,99868,412,0,GE-Phase,preparation,99461,100037,576,407,0.988,-5,-169
100200,101506,1306,0,GE-Phrase,239,99461,102171,2710,1306,1.0,739,-665
100200,101506,1306,0,GE-Phase,stroke,100037,101131,1094,931,0.713,163,375
100200,101506,1306,0,GE-Phase,retraction,101131,102171,1040,375,0.287,-931,-665
101506,102256,750,0,GE-Phrase,239,99461,102171,2710,665,0.887,2045,85
101506,102256,750,0,GE-Phrase,240,102171,104002,1831,85,0.113,-665,-1746
101506,102256,750,0,GE-Phase,retraction,101131,102171,1040,665,0.887,375,85
101506,102256,750,0,GE-Phase,preparation,102171,102490,319,85,0.113,-665,-234
102256,103393,1137,0,GE-Phrase,240,102171,104002,1831,1137,1.0,85,-609
102256,103393,1137,0,GE-Phase,preparation,102171,102490,319,234,0.206,85,903
102256,103393,1137,0,GE-Phase,stroke,102490,102813,323,323,0.284,-234,580
102256,103393,1137,0,GE-Phase,retraction,102813,104002,1189,580,0.51,-557,-609
103393,106072,2679,0,GE-Phrase,240,102171,104002,1831,609,0.227,1222,2070
103393,106072,2679,0,GE-Phase,retraction,102813,104002,1189,609,0.227,580,2070
112081,113696,1615,0,GE-Phrase,241,111522,113521,1999,1440,0.892,559,175
112081,113696,1615,0,GE-Phrase,242,113521,115411,1890,175,0.108,-1440,-1715
112081,113696,1615,0,GE-Phase,preparation,111522,112566,1044,485,0.3,559,1130
112081,113696,1615,0,GE-Phase,stroke,112566,113292,726,726,0.45,-485,404
112081,113696,1615,0,GE-Phase,retraction,113292,113521,229,229,0.142,-1211,175
112081,113696,1615,0,GE-Phase,preparation,113521,113978,457,175,0.108,-1440,-282
113696,114860,1164,0,GE-Phrase,242,113521,115411,1890,1164,1.0,175,-551
113696,114860,1164,0,GE-Phase,preparation,113521,113978,457,282,0.242,175,882
113696,114860,1164,0,GE-Phase,stroke,113978,114582,604,604,0.519,-282,278
113696,114860,1164,0,GE-Phase,retraction,114582,115411,829,278,0.239,-886,-551
114860,115793,933,0,GE-Phrase,242,113521,115411,1890,551,0.591,1339,382
114860,115793,933,0,GE-Phase,retraction,114582,115411,829,551,0.591,278,382
85824,88041,2217,0,GE-Phrase,233,85300,86352,1052,528,0.238,524,1689
85824,88041,2217,0,GE-Phrase,234,86352,87587,1235,1235,0.557,-528,454
85824,88041,2217,0,GE-Phrase,235,87587,88868,1281,454,0.205,-1763,-827
85824,88041,2217,0,GE-Phase,preparation,85300,85900,600,76,0.034,524,2141
85824,88041,2217,0,GE-Phase,stroke,85900,86352,452,452,0.204,-76,1689
85824,88041,2217,0,GE-Phase,preparation,86352,86779,427,427,0.193,-528,1262
85824,88041,2217,0,GE-Phase,stroke,86779,87587,808,808,0.364,-955,454
85824,88041,2217,0,GE-Phase,preparation,87587,88111,524,454,0.205,-1763,-70
88041,89282,1241,0,GE-Phrase,235,87587,88868,1281,827,0.666,454,414
88041,89282,1241,0,GE-Phase,preparation,87587,88111,524,70,0.056,454,1171
88041,89282,1241,0,GE-Phase,stroke,88111,88480,369,369,0.297,-70,802
88041,89282,1241,0,GE-Phase,retraction,88480,88868,388,388,0.313,-439,414
98750,99456,706,0,GE-Phrase,238,97522,99461,1939,706,1.0,1228,-5
98750,99456,706,0,GE-Phase,retraction,98230,99461,1231,706,1.0,520,-5
99456,99868,412,0,GE-Phrase,238,97522,99461,1939,5,0.012,1934,407
99456,99868,412,0,GE-Phrase,239,99461,102171,2710,407,0.988,-5,-2303
99456,99868,412,0,GE-Phase,retraction,98230,99461,1231,5,0.012,1226,407
99456,99868,412,0,GE-Phase,preparation,99461,100037,576,407,0.988,-5,-169
100200,101506,1306,0,GE-Phrase,239,99461,102171,2710,1306,1.0,739,-665
100200,101506,1306,0,GE-Phase,stroke,100037,101131,1094,931,0.713,163,375
100200,101506,1306,0,GE-Phase,retraction,101131,102171,1040,375,0.287,-931,-665
101506,102256,750,0,GE-Phrase,239,99461,102171,2710,665,0.887,2045,85
101506,102256,750,0,GE-Phrase,240,102171,104002,1831,85,0.113,-665,-1746
101506,102256,750,0,GE-Phase,retraction,101131,102171,1040,665,0.887,375,85
101506,102256,750,0,GE-Phase,preparation,102171,102490,319,85,0.113,-665,-234
102256,103393,1137,0,GE-Phrase,240,102171,104002,1831,1137,1.0,85,-609
102256,103393,1137,0,GE-Phase,preparation,102171,102490,319,234,0.206,85,903
102256,103393,1137,0,GE-Phase,stroke,102490,102813,323,323,0.284,-234,580
102256,103393,1137,0,GE-Phase,retraction,102813,104002,1189,580,0.51,-557,-609
103393,106072,2679,0,GE-Phrase,240,102171,104002,1831,609,0.227,1222,2070
103393,106072,2679,0,GE-Phase,retraction,102813,104002,1189,609,0.227,580,2070
112081,113696,1615,0,GE-Phrase,241,111522,113521,1999,1440,0.892,559,175
112081,113696,1615,0,GE-Phrase,242,113521,115411,1890,175,0.108,-1440,-1715
112081,113696,1615,0,GE-Phase,preparation,111522,112566,1044,485,0.3,559,1130
112081,113696,1615,0,GE-Phase,stroke,112566,113292,726,726,0.45,-485,404
112081,113696,1615,0,GE-Phase,retraction,113292,113521,229,229,0.142,-1211,175
112081,113696,1615,0,GE-Phase,preparation,113521,113978,457,175,0.108,-1440,-282
113696,114860,1164,0,GE-Phrase,242,113521,115411,1890,1164,1.0,175,-551
113696,114860,1164,0,GE-Phase,preparation,113521,113978,457,282,0.242,175,882
113696,114860,1164,0,GE-Phase,stroke,113978,114582,604,604,0.519,-282,278
113696,114860,1164,0,GE-Phase,retraction,114582,115411,829,278,0.239,-886,-551
114860,115793,933,0,GE-Phrase,242,113521,115411,1890,551,0.591,1339,382
114860,115793,933,0,GE-Phase,retraction,114582,115411,829,551,0.591,278,382
85824,88041,2217,0,GE-Phrase,233,85300,86352,1052,528,0.238,524,1689
85824,88041,2217,0,GE-Phrase,234,86352,87587,1235,1235,0.557,-528,454
85824,88041,2217,0,GE-Phrase,235,87587,88868,1281,454,0.205,-1763,-827
85824,88041,2217,0,GE-Phase,preparation,85300,85900,600,76,0.034,524,2141
85824,88041,2217,0,GE-Phase,stroke,85900,86352,452,452,0.204,-76,1689
85824,88041,2217,0,GE-Phase,preparation,86352,86779,427,427,0.193,-528,1262
85824,88041,2217,0,GE-Phase,stroke,86779,87587,808,808,0.364,-955,454
85824,88041,2217,0,GE-Phase,preparation,87587,88111,524,454,0.205,-1763,-70
88041,89282,1241,0,GE-Phrase,235,87587,88868,1281,827,0.666,454,414
88041,89282,1241,0,GE-Phase,preparation,87587,88111,524,70,0.056,454,1171
88041,89282,1241,0,GE-Phase,stroke,88111,88480,369,369,0.297,-70,802
88041,89282,1241,0,GE-Phase,retraction,88480,88868,388,388,0.313,-439,414
98750,99456,706,0,GE-Phrase,238,97522,99461,1939,706,1.0,1228,-5
98750,99456,706,0,GE-Phase,retraction,98230,99461,1231,706,1.0,520,-5
99456,99868,412,0,GE-Phrase,238,97522,99461,1939,5,0.012,1934,407
99456,99868,412,0,GE-Phrase,239,99461,102171,2710,407,0.988,-5,-2303
99456,99868,412,0,GE-Phase,retraction,98230,99461,1231,5,0.012,1226,407
99456,99868,412,0,GE-Phase,preparation,99461,100037,576,407,0.988,-5,-169
100200,101506,1306,0,GE-Phrase,239,99461,102171,2710,1306,1.0,739,-665
100200,101506,1306,0,GE-Phase,stroke,100037,101131,1094,931,0.713,163,375
100200,101506,1306,0,GE-Phase,retraction,101131,102171,1040,375,0.287,-931,-665
101506,102256,750,0,GE-Phrase,239,99461,102171,2710,665,0.887,2045,85
101506,102256,750,0,GE-Phrase,240,102171,104002,1831,85,0.113,-665,-1746
101506,102256,750,0,GE-Phase,retraction,101131,102171,1040,665,0.887,375,85
101506,102256,750,0,GE-Phase,preparation,102171,102490,319,85,0.113,-665,-234
102256,103393,1137,0,GE-Phrase,240,102171,104002,1831,1137,1.0,85,-609
102256,103393,1137,0,GE-Phase,preparation,102171,102490,319,234,0.206,85,903
102256,103393,1137,0,GE-Phase,stroke,102490,102813,323,323,0.284,-234,580
102256,103393,1137,0,GE-Phase,retraction,102813,104002,1189,580,0.51,-557,-609
103393,106072,2679,0,GE-Phrase,240,102171,104002,1831,609,0.227,1222,2070
103393,106072,2679,0,GE-Phase,retraction,102813,104002,1189,609,0.227,580,2070
112081,113696,1615,0,GE-Phrase,241,111522,113521,1999,1440,0.892,559,175
112081,113696,1615,0,GE-Phrase,242,113521,115411,1890,175,0.108,-1440,-1715
112081,113696,1615,0,GE-Phase,preparation,111522,112566,1044,485,0.3,559,1130
112081,113696,1615,0,GE-Phase,stroke,112566,113292,726,726,0.45,-485,404
112081,113696,1615,0,GE-Phase,retraction,113292,113521,229,229,0.142,-1211,175
112081,113696,1615,0,GE-Phase,preparation,113521,113978,457,175,0.108,-1440,-282
113696,114860,1164,0,GE-Phrase,242,113521,115411,1890,1164,1.0,175,-551
113696,114860,1164,0,GE-Phase,preparation,113521,113978,457,282,0.242,175,882
113696,114860,1164,0,GE-Phase,stroke,113978,114582,604,604,0.519,-282,278
113696,114860,1164,0,GE-Phase,retraction,114582,115411,829,278,0.239,-886,-551
114860,115793,933,0,GE-Phrase,242,113521,115411,1890,551,0.591,1339,382
114860,115793,933,0,GE-Phase,retraction,114582,115411,829,551,0.591,278,382
85824,88041,2217,0,GE-Phrase,233,85300,86352,1052,528,0.238,524,1689
85824,88041,2217,0,GE-Phrase,234,86352,87587,1235,1235,0.557,-528,454
85824,88041,2217,0,GE-Phrase,235,87587,88868,1281,454,0.205,-1763,-827
85824,88041,2217,0,GE-Phase,preparation,85300,85900,600,76,0.034,524,2141
85824,88041,2217,0,GE-Phase,stroke,85900,86352,452,452,0.204,-76,1689
85824,88041,2217,0,GE-Phase,preparation,86352,86779,427,427,0.193,-528,1262
85824,88041,2217,0,GE-Phase,stroke,86779,87587,808,808,0.364,-955,454
85824,88041,2217,0,GE-Phase,preparation,87587,88111,524,454,0.205,-1763,-70
88041,89282,1241,0,GE-Phrase,235,87587,88868,1281,827,0.666,454,414
88041,89282,1241,0,GE-Phase,preparation,87587,88111,524,70,0.056,454,1171
88041,89282,1241,0,GE-Phase,stroke,88111,88480,369,369,0.297,-70,802
88041,89282,1241,0,GE-Phase,retraction,88480,88868,388,388,0.313,-439,414
98750,99456,706,0,GE-Phrase,238,97522,99461,1939,706,1.0,1228,-5
98750,99456,706,0,GE-Phase,retraction,98230,99461,1231,706,1.0,520,-5
99456,99868,412,0,GE-Phrase,238,97522,99461,1939,5,0.012,1934,407
99456,99868,412,0,GE-Phrase,239,99461,102171,2710,407,0.988,-5,-2303
99456,99868,412,0,GE-Phase,retraction,98230,99461,1231,5,0.012,1226,407
99456,99868,412,0,GE-Phase,preparation,99461,100037,576,407,0.988,-5,-169
100200,101506,1306,0,GE-Phrase,239,99461,102171,2710,1306,1.0,739,-665
100200,101506,1306,0,GE-Phase,stroke,100037,101131,1094,931,0.713,163,375
100200,101506,1306,0,GE-Phase,retraction,101131,102171,1040,375,0.287,-931,-665
101506,102256,750,0,GE-Phrase,239,99461,102171,2710,665,0.887,2045,85
101506,102256,750,0,GE-Phrase,240,102171,104002,1831,85,0.113,-665,-1746
101506,102256,750,0,GE-Phase,retraction,101131,102171,1040,665,0.887,375,85
101506,102256,750,0,GE-Phase,preparation,102171,102490,319,85,0.113,-665,-234
102256,103393,1137,0,GE-Phrase,240,102171,104002,1831,1137,1.0,85,-609
102256,103393,1137,0,GE-Phase,preparation,102171,102490,319,234,0.206,85,903
102256,103393,1137,0,GE-Phase,stroke,102490,102813,323,323,0.284,-234,580
102256,103393,1137,0,GE-Phase,retraction,102813,104002,1189,580,0.51,-557,-609
103393,106072,2679,0,GE-Phrase,240,102171,104002,1831,609,0.227,1222,2070
103393,106072,2679,0,GE-Phase,retraction,102813,104002,1189,609,0.227,580,2070
112081,113696,1615,0,GE-Phrase,241,111522,113521,1999,1440,0.892,559,175
112081,113696,1615,0,GE-Phrase,242,113521,115411,1890,175,0.108,-1440,-1715
112081,113696,1615,0,GE-Phase,preparation,111522,112566,1044,485,0.3,559,1130
112081,113696,1615,0,GE-Phase,stroke,112566,113292,726,726,0.45,-485,404
112081,113696,1615,0,GE-Phase,retraction,113292,113521,229,229,0.142,-1211,175
112081,113696,1615,0,GE-Phase,preparation,113521,113978,457,175,0.108,-1440,-282
113696,114860,1164,0,GE-Phrase,242,113521,115411,1890,1164,1.0,175,-551
113696,114860,1164,0,GE-Phase,preparation,113521,113978,457,282,0.242,175,882
113696,114860,1164,0,GE-Phase,stroke,113978,114582,604,604,0.519,-282,278
113696,114860,1164,0,GE-Phase,retraction,114582,115411,829,278,0.239,-886,-551
114860,115793,933,0,GE-Phrase,242,113521,115411,1890,551,0.591,1339,382
114860,115793,933,0,GE-Phase,retraction,114582,115411,829,551,0.591,278,382
85824,88041,2217,0,GE-Phrase,233,85300,86352,1052,528,0.238,524,1689
85824,88041,2217,0,GE-Phrase,234,86352,87587,1235,1235,0.557,-528,454
85824,88041,2217,0,GE-Phrase,235,87587,88868,1281,454,0.205,-1763,-827
85824,88041,2217,0,GE-Phase,preparation,85300,85900,600,76,0.034,524,2141
85824,88041,2217,0,GE-Phase,stroke,85900,86352,452,452,0.204,-76,1689
85824,88041,2217,0,GE-Phase,preparation,86352,86779,427,427,0.193,-528,1262
85824,88041,2217,0,GE-Phase,stroke,86779,87587,808,808,0.364,-955,454
85824,88041,2217,0,GE-Phase,preparation,87587,88111,524,454,0.205,-1763,-70
88041,89282,1241,0,GE-Phrase,235,87587,88868,1281,827,0.666,454,414
88041,89282,1241,0,GE-Phase,preparation,87587,88111,524,70,0.056,454,1171
88041,89282,1241,0,GE-Phase,stroke,88111,88480,369,369,0.297,-70,802
88041,89282,1241,0,GE-Phase,retraction,88480,88868,388,388,0.313,-439,414
98750,99456,706,0,GE-Phrase,238,97522,99461,1939,706,1.0,1228,-5
98750,99456,706,0,GE-Phase,retraction,98230,99461,1231,706,1.0,520,-5
99456,99868,412,0,GE-Phrase,238,97522,99461,1939,5,0.012,1934,407
99456,99868,412,0,GE-Phrase,239,99461,102171,2710,407,0.988,-5,-2303
99456,99868,412,0,GE-Phase,retraction,98230,99461,1231,5,0.012,1226,407
99456,99868,412,0,GE-Phase,preparation,99461,100037,576,407,0.988,-5,-169
100200,101506,1306,0,GE-Phrase,239,99461,102171,2710,1306,1.0,739,-665
100200,101506,1306,0,GE-Phase,stroke,100037,101131,1094,931,0.713,163,375
100200,101506,1306,0,GE-Phase,retraction,101131,102171,1040,375,0.287,-931,-665
101506,102256,750,0,GE-Phrase,239,99461,102171,2710,665,0.887,2045,85
101506,102256,750,0,GE-Phrase,240,102171,104002,1831,85,0.113,-665,-1746
101506,102256,750,0,GE-Phase,retraction,101131,102171,1040,665,0.887,375,85
101506,102256,750,0,GE-Phase,preparation,102171,102490,319,85,0.113,-665,-234
102256,103393,1137,0,GE-Phrase,240,102171,104002,1831,1137,1.0,85,-609
102256,103393,1137,0,GE-Phase,preparation,102171,102490,319,234,0.206,85,903
102256,103393,1137,0,GE-Phase,stroke,102490,102813,323,323,0.284,-234,580
102256,103393,1137,0,GE-Phase,retraction,102813,104002,1189,580,0.51,-557,-609
103393,106072,2679,0,GE-Phrase,240,102171,104002,1831,609,0.227,1222,2070
103393,106072,2679,0,GE-Phase,retraction,102813,104002,1189,609,0.227,580,2070
112081,113696,1615,0,GE-Phrase,241,111522,113521,1999,1440,0.892,559,175
112081,113696,1615,0,GE-Phrase,242,113521,115411,1890,175,0.108,-1440,-1715
112081,113696,1615,0,GE-Phase,preparation,111522,112566,1044,485,0.3,559,1130
112081,113696,1615,0,GE-Phase,stroke,112566,113292,726,726,0.45,-485,404
112081,113696,1615,0,GE-Phase,retraction,113292,113521,229,229,0.142,-1211,175
112081,113696,1615,0,GE-Phase,preparation,113521,113978,457,175,0.108,-1440,-282
113696,114860,1164,0,GE-Phrase,242,113521,115411,1890,1164,1.0,175,-551
113696,114860,1164,0,GE-Phase,preparation,113521,113978,457,282,0.242,175,882
113696,114860,1164,0,GE-Phase,stroke,113978,114582,604,604,0.519,-282,278
113696,114860,1164,0,GE-Phase,retraction,114582,115411,829,278,0.239,-886,-551
114860,115793,933,0,GE-Phrase,242,113521,115411,1890,551,0.591,1339,382
114860,115793,933,0,GE-Phase,retraction,114582,115411,829,551,0.591,278,382
85824,88041,2217,0,GE-Phrase,233,85300,86352,1052,528,0.238,524,1689
85824,88041,2217,0,GE-Phrase,234,86352,87587,1235,1235,0.557,-528,454
85824,88041,2217,0,GE-Phrase,235,87587,88868,1281,454,0.205,-1763,-827
85824,88041,2217,0,GE-Phase,preparation,85300,85900,600,76,0.034,524,2141
85824,88041,2217,0,GE-Phase,stroke,85900,86352,452,452,0.204,-76,1689
85824,88041,2217,0,GE-Phase,preparation,86352,86779,427,427,0.193,-528,1262
85824,88041,2217,0,GE-Phase,stroke,86779,87587,808,808,0.364,-955,454
85824,88041,2217,0,GE-Phase,preparation,87587,88111,524,454,0.205,-1763,-70
88041,89282,1241,0,GE-Phrase,235,87587,88868,1281,827,0.666,454,414
88041,89282,1241,0,GE-Phase,preparation,87587,88111,524,70,0.056,454,1171
88041,89282,1241,0,GE-Phase,stroke,88111,88480,369,369,0.297,-70,802
88041,89282,1241,0,GE-Phase,retraction,88480,88868,388,388,0.313,-439,414
98750,99456,706,0,GE-Phrase,238,97522,99461,1939,706,1.0,1228,-5
98750,99456,706,0,GE-Phase,retraction,98230,99461,1231,706,1.0,520,-5
99456,99868,412,0,GE-Phrase,238,97522,99461,1939,5,0.012,1934,407
99456,99868,412,0,GE-Phrase,239,99461,102171,2710,407,0.988,-5,-2303
99456,99868,412,0,GE-Phase,retraction,98230,99461,1231,5,0.012,1226,407
99456,99868,412,0,GE-Phase,preparation,99461,100037,576,407,0.988,-5,-169
100200,101506,1306,0,GE-Phrase,239,99461,102171,2710,1306,1.0,739,-665
100200,101506,1306,0,GE-Phase,stroke,100037,101131,1094,931,0.713,163,375
100200,101506,1306,0,GE-Phase,retraction,101131,102171,1040,375,0.287,-931,-665
101506,102256,750,0,GE-Phrase,239,99461,102171,2710,665,0.887,2045,85
101506,102256,750,0,GE-Phrase,240,102171,104002,1831,85,0.113,-665,-1746
101506,102256,750,0,GE-Phase,retraction,101131,102171,1040,665,0.887,375,85
101506,102256,750,0,GE-Phase,preparation,102171,102490,319,85,0.113,-665,-234
102256,103393,1137,0,GE-Phrase,240,102171,104002,1831,1137,1.0,85,-609
102256,103393,1137,0,GE-Phase,preparation,102171,102490,319,234,0.206,85,903
102256,103393,1137,0,GE-Phase,stroke,102490,102813,323,323,0.284,-234,580
102256,103393,1137,0,GE-Phase,retraction,102813,104002,1189,580,0.51,-557,-609
103393,106072,2679,0,GE-Phrase,240,102171,104002,1831,609,0.227,1222,2070
103393,106072,2679,0,GE-Phase,retraction,102813,104002,1189,609,0.227,580,2070
112081,113696,1615,0,GE-Phrase,241,111522,113521,1999,1440,0.892,559,175
112081,113696,1615,0,GE-Phrase,242,113521,115411,1890,175,0.108,-1440,-1715
112081,113696,1615,0,GE-Phase,preparation,111522,112566,1044,485,0.3,559,1130
112081,113696,1615,0,GE-Phase,stroke,112566,113292,726,726,0.45,-485,404
112081,113696,1615,0,GE-Phase,retraction,113292,113521,229,229,0.142,-1211,175
112081,113696,1615,0,GE-Phase,preparation,113521,113978,457,175,0.108,-1440,-282
113696,114860,1164,0,GE-Phrase,242,113521,115411,1890,1164,1.0,175,-551
113696,114860,1164,0,GE-Phase,preparation,113521,113978,457,282,0.242,175,882
113696,114860,1164,0,GE-Phase,stroke,113978,114582,604,604,0.519,-282,278
113696,114860,1164,0,GE-Phase,retraction,114582,115411,829,278,0.239,-886,-551
114860,115793,933,0,GE-Phrase,242,113521,115411,1890,551,0.591,1339,382
114860,115793,933,0,GE-Phase,retraction,114582,115411,829,551,0.591,278,382
85824,88041,2217,0,GE-Phrase,233,85300,86352,1052,528,0.238,524,1689
85824,88041,2217,0,GE-Phrase,234,86352,87587,1235,1235,0.557,-528,454
85824,88041,2217,0,GE-Phrase,235,87587,88868,1281,454,0.205,-1763,-827
85824,88041,2217,0,GE-Phase,preparation,85300,85900,600,76,0.034,524,2141
85824,88041,2217,0,GE-Phase,stroke,85900,86352,452,452,0.204,-76,1689
85824,88041,2217,0,GE-Phase,preparation,86352,86779,427,427,0.193,-528,1262
85824,88041,2217,0,GE-Phase,stroke,86779,87587,808,808,0.364,-955,454
85824,88041,2217,0,GE-Phase,preparation,87587,88111,524,454,0.205,-1763,-70
88041,89282,1241,0,GE-Phrase,235,87587,88868,1281,827,0.666,454,414
88041,89282,1241,0,GE-Phase,preparation,87587,88111,524,70,0.056,454,1171
88041,89282,1241,0,GE-Phase,stroke,88111,88480,369,369,0.297,-70,802
88041,89282,1241,0,GE-Phase,retraction,88480,88868,388,388,0.313,-439,414
98750,99456,706,0,GE-Phrase,238,97522,99461,1939,706,1.0,1228,-5
98750,99456,706,0,GE-Phase,retraction,98230,99461,1231,706,1.0,520,-5
99456,99868,412,0,GE-Phrase,238,97522,99461,1939,5,0.012,1934,407
99456,99868,412,0,GE-Phrase,239,99461,102171,2710,407,0.988,-5,-2303
99456,99868,412,0,GE-Phase,retraction,98230,99461,1231,5,0.012,1226,407
99456,99868,412,0,GE-Phase,preparation,99461,100037,576,407,0.988,-5,-169
100200,101506,1306,0,GE-Phrase,239,99461,102171,2710,1306,1.0,739,-665
100200,101506,1306,0,GE-Phase,stroke,100037,101131,1094,931,0.713,163,375
100200,101506,1306,0,GE-Phase,retraction,101131,102171,1040,375,0.287,-931,-665
101506,102256,750,0,GE-Phrase,239,99461,102171,2710,665,0.887,2045,85
101506,102256,750,0,GE-Phrase,240,102171,104002,1831,85,0.113,-665,-1746
101506,102256,750,0,GE-Phase,retraction,101131,102171,1040,665,0.887,375,85
101506,102256,750,0,GE-Phase,preparation,102171,102490,319,85,0.113,-665,-234
102256,103393,1137,0,GE-Phrase,240,102171,104002,1831,1137,1.0,85,-609
102256,103393,1137,0,GE-Phase,preparation,102171,102490,319,234,0.206,85,903
102256,103393,1137,0,GE-Phase,stroke,102490,102813,323,323,0.284,-234,580
102256,103393,1137,0,GE-Phase,retraction,102813,104002,1189,580,0.51,-557,-609
103393,106072,2679,0,GE-Phrase,240,102171,104002,1831,609,0.227,1222,2070
103393,106072,2679,0,GE-Phase,retraction,102813,104002,1189,609,0.227,580,2070
112081,113696,1615,0,GE-Phrase,241,111522,113521,1999,1440,0.892,559,175
112081,113696,1615,0,GE-Phrase,242,113521,115411,1890,175,0.108,-1440,-1715
112081,113696,1615,0,GE-Phase,preparation,111522,112566,1044,485,0.3,559,1130
112081,113696,1615,0,GE-Phase,stroke,112566,113292,726,726,0.45,-485,404
112081,113696,1615,0,GE-Phase,retraction,113292,113521,229,229,0.142,-1211,175
112081,113696,1615,0,GE-Phase,preparation,113521,113978,457,175,0.108,-1440,-282
113696,114860,1164,0,GE-Phrase,242,113521,115411,1890,1164,1.0,175,-551
113696,114860,1164,0,GE-Phase,preparation,113521,113978,457,282,0.242,175,882
113696,114860,1164,0,GE-Phase,stroke,113978,114582,604,604,0.519,-282,278
113696,114860,1164,0,GE-Phase,retraction,114582,115411,829,278,0.239,-886,-551
114860,115793,933,0,GE-Phrase,242,113521,115411,1890,551,0.591,1339,382
114860,115793,933,0,GE-Phase,retraction,114582,115411,829,551,0.591,278,382
85824,88041,2217,0,GE-Phrase,233,85300,86352,1052,528,0.238,524,1689
85824,88041,2217,0,GE-Phrase,234,86352,87587,1235,1235,0.557,-528,454
85824,88041,2217,0,GE-Phrase,235,87587,88868,1281,454,0.205,-1763,-827
85824,88041,2217,0,GE-Phase,preparation,85300,85900,600,76,0.034,524,2141
85824,88041,2217,0,GE-Phase,stroke,85900,86352,452,452,0.204,-76,1689
85824,88041,2217,0,GE-Phase,preparation,86352,86779,427,427,0.193,-528,1262
85824,88041,2217,0,GE-Phase,stroke,86779,87587,808,808,0.364,-955,454
85824,88041,2217,0,GE-Phase,preparation,87587,88111,524,454,0.205,-1763,-70
88041,89282,1241,0,GE-Phrase,235,87587,88868,1281,827,0.666,454,414
88041,89282,1241,0,GE-Phase,preparation,87587,88111,524,70,0.056,454,1171
88041,89282,1241,0,GE-Phase,stroke,88111,88480,369,369,0.297,-70,802
88041,89282,1241,0,GE-Phase,retraction,88480,88868,388,388,0.313,-439,414
98750,99456,706,0,GE-Phrase,238,97522,99461,1939,706,1.0,1228,-5
98750,99456,706,0,GE-Phase,retraction,98230,99461,1231,706,1.0,520,-5
99456,99868,412,0,GE-Phrase,238,97522,99461,1939,5,0.012,1934,407
99456,99868,412,0,GE-Phrase,239,99461,102171,2710,407,0.988,-5,-2303
99456,99868,412,0,GE-Phase,retraction,98230,99461,1231,5,0.012,1226,407
99456,99868,412,0,GE-Phase,preparation,99461,100037,576,407,0.988,-5,-169
100200,101506,1306,0,GE-Phrase,239,99461,102171,2710,1306,1.0,739,-665
100200,101506,1306,0,GE-Phase,stroke,100037,101131,1094,931,0.713,163,375
100200,101506,1306,0,GE-Phase,retraction,101131,102171,1040,375,0.287,-931,-665
101506,102256,750,0,GE-Phrase,239,99461,102171,2710,665,0.887,2045,85
101506,102256,750,0,GE-Phrase,240,102171,104002,1831,85,0.113,-665,-1746
101506,102256,750,0,GE-Phase,retraction,101131,102171,1040,665,0.887,375,85
101506,102256,750,0,GE-Phase,preparation,102171,102490,319,85,0.113,-665,-234
102256,103393,1137,0,GE-Phrase,240,102171,104002,1831,1137,1.0,85,-609
102256,103393,1137,0,GE-Phase,preparation,102171,102490,319,234,0.206,85,903
102256,103393,1137,0,GE-Phase,stroke,102490,102813,323,323,0.284,-234,580
102256,103393,1137,0,GE-Phase,retraction,102813,104002,1189,580,0.51,-557,-609
103393,106072,2679,0,GE-Phrase,240,102171,104002,1831,609,0.227,1222,2070
103393,106072,2679,0,GE-Phase,retraction,102813,104002,1189,609,0.227,580,2070
112081,113696,1615,0,GE-Phrase,241,111522,113521,1999,1440,0.892,559,175
112081,113696,1615,0,GE-Phrase,242,113521,115411,1890,175,0.108,-1440,-1715
112081,113696,1615,0,GE-Phase,preparation,111522,112566,1044,485,0.3,559,1130
112081,113696,1615,0,GE-Phase,stroke,112566,113292,726,726,0.45,-485,404
112081,113696,1615,0,GE-Phase,retraction,113292,113521,229,229,0.142,-1211,175
112081,113696,1615,0,GE-Phase,preparation,113521,113978,457,175,0.108,-1440,-282
113696,114860,1164,0,GE-Phrase,242,113521,115411,1890,1164,1.0,175,-551
113696,114860,1164,0,GE-Phase,preparation,113521,113978,457,282,0.242,175,882
113696,114860,1164,0,GE-Phase,stroke,113978,114582,604,604,0.519,-282,278
113696,114860,1164,0,GE-Phase,retraction,114582,115411,829,278,0.239,-886,-551
114860,115793,933,0,GE-Phrase,242,113521,115411,1890,551,0.591,1339,382
114860,115793,933,0,GE-Phase,retraction,114582,115411,829,551,0.591,278,382
85824,88041,2217,0,GE-Phrase,233,85300,86352,1052,528,0.238,524,1689
85824,88041,2217,0,GE-Phrase,234,86352,87587,1235,1235,0.557,-528,454
85824,88041,2217,0,GE-Phrase,235,87587,88868,1281,454,0.205,-1763,-827
85824,88041,2217,0,GE-Phase,preparation,85300,85900,600,76,0.034,524,2141
85824,88041,2217,0,GE-Phase,stroke,85900,86352,452,452,0.204,-76,1689
85824,88041,2217,0,GE-Phase,preparation,86352,86779,427,427,0.193,-528,1262
85824,88041,2217,0,GE-Phase,stroke,86779,87587,808,808,0.364,-955,454
85824,88041,2217,0,GE-Phase,preparation,87587,88111,524,454,0.205,-1763,-70
88041,89282,1241,0,GE-Phrase,235,87587,88868,1281,827,0.666,454,414
88041,89282,1241,0,GE-Phase,preparation,87587,88111,524,70,0.056,454,1171
88041,89282,1241,0,GE-Phase,stroke,88111,88480,369,369,0.297,-70,802
88041,89282,1241,0,GE-Phase,retraction,88480,88868,388,388,0.313,-439,414
98750,99456,706,0,GE-Phrase,238,97522,99461,1939,706,1.0,1228,-5
98750,99456,706,0,GE-Phase,retraction,98230,99461,1231,706,1.0,520,-5
99456,99868,412,0,GE-Phrase,238,97522,99461,1939,5,0.012,1934,407
99456,99868,412,0,GE-Phrase,239,99461,102171,2710,407,0.988,-5,-2303
99456,99868,412,0,GE-Phase,retraction,98230,99461,1231,5,0.012,1226,407
99456,99868,412,0,GE-Phase,preparation,99461,100037,576,407,0.988,-5,-169
100200,101506,1306,0,GE-Phrase,239,99461,102171,2710,1306,1.0,739,-665
100200,101506,1306,0,GE-Phase,stroke,100037,101131,1094,931,0.713,163,375
100200,101506,1306,0,GE-Phase,retraction,101131,102171,1040,375,0.287,-931,-665
101506,102256,750,0,GE-Phrase,239,99461,102171,2710,665,0.887,2045,85
101506,102256,750,0,GE-Phrase,240,102171,104002,1831,85,0.113,-665,-1746
101506,102256,750,0,GE-Phase,retraction,101131,102171,1040,665,0.887,375,85
101506,102256,750,0,GE-Phase,preparation,102171,102490,319,85,0.113,-665,-234
102256,103393,1137,0,GE-Phrase,240,102171,104002,1831,1137,1.0,85,-609
102256,103393,1137,0,GE-Phase,preparation,102171,102490,319,234,0.206,85,903
102256,103393,1137,0,GE-Phase,stroke,102490,102813,323,323,0.284,-234,580
102256,103393,1137,0,GE-Phase,retraction,102813,104002,1189,580,0.51,-557,-609
103393,106072,2679,0,GE-Phrase,240,102171,104002,1831,609,0.227,1222,2070
103393,106072,2679,0,GE-Phase,retraction,102813,104002,1189,609,0.227,580,2070
112081,113696,1615,0,GE-Phrase,241,111522,113521,1999,1440,0.892,559,175
112081,113696,1615,0,GE-Phrase,242,113521,115411,1890,175,0.108,-1440,-1715
112081,113696,1615,0,GE-Phase,preparation,111522,112566,1044,485,0.3,559,1130
112081,113696,1615,0,GE-Phase,stroke,112566,113292,726,726,0.45,-485,404
112081,113696,1615,0,GE-Phase,retraction,113292,113521,229,229,0.142,-1211,175
112081,113696,1615,0,GE-Phase,preparation,113521,113978,457,175,0.108,-1440,-282
113696,114860,1164,0,GE-Phrase,242,113521,115411,1890,1164,1.0,175,-551
113696,114860,1164,0,GE-Phase,preparation,113521,113978,457,282,0.242,175,882
113696,114860,1164,0,GE-Phase,stroke,113978,114582,604,604,0.519,-282,278
113696,114860,1164,0,GE-Phase,retraction,114582,115411,829,278,0.239,-886,-551
114860,115793,933,0,GE-Phrase,242,113521,115411,1890,551,0.591,1339,382
114860,115793,933,0,GE-Phase,retraction,114582,115411,829,551,0.591,278,382
85824,88041,2217,0,GE-Phrase,233,85300,86352,1052,528,0.238,524,1689
85824,88041,2217,0,GE-Phrase,234,86352,87587,1235,1235,0.557,-528,454
85824,88041,2217,0,GE-Phrase,235,87587,88868,1281,454,0.205,-1763,-827
85824,88041,2217,0,GE-Phase,preparation,85300,85900,600,76,0.034,524,2141
85824,88041,2217,0,GE-Phase,stroke,85900,86352,452,452,0.204,-76,1689
85824,88041,2217,0,GE-Phase,preparation,86352,86779,427,427,0.193,-528,1262
85824,88041,2217,0,GE-Phase,stroke,86779,87587,808,808,0.364,-955,454
85824,88041,2217,0,GE-Phase,preparation,87587,88111,524,454,0.205,-1763,-70
88041,89282,1241,0,GE-Phrase,235,87587,88868,1281,827,0.666,454,414
88041,89282,1241,0,GE-Phase,preparation,87587,88111,524,70,0.056,454,1171
88041,89282,1241,0,GE-Phase,stroke,88111,88480,369,369,0.297,-70,802
88041,89282,1241,0,GE-Phase,retraction,88480,88868,388,388,0.313,-439,414
98750,99456,706,0,GE-Phrase,238,97522,99461,1939,706,1.0,1228,-5
98750,99456,706,0,GE-Phase,retraction,98230,99461,1231,706,1.0,520,-5
99456,99868,412,0,GE-Phrase,238,97522,99461,1939,5,0.012,1934,407
99456,99868,412,0,GE-Phrase,239,99461,102171,2710,407,0.988,-5,-2303
99456,99868,412,0,GE-Phase,retraction,98230,99461,1231,5,0.012,1226,407
99456,99868,412,0,GE-Phase,preparation,99461,100037,576,407,0.988,-5,-169
100200,101506,1306,0,GE-Phrase,239,99461,102171,2710,1306,1.0,739,-665
100200,101506,1306,0,GE-Phase,stroke,100037,101131,1094,931,0.713,163,375
100200,101506,1306,0,GE-Phase,retraction,101131,102171,1040,375,0.287,-931,-665
101506,102256,750,0,GE-Phrase,239,99461,102171,2710,665,0.887,2045,85
101506,102256,750,0,GE-Phrase,240,102171,104002,1831,85,0.113,-665,-1746
101506,102256,750,0,GE-Phase,retraction,101131,102171,1040,665,0.887,375,85
101506,102256,750,0,GE-Phase,preparation,102171,102490,319,85,0.113,-665,-234
102256,103393,1137,0,GE-Phrase,240,102171,104002,1831,1137,1.0,85,-609
102256,103393,1137,0,GE-Phase,preparation,102171,102490,319,234,0.206,85,903
102256,103393,1137,0,GE-Phase,stroke,102490,102813,323,323,0.284,-234,580
102256,103393,1137,0,GE-Phase,retraction,102813,104002,1189,580,0.51,-557,-609
103393,106072,2679,0,GE-Phrase,240,102171,104002,1831,609,0.227,1222,2070
103393,106072,2679,0,GE-Phase,retraction,102813,104002,1189,609,0.227,580,2070
112081,113696,1615,0,GE-Phrase,241,111522,113521,1999,1440,0.892,559,175
112081,113696,1615,0,GE-Phrase,242,113521,115411,1890,175,0.108,-1440,-1715
112081,113696,1615,0,GE-Phase,preparation,111522,112566,1044,485,0.3,559,1130
112081,113696,1615,0,GE-Phase,stroke,112566,113292,726,726,0.45,-485,404
112081,113696,1615,0,GE-Phase,retraction,113292,113521,229,229,0.142,-1211,175
112081,113696,1615,0,GE-Phase,preparation,113521,113978,457,175,0.108,-1440,-282
113696,114860,1164,0,GE-Phrase,242,113521,115411,1890,1164,1.0,175,-551
113696,114860,1164,0,GE-Phase,preparation,113521,113978,457,282,0.242,175,882
113696,114860,1164,0,GE-Phase,stroke,113978,114582,604,604,0.519,-282,278
113696,114860,1164,0,GE-Phase,retraction,114582,115411,829,278,0.239,-886,-551
114860,115793,933,0,GE-Phrase,242,113521,115411,1890,551,0.591,1339,382
114860,115793,933,0,GE-Phase,retraction,114582,115411,829,551,0.591,278,382
85824,88041,2217,0,GE-Phrase,233,85300,86352,1052,528,0.238,524,1689
85824,88041,2217,0,GE-Phrase,234,86352,87587,1235,1235,0.557,-528,454
85824,88041,2217,0,GE-Phrase,235,87587,88868,1281,454,0.205,-1763,-827
85824,88041,2217,0,GE-Phase,preparation,85300,85900,600,76,0.034,524,2141
85824,88041,2217,0,GE-Phase,stroke,85900,86352,452,452,0.204,-76,1689
85824,88041,2217,0,GE-Phase,preparation,86352,86779,427,427,0.193,-528,1262
85824,88041,2217,0,GE-Phase,stroke,86779,87587,808,808,0.364,-955,454
85824,88041,2217,0,GE-Phase,preparation,87587,88111,524,454,0.205,-1763,-70
88041,89282,1241,0,GE-Phrase,235,87587,88868,1281,827,0.666,454,414
88041,89282,1241,0,GE-Phase,preparation,87587,88111,524,70,0.056,454,1171
88041,89282,1241,0,GE-Phase,stroke,88111,88480,369,369,0.297,-70,802
88041,89282,1241,0,GE-Phase,retraction,88480,88868,388,388,0.313,-439,414
98750,99456,706,0,GE-Phrase,238,97522,99461,1939,706,1.0,1228,-5
98750,99456,706,0,GE-Phase,retraction,98230,99461,1231,706,1.0,520,-5
99456,99868,412,0,GE-Phrase,238,97522,99461,1939,5,0.012,1934,407
99456,99868,412,0,GE-Phrase,239,99461,102171,2710,407,0.988,-5,-2303
99456,99868,412,0,GE-Phase,retraction,98230,99461,1231,5,0.012,1226,407
99456,99868,412,0,GE-Phase,preparation,99461,100037,576,407,0.988,-5,-169
100200,101506,1306,0,GE-Phrase,239,99461,102171,2710,1306,1.0,739,-665
100200,101506,1306,0,GE-Phase,stroke,100037,101131,1094,931,0.713,163,375
100200,101506,1306,0,GE-Phase,retraction,101131,102171,1040,375,0.287,-931,-665
101506,102256,750,0,GE-Phrase,239,99461,102171,2710,665,0.887,2045,85
101506,102256,750,0,GE-Phrase,240,102171,104002,1831,85,0.113,-665,-1746
101506,102256,750,0,GE-Phase,retraction,101131,102171,1040,665,0.887,375,85
101506,102256,750,0,GE-Phase,preparation,102171,102490,319,85,0.113,-665,-234
102256,103393,1137,0,GE-Phrase,240,102171,104002,1831,1137,1.0,85,-609
102256,103393,1137,0,GE-Phase,preparation,102171,102490,319,234,0.206,85,903
102256,103393,1137,0,GE-Phase,stroke,102490,102813,323,323,0.284,-234,580
102256,103393,1137,0,GE-Phase,retraction,102813,104002,1189,580,0.51,-557,-609
103393,106072,2679,0,GE-Phrase,240,102171,104002,1831,609,0.227,1222,2070
103393,106072,2679,0,GE-Phase,retraction,102813,104002,1189,609,0.227,580,2070
112081,113696,1615,0,GE-Phrase,241,111522,113521,1999,1440,0.892,559,175
112081,113696,1615,0,GE-Phrase,242,113521,115411,1890,175,0.108,-1440,-1715
112081,113696,1615,0,GE-Phase,preparation,111522,112566,1044,485,0.3,559,1130
112081,113696,1615,0,GE-Phase,stroke,112566,113292,726,726,0.45,-485,404
112081,113696,1615,0,GE-Phase,retraction,113292,113521,229,229,0.142,-1211,175
112081,113696,1615,0,GE-Phase,preparation,113521,113978,457,175,0.108,-1440,-282
113696,114860,1164,0,GE-Phrase,242,113521,115411,1890,1164,1.0,175,-551
113696,114860,1164,0,GE-Phase,preparation,113521,113978,457,282,0.242,175,882
113696,114860,1164,0,GE-Phase,stroke,113978,114582,604,604,0.519,-282,278
113696,114860,1164,0,GE-Phase,retraction,114582,115411,829,278,0.239,-886,-551
114860,115793,933,0,GE-Phrase,242,113521,115411,1890,551,0.591,1339,382
114860,115793,933,0,GE-Phase,retraction,114582,115411,829,551,0.591,278,382
85824,88041,2217,0,GE-Phrase,233,85300,86352,1052,528,0.238,524,1689
85824,88041,2217,0,GE-Phrase,234,86352,87587,1235,1235,0.557,-528,454
85824,88041,2217,0,GE-Phrase,235,87587,88868,1281,454,0.205,-1763,-827
85824,88041,2217,0,GE-Phase,preparation,85300,85900,600,76,0.034,524,2141
85824,88041,2217,0,GE-Phase,stroke,85900,86352,452,452,0.204,-76,1689
85824,88041,2217,0,GE-Phase,preparation,86352,86779,427,427,0.193,-528,1262
85824,88041,2217,0,GE-Phase,stroke,86779,87587,808,808,0.364,-955,454
85824,88041,2217,0,GE-Phase,preparation,87587,88111,524,454,0.205,-1763,-70
88041,89282,1241,0,GE-Phrase,235,87587,88868,1281,827,0.666,454,414
88041,89282,1241,0,GE-Phase,preparation,87587,88111,524,70,0.056,454,1171
88041,89282,1241,0,GE-Phase,stroke,88111,88480,369,369,0.297,-70,802
88041,89282,1241,0,GE-Phase,retraction,88480,88868,388,388,0.313,-439,414
98750,99456,706,0,GE-Phrase,238,97522,99461,1939,706,1.0,1228,-5
98750,99456,706,0,GE-Phase,retraction,98230,99461,1231,706,1.0,520,-5
99456,99868,412,0,GE-Phrase,238,97522,99461,1939,5,0.012,1934,407
99456,99868,412,0,GE-Phrase,239,99461,102171,2710,407,0.988,-5,-2303
99456,99868,412,0,GE-Phase,retraction,98230,99461,1231,5,0.012,1226,407
99456,99868,412,0,GE-Phase,preparation,99461,100037,576,407,0.988,-5,-169
100200,101506,1306,0,GE-Phrase,239,99461,102171,2710,1306,1.0,739,-665
100200,101506,1306,0,GE-Phase,stroke,100037,101131,1094,931,0.713,163,375
100200,101506,1306,0,GE-Phase,retraction,101131,102171,1040,375,0.287,-931,-665
101506,102256,750,0,GE-Phrase,239,99461,102171,2710,665,0.887,2045,85
101506,102256,750,0,GE-Phrase,240,102171,104002,1831,85,0.113,-665,-1746
101506,102256,750,0,GE-Phase,retraction,101131,102171,1040,665,0.887,375,85
101506,102256,750,0,GE-Phase,preparation,102171,102490,319,85,0.113,-665,-234
102256,103393,1137,0,GE-Phrase,240,102171,104002,1831,1137,1.0,85,-609
102256,103393,1137,0,GE-Phase,preparation,102171,102490,319,234,0.206,85,903
102256,103393,1137,0,GE-Phase,stroke,102490,102813,323,323,0.284,-234,580
102256,103393,1137,0,GE-Phase,retraction,102813,104002,1189,580,0.51,-557,-609
103393,106072,2679,0,GE-Phrase,240,102171,104002,1831,609,0.227,1222,2070
103393,106072,2679,0,GE-Phase,retraction,102813,104002,1189,609,0.227,580,2070
112081,113696,1615,0,GE-Phrase,241,111522,113521,1999,1440,0.892,559,175
112081,113696,1615,0,GE-Phrase,242,113521,115411,1890,175,0.108,-1440,-1715
112081,113696,1615,0,GE-Phase,preparation,111522,112566,1044,485,0.3,559,1130
112081,113696,1615,0,GE-Phase,stroke,112566,113292,726,726,0.45,-485,404
112081,113696,1615,0,GE-Phase,retraction,113292,113521,229,229,0.142,-1211,175
112081,113696,1615,0,GE-Phase,preparation,113521,113978,457,175,0.108,-1440,-282
113696,114860,1164,0,GE-Phrase,242,113521,115411,1890,1164,1.0,175,-551
113696,114860,1164,0,GE-Phase,preparation,113521,113978,457,282,0.242,175,882
113696,114860,1164,0,GE-Phase,stroke,113978,114582,604,604,0.519,-282,278
113696,114860,1164,0,GE-Phase,retraction,114582,115411,829,278,0.239,-886,-551
114860,115793,933,0,GE-Phrase,242,113521,115411,1890,551,0.591,1339,382
114860,115793,933,0,GE-Phase,retraction,114582,115411,829,551,0.591,278,382
85824,88041,2217,0,GE-Phrase,233,85300,86352,1052,528,0.238,524,1689
85824,88041,2217,0,GE-Phrase,234,86352,87587,1235,1235,0.557,-528,454
85824,88041,2217,0,GE-Phrase,235,87587,88868,1281,454,0.205,-1763,-827
85824,88041,2217,0,GE-Phase,preparation,85300,85900,600,76,0.034,524,2141
85824,88041,2217,0,GE-Phase,stroke,85900,86352,452,452,0.204,-76,1689
85824,88041,2217,0,GE-Phase,preparation,86352,86779,427,427,0.193,-528,1262
85824,88041,2217,0,GE-Phase,stroke,86779,87587,808,808,0.364,-955,454
85824,88041,2217,0,GE-Phase,preparation,87587,88111,524,454,0.205,-1763,-70
88041,89282,1241,0,GE-Phrase,235,87587,88868,1281,827,0.666,454,414
88041,89282,1241,0,GE-Phase,preparation,87587,88111,524,70,0.056,454,1171
88041,89282,1241,0,GE-Phase,stroke,88111,88480,369,369,0.297,-70,802
88041,89282,1241,0,GE-Phase,retraction,88480,88868,388,388,0.313,-439,414
98750,99456,706,0,GE-Phrase,238,97522,99461,1939,706,1.0,1228,-5
98750,99456,706,0,GE-Phase,retraction,98230,99461,1231,706,1.0,520,-5
99456,99868,412,0,GE-Phrase,238,97522,99461,1939,5,0.012,1934,407
99456,99868,412,0,GE-Phrase,239,99461,102171,2710,407,0.988,-5,-2303
99456,99868,412,0,GE-Phase,retraction,98230,99461,1231,5,0.012,1226,407
99456,99868,412,0,GE-Phase,preparation,99461,100037,576,407,0.988,-5,-169
100200,101506,1306,0,GE-Phrase,239,99461,102171,2710,1306,1.0,739,-665
100200,101506,1306,0,GE-Phase,stroke,100037,101131,1094,931,0.713,163,375
100200,101506,1306,0,GE-Phase,retraction,101131,102171,1040,375,0.287,-931,-665
101506,102256,750,0,GE-Phrase,239,99461,102171,2710,665,0.887,2045,85
101506,102256,750,0,GE-Phrase,240,102171,104002,1831,85,0.113,-665,-1746
101506,102256,750,0,GE-Phase,retraction,101131,102171,1040,665,0.887,375,85
101506,102256,750,0,GE-Phase,preparation,102171,102490,319,85,0.113,-665,-234
102256,103393,1137,0,GE-Phrase,240,102171,104002,1831,1137,1.0,85,-609
102256,103393,1137,0,GE-Phase,preparation,102171,102490,319,234,0.206,85,903
102256,103393,1137,0,GE-Phase,stroke,102490,102813,323,323,0.284,-234,580
102256,103393,1137,0,GE-Phase,retraction,102813,104002,1189,580,0.51,-557,-609
103393,106072,2679,0,GE-Phrase,240,102171,104002,1831,609,0.227,1222,2070
103393,106072,2679,0,GE-Phase,retraction,102813,104002,1189,609,0.227,580,2070
112081,113696,1615,0,GE-Phrase,241,111522,113521,1999,1440,0.892,559,175
112081,113696,1615,0,GE-Phrase,242,113521,115411,1890,175,0.108,-1440,-1715
112081,113696,1615,0,GE-Phase,preparation,111522,112566,1044,485,0.3,559,1130
112081,113696,1615,0,GE-Phase,stroke,112566,113292,726,726,0.45,-485,404
112081,113696,1615,0,GE-Phase,retraction,113292,113521,229,229,0.142,-1211,175
112081,113696,1615,0,GE-Phase,preparation,113521,113978,457,175,0.108,-1440,-282
113696,114860,1164,0,GE-Phrase,242,113521,115411,1890,1164,1.0,175,-551
113696,114860,1164,0,GE-Phase,preparation,113521,113978,457,282,0.242,175,882
113696,114860,1164,0,GE-Phase,stroke,113978,114582,604,604,0.519,-282,278
113696,114860,1164,0,GE-Phase,retraction,114582,115411,829,278,0.239,-886,-551
114860,115793,933,0,GE-Phrase,242,113521,115411,1890,551,0.591,1339,382
114860,115793,933,0,GE-Phase,retraction,114582,115411,829,551,0.591,278,382
85824,88041,2217,0,GE-Phrase,233,85300,86352,1052,528,0.238,524,1689
85824,88041,2217,0,GE-Phrase,234,86352,87587,1235,1235,0.557,-528,454
85824,88041,2217,0,GE-Phrase,235,87587,88868,1281,454,0.205,-1763,-827
85824,88041,2217,0,GE-Phase,preparation,85300,85900,600,76,0.034,524,2141
85824,88041,2217,0,GE-Phase,stroke,85900,86352,452,452,0.204,-76,1689
85824,88041,2217,0,GE-Phase,preparation,86352,86779,427,427,0.193,-528,1262
85824,88041,2217,0,GE-Phase,stroke,86779,87587,808,808,0.364,-955,454
85824,88041,2217,0,GE-Phase,preparation,87587,88111,524,454,0.205,-1763,-70
88041,89282,1241,0,GE-Phrase,235,87587,88868,1281,827,0.666,454,414
88041,89282,1241,0,GE-Phase,preparation,87587,88111,524,70,0.056,454,1171
88041,89282,1241,0,GE-Phase,stroke,88111,88480,369,369,0.297,-70,802
88041,89282,1241,0,GE-Phase,retraction,88480,88868,388,388,0.313,-439,414
98750,99456,706,0,GE-Phrase,238,97522,99461,1939,706,1.0,1228,-5
98750,99456,706,0,GE-Phase,retraction,98230,99461,1231,706,1.0,520,-5
99456,99868,412,0,GE-Phrase,238,97522,99461,1939,5,0.012,1934,407
99456,99868,412,0,GE-Phrase,239,99461,102171,2710,407,0.988,-5,-2303
99456,99868,412,0,GE-Phase,retraction,98230,99461,1231,5,0.012,1226,407
99456,99868,412,0,GE-Phase,preparation,99461,100037,576,407,0.988,-5,-169
100200,101506,1306,0,GE-Phrase,239,99461,102171,2710,1306,1.0,739,-665
100200,101506,1306,0,GE-Phase,stroke,100037,101131,1094,931,0.713,163,375
100200,101506,1306,0,GE-Phase,retraction,101131,102171,1040,375,0.287,-931,-665
101506,102256,750,0,GE-Phrase,239,99461,102171,2710,665,0.887,2045,85
101506,102256,750,0,GE-Phrase,240,102171,104002,1831,85,0.113,-665,-1746
101506,102256,750,0,GE-Phase,retraction,101131,102171,1040,665,0.887,375,85
101506,102256,750,0,GE-Phase,preparation,102171,102490,319,85,0.113,-665,-234
102256,103393,1137,0,GE-Phrase,240,102171,104002,1831,1137,1.0,85,-609
102256,103393,1137,0,GE-Phase,preparation,102171,102490,319,234,0.206,85,903
102256,103393,1137,0,GE-Phase,stroke,102490,102813,323,323,0.284,-234,580
102256,103393,1137,0,GE-Phase,retraction,102813,104002,1189,580,0.51,-557,-609
103393,106072,2679,0,GE-Phrase,240,102171,104002,1831,609,0.227,1222,2070
103393,106072,2679,0,GE-Phase,retraction,102813,104002,1189,609,0.227,580,2070
112081,113696,1615,0,GE-Phrase,241,111522,113521,1999,1440,0.892,559,175
112081,113696,1615,0,GE-Phrase,242,113521,115411,1890,175,0.108,-1440,-1715
112081,113696,1615,0,GE-Phase,preparation,111522,112566,1044,485,0.3,559,1130
112081,113696,1615,0,GE-Phase,stroke,112566,113292,726,726,0.45,-485,404
112081,113696,1615,0,GE-Phase,retraction,113292,113521,229,229,0.142,-1211,175
112081,113696,1615,0,GE-Phase,preparation,113521,113978,457,175,0.108,-1440,-282
113696,114860,1164,0,GE-Phrase,242,113521,115411,1890,1164,1.0,175,-551
113696,114860,1164,0,GE-Phase,preparation,113521,113978,457,282,0.242,175,882
113696,114860,1164,0,GE-Phase,stroke,113978,114582,604,604,0.519,-282,278
113696,114860,1164,0,GE-Phase,retraction,114582,115411,829,278,0.239,-886,-551
114860,115793,933,0,GE-Phrase,242,113521,115411,1890,551,0.591,1339,382
114860,115793,933,0,GE-Phase,retraction,114582,115411,829,551,0.591,278,382
85824,88041,2217,0,GE-Phrase,233,85300,86352,1052,528,0.238,524,1689
85824,88041,2217,0,GE-Phrase,234,86352,87587,1235,1235,0.557,-528,454
85824,88041,2217,0,GE-Phrase,235,87587,88868,1281,454,0.205,-1763,-827
85824,88041,2217,0,GE-Phase,preparation,85300,85900,600,76,0.034,524,2141
85824,88041,2217,0,GE-Phase,stroke,85900,86352,452,452,0.204,-76,1689
85824,88041,2217,0,GE-Phase,preparation,86352,86779,427,427,0.193,-528,1262
85824,88041,2217,0,GE-Phase,stroke,86779,87587,808,808,0.364,-955,454
85824,88041,2217,0,GE-Phase,preparation,87587,88111,524,454,0.205,-1763,-70
88041,89282,1241,0,GE-Phrase,235,87587,88868,1281,827,0.666,454,414
88041,89282,1241,0,GE-Phase,preparation,87587,88111,524,70,0.056,454,1171
88041,89282,1241,0,GE-Phase,stroke,88111,88480,369,369,0.297,-70,802
88041,89282,1241,0,GE-Phase,retraction,88480,88868,388,388,0.313,-439,414
98750,99456,706,0,GE-Phrase,238,97522,99461,1939,706,1.0,1228,-5
98750,99456,706,0,GE-Phase,retraction,98230,99461,1231,706,1.0,520,-5
99456,99868,412,0,GE-Phrase,238,97522,99461,1939,5,0.012,1934,407
99456,99868,412,0,GE-Phrase,239,99461,102171,2710,407,0.988,-5,-2303
99456,99868,412,0,GE-Phase,retraction,98230,99461,1231,5,0.012,1226,407
99456,99868,412,0,GE-Phase,preparation,99461,100037,576,407,0.988,-5,-169
100200,101506,1306,0,GE-Phrase,239,99461,102171,2710,1306,1.0,739,-665
100200,101506,1306,0,GE-Phase,stroke,100037,101131,1094,931,0.713,163,375
100200,101506,1306,0,GE-Phase,retraction,101131,102171,1040,375,0.287,-931,-665
101506,102256,750,0,GE-Phrase,239,99461,102171,2710,665,0.887,2045,85
101506,102256,750,0,GE-Phrase,240,102171,104002,1831,85,0.113,-665,-1746
101506,102256,750,0,GE-Phase,retraction,101131,102171,1040,665,0.887,375,85
101506,102256,750,0,GE-Phase,preparation,102171,102490,319,85,0.113,-665,-234
102256,103393,1137,0,GE-Phrase,240,102171,104002,1831,1137,1.0,85,-609
102256,103393,1137,0,GE-Phase,preparation,102171,102490,319,234,0.206,85,903
102256,103393,1137,0,GE-Phase,stroke,102490,102813,323,323,0.284,-234,580
102256,103393,1137,0,GE-Phase,retraction,102813,104002,1189,580,0.51,-557,-609
103393,106072,2679,0,GE-Phrase,240,102171,104002,1831,609,0.227,1222,2070
103393,106072,2679,0,GE-Phase,retraction,102813,104002,1189,609,0.227,580,2070
112081,113696,1615,0,GE-Phrase,241,111522,113521,1999,1440,0.892,559,175
112081,113696,1615,0,GE-Phrase,242,113521,115411,1890,175,0.108,-1440,-1715
112081,113696,1615,0,GE-Phase,preparation,111522,112566,1044,485,0.3,559,1130
112081,113696,1615,0,GE-Phase,stroke,112566,113292,726,726,0.45,-485,404
112081,113696,1615,0,GE-Phase,retraction,113292,113521,229,229,0.142,-1211,175
112081,113696,1615,0,GE-Phase,preparation,113521,113978,457,175,0.108,-1440,-282
113696,114860,1164,0,GE-Phrase,242,113521,115411,1890,1164,1.0,175,-551
113696,114860,1164,0,GE-Phase,preparation,113521,113978,457,282,0.242,175,882
113696,114860,1164,0,GE-Phase,stroke,113978,114582,604,604,0.519,-282,278
113696,114860,1164,0,GE-Phase,retraction,114582,115411,829,278,0.239,-886,-551
114860,115793,933,0,GE-Phrase,242,113521,115411,1890,551,0.591,1339,382
114860,115793,933,0,GE-Phase,retraction,114582,115411,829,551,0.591,278,382
85824,88041,2217,0,GE-Phrase,233,85300,86352,1052,528,0.238,524,1689
85824,88041,2217,0,GE-Phrase,234,86352,87587,1235,1235,0.557,-528,454
85824,88041,2217,0,GE-Phrase,235,87587,88868,1281,454,0.205,-1763,-827
85824,88041,2217,0,GE-Phase,preparation,85300,85900,600,76,0.034,524,2141
85824,88041,2217,0,GE-Phase,stroke,85900,86352,452,452,0.204,-76,1689
85824,88041,2217,0,GE-Phase,preparation,86352,86779,427,427,0.193,-528,1262
85824,88041,2217,0,GE-Phase,stroke,86779,87587,808,808,0.364,-955,454
85824,88041,2217,0,GE-Phase,preparation,87587,88111,524,454,0.205,-1763,-70
88041,89282,1241,0,GE-Phrase,235,87587,88868,1281,827,0.666,454,414
88041,89282,1241,0,GE-Phase,preparation,87587,88111,524,70,0.056,454,1171
88041,89282,1241,0,GE-Phase,stroke,88111,88480,369,369,0.297,-70,802
88041,89282,1241,0,GE-Phase,retraction,88480,88868,388,388,0.313,-439,414
98750,99456,706,0,GE-Phrase,238,97522,99461,1939,706,1.0,1228,-5
98750,99456,706,0,GE-Phase,retraction,98230,99461,1231,706,1.0,520,-5
99456,99868,412,0,GE-Phrase,238,97522,99461,1939,5,0.012,1934,407
99456,99868,412,0,GE-Phrase,239,99461,102171,2710,407,0.988,-5,-2303
99456,99868,412,0,GE-Phase,retraction,98230,99461,1231,5,0.012,1226,407
99456,99868,412,0,GE-Phase,preparation,99461,100037,576,407,0.988,-5,-169
100200,101506,1306,0,GE-Phrase,239,99461,102171,2710,1306,1.0,739,-665
100200,101506,1306,0,GE-Phase,stroke,100037,101131,1094,931,0.713,163,375
100200,101506,1306,0,GE-Phase,retraction,101131,102171,1040,375,0.287,-931,-665
101506,102256,750,0,GE-Phrase,239,99461,102171,2710,665,0.887,2045,85
101506,102256,750,0,GE-Phrase,240,102171,104002,1831,85,0.113,-665,-1746
101506,102256,750,0,GE-Phase,retraction,101131,102171,1040,665,0.887,375,85
101506,102256,750,0,GE-Phase,preparation,102171,102490,319,85,0.113,-665,-234
102256,103393,1137,0,GE-Phrase,240,102171,104002,1831,1137,1.0,85,-609
102256,103393,1137,0,GE-Phase,preparation,102171,102490,319,234,0.206,85,903
102256,103393,1137,0,GE-Phase,stroke,102490,102813,323,323,0.284,-234,580
102256,103393,1137,0,GE-Phase,retraction,102813,104002,1189,580,0.51,-557,-609
103393,106072,2679,0,GE-Phrase,240,102171,104002,1831,609,0.227,1222,2070
103393,106072,2679,0,GE-Phase,retraction,102813,104002,1189,609,0.227,580,2070
112081,113696,1615,0,GE-Phrase,241,111522,113521,1999,1440,0.892,559,175
112081,113696,1615,0,GE-Phrase,242,113521,115411,1890,175,0.108,-1440,-1715
112081,113696,1615,0,GE-Phase,preparation,111522,112566,1044,485,0.3,559,1130
112081,113696,1615,0,GE-Phase,stroke,112566,113292,726,726,0.45,-485,404
112081,113696,1615,0,GE-Phase,retraction,113292,113521,229,229,0.142,-1211,175
112081,113696,1615,0,GE-Phase,preparation,113521,113978,457,175,0.108,-1440,-282
113696,114860,1164,0,GE-Phrase,242,113521,115411,1890,1164,1.0,175,-551
113696,114860,1164,0,GE-Phase,preparation,113521,113978,457,282,0.242,175,882
113696,114860,1164,0,GE-Phase,stroke,113978,114582,604,604,0.519,-282,278
113696,114860,1164,0,GE-Phase,retraction,114582,115411,829,278,0.239,-886,-551
114860,115793,933,0,GE-Phrase,242,113521,115411,1890,551,0.591,1339,382
114860,115793,933,0,GE-Phase,retraction,114582,115411,829,551,0.591,278,382
85824,88041,2217,0,GE-Phrase,233,85300,86352,1052,528,0.238,524,1689
85824,88041,2217,0,GE-Phrase,234,86352,87587,1235,1235,0.557,-528,454
85824,88041,2217,0,GE-Phrase,235,87587,88868,1281,454,0.205,-1763,-827
85824,88041,2217,0,GE-Phase,preparation,85300,85900,600,76,0.034,524,2141
85824,88041,2217,0,GE-Phase,stroke,85900,86352,452,452,0.204,-76,1689
85824,88041,2217,0,GE-Phase,preparation,86352,86779,427,427,0.193,-528,1262
85824,88041,2217,0,GE-Phase,stroke,86779,87587,808,808,0.364,-955,454
85824,88041,2217,0,GE-Phase,preparation,87587,88111,524,454,0.205,-1763,-70
88041,89282,1241,0,GE-Phrase,235,87587,88868,1281,827,0.666,454,414
88041,89282,1241,0,GE-Phase,preparation,87587,88111,524,70,0.056,454,1171
88041,89282,1241,0,GE-Phase,stroke,88111,88480,369,369,0.297,-70,802
88041,89282,1241,0,GE-Phase,retraction,88480,88868,388,388,0.313,-439,414
98750,99456,706,0,GE-Phrase,238,97522,99461,1939,706,1.0,1228,-5
98750,99456,706,0,GE-Phase,retraction,98230,99461,1231,706,1.0,520,-5
99456,99868,412,0,GE-Phrase,238,97522,99461,1939,5,0.012,1934,407
99456,99868,412,0,GE-Phrase,239,99461,102171,2710,407,0.988,-5,-2303
99456,99868,412,0,GE-Phase,retraction,98230,99461,1231,5,0.012,1226,407
99456,99868,412,0,GE-Phase,preparation,99461,100037,576,407,0.988,-5,-169
100200,101506,1306,0,GE-Phrase,239,99461,102171,2710,1306,1.0,739,-665
100200,101506,1306,0,GE-Phase,stroke,100037,101131,1094,931,0.713,163,375
100200,101506,1306,0,GE-Phase,retraction,101131,102171,1040,375,0.287,-931,-665
101506,102256,750,0,GE-Phrase,239,99461,102171,2710,665,0.887,2045,85
101506,102256,750,0,GE-Phrase,240,102171,104002,1831,85,0.113,-665,-1746
101506,102256,750,0,GE-Phase,retraction,101131,102171,1040,665,0.887,375,85
101506,102256,750,0,GE-Phase,preparation,102171,102490,319,85,0.113,-665,-234
102256,103393,1137,0,GE-Phrase,240,102171,104002,1831,1137,1.0,85,-609
102256,103393,1137,0,GE-Phase,preparation,102171,102490,319,234,0.206,85,903
102256,103393,1137,0,GE-Phase,stroke,102490,102813,323,323,0.284,-234,580
102256,103393,1137,0,GE-Phase,retraction,102813,104002,1189,580,0.51,-557,-609
103393,106072,2679,0,GE-Phrase,240,102171,104002,1831,609,0.227,1222,2070
103393,106072,2679,0,GE-Phase,retraction,102813,104002,1189,609,0.227,580,2070
112081,113696,1615,0,GE-Phrase,241,111522,113521,1999,1440,0.892,559,175
112081,113696,1615,0,GE-Phrase,242,113521,115411,1890,175,0.108,-1440,-1715
112081,113696,1615,0,GE-Phase,preparation,111522,112566,1044,485,0.3,559,1130
112081,113696,1615,0,GE-Phase,stroke,112566,113292,726,726,0.45,-485,404
112081,113696,1615,0,GE-Phase,retraction,113292,113521,229,229,0.142,-1211,175
112081,113696,1615,0,GE-Phase,preparation,113521,113978,457,175,0.108,-1440,-282
113696,114860,1164,0,GE-Phrase,242,113521,115411,1890,1164,1.0,175,-551
113696,114860,1164,0,GE-Phase,preparation,113521,113978,457,282,0.242,175,882
113696,114860,1164,0,GE-Phase,stroke,113978,114582,604,604,0.519,-282,278
113696,114860,1164,0,GE-Phase,retraction,114582,115411,829,278,0.239,-886,-551
114860,115793,933,0,GE-Phrase,242,113521,115411,1890,551,0.591,1339,382
114860,115793,933,0,GE-Phase,retraction,114582,115411,829,551,0.591,278,382
85824,88041,2217,0,GE-Phrase,233,85300,86352,1052,528,0.238,524,1689
85824,88041,2217,0,GE-Phrase,234,86352,87587,1235,1235,0.557,-528,454
85824,88041,2217,0,GE-Phrase,235,87587,88868,1281,454,0.205,-1763,-827
85824,88041,2217,0,GE-Phase,preparation,85300,85900,600,76,0.034,524,2141
85824,88041,2217,0,GE-Phase,stroke,85900,86352,452,452,0.204,-76,1689
85824,88041,2217,0,GE-Phase,preparation,86352,86779,427,427,0.193,-528,1262
85824,88041,2217,0,GE-Phase,stroke,86779,87587,808,808,0.364,-955,454
85824,88041,2217,0,GE-Phase,preparation,87587,88111,524,454,0.205,-1763,-70
88041,89282,1241,0,GE-Phrase,235,87587,88868,1281,827,0.666,454,414
88041,89282,1241,0,GE-Phase,preparation,87587,88111,524,70,0.056,454,1171
88041,89282,1241,0,GE-Phase,stroke,88111,88480,369,369,0.297,-70,802
88041,89282,1241,0,GE-Phase,retraction,88480,88868,388,388,0.313,-439,414
98750,99456,706,0,GE-Phrase,238,97522,99461,1939,706,1.0,1228,-5
98750,99456,706,0,GE-Phase,retraction,98230,99461,1231,706,1.0,520,-5
99456,99868,412,0,GE-Phrase,238,97522,99461,1939,5,0.012,1934,407
99456,99868,412,0,GE-Phrase,239,99461,102171,2710,407,0.988,-5,-2303
99456,99868,412,0,GE-Phase,retraction,98230,99461,1231,5,0.012,1226,407
99456,99868,412,0,GE-Phase,preparation,99461,100037,576,407,0.988,-5,-169
100200,101506,1306,0,GE-Phrase,239,99461,102171,2710,1306,1.0,739,-665
100200,101506,1306,0,GE-Phase,stroke,100037,101131,1094,931,0.713,163,375
100200,101506,1306,0,GE-Phase,retraction,101131,102171,1040,375,0.287,-931,-665
101506,102256,750,0,GE-Phrase,239,99461,102171,2710,665,0.887,2045,85
101506,102256,750,0,GE-Phrase,240,102171,104002,1831,85,0.113,-665,-1746
101506,102256,750,0,GE-Phase,retraction,101131,102171,1040,665,0.887,375,85
101506,102256,750,0,GE-Phase,preparation,102171,102490,319,85,0.113,-665,-234
102256,103393,1137,0,GE-Phrase,240,102171,104002,1831,1137,1.0,85,-609
102256,103393,1137,0,GE-Phase,preparation,102171,102490,319,234,0.206,85,903
102256,103393,1137,0,GE-Phase,stroke,102490,102813,323,323,0.284,-234,580
102256,103393,1137,0,GE-Phase,retraction,102813,104002,1189,580,0.51,-557,-609
103393,106072,2679,0,GE-Phrase,240,102171,104002,1831,609,0.227,1222,2070
103393,106072,2679,0,GE-Phase,retraction,102813,104002,1189,609,0.227,580,2070
112081,113696,1615,0,GE-Phrase,241,111522,113521,1999,1440,0.892,559,175
112081,113696,1615,0,GE-Phrase,242,113521,115411,1890,175,0.108,-1440,-1715
112081,113696,1615,0,GE-Phase,preparation,111522,112566,1044,485,0.3,559,1130
112081,113696,1615,0,GE-Phase,stroke,112566,113292,726,726,0.45,-485,404
112081,113696,1615,0,GE-Phase,retraction,113292,113521,229,229,0.142,-1211,175
112081,113696,1615,0,GE-Phase,preparation,113521,113978,457,175,0.108,-1440,-282
113696,114860,1164,0,GE-Phrase,242,113521,115411,1890,1164,1.0,175,-551
113696,114860,1164,0,GE-Phase,preparation,113521,113978,457,282,0.242,175,882
113696,114860,1164,0,GE-Phase,stroke,113978,114582,604,604,0.519,-282,278
113696,114860,1164,0,GE-Phase,retraction,114582,115411,829,278,0.239,-886,-551
114860,115793,933,0,GE-Phrase,242,113521,115411,1890,551,0.591,1339,382
114860,115793,933,0,GE-Phase,retraction,114582,115411,829,551,0.591,278,382
85824,88041,2217,0,GE-Phrase,233,85300,86352,1052,528,0.238,524,1689
85824,88041,2217,0,GE-Phrase,234,86352,87587,1235,1235,0.557,-528,454
85824,88041,2217,0,GE-Phrase,235,87587,88868,1281,454,0.205,-1763,-827
85824,88041,2217,0,GE-Phase,preparation,85300,85900,600,76,0.034,524,2141
85824,88041,2217,0,GE-Phase,stroke,85900,86352,452,452,0.204,-76,1689
85824,88041,2217,0,GE-Phase,preparation,86352,86779,427,427,0.193,-528,1262
85824,88041,2217,0,GE-Phase,stroke,86779,87587,808,808,0.364,-955,454
85824,88041,2217,0,GE-Phase,preparation,87587,88111,524,454,0.205,-1763,-70
88041,89282,1241,0,GE-Phrase,235,87587,88868,1281,827,0.666,454,414
88041,89282,1241,0,GE-Phase,preparation,87587,88111,524,70,0.056,454,1171
88041,89282,1241,0,GE-Phase,stroke,88111,88480,369,369,0.297,-70,802
88041,89282,1241,0,GE-Phase,retraction,88480,88868,388,388,0.313,-439,414
98750,99456,706,0,GE-Phrase,238,97522,99461,1939,706,1.0,1228,-5
98750,99456,706,0,GE-Phase,retraction,98230,99461,1231,706,1.0,520,-5
99456,99868,412,0,GE-Phrase,238,97522,99461,1939,5,0.012,1934,407
99456,99868,412,0,GE-Phrase,239,99461,102171,2710,407,0.988,-5,-2303
99456,99868,412,0,GE-Phase,retraction,98230,99461,1231,5,0.012,1226,407
99456,99868,412,0,GE-Phase,preparation,99461,100037,576,407,0.988,-5,-169
100200,101506,1306,0,GE-Phrase,239,99461,102171,2710,1306,1.0,739,-665
100200,101506,1306,0,GE-Phase,stroke,100037,101131,1094,931,0.713,163,375
100200,101506,1306,0,GE-Phase,retraction,101131,102171,1040,375,0.287,-931,-665
101506,102256,750,0,GE-Phrase,239,99461,102171,2710,665,0.887,2045,85
101506,102256,750,0,GE-Phrase,240,102171,104002,1831,85,0.113,-665,-1746
101506,102256,750,0,GE-Phase,retraction,101131,102171,1040,665,0.887,375,85
101506,102256,750,0,GE-Phase,preparation,102171,102490,319,85,0.113,-665,-234
102256,103393,1137,0,GE-Phrase,240,102171,104002,1831,1137,1.0,85,-609
102256,103393,1137,0,GE-Phase,preparation,102171,102490,319,234,0.206,85,903
102256,103393,1137,0,GE-Phase,stroke,102490,102813,323,323,0.284,-234,580
102256,103393,1137,0,GE-Phase,retraction,102813,104002,1189,580,0.51,-557,-609
103393,106072,2679,0,GE-Phrase,240,102171,104002,1831,609,0.227,1222,2070
103393,106072,2679,0,GE-Phase,retraction,102813,104002,1189,609,0.227,580,2070
112081,113696,1615,0,GE-Phrase,241,111522,113521,1999,1440,0.892,559,175
112081,113696,1615,0,GE-Phrase,242,113521,115411,1890,175,0.108,-1440,-1715
112081,113696,1615,0,GE-Phase,preparation,111522,112566,1044,485,0.3,559,1130
112081,113696,1615,0,GE-Phase,stroke,112566,113292,726,726,0.45,-485,404
112081,113696,1615,0,GE-Phase,retraction,113292,113521,229,229,0.142,-1211,175
112081,113696,1615,0,GE-Phase,preparation,113521,113978,457,175,0.108,-1440,-282
113696,114860,1164,0,GE-Phrase,242,113521,115411,1890,1164,1.0,175,-551
113696,114860,1164,0,GE-Phase,preparation,113521,113978,457,282,0.242,175,882
113696,114860,1164,0,GE-Phase,stroke,113978,114582,604,604,0.519,-282,278
113696,114860,1164,0,GE-Phase,retraction,114582,115411,829,278,0.239,-886,-551
114860,115793,933,0,GE-Phrase,242,113521,115411,1890,551,0.591,1339,382
114860,115793,933,0,GE-Phase,retraction,114582,115411,829,551,0.591,278,382
85824,88041,2217,0,GE-Phrase,233,85300,86352,1052,528,0.238,524,1689
85824,88041,2217,0,GE-Phrase,234,86352,87587,1235,1235,0.557,-528,454
85824,88041,2217,0,GE-Phrase,235,87587,88868,1281,454,0.205,-1763,-827
85824,88041,2217,0,GE-Phase,preparation,85300,85900,600,76,0.034,524,2141
85824,88041,2217,0,GE-Phase,stroke,85900,86352,452,452,0.204,-76,1689
85824,88041,2217,0,GE-Phase,preparation,86352,86779,427,427,0.193,-528,1262
85824,88041,2217,0,GE-Phase,stroke,86779,87587,808,808,0.364,-955,454
85824,88041,2217,0,GE-Phase,preparation,87587,88111,524,454,0.205,-1763,-70
88041,89282,1241,0,GE-Phrase,235,87587,88868,1281,827,0.666,454,414
88041,89282,1241,0,GE-Phase,preparation,87587,88111,524,70,0.056,454,1171
88041,89282,1241,0,GE-Phase,stroke,88111,88480,369,369,0.297,-70,802
88041,89282,1241,0,GE-Phase,retraction,88480,88868,388,388,0.313,-439,414
98750,99456,706,0,GE-Phrase,238,97522,99461,1939,706,1.0,1228,-5
98750,99456,706,0,GE-Phase,retraction,98230,99461,1231,706,1.0,520,-5
99456,99868,412,0,GE-Phrase,238,97522,99461,1939,5,0.012,1934,407
99456,99868,412,0,GE-Phrase,239,99461,102171,2710,407,0.988,-5,-2303
99456,99868,412,0,GE-Phase,retraction,98230,99461,1231,5,0.012,1226,407
99456,99868,412,0,GE-Phase,preparation,99461,100037,576,407,0.988,-5,-169
100200,101506,1306,0,GE-Phrase,239,99461,102171,2710,1306,1.0,739,-665
100200,101506,1306,0,GE-Phase,stroke,100037,101131,1094,931,0.713,163,375
100200,101506,1306,0,GE-Phase,retraction,101131,102171,1040,375,0.287,-931,-665
101506,102256,750,0,GE-Phrase,239,99461,102171,2710,665,0.887,2045,85
101506,102256,750,0,GE-Phrase,240,102171,104002,1831,85,0.113,-665,-1746
101506,102256,750,0,GE-Phase,retraction,101131,102171,1040,665,0.887,375,85
101506,102256,750,0,GE-Phase,preparation,102171,102490,319,85,0.113,-665,-234
102256,103393,1137,0,GE-Phrase,240,102171,104002,1831,1137,1.0,85,-609
102256,103393,1137,0,GE-Phase,preparation,102171,102490,319,234,0.206,85,903
102256,103393,1137,0,GE-Phase,stroke,102490,102813,323,323,0.284,-234,580
102256,103393,1137,0,GE-Phase,retraction,102813,104002,1189,580,0.51,-557,-609
103393,106072,2679,0,GE-Phrase,240,102171,104002,1831,609,0.227,1222,2070
103393,106072,2679,0,GE-Phase,retraction,102813,104002,1189,609,0.227,580,2070
112081,113696,1615,0,GE-Phrase,241,111522,113521,1999,1440,0.892,559,175
112081,113696,1615,0,GE-Phrase,242,113521,115411,1890,175,0.108,-1440,-1715
112081,113696,1615,0,GE-Phase,preparation,111522,112566,1044,485,0.3,559,1130
112081,113696,1615,0,GE-Phase,stroke,112566,113292,726,726,0.45,-485,404
112081,113696,1615,0,GE-Phase,retraction,113292,113521,229,229,0.142,-1211,175
112081,113696,1615,0,GE-Phase,preparation,113521,113978,457,175,0.108,-1440,-282
113696,114860,1164,0,GE-Phrase,242,113521,115411,1890,1164,1.0,175,-551
113696,114860,1164,0,GE-Phase,preparation,113521,113978,457,282,0.242,175,882
113696,114860,1164,0,GE-Phase,stroke,113978,114582,604,604,0.519,-282,278
113696,114860,1164,0,GE-Phase,retraction,114582,115411,829,278,0.239,-886,-551
114860,115793,933,0,GE-Phrase,242,113521,115411,1890,551,0.591,1339,382
114860,115793,933,0,GE-Phase,retraction,114582,115411,829,551,0.591,278,382
85824,88041,2217,0,GE-Phrase,233,85300,86352,1052,528,0.238,524,1689
85824,88041,2217,0,GE-Phrase,234,86352,87587,1235,1235,0.557,-528,454
85824,88041,2217,0,GE-Phrase,235,87587,88868,1281,454,0.205,-1763,-827
85824,88041,2217,0,GE-Phase,preparation,85300,85900,600,76,0.034,524,2141
85824,88041,2217,0,GE-Phase,stroke,85900,86352,452,452,0.204,-76,1689
85824,88041,2217,0,GE-Phase,preparation,86352,86779,427,427,0.193,-528,1262
85824,88041,2217,0,GE-Phase,stroke,86779,87587,808,808,0.364,-955,454
85824,88041,2217,0,GE-Phase,preparation,87587,88111,524,454,0.205,-1763,-70
88041,89282,1241,0,GE-Phrase,235,87587,88868,1281,827,0.666,454,414
88041,89282,1241,0,GE-Phase,preparation,87587,88111,524,70,0.056,454,1171
88041,89282,1241,0,GE-Phase,stroke,88111,88480,369,369,0.297,-70,802
88041,89282,1241,0,GE-Phase,retraction,88480,88868,388,388,0.313,-439,414
98750,99456,706,0,GE-Phrase,238,97522,99461,1939,706,1.0,1228,-5
98750,99456,706,0,GE-Phase,retraction,98230,99461,1231,706,1.0,520,-5
99456,99868,412,0,GE-Phrase,238,97522,99461,1939,5,0.012,1934,407
99456,99868,412,0,GE-Phrase,239,99461,102171,2710,407,0.988,-5,-2303
99456,99868,412,0,GE-Phase,retraction,98230,99461,1231,5,0.012,1226,407
99456,99868,412,0,GE-Phase,preparation,99461,100037,576,407,0.988,-5,-169
100200,101506,1306,0,GE-Phrase,239,99461,102171,2710,1306,1.0,739,-665
100200,101506,1306,0,GE-Phase,stroke,100037,101131,1094,931,0.713,163,375
100200,101506,1306,0,GE-Phase,retraction,101131,102171,1040,375,0.287,-931,-665
101506,102256,750,0,GE-Phrase,239,99461,102171,2710,665,0.887,2045,85
101506,102256,750,0,GE-Phrase,240,102171,104002,1831,85,0.113,-665,-1746
101506,102256,750,0,GE-Phase,retraction,101131,102171,1040,665,0.887,375,85
101506,102256,750,0,GE-Phase,preparation,102171,102490,319,85,0.113,-665,-234
102256,103393,1137,0,GE-Phrase,240,102171,104002,1831,1137,1.0,85,-609
102256,103393,1137,0,GE-Phase,preparation,102171,102490,319,234,0.206,85,903
102256,103393,1137,0,GE-Phase,stroke,102490,102813,323,323,0.284,-234,580
102256,103393,1137,0,GE-Phase,retraction,102813,104002,1189,580,0.51,-557,-609
103393,106072,2679,0,GE-Phrase,240,102171,104002,1831,609,0.227,1222,2070
103393,106072,2679,0,GE-Phase,retraction,102813,104002,1189,609,0.227,580,2070
112081,113696,1615,0,GE-Phrase,241,111522,113521,1999,1440,0.892,559,175
112081,113696,1615,0,GE-Phrase,242,113521,115411,1890,175,0.108,-1440,-1715
112081,113696,1615,0,GE-Phase,preparation,111522,112566,1044,485,0.3,559,1130
112081,113696,1615,0,GE-Phase,stroke,112566,113292,726,726,0.45,-485,404
112081,113696,1615,0,GE-Phase,retraction,113292,113521,229,229,0.142,-1211,175
112081,113696,1615,0,GE-Phase,preparation,113521,113978,457,175,0.108,-1440,-282
113696,114860,1164,0,GE-Phrase,242,113521,115411,1890,1164,1.0,175,-551
113696,114860,1164,0,GE-Phase,preparation,113521,113978,457,282,0.242,175,882
113696,114860,1164,0,GE-Phase,stroke,113978,114582,604,604,0.519,-282,278
113696,114860,1164,0,GE-Phase,retraction,114582,115411,829,278,0.239,-886,-551
114860,115793,933,0,GE-Phrase,242,113521,115411,1890,551,0.591,1339,382
114860,115793,933,0,GE-Phase,retraction,114582,115411,829,551,0.591,278,382
85824,88041,2217,0,GE-Phrase,233,85300,86352,1052,528,0.238,524,1689
85824,88041,2217,0,GE-Phrase,234,86352,87587,1235,1235,0.557,-528,454
85824,88041,2217,0,GE-Phrase,235,87587,88868,1281,454,0.205,-1763,-827
85824,88041,2217,0,GE-Phase,preparation,85300,85900,600,76,0.034,524,2141
85824,88041,2217,0,GE-Phase,stroke,85900,86352,452,452,0.204,-76,1689
85824,88041,2217,0,GE-Phase,preparation,86352,86779,427,427,0.193,-528,1262
85824,88041,2217,0,GE-Phase,stroke,86779,87587,808,808,0.364,-955,454
85824,88041,2217,0,GE-Phase,preparation,87587,88111,524,454,0.205,-1763,-70
88041,89282,1241,0,GE-Phrase,235,87587,88868,1281,827,0.666,454,414
88041,89282,1241,0,GE-Phase,preparation,87587,88111,524,70,0.056,454,1171
88041,89282,1241,0,GE-Phase,stroke,88111,88480,369,369,0.297,-70,802
88041,89282,1241,0,GE-Phase,retraction,88480,88868,388,388,0.313,-439,414
98750,99456,706,0,GE-Phrase,238,97522,99461,1939,706,1.0,1228,-5
98750,99456,706,0,GE-Phase,retraction,98230,99461,1231,706,1.0,520,-5
99456,99868,412,0,GE-Phrase,238,97522,99461,1939,5,0.012,1934,407
99456,99868,412,0,GE-Phrase,239,99461,102171,2710,407,0.988,-5,-2303
99456,99868,412,0,GE-Phase,retraction,98230,99461,1231,5,0.012,1226,407
99456,99868,412,0,GE-Phase,preparation,99461,100037,576,407,0.988,-5,-169
100200,101506,1306,0,GE-Phrase,239,99461,102171,2710,1306,1.0,739,-665
100200,101506,1306,0,GE-Phase,stroke,100037,101131,1094,931,0.713,163,375
100200,101506,1306,0,GE-Phase,retraction,101131,102171,1040,375,0.287,-931,-665
101506,102256,750,0,GE-Phrase,239,99461,102171,2710,665,0.887,2045,85
101506,102256,750,0,GE-Phrase,240,102171,104002,1831,85,0.113,-665,-1746
101506,102256,750,0,GE-Phase,retraction,101131,102171,1040,665,0.887,375,85
101506,102256,750,0,GE-Phase,preparation,102171,102490,319,85,0.113,-665,-234
102256,103393,1137,0,GE-Phrase,240,102171,104002,1831,1137,1.0,85,-609
102256,103393,1137,0,GE-Phase,preparation,102171,102490,319,234,0.206,85,903
102256,103393,1137,0,GE-Phase,stroke,102490,102813,323,323,0.284,-234,580
102256,103393,1137,0,GE-Phase,retraction,102813,104002,1189,580,0.51,-557,-609
103393,106072,2679,0,GE-Phrase,240,102171,104002,1831,609,0.227,1222,2070
103393,106072,2679,0,GE-Phase,retraction,102813,104002,1189,609,0.227,580,2070
112081,113696,1615,0,GE-Phrase,241,111522,113521,1999,1440,0.892,559,175
112081,113696,1615,0,GE-Phrase,242,113521,115411,1890,175,0.108,-1440,-1715
112081,113696,1615,0,GE-Phase,preparation,111522,112566,1044,485,0.3,559,1130
112081,113696,1615,0,GE-Phase,stroke,112566,113292,726,726,0.45,-485,404
112081,113696,1615,0,GE-Phase,retraction,113292,113521,229,229,0.142,-1211,175
112081,113696,1615,0,GE-Phase,preparation,113521,113978,457,175,0.108,-1440,-282
113696,114860,1164,0,GE-Phrase,242,113521,115411,1890,1164,1.0,175,-551
113696,114860,1164,0,GE-Phase,preparation,113521,113978,457,282,0.242,175,882
113696,114860,1164,0,GE-Phase,stroke,113978,114582,604,604,0.519,-282,278
113696,114860,1164,0,GE-Phase,retraction,114582,115411,829,278,0.239,-886,-551
114860,115793,933,0,GE-Phrase,242,113521,115411,1890,551,0.591,1339,382
114860,115793,933,0,GE-Phase,retraction,114582,115411,829,551,0.591,278,382
85824,88041,2217,0,GE-Phrase,233,85300,86352,1052,528,0.238,524,1689
85824,88041,2217,0,GE-Phrase,234,86352,87587,1235,1235,0.557,-528,454
85824,88041,2217,0,GE-Phrase,235,87587,88868,1281,454,0.205,-1763,-827
85824,88041,2217,0,GE-Phase,preparation,85300,85900,600,76,0.034,524,2141
85824,88041,2217,0,GE-Phase,stroke,85900,86352,452,452,0.204,-76,1689
85824,88041,2217,0,GE-Phase,preparation,86352,86779,427,427,0.193,-528,1262
85824,88041,2217,0,GE-Phase,stroke,86779,87587,808,808,0.364,-955,454
85824,88041,2217,0,GE-Phase,preparation,87587,88111,524,454,0.205,-1763,-70
88041,89282,1241,0,GE-Phrase,235,87587,88868,1281,827,0.666,454,414
88041,89282,1241,0,GE-Phase,preparation,87587,88111,524,70,0.056,454,1171
88041,89282,1241,0,GE-Phase,stroke,88111,88480,369,369,0.297,-70,802
88041,89282,1241,0,GE-Phase,retraction,88480,88868,388,388,0.313,-439,414
98750,99456,706,0,GE-Phrase,238,97522,99461,1939,706,1.0,1228,-5
98750,99456,706,0,GE-Phase,retraction,98230,99461,1231,706,1.0,520,-5
99456,99868,412,0,GE-Phrase,238,97522,99461,1939,5,0.012,1934,407
99456,99868,412,0,GE-Phrase,239,99461,102171,2710,407,0.988,-5,-2303
99456,99868,412,0,GE-Phase,retraction,98230,99461,1231,5,0.012,1226,407
99456,99868,412,0,GE-Phase,preparation,99461,100037,576,407,0.988,-5,-169
100200,101506,1306,0,GE-Phrase,239,99461,102171,2710,1306,1.0,739,-665
100200,101506,1306,0,GE-Phase,stroke,100037,101131,1094,931,0.713,163,375
100200,101506,1306,0,GE-Phase,retraction,101131,102171,1040,375,0.287,-931,-665
101506,102256,750,0,GE-Phrase,239,99461,102171,2710,665,0.887,2045,85
101506,102256,750,0,GE-Phrase,240,102171,104002,1831,85,0.113,-665,-1746
101506,102256,750,0,GE-Phase,retraction,101131,102171,1040,665,0.887,375,85
101506,102256,750,0,GE-Phase,preparation,102171,102490,319,85,0.113,-665,-234
102256,103393,1137,0,GE-Phrase,240,102171,104002,1831,1137,1.0,85,-609
102256,103393,1137,0,GE-Phase,preparation,102171,102490,319,234,0.206,85,903
102256,103393,1137,0,GE-Phase,stroke,102490,102813,323,323,0.284,-234,580
102256,103393,1137,0,GE-Phase,retraction,102813,104002,1189,580,0.51,-557,-609
103393,106072,2679,0,GE-Phrase,240,102171,104002,1831,609,0.227,1222,2070
103393,106072,2679,0,GE-Phase,retraction,102813,104002,1189,609,0.227,580,2070
112081,113696,1615,0,GE-Phrase,241,111522,113521,1999,1440,0.892,559,175
112081,113696,1615,0,GE-Phrase,242,113521,115411,1890,175,0.108,-1440,-1715
112081,113696,1615,0,GE-Phase,preparation,111522,112566,1044,485,0.3,559,1130
112081,113696,1615,0,GE-Phase,stroke,112566,113292,726,726,0.45,-485,404
112081,113696,1615,0,GE-Phase,retraction,113292,113521,229,229,0.142,-1211,175
112081,113696,1615,0,GE-Phase,preparation,113521,113978,457,175,0.108,-1440,-282
113696,114860,1164,0,GE-Phrase,242,113521,115411,1890,1164,1.0,175,-551
113696,114860,1164,0,GE-Phase,preparation,113521,113978,457,282,0.242,175,882
113696,114860,1164,0,GE-Phase,stroke,113978,114582,604,604,0.519,-282,278
113696,114860,1164,0,GE-Phase,retraction,114582,115411,829,278,0.239,-886,-551
114860,115793,933,0,GE-Phrase,242,113521,115411,1890,551,0.591,1339,382
114860,115793,933,0,GE-Phase,retraction,114582,115411,829,551,0.591,278,382
85824,88041,2217,0,GE-Phrase,233,85300,86352,1052,528,0.238,524,1689
85824,88041,2217,0,GE-Phrase,234,86352,87587,1235,1235,0.557,-528,454
85824,88041,2217,0,GE-Phrase,235,87587,88868,1281,454,0.205,-1763,-827
85824,88041,2217,0,GE-Phase,preparation,85300,85900,600,76,0.034,524,2141
85824,88041,2217,0,GE-Phase,stroke,85900,86352,452,452,0.204,-76,1689
85824,88041,2217,0,GE-Phase,preparation,86352,86779,427,427,0.193,-528,1262
85824,88041,2217,0,GE-Phase,stroke,86779,87587,808,808,0.364,-955,454
85824,88041,2217,0,GE-Phase,preparation,87587,88111,524,454,0.205,-1763,-70
88041,89282,1241,0,GE-Phrase,235,87587,88868,1281,827,0.666,454,414
88041,89282,1241,0,GE-Phase,preparation,87587,88111,524,70,0.056,454,1171
88041,89282,1241,0,GE-Phase,stroke,88111,88480,369,369,0.297,-70,802
88041,89282,1241,0,GE-Phase,retraction,88480,88868,388,388,0.313,-439,414
98750,99456,706,0,GE-Phrase,238,97522,99461,1939,706,1.0,1228,-5
98750,99456,706,0,GE-Phase,retraction,98230,99461,1231,706,1.0,520,-5
99456,99868,412,0,GE-Phrase,238,97522,99461,1939,5,0.012,1934,407
99456,99868,412,0,GE-Phrase,239,99461,102171,2710,407,0.988,-5,-2303
99456,99868,412,0,GE-Phase,retraction,98230,99461,1231,5,0.012,1226,407
99456,99868,412,0,GE-Phase,preparation,99461,100037,576,407,0.988,-5,-169
100200,101506,1306,0,GE-Phrase,239,99461,102171,2710,1306,1.0,739,-665
100200,101506,1306,0,GE-Phase,stroke,100037,101131,1094,931,0.713,163,375
100200,101506,1306,0,GE-Phase,retraction,101131,102171,1040,375,0.287,-931,-665
101506,102256,750,0,GE-Phrase,239,99461,102171,2710,665,0.887,2045,85
101506,102256,750,0,GE-Phrase,240,102171,104002,1831,85,0.113,-665,-1746
101506,102256,750,0,GE-Phase,retraction,101131,102171,1040,665,0.887,375,85
101506,102256,750,0,GE-Phase,preparation,102171,102490,319,85,0.113,-665,-234
102256,103393,1137,0,GE-Phrase,240,102171,104002,1831,1137,1.0,85,-609
102256,103393,1137,0,GE-Phase,preparation,102171,102490,319,234,0.206,85,903
102256,103393,1137,0,GE-Phase,stroke,102490,102813,323,323,0.284,-234,580
102256,103393,1137,0,GE-Phase,retraction,102813,104002,1189,580,0.51,-557,-609
103393,106072,2679,0,GE-Phrase,240,102171,104002,1831,609,0.227,1222,2070
103393,106072,2679,0,GE-Phase,retraction,102813,104002,1189,609,0.227,580,2070
112081,113696,1615,0,GE-Phrase,241,111522,113521,1999,1440,0.892,559,175
112081,113696,1615,0,GE-Phrase,242,113521,115411,1890,175,0.108,-1440,-1715
112081,113696,1615,0,GE-Phase,preparation,111522,112566,1044,485,0.3,559,1130
112081,113696,1615,0,GE-Phase,stroke,112566,113292,726,726,0.45,-485,404
112081,113696,1615,0,GE-Phase,retraction,113292,113521,229,229,0.142,-1211,175
112081,113696,1615,0,GE-Phase,preparation,113521,113978,457,175,0.108,-1440,-282
113696,114860,1164,0,GE-Phrase,242,113521,115411,1890,1164,1.0,175,-551
113696,114860,1164,0,GE-Phase,preparation,113521,113978,457,282,0.242,175,882
113696,114860,1164,0,GE-Phase,stroke,113978,114582,604,604,0.519,-282,278
113696,114860,1164,0,GE-Phase,retraction,114582,115411,829,278,0.239,-886,-551
114860,115793,933,0,GE-Phrase,242,113521,115411,1890,551,0.591,1339,382
114860,115793,933,0,GE-Phase,retraction,114582,115411,829,551,0.591,278,382
85824,88041,2217,0,GE-Phrase,233,85300,86352,1052,528,0.238,524,1689
85824,88041,2217,0,GE-Phrase,234,86352,87587,1235,1235,0.557,-528,454
85824,88041,2217,0,GE-Phrase,235,87587,88868,1281,454,0.205,-1763,-827
85824,88041,2217,0,GE-Phase,preparation,85300,85900,600,76,0.034,524,2141
85824,88041,2217,0,GE-Phase,stroke,85900,86352,452,452,0.204,-76,1689
85824,88041,2217,0,GE-Phase,preparation,86352,86779,427,427,0.193,-528,1262
85824,88041,2217,0,GE-Phase,stroke,86779,87587,808,808,0.364,-955,454
85824,88041,2217,0,GE-Phase,preparation,87587,88111,524,454,0.205,-1763,-70
88041,89282,1241,0,GE-Phrase,235,87587,88868,1281,827,0.666,454,414
88041,89282,1241,0,GE-Phase,preparation,87587,88111,524,70,0.056,454,1171
88041,89282,1241,0,GE-Phase,stroke,88111,88480,369,369,0.297,-70,802
88041,89282,1241,0,GE-Phase,retraction,88480,88868,388,388,0.313,-439,414
98750,99456,706,0,GE-Phrase,238,97522,99461,1939,706,1.0,1228,-5
98750,99456,706,0,GE-Phase,retraction,98230,99461,1231,706,1.0,520,-5
99456,99868,412,0,GE-Phrase,238,97522,99461,1939,5,0.012,1934,407
99456,99868,412,0,GE-Phrase,239,99461,102171,2710,407,0.988,-5,-2303
99456,99868,412,0,GE-Phase,retraction,98230,99461,1231,5,0.012,1226,407
99456,99868,412,0,GE-Phase,preparation,99461,100037,576,407,0.988,-5,-169
100200,101506,1306,0,GE-Phrase,239,99461,102171,2710,1306,1.0,739,-665
100200,101506,1306,0,GE-Phase,stroke,100037,101131,1094,931,0.713,163,375
100200,101506,1306,0,GE-Phase,retraction,101131,102171,1040,375,0.287,-931,-665
101506,102256,750,0,GE-Phrase,239,99461,102171,2710,665,0.887,2045,85
101506,102256,750,0,GE-Phrase,240,102171,104002,1831,85,0.113,-665,-1746
101506,102256,750,0,GE-Phase,retraction,101131,102171,1040,665,0.887,375,85
101506,102256,750,0,GE-Phase,preparation,102171,102490,319,85,0.113,-665,-234
102256,103393,1137,0,GE-Phrase,240,102171,104002,1831,1137,1.0,85,-609
102256,103393,1137,0,GE-Phase,preparation,102171,102490,319,234,0.206,85,903
102256,103393,1137,0,GE-Phase,stroke,102490,102813,323,323,0.284,-234,580
102256,103393,1137,0,GE-Phase,retraction,102813,104002,1189,580,0.51,-557,-609
103393,106072,2679,0,GE-Phrase,240,102171,104002,1831,609,0.227,1222,2070
103393,106072,2679,0,GE-Phase,retraction,102813,104002,1189,609,0.227,580,2070
112081,113696,1615,0,GE-Phrase,241,111522,113521,1999,1440,0.892,559,175
112081,113696,1615,0,GE-Phrase,242,113521,115411,1890,175,0.108,-1440,-1715
112081,113696,1615,0,GE-Phase,preparation,111522,112566,1044,485,0.3,559,1130
112081,113696,1615,0,GE-Phase,stroke,112566,113292,726,726,0.45,-485,404
112081,113696,1615,0,GE-Phase,retraction,113292,113521,229,229,0.142,-1211,175
112081,113696,1615,0,GE-Phase,preparation,113521,113978,457,175,0.108,-1440,-282
113696,114860,1164,0,GE-Phrase,242,113521,115411,1890,1164,1.0,175,-551
113696,114860,1164,0,GE-Phase,preparation,113521,113978,457,282,0.242,175,882
113696,114860,1164,0,GE-Phase,stroke,113978,114582,604,604,0.519,-282,278
113696,114860,1164,0,GE-Phase,retraction,114582,115411,829,278,0.239,-886,-551
114860,115793,933,0,GE-Phrase,242,113521,115411,1890,551,0.591,1339,382
114860,115793,933,0,GE-Phase,retraction,114582,115411,829,551,0.591,278,382
85824,88041,2217,0,GE-Phrase,233,85300,86352,1052,528,0.238,524,1689
85824,88041,2217,0,GE-Phrase,234,86352,87587,1235,1235,0.557,-528,454
85824,88041,2217,0,GE-Phrase,235,87587,88868,1281,454,0.205,-1763,-827
85824,88041,2217,0,GE-Phase,preparation,85300,85900,600,76,0.034,524,2141
85824,88041,2217,0,GE-Phase,stroke,85900,86352,452,452,0.204,-76,1689
85824,88041,2217,0,GE-Phase,preparation,86352,86779,427,427,0.193,-528,1262
85824,88041,2217,0,GE-Phase,stroke,86779,87587,808,808,0.364,-955,454
85824,88041,2217,0,GE-Phase,preparation,87587,88111,524,454,0.205,-1763,-70
88041,89282,1241,0,GE-Phrase,235,87587,88868,1281,827,0.666,454,414
88041,89282,1241,0,GE-Phase,preparation,87587,88111,524,70,0.056,454,1171
88041,89282,1241,0,GE-Phase,stroke,88111,88480,369,369,0.297,-70,802
88041,89282,1241,0,GE-Phase,retraction,88480,88868,388,388,0.313,-439,414
98750,99456,706,0,GE-Phrase,238,97522,99461,1939,706,1.0,1228,-5
98750,99456,706,0,GE-Phase,retraction,98230,99461,1231,706,1.0,520,-5
99456,99868,412,0,GE-Phrase,238,97522,99461,1939,5,0.012,1934,407
99456,99868,412,0,GE-Phrase,239,99461,102171,2710,407,0.988,-5,-2303
99456,99868,412,0,GE-Phase,retraction,98230,99461,1231,5,0.012,1226,407
99456,99868,412,0,GE-Phase,preparation,99461,100037,576,407,0.988,-5,-169
100200,101506,1306,0,GE-Phrase,239,99461,102171,2710,1306,1.0,739,-665
100200,101506,1306,0,GE-Phase,stroke,100037,101131,1094,931,0.713,163,375
100200,101506,1306,0,GE-Phase,retraction,101131,102171,1040,375,0.287,-931,-665
101506,102256,750,0,GE-Phrase,239,99461,102171,2710,665,0.887,2045,85
101506,102256,750,0,GE-Phrase,240,102171,104002,1831,85,0.113,-665,-1746
101506,102256,750,0,GE-Phase,retraction,101131,102171,1040,665,0.887,375,85
101506,102256,750,0,GE-Phase,preparation,102171,102490,319,85,0.113,-665,-234
102256,103393,1137,0,GE-Phrase,240,102171,104002,1831,1137,1.0,85,-609
102256,103393,1137,0,GE-Phase,preparation,102171,102490,319,234,0.206,85,903
102256,103393,1137,0,GE-Phase,stroke,102490,102813,323,323,0.284,-234,580
102256,103393,1137,0,GE-Phase,retraction,102813,104002,1189,580,0.51,-557,-609
103393,106072,2679,0,GE-Phrase,240,102171,104002,1831,609,0.227,1222,2070
103393,106072,2679,0,GE-Phase,retraction,102813,104002,1189,609,0.227,580,2070
112081,113696,1615,0,GE-Phrase,241,111522,113521,1999,1440,0.892,559,175
112081,113696,1615,0,GE-Phrase,242,113521,115411,1890,175,0.108,-1440,-1715
112081,113696,1615,0,GE-Phase,preparation,111522,112566,1044,485,0.3,559,1130
112081,113696,1615,0,GE-Phase,stroke,112566,113292,726,726,0.45,-485,404
112081,113696,1615,0,GE-Phase,retraction,113292,113521,229,229,0.142,-1211,175
112081,113696,1615,0,GE-Phase,preparation,113521,113978,457,175,0.108,-1440,-282
113696,114860,1164,0,GE-Phrase,242,113521,115411,1890,1164,1.0,175,-551
113696,114860,1164,0,GE-Phase,preparation,113521,113978,457,282,0.242,175,882
113696,114860,1164,0,GE-Phase,stroke,113978,114582,604,604,0.519,-282,278
113696,114860,1164,0,GE-Phase,retraction,114582,115411,829,278,0.239,-886,-551
114860,115793,933,0,GE-Phrase,242,113521,115411,1890,551,0.591,1339,382
114860,115793,933,0,GE-Phase,retraction,114582,115411,829,551,0.591,278,382
85824,88041,2217,0,GE-Phrase,233,85300,86352,1052,528,0.238,524,1689
85824,88041,2217,0,GE-Phrase,234,86352,87587,1235,1235,0.557,-528,454
85824,88041,2217,0,GE-Phrase,235,87587,88868,1281,454,0.205,-1763,-827
85824,88041,2217,0,GE-Phase,preparation,85300,85900,600,76,0.034,524,2141
85824,88041,2217,0,GE-Phase,stroke,85900,86352,452,452,0.204,-76,1689
85824,88041,2217,0,GE-Phase,preparation,86352,86779,427,427,0.193,-528,1262
85824,88041,2217,0,GE-Phase,stroke,86779,87587,808,808,0.364,-955,454
85824,88041,2217,0,GE-Phase,preparation,87587,88111,524,454,0.205,-1763,-70
88041,89282,1241,0,GE-Phrase,235,87587,88868,1281,827,0.666,454,414
88041,89282,1241,0,GE-Phase,preparation,87587,88111,524,70,0.056,454,1171
88041,89282,1241,0,GE-Phase,stroke,88111,88480,369,369,0.297,-70,802
88041,89282,1241,0,GE-Phase,retraction,88480,88868,388,388,0.313,-439,414
98750,99456,706,0,GE-Phrase,238,97522,99461,1939,706,1.0,1228,-5
98750,99456,706,0,GE-Phase,retraction,98230,99461,1231,706,1.0,520,-5
99456,99868,412,0,GE-Phrase,238,97522,99461,1939,5,0.012,1934,407
99456,99868,412,0,GE-Phrase,239,99461,102171,2710,407,0.988,-5,-2303
99456,99868,412,0,GE-Phase,retraction,98230,99461,1231,5,0.012,1226,407
99456,99868,412,0,GE-Phase,preparation,99461,100037,576,407,0.988,-5,-169
100200,101506,1306,0,GE-Phrase,239,99461,102171,2710,1306,1.0,739,-665
100200,101506,1306,0,GE-Phase,stroke,100037,101131,1094,931,0.713,163,375
100200,101506,1306,0,GE-Phase,retraction,101131,102171,1040,375,0.287,-931,-665
101506,102256,750,0,GE-Phrase,239,99461,102171,2710,665,0.887,2045,85
101506,102256,750,0,GE-Phrase,240,102171,104002,1831,85,0.113,-665,-1746
101506,102256,750,0,GE-Phase,retraction,101131,102171,1040,665,0.887,375,85
101506,102256,750,0,GE-Phase,preparation,102171,102490,319,85,0.113,-665,-234
102256,103393,1137,0,GE-Phrase,240,102171,104002,1831,1137,1.0,85,-609
102256,103393,1137,0,GE-Phase,preparation,102171,102490,319,234,0.206,85,903
102256,103393,1137,0,GE-Phase,stroke,102490,102813,323,323,0.284,-234,580
102256,103393,1137,0,GE-Phase,retraction,102813,104002,1189,580,0.51,-557,-609
103393,106072,2679,0,GE-Phrase,240,102171,104002,1831,609,0.227,1222,2070
103393,106072,2679,0,GE-Phase,retraction,102813,104002,1189,609,0.227,580,2070
112081,113696,1615,0,GE-Phrase,241,111522,113521,1999,1440,0.892,559,175
112081,113696,1615,0,GE-Phrase,242,113521,115411,1890,175,0.108,-1440,-1715
112081,113696,1615,0,GE-Phase,preparation,111522,112566,1044,485,0.3,559,1130
112081,113696,1615,0,GE-Phase,stroke,112566,113292,726,726,0.45,-485,404
112081,113696,1615,0,GE-Phase,retraction,113292,113521,229,229,0.142,-1211,175
112081,113696,1615,0,GE-Phase,preparation,113521,113978,457,175,0.108,-1440,-282
113696,114860,1164,0,GE-Phrase,242,113521,115411,1890,1164,1.0,175,-551
113696,114860,1164,0,GE-Phase,preparation,113521,113978,457,282,0.242,175,882
113696,114860,1164,0,GE-Phase,stroke,113978,114582,604,604,0.519,-282,278
113696,114860,1164,0,GE-Phase,retraction,114582,115411,829,278,0.239,-886,-551
114860,115793,933,0,GE-Phrase,242,113521,115411,1890,551,0.591,1339,382
114860,115793,933,0,GE-Phase,retraction,114582,115411,829,551,0.591,278,382
85824,88041,2217,0,GE-Phrase,233,85300,86352,1052,528,0.238,524,1689
85824,88041,2217,0,GE-Phrase,234,86352,87587,1235,1235,0.557,-528,454
85824,88041,2217,0,GE-Phrase,235,87587,88868,1281,454,0.205,-1763,-827
85824,88041,2217,0,GE-Phase,preparation,85300,85900,600,76,0.034,524,2141
85824,88041,2217,0,GE-Phase,stroke,85900,86352,452,452,0.204,-76,1689
85824,88041,2217,0,GE-Phase,preparation,86352,86779,427,427,0.193,-528,1262
85824,88041,2217,0,GE-Phase,stroke,86779,87587,808,808,0.364,-955,454
85824,88041,2217,0,GE-Phase,preparation,87587,88111,524,454,0.205,-1763,-70
88041,89282,1241,0,GE-Phrase,235,87587,88868,1281,827,0.666,454,414
88041,89282,1241,0,GE-Phase,preparation,87587,88111,524,70,0.056,454,1171
88041,89282,1241,0,GE-Phase,stroke,88111,88480,369,369,0.297,-70,802
88041,89282,1241,0,GE-Phase,retraction,88480,88868,388,388,0.313,-439,414
98750,99456,706,0,GE-Phrase,238,97522,99461,1939,706,1.0,1228,-5
98750,99456,706,0,GE-Phase,retraction,98230,99461,1231,706,1.0,520,-5
99456,99868,412,0,GE-Phrase,238,97522,99461,1939,5,0.012,1934,407
99456,99868,412,0,GE-Phrase,239,99461,102171,2710,407,0.988,-5,-2303
99456,99868,412,0,GE-Phase,retraction,98230,99461,1231,5,0.012,1226,407
99456,99868,412,0,GE-Phase,preparation,99461,100037,576,407,0.988,-5,-169
100200,101506,1306,0,GE-Phrase,239,99461,102171,2710,1306,1.0,739,-665
100200,101506,1306,0,GE-Phase,stroke,100037,101131,1094,931,0.713,163,375
100200,101506,1306,0,GE-Phase,retraction,101131,102171,1040,375,0.287,-931,-665
101506,102256,750,0,GE-Phrase,239,99461,102171,2710,665,0.887,2045,85
101506,102256,750,0,GE-Phrase,240,102171,104002,1831,85,0.113,-665,-1746
101506,102256,750,0,GE-Phase,retraction,101131,102171,1040,665,0.887,375,85
101506,102256,750,0,GE-Phase,preparation,102171,102490,319,85,0.113,-665,-234
102256,103393,1137,0,GE-Phrase,240,102171,104002,1831,1137,1.0,85,-609
102256,103393,1137,0,GE-Phase,preparation,102171,102490,319,234,0.206,85,903
102256,103393,1137,0,GE-Phase,stroke,102490,102813,323,323,0.284,-234,580
102256,103393,1137,0,GE-Phase,retraction,102813,104002,1189,580,0.51,-557,-609
103393,106072,2679,0,GE-Phrase,240,102171,104002,1831,609,0.227,1222,2070
103393,106072,2679,0,GE-Phase,retraction,102813,104002,1189,609,0.227,580,2070
112081,113696,1615,0,GE-Phrase,241,111522,113521,1999,1440,0.892,559,175
112081,113696,1615,0,GE-Phrase,242,113521,115411,1890,175,0.108,-1440,-1715
112081,113696,1615,0,GE-Phase,preparation,111522,112566,1044,485,0.3,559,1130
112081,113696,1615,0,GE-Phase,stroke,112566,113292,726,726,0.45,-485,404
112081,113696,1615,0,GE-Phase,retraction,113292,113521,229,229,0.142,-1211,175
112081,113696,1615,0,GE-Phase,preparation,113521,113978,457,175,0.108,-1440,-282
113696,114860,1164,0,GE-Phrase,242,113521,115411,1890,1164,1.0,175,-551
113696,114860,1164,0,GE-Phase,preparation,113521,113978,457,282,0.242,175,882
113696,114860,1164,0,GE-Phase,stroke,113978,114582,604,604,0.519,-282,278
113696,114860,1164,0,GE-Phase,retraction,114582,115411,829,278,0.239,-886,-551
114860,115793,933,0,GE-Phrase,242,113521,115411,1890,551,0.591,1339,382
114860,115793,933,0,GE-Phase,retraction,114582,115411,829,551,0.591,278,382
85824,88041,2217,0,GE-Phrase,233,85300,86352,1052,528,0.238,524,1689
85824,88041,2217,0,GE-Phrase,234,86352,87587,1235,1235,0.557,-528,454
85824,88041,2217,0,GE-Phrase,235,87587,88868,1281,454,0.205,-1763,-827
85824,88041,2217,0,GE-Phase,preparation,85300,85900,600,76,0.034,524,2141
85824,88041,2217,0,GE-Phase,stroke,85900,86352,452,452,0.204,-76,1689
85824,88041,2217,0,GE-Phase,preparation,86352,86779,427,427,0.193,-528,1262
85824,88041,2217,0,GE-Phase,stroke,86779,87587,808,808,0.364,-955,454
85824,88041,2217,0,GE-Phase,preparation,87587,88111,524,454,0.205,-1763,-70
88041,89282,1241,0,GE-Phrase,235,87587,88868,1281,827,0.666,454,414
88041,89282,1241,0,GE-Phase,preparation,87587,88111,524,70,0.056,454,1171
88041,89282,1241,0,GE-Phase,stroke,88111,88480,369,369,0.297,-70,802
88041,89282,1241,0,GE-Phase,retraction,88480,88868,388,388,0.313,-439,414
98750,99456,706,0,GE-Phrase,238,97522,99461,1939,706,1.0,1228,-5
98750,99456,706,0,GE-Phase,retraction,98230,99461,1231,706,1.0,520,-5
99456,99868,412,0,GE-Phrase,238,97522,99461,1939,5,0.012,1934,407
99456,99868,412,0,GE-Phrase,239,99461,102171,2710,407,0.988,-5,-2303
99456,99868,412,0,GE-Phase,retraction,98230,99461,1231,5,0.012,1226,407
99456,99868,412,0,GE-Phase,preparation,99461,100037,576,407,0.988,-5,-169
100200,101506,1306,0,GE-Phrase,239,99461,102171,2710,1306,1.0,739,-665
100200,101506,1306,0,GE-Phase,stroke,100037,101131,1094,931,0.713,163,375
100200,101506,1306,0,GE-Phase,retraction,101131,102171,1040,375,0.287,-931,-665
101506,102256,750,0,GE-Phrase,239,99461,102171,2710,665,0.887,2045,85
101506,102256,750,0,GE-Phrase,240,102171,104002,1831,85,0.113,-665,-1746
101506,102256,750,0,GE-Phase,retraction,101131,102171,1040,665,0.887,375,85
101506,102256,750,0,GE-Phase,preparation,102171,102490,319,85,0.113,-665,-234
102256,103393,1137,0,GE-Phrase,240,102171,104002,1831,1137,1.0,85,-609
102256,103393,1137,0,GE-Phase,preparation,102171,102490,319,234,0.206,85,903
102256,103393,1137,0,GE-Phase,stroke,102490,102813,323,323,0.284,-234,580
102256,103393,1137,0,GE-Phase,retraction,102813,104002,1189,580,0.51,-557,-609
103393,106072,2679,0,GE-Phrase,240,102171,104002,1831,609,0.227,1222,2070
103393,106072,2679,0,GE-Phase,retraction,102813,104002,1189,609,0.227,580,2070
112081,113696,1615,0,GE-Phrase,241,111522,113521,1999,1440,0.892,559,175
112081,113696,1615,0,GE-Phrase,242,113521,115411,1890,175,0.108,-1440,-1715
112081,113696,1615,0,GE-Phase,preparation,111522,112566,1044,485,0.3,559,1130
112081,113696,1615,0,GE-Phase,stroke,112566,113292,726,726,0.45,-485,404
112081,113696,1615,0,GE-Phase,retraction,113292,113521,229,229,0.142,-1211,175
112081,113696,1615,0,GE-Phase,preparation,113521,113978,457,175,0.108,-1440,-282
113696,114860,1164,0,GE-Phrase,242,113521,115411,1890,1164,1.0,175,-551
113696,114860,1164,0,GE-Phase,preparation,113521,113978,457,282,0.242,175,882
113696,114860,1164,0,GE-Phase,stroke,113978,114582,604,604,0.519,-282,278
113696,114860,1164,0,GE-Phase,retraction,114582,115411,829,278,0.239,-886,-551
114860,115793,933,0,GE-Phrase,242,113521,115411,1890,551,0.591,1339,382
114860,115793,933,0,GE-Phase,retraction,114582,115411,829,551,0.591,278,382
85824,88041,2217,0,GE-Phrase,233,85300,86352,1052,528,0.238,524,1689
85824,88041,2217,0,GE-Phrase,234,86352,87587,1235,1235,0.557,-528,454
85824,88041,2217,0,GE-Phrase,235,87587,88868,1281,454,0.205,-1763,-827
85824,88041,2217,0,GE-Phase,preparation,85300,85900,600,76,0.034,524,2141
85824,88041,2217,0,GE-Phase,stroke,85900,86352,452,452,0.204,-76,1689
85824,88041,2217,0,GE-Phase,preparation,86352,86779,427,427,0.193,-528,1262
85824,88041,2217,0,GE-Phase,stroke,86779,87587,808,808,0.364,-955,454
85824,88041,2217,0,GE-Phase,preparation,87587,88111,524,454,0.205,-1763,-70
88041,89282,1241,0,GE-Phrase,235,87587,88868,1281,827,0.666,454,414
88041,89282,1241,0,GE-Phase,preparation,87587,88111,524,70,0.056,454,1171
88041,89282,1241,0,GE-Phase,stroke,88111,88480,369,369,0.297,-70,802
88041,89282,1241,0,GE-Phase,retraction,88480,88868,388,388,0.313,-439,414
98750,99456,706,0,GE-Phrase,238,97522,99461,1939,706,1.0,1228,-5
98750,99456,706,0,GE-Phase,retraction,98230,99461,1231,706,1.0,520,-5
99456,99868,412,0,GE-Phrase,238,97522,99461,1939,5,0.012,1934,407
99456,99868,412,0,GE-Phrase,239,99461,102171,2710,407,0.988,-5,-2303
99456,99868,412,0,GE-Phase,retraction,98230,99461,1231,5,0.012,1226,407
99456,99868,412,0,GE-Phase,preparation,99461,100037,576,407,0.988,-5,-169
100200,101506,1306,0,GE-Phrase,239,99461,102171,2710,1306,1.0,739,-665
100200,101506,1306,0,GE-Phase,stroke,100037,101131,1094,931,0.713,163,375
100200,101506,1306,0,GE-Phase,retraction,101131,102171,1040,375,0.287,-931,-665
101506,102256,750,0,GE-Phrase,239,99461,102171,2710,665,0.887,2045,85
101506,102256,750,0,GE-Phrase,240,102171,104002,1831,85,0.113,-665,-1746
101506,102256,750,0,GE-Phase,retraction,101131,102171,1040,665,0.887,375,85
101506,102256,750,0,GE-Phase,preparation,102171,102490,319,85,0.113,-665,-234
102256,103393,1137,0,GE-Phrase,240,102171,104002,1831,1137,1.0,85,-609
102256,103393,1137,0,GE-Phase,preparation,102171,102490,319,234,0.206,85,903
102256,103393,1137,0,GE-Phase,stroke,102490,102813,323,323,0.284,-234,580
102256,103393,1137,0,GE-Phase,retraction,102813,104002,1189,580,0.51,-557,-609
103393,106072,2679,0,GE-Phrase,240,102171,104002,1831,609,0.227,1222,2070
103393,106072,2679,0,GE-Phase,retraction,102813,104002,1189,609,0.227,580,2070
112081,113696,1615,0,GE-Phrase,241,111522,113521,1999,1440,0.892,559,175
112081,113696,1615,0,GE-Phrase,242,113521,115411,1890,175,0.108,-1440,-1715
112081,113696,1615,0,GE-Phase,preparation,111522,112566,1044,485,0.3,559,1130
112081,113696,1615,0,GE-Phase,stroke,112566,113292,726,726,0.45,-485,404
112081,113696,1615,0,GE-Phase,retraction,113292,113521,229,229,0.142,-1211,175
112081,113696,1615,0,GE-Phase,preparation,113521,113978,457,175,0.108,-1440,-282
113696,114860,1164,0,GE-Phrase,242,113521,115411,1890,1164,1.0,175,-551
113696,114860,1164,0,GE-Phase,preparation,113521,113978,457,282,0.242,175,882
113696,114860,1164,0,GE-Phase,stroke,113978,114582,604,604,0.519,-282,278
113696,114860,1164,0,GE-Phase,retraction,114582,115411,829,278,0.239,-886,-551
114860,115793,933,0,GE-Phrase,242,113521,115411,1890,551,0.591,1339,382
114860,115793,933,0,GE-Phase,retraction,114582,115411,829,551,0.591,278,382
85824,88041,2217,0,GE-Phrase,233,85300,86352,1052,528,0.238,524,1689
85824,88041,2217,0,GE-Phrase,234,86352,87587,1235,1235,0.557,-528,454
85824,88041,2217,0,GE-Phrase,235,87587,88868,1281,454,0.205,-1763,-827
85824,88041,2217,0,GE-Phase,preparation,85300,85900,600,76,0.034,524,2141
85824,88041,2217,0,GE-Phase,stroke,85900,86352,452,452,0.204,-76,1689
85824,88041,2217,0,GE-Phase,preparation,86352,86779,427,427,0.193,-528,1262
85824,88041,2217,0,GE-Phase,stroke,86779,87587,808,808,0.364,-955,454
85824,88041,2217,0,GE-Phase,preparation,87587,88111,524,454,0.205,-1763,-70
88041,89282,1241,0,GE-Phrase,235,87587,88868,1281,827,0.666,454,414
88041,89282,1241,0,GE-Phase,preparation,87587,88111,524,70,0.056,454,1171
88041,89282,1241,0,GE-Phase,stroke,88111,88480,369,369,0.297,-70,802
88041,89282,1241,0,GE-Phase,retraction,88480,88868,388,388,0.313,-439,414
98750,99456,706,0,GE-Phrase,238,97522,99461,1939,706,1.0,1228,-5
98750,99456,706,0,GE-Phase,retraction,98230,99461,1231,706,1.0,520,-5
99456,99868,412,0,GE-Phrase,238,97522,99461,1939,5,0.012,1934,407
99456,99868,412,0,GE-Phrase,239,99461,102171,2710,407,0.988,-5,-2303
99456,99868,412,0,GE-Phase,retraction,98230,99461,1231,5,0.012,1226,407
99456,99868,412,0,GE-Phase,preparation,99461,100037,576,407,0.988,-5,-169
100200,101506,1306,0,GE-Phrase,239,99461,102171,2710,1306,1.0,739,-665
100200,101506,1306,0,GE-Phase,stroke,100037,101131,1094,931,0.713,163,375
100200,101506,1306,0,GE-Phase,retraction,101131,102171,1040,375,0.287,-931,-665
101506,102256,750,0,GE-Phrase,239,99461,102171,2710,665,0.887,2045,85
101506,102256,750,0,GE-Phrase,240,102171,104002,1831,85,0.113,-665,-1746
101506,102256,750,0,GE-Phase,retraction,101131,102171,1040,665,0.887,375,85
101506,102256,750,0,GE-Phase,preparation,102171,102490,319,85,0.113,-665,-234
102256,103393,1137,0,GE-Phrase,240,102171,104002,1831,1137,1.0,85,-609
102256,103393,1137,0,GE-Phase,preparation,102171,102490,319,234,0.206,85,903
102256,103393,1137,0,GE-Phase,stroke,102490,102813,323,323,0.284,-234,580
102256,103393,1137,0,GE-Phase,retraction,102813,104002,1189,580,0.51,-557,-609
103393,106072,2679,0,GE-Phrase,240,102171,104002,1831,609,0.227,1222,2070
103393,106072,2679,0,GE-Phase,retraction,102813,104002,1189,609,0.227,580,2070
112081,113696,1615,0,GE-Phrase,241,111522,113521,1999,1440,0.892,559,175
112081,113696,1615,0,GE-Phrase,242,113521,115411,1890,175,0.108,-1440,-1715
112081,113696,1615,0,GE-Phase,preparation,111522,112566,1044,485,0.3,559,1130
112081,113696,1615,0,GE-Phase,stroke,112566,113292,726,726,0.45,-485,404
112081,113696,1615,0,GE-Phase,retraction,113292,113521,229,229,0.142,-1211,175
112081,113696,1615,0,GE-Phase,preparation,113521,113978,457,175,0.108,-1440,-282
113696,114860,1164,0,GE-Phrase,242,113521,115411,1890,1164,1.0,175,-551
113696,114860,1164,0,GE-Phase,preparation,113521,113978,457,282,0.242,175,882
113696,114860,1164,0,GE-Phase,stroke,113978,114582,604,604,0.519,-282,278
113696,114860,1164,0,GE-Phase,retraction,114582,115411,829,278,0.239,-886,-551
114860,115793,933,0,GE-Phrase,242,113521,115411,1890,551,0.591,1339,382
114860,115793,933,0,GE-Phase,retraction,114582,115411,829,551,0.591,278,382
85824,88041,2217,0,GE-Phrase,233,85300,86352,1052,528,0.238,524,1689
85824,88041,2217,0,GE-Phrase,234,86352,87587,1235,1235,0.557,-528,454
85824,88041,2217,0,GE-Phrase,235,87587,88868,1281,454,0.205,-1763,-827
85824,88041,2217,0,GE-Phase,preparation,85300,85900,600,76,0.034,524,2141
85824,88041,2217,0,GE-Phase,stroke,85900,86352,452,452,0.204,-76,1689
85824,88041,2217,0,GE-Phase,preparation,86352,86779,427,427,0.193,-528,1262
85824,88041,2217,0,GE-Phase,stroke,86779,87587,808,808,0.364,-955,454
85824,88041,2217,0,GE-Phase,preparation,87587,88111,524,454,0.205,-1763,-70
88041,89282,1241,0,GE-Phrase,235,87587,88868,1281,827,0.666,454,414
88041,89282,1241,0,GE-Phase,preparation,87587,88111,524,70,0.056,454,1171
88041,89282,1241,0,GE-Phase,stroke,88111,88480,369,369,0.297,-70,802
88041,89282,1241,0,GE-Phase,retraction,88480,88868,388,388,0.313,-439,414
98750,99456,706,0,GE-Phrase,238,97522,99461,1939,706,1.0,1228,-5
98750,99456,706,0,GE-Phase,retraction,98230,99461,1231,706,1.0,520,-5
99456,99868,412,0,GE-Phrase,238,97522,99461,1939,5,0.012,1934,407
99456,99868,412,0,GE-Phrase,239,99461,102171,2710,407,0.988,-5,-2303
99456,99868,412,0,GE-Phase,retraction,98230,99461,1231,5,0.012,1226,407
99456,99868,412,0,GE-Phase,preparation,99461,100037,576,407,0.988,-5,-169
100200,101506,1306,0,GE-Phrase,239,99461,102171,2710,1306,1.0,739,-665
100200,101506,1306,0,GE-Phase,stroke,100037,101131,1094,931,0.713,163,375
100200,101506,1306,0,GE-Phase,retraction,101131,102171,1040,375,0.287,-931,-665
101506,102256,750,0,GE-Phrase,239,99461,102171,2710,665,0.887,2045,85
101506,102256,750,0,GE-Phrase,240,102171,104002,1831,85,0.113,-665,-1746
101506,102256,750,0,GE-Phase,retraction,101131,102171,1040,665,0.887,375,85
101506,102256,750,0,GE-Phase,preparation,102171,102490,319,85,0.113,-665,-234
102256,103393,1137,0,GE-Phrase,240,102171,104002,1831,1137,1.0,85,-609
102256,103393,1137,0,GE-Phase,preparation,102171,102490,319,234,0.206,85,903
102256,103393,1137,0,GE-Phase,stroke,102490,102813,323,323,0.284,-234,580
102256,103393,1137,0,GE-Phase,retraction,102813,104002,1189,580,0.51,-557,-609
103393,106072,2679,0,GE-Phrase,240,102171,104002,1831,609,0.227,1222,2070
103393,106072,2679,0,GE-Phase,retraction,102813,104002,1189,609,0.227,580,2070
112081,113696,1615,0,GE-Phrase,241,111522,113521,1999,1440,0.892,559,175
112081,113696,1615,0,GE-Phrase,242,113521,115411,1890,175,0.108,-1440,-1715
112081,113696,1615,0,GE-Phase,preparation,111522,112566,1044,485,0.3,559,1130
112081,113696,1615,0,GE-Phase,stroke,112566,113292,726,726,0.45,-485,404
112081,113696,1615,0,GE-Phase,retraction,113292,113521,229,229,0.142,-1211,175
112081,113696,1615,0,GE-Phase,preparation,113521,113978,457,175,0.108,-1440,-282
113696,114860,1164,0,GE-Phrase,242,113521,115411,1890,1164,1.0,175,-551
113696,114860,1164,0,GE-Phase,preparation,113521,113978,457,282,0.242,175,882
113696,114860,1164,0,GE-Phase,stroke,113978,114582,604,604,0.519,-282,278
113696,114860,1164,0,GE-Phase,retraction,114582,115411,829,278,0.239,-886,-551
114860,115793,933,0,GE-Phrase,242,113521,115411,1890,551,0.591,1339,382
114860,115793,933,0,GE-Phase,retraction,114582,115411,829,551,0.591,278,382
85824,88041,2217,0,GE-Phrase,233,85300,86352,1052,528,0.238,524,1689
85824,88041,2217,0,GE-Phrase,234,86352,87587,1235,1235,0.557,-528,454
85824,88041,2217,0,GE-Phrase,235,87587,88868,1281,454,0.205,-1763,-827
85824,88041,2217,0,GE-Phase,preparation,85300,85900,600,76,0.034,524,2141
85824,88041,2217,0,GE-Phase,stroke,85900,86352,452,452,0.204,-76,1689
85824,88041,2217,0,GE-Phase,preparation,86352,86779,427,427,0.193,-528,1262
85824,88041,2217,0,GE-Phase,stroke,86779,87587,808,808,0.364,-955,454
85824,88041,2217,0,GE-Phase,preparation,87587,88111,524,454,0.205,-1763,-70
88041,89282,1241,0,GE-Phrase,235,87587,88868,1281,827,0.666,454,414
88041,89282,1241,0,GE-Phase,preparation,87587,88111,524,70,0.056,454,1171
88041,89282,1241,0,GE-Phase,stroke,88111,88480,369,369,0.297,-70,802
88041,89282,1241,0,GE-Phase,retraction,88480,88868,388,388,0.313,-439,414
98750,99456,706,0,GE-Phrase,238,97522,99461,1939,706,1.0,1228,-5
98750,99456,706,0,GE-Phase,retraction,98230,99461,1231,706,1.0,520,-5
99456,99868,412,0,GE-Phrase,238,97522,99461,1939,5,0.012,1934,407
99456,99868,412,0,GE-Phrase,239,99461,102171,2710,407,0.988,-5,-2303
99456,99868,412,0,GE-Phase,retraction,98230,99461,1231,5,0.012,1226,407
99456,99868,412,0,GE-Phase,preparation,99461,100037,576,407,0.988,-5,-169
100200,101506,1306,0,GE-Phrase,239,99461,102171,2710,1306,1.0,739,-665
100200,101506,1306,0,GE-Phase,stroke,100037,101131,1094,931,0.713,163,375
100200,101506,1306,0,GE-Phase,retraction,101131,102171,1040,375,0.287,-931,-665
101506,102256,750,0,GE-Phrase,239,99461,102171,2710,665,0.887,2045,85
101506,102256,750,0,GE-Phrase,240,102171,104002,1831,85,0.113,-665,-1746
101506,102256,750,0,GE-Phase,retraction,101131,102171,1040,665,0.887,375,85
101506,102256,750,0,GE-Phase,preparation,102171,102490,319,85,0.113,-665,-234
102256,103393,1137,0,GE-Phrase,240,102171,104002,1831,1137,1.0,85,-609
102256,103393,1137,0,GE-Phase,preparation,102171,102490,319,234,0.206,85,903
102256,103393,1137,0,GE-Phase,stroke,102490,102813,323,323,0.284,-234,580
102256,103393,1137,0,GE-Phase,retraction,102813,104002,1189,580,0.51,-557,-609
103393,106072,2679,0,GE-Phrase,240,102171,104002,1831,609,0.227,1222,2070
103393,106072,2679,0,GE-Phase,retraction,102813,104002,1189,609,0.227,580,2070
112081,113696,1615,0,GE-Phrase,241,111522,113521,1999,1440,0.892,559,175
112081,113696,1615,0,GE-Phrase,242,113521,115411,1890,175,0.108,-1440,-1715
112081,113696,1615,0,GE-Phase,preparation,111522,112566,1044,485,0.3,559,1130
112081,113696,1615,0,GE-Phase,stroke,112566,113292,726,726,0.45,-485,404
112081,113696,1615,0,GE-Phase,retraction,113292,113521,229,229,0.142,-1211,175
112081,113696,1615,0,GE-Phase,preparation,113521,113978,457,175,0.108,-1440,-282
113696,114860,1164,0,GE-Phrase,242,113521,115411,1890,1164,1.0,175,-551
113696,114860,1164,0,GE-Phase,preparation,113521,113978,457,282,0.242,175,882
113696,114860,1164,0,GE-Phase,stroke,113978,114582,604,604,0.519,-282,278
113696,114860,1164,0,GE-Phase,retraction,114582,115411,829,278,0.239,-886,-551
114860,115793,933,0,GE-Phrase,242,113521,115411,1890,551,0.591,1339,382
114860,115793,933,0,GE-Phase,retraction,114582,115411,829,551,0.591,278,382
85824,88041,2217,0,GE-Phrase,233,85300,86352,1052,528,0.238,524,1689
85824,88041,2217,0,GE-Phrase,234,86352,87587,1235,1235,0.557,-528,454
85824,88041,2217,0,GE-Phrase,235,87587,88868,1281,454,0.205,-1763,-827
85824,88041,2217,0,GE-Phase,preparation,85300,85900,600,76,0.034,524,2141
85824,88041,2217,0,GE-Phase,stroke,85900,86352,452,452,0.204,-76,1689
85824,88041,2217,0,GE-Phase,preparation,86352,86779,427,427,0.193,-528,1262
85824,88041,2217,0,GE-Phase,stroke,86779,87587,808,808,0.364,-955,454
85824,88041,2217,0,GE-Phase,preparation,87587,88111,524,454,0.205,-1763,-70
88041,89282,1241,0,GE-Phrase,235,87587,88868,1281,827,0.666,454,414
88041,89282,1241,0,GE-Phase,preparation,87587,88111,524,70,0.056,454,1171
88041,89282,1241,0,GE-Phase,stroke,88111,88480,369,369,0.297,-70,802
88041,89282,1241,0,GE-Phase,retraction,88480,88868,388,388,0.313,-439,414
98750,99456,706,0,GE-Phrase,238,97522,99461,1939,706,1.0,1228,-5
98750,99456,706,0,GE-Phase,retraction,98230,99461,1231,706,1.0,520,-5
99456,99868,412,0,GE-Phrase,238,97522,99461,1939,5,0.012,1934,407
99456,99868,412,0,GE-Phrase,239,99461,102171,2710,407,0.988,-5,-2303
99456,99868,412,0,GE-Phase,retraction,98230,99461,1231,5,0.012,1226,407
99456,99868,412,0,GE-Phase,preparation,99461,100037,576,407,0.988,-5,-169
100200,101506,1306,0,GE-Phrase,239,99461,102171,2710,1306,1.0,739,-665
100200,101506,1306,0,GE-Phase,stroke,100037,101131,1094,931,0.713,163,375
100200,101506,1306,0,GE-Phase,retraction,101131,102171,1040,375,0.287,-931,-665
101506,102256,750,0,GE-Phrase,239,99461,102171,2710,665,0.887,2045,85
101506,102256,750,0,GE-Phrase,240,102171,104002,1831,85,0.113,-665,-1746
101506,102256,750,0,GE-Phase,retraction,101131,102171,1040,665,0.887,375,85
101506,102256,750,0,GE-Phase,preparation,102171,102490,319,85,0.113,-665,-234
102256,103393,1137,0,GE-Phrase,240,102171,104002,1831,1137,1.0,85,-609
102256,103393,1137,0,GE-Phase,preparation,102171,102490,319,234,0.206,85,903
102256,103393,1137,0,GE-Phase,stroke,102490,102813,323,323,0.284,-234,580
102256,103393,1137,0,GE-Phase,retraction,102813,104002,1189,580,0.51,-557,-609
103393,106072,2679,0,GE-Phrase,240,102171,104002,1831,609,0.227,1222,2070
103393,106072,2679,0,GE-Phase,retraction,102813,104002,1189,609,0.227,580,2070
112081,113696,1615,0,GE-Phrase,241,111522,113521,1999,1440,0.892,559,175
112081,113696,1615,0,GE-Phrase,242,113521,115411,1890,175,0.108,-1440,-1715
112081,113696,1615,0,GE-Phase,preparation,111522,112566,1044,485,0.3,559,1130
112081,113696,1615,0,GE-Phase,stroke,112566,113292,726,726,0.45,-485,404
112081,113696,1615,0,GE-Phase,retraction,113292,113521,229,229,0.142,-1211,175
112081,113696,1615,0,GE-Phase,preparation,113521,113978,457,175,0.108,-1440,-282
113696,114860,1164,0,GE-Phrase,242,113521,115411,1890,1164,1.0,175,-551
113696,114860,1164,0,GE-Phase,preparation,113521,113978,457,282,0.242,175,882
113696,114860,1164,0,GE-Phase,stroke,113978,114582,604,604,0.519,-282,278
113696,114860,1164,0,GE-Phase,retraction,114582,115411,829,278,0.239,-886,-551
114860,115793,933,0,GE-Phrase,242,113521,115411,1890,551,0.591,1339,382
114860,115793,933,0,GE-Phase,retraction,114582,115411,829,551,0.591,278,382
85824,88041,2217,0,GE-Phrase,233,85300,86352,1052,528,0.238,524,1689
85824,88041,2217,0,GE-Phrase,234,86352,87587,1235,1235,0.557,-528,454
85824,88041,2217,0,GE-Phrase,235,87587,88868,1281,454,0.205,-1763,-827
85824,88041,2217,0,GE-Phase,preparation,85300,85900,600,76,0.034,524,2141
85824,88041,2217,0,GE-Phase,stroke,85900,86352,452,452,0.204,-76,1689
85824,88041,2217,0,GE-Phase,preparation,86352,86779,427,427,0.193,-528,1262
85824,88041,2217,0,GE-Phase,stroke,86779,87587,808,808,0.364,-955,454
85824,88041,2217,0,GE-Phase,preparation,87587,88111,524,454,0.205,-1763,-70
88041,89282,1241,0,GE-Phrase,235,87587,88868,1281,827,0.666,454,414
88041,89282,1241,0,GE-Phase,preparation,87587,88111,524,70,0.056,454,1171
88041,89282,1241,0,GE-Phase,stroke,88111,88480,369,369,0.297,-70,802
88041,89282,1241,0,GE-Phase,retraction,88480,88868,388,388,0.313,-439,414
98750,99456,706,0,GE-Phrase,238,97522,99461,1939,706,1.0,1228,-5
98750,99456,706,0,GE-Phase,retraction,98230,99461,1231,706,1.0,520,-5
99456,99868,412,0,GE-Phrase,238,97522,99461,1939,5,0.012,1934,407
99456,99868,412,0,GE-Phrase,239,99461,102171,2710,407,0.988,-5,-2303
99456,99868,412,0,GE-Phase,retraction,98230,99461,1231,5,0.012,1226,407
99456,99868,412,0,GE-Phase,preparation,99461,100037,576,407,0.988,-5,-169
100200,101506,1306,0,GE-Phrase,239,99461,102171,2710,1306,1.0,739,-665
100200,101506,1306,0,GE-Phase,stroke,100037,101131,1094,931,0.713,163,375
100200,101506,1306,0,GE-Phase,retraction,101131,102171,1040,375,0.287,-931,-665
101506,102256,750,0,GE-Phrase,239,99461,102171,2710,665,0.887,2045,85
101506,102256,750,0,GE-Phrase,240,102171,104002,1831,85,0.113,-665,-1746
101506,102256,750,0,GE-Phase,retraction,101131,102171,1040,665,0.887,375,85
101506,102256,750,0,GE-Phase,preparation,102171,102490,319,85,0.113,-665,-234
102256,103393,1137,0,GE-Phrase,240,102171,104002,1831,1137,1.0,85,-609
102256,103393,1137,0,GE-Phase,preparation,102171,102490,319,234,0.206,85,903
102256,103393,1137,0,GE-Phase,stroke,102490,102813,323,323,0.284,-234,580
102256,103393,1137,0,GE-Phase,retraction,102813,104002,1189,580,0.51,-557,-609
103393,106072,2679,0,GE-Phrase,240,102171,104002,1831,609,0.227,1222,2070
103393,106072,2679,0,GE-Phase,retraction,102813,104002,1189,609,0.227,580,2070
112081,113696,1615,0,GE-Phrase,241,111522,113521,1999,1440,0.892,559,175
112081,113696,1615,0,GE-Phrase,242,113521,115411,1890,175,0.108,-1440,-1715
112081,113696,1615,0,GE-Phase,preparation,111522,112566,1044,485,0.3,559,1130
112081,113696,1615,0,GE-Phase,stroke,112566,113292,726,726,0.45,-485,404
112081,113696,1615,0,GE-Phase,retraction,113292,113521,229,229,0.142,-1211,175
112081,113696,1615,0,GE-Phase,preparation,113521,113978,457,175,0.108,-1440,-282
113696,114860,1164,0,GE-Phrase,242,113521,115411,1890,1164,1.0,175,-551
113696,114860,1164,0,GE-Phase,preparation,113521,113978,457,282,0.242,175,882
113696,114860,1164,0,GE-Phase,stroke,113978,114582,604,604,0.519,-282,278
113696,114860,1164,0,GE-Phase,retraction,114582,115411,829,278,0.239,-886,-551
114860,115793,933,0,GE-Phrase,242,113521,115411,1890,551,0.591,1339,382
114860,115793,933,0,GE-Phase,retraction,114582,115411,829,551,0.591,278,382
85824,88041,2217,0,GE-Phrase,233,85300,86352,1052,528,0.238,524,1689
85824,88041,2217,0,GE-Phrase,234,86352,87587,1235,1235,0.557,-528,454
85824,88041,2217,0,GE-Phrase,235,87587,88868,1281,454,0.205,-1763,-827
85824,88041,2217,0,GE-Phase,preparation,85300,85900,600,76,0.034,524,2141
85824,88041,2217,0,GE-Phase,stroke,85900,86352,452,452,0.204,-76,1689
85824,88041,2217,0,GE-Phase,preparation,86352,86779,427,427,0.193,-528,1262
85824,88041,2217,0,GE-Phase,stroke,86779,87587,808,808,0.364,-955,454
85824,88041,2217,0,GE-Phase,preparation,87587,88111,524,454,0.205,-1763,-70
88041,89282,1241,0,GE-Phrase,235,87587,88868,1281,827,0.666,454,414
88041,89282,1241,0,GE-Phase,preparation,87587,88111,524,70,0.056,454,1171
88041,89282,1241,0,GE-Phase,stroke,88111,88480,369,369,0.297,-70,802
88041,89282,1241,0,GE-Phase,retraction,88480,88868,388,388,0.313,-439,414
98750,99456,706,0,GE-Phrase,238,97522,99461,1939,706,1.0,1228,-5
98750,99456,706,0,GE-Phase,retraction,98230,99461,1231,706,1.0,520,-5
99456,99868,412,0,GE-Phrase,238,97522,99461,1939,5,0.012,1934,407
99456,99868,412,0,GE-Phrase,239,99461,102171,2710,407,0.988,-5,-2303
99456,99868,412,0,GE-Phase,retraction,98230,99461,1231,5,0.012,1226,407
99456,99868,412,0,GE-Phase,preparation,99461,100037,576,407,0.988,-5,-169
100200,101506,1306,0,GE-Phrase,239,99461,102171,2710,1306,1.0,739,-665
100200,101506,1306,0,GE-Phase,stroke,100037,101131,1094,931,0.713,163,375
100200,101506,1306,0,GE-Phase,retraction,101131,102171,1040,375,0.287,-931,-665
101506,102256,750,0,GE-Phrase,239,99461,102171,2710,665,0.887,2045,85
101506,102256,750,0,GE-Phrase,240,102171,104002,1831,85,0.113,-665,-1746
101506,102256,750,0,GE-Phase,retraction,101131,102171,1040,665,0.887,375,85
101506,102256,750,0,GE-Phase,preparation,102171,102490,319,85,0.113,-665,-234
102256,103393,1137,0,GE-Phrase,240,102171,104002,1831,1137,1.0,85,-609
102256,103393,1137,0,GE-Phase,preparation,102171,102490,319,234,0.206,85,903
102256,103393,1137,0,GE-Phase,stroke,102490,102813,323,323,0.284,-234,580
102256,103393,1137,0,GE-Phase,retraction,102813,104002,1189,580,0.51,-557,-609
103393,106072,2679,0,GE-Phrase,240,102171,104002,1831,609,0.227,1222,2070
103393,106072,2679,0,GE-Phase,retraction,102813,104002,1189,609,0.227,580,2070
112081,113696,1615,0,GE-Phrase,241,111522,113521,1999,1440,0.892,559,175
112081,113696,1615,0,GE-Phrase,242,113521,115411,1890,175,0.108,-1440,-1715
112081,113696,1615,0,GE-Phase,preparation,111522,112566,1044,485,0.3,559,1130
112081,113696,1615,0,GE-Phase,stroke,112566,113292,726,726,0.45,-485,404
112081,113696,1615,0,GE-Phase,retraction,113292,113521,229,229,0.142,-1211,175
112081,113696,1615,0,GE-Phase,preparation,113521,113978,457,175,0.108,-1440,-282
113696,114860,1164,0,GE-Phrase,242,113521,115411,1890,1164,1.0,175,-551
113696,114860,1164,0,GE-Phase,preparation,113521,113978,457,282,0.242,175,882
113696,114860,1164,0,GE-Phase,stroke,113978,114582,604,604,0.519,-282,278
113696,114860,1164,0,GE-Phase,retraction,114582,115411,829,278,0.239,-886,-551
114860,115793,933,0,GE-Phrase,242,113521,115411,1890,551,0.591,1339,382
114860,115793,933,0,GE-Phase,retraction,114582,115411,829,551,0.591,278,382
85824,88041,2217,0,GE-Phrase,233,85300,86352,1052,528,0.238,524,1689
85824,88041,2217,0,GE-Phrase,234,86352,87587,1235,1235,0.557,-528,454
85824,88041,2217,0,GE-Phrase,235,87587,88868,1281,454,0.205,-1763,-827
85824,88041,2217,0,GE-Phase,preparation,85300,85900,600,76,0.034,524,2141
85824,88041,2217,0,GE-Phase,stroke,85900,86352,452,452,0.204,-76,1689
85824,88041,2217,0,GE-Phase,preparation,86352,86779,427,427,0.193,-528,1262
85824,88041,2217,0,GE-Phase,stroke,86779,87587,808,808,0.364,-955,454
85824,88041,2217,0,GE-Phase,preparation,87587,88111,524,454,0.205,-1763,-70
88041,89282,1241,0,GE-Phrase,235,87587,88868,1281,827,0.666,454,414
88041,89282,1241,0,GE-Phase,preparation,87587,88111,524,70,0.056,454,1171
88041,89282,1241,0,GE-Phase,stroke,88111,88480,369,369,0.297,-70,802
88041,89282,1241,0,GE-Phase,retraction,88480,88868,388,388,0.313,-439,414
98750,99456,706,0,GE-Phrase,238,97522,99461,1939,706,1.0,1228,-5
98750,99456,706,0,GE-Phase,retraction,98230,99461,1231,706,1.0,520,-5
99456,99868,412,0,GE-Phrase,238,97522,99461,1939,5,0.012,1934,407
99456,99868,412,0,GE-Phrase,239,99461,102171,2710,407,0.988,-5,-2303
99456,99868,412,0,GE-Phase,retraction,98230,99461,1231,5,0.012,1226,407
99456,99868,412,0,GE-Phase,preparation,99461,100037,576,407,0.988,-5,-169
100200,101506,1306,0,GE-Phrase,239,99461,102171,2710,1306,1.0,739,-665
100200,101506,1306,0,GE-Phase,stroke,100037,101131,1094,931,0.713,163,375
100200,101506,1306,0,GE-Phase,retraction,101131,102171,1040,375,0.287,-931,-665
101506,102256,750,0,GE-Phrase,239,99461,102171,2710,665,0.887,2045,85
101506,102256,750,0,GE-Phrase,240,102171,104002,1831,85,0.113,-665,-1746
101506,102256,750,0,GE-Phase,retraction,101131,102171,1040,665,0.887,375,85
101506,102256,750,0,GE-Phase,preparation,102171,102490,319,85,0.113,-665,-234
102256,103393,1137,0,GE-Phrase,240,102171,104002,1831,1137,1.0,85,-609
102256,103393,1137,0,GE-Phase,preparation,102171,102490,319,234,0.206,85,903
102256,103393,1137,0,GE-Phase,stroke,102490,102813,323,323,0.284,-234,580
102256,103393,1137,0,GE-Phase,retraction,102813,104002,1189,580,0.51,-557,-609
103393,106072,2679,0,GE-Phrase,240,102171,104002,1831,609,0.227,1222,2070
103393,106072,2679,0,GE-Phase,retraction,102813,104002,1189,609,0.227,580,2070
112081,113696,1615,0,GE-Phrase,241,111522,113521,1999,1440,0.892,559,175
112081,113696,1615,0,GE-Phrase,242,113521,115411,1890,175,0.108,-1440,-1715
112081,113696,1615,0,GE-Phase,preparation,111522,112566,1044,485,0.3,559,1130
112081,113696,1615,0,GE-Phase,stroke,112566,113292,726,726,0.45,-485,404
112081,113696,1615,0,GE-Phase,retraction,113292,113521,229,229,0.142,-1211,175
112081,113696,1615,0,GE-Phase,preparation,113521,113978,457,175,0.108,-1440,-282
113696,114860,1164,0,GE-Phrase,242,113521,115411,1890,1164,1.0,175,-551
113696,114860,1164,0,GE-Phase,preparation,113521,113978,457,282,0.242,175,882
113696,114860,1164,0,GE-Phase,stroke,113978,114582,604,604,0.519,-282,278
113696,114860,1164,0,GE-Phase,retraction,114582,115411,829,278,0.239,-886,-551
114860,115793,933,0,GE-Phrase,242,113521,115411,1890,551,0.591,1339,382
114860,115793,933,0,GE-Phase,retraction,114582,115411,829,551,0.591,278,382
85824,88041,2217,0,GE-Phrase,233,85300,86352,1052,528,0.238,524,1689
85824,88041,2217,0,GE-Phrase,234,86352,87587,1235,1235,0.557,-528,454
85824,88041,2217,0,GE-Phrase,235,87587,88868,1281,454,0.205,-1763,-827
85824,88041,2217,0,GE-Phase,preparation,85300,85900,600,76,0.034,524,2141
85824,88041,2217,0,GE-Phase,stroke,85900,86352,452,452,0.204,-76,1689
85824,88041,2217,0,GE-Phase,preparation,86352,86779,427,427,0.193,-528,1262
85824,88041,2217,0,GE-Phase,stroke,86779,87587,808,808,0.364,-955,454
85824,88041,2217,0,GE-Phase,preparation,87587,88111,524,454,0.205,-1763,-70
88041,89282,1241,0,GE-Phrase,235,87587,88868,1281,827,0.666,454,414
88041,89282,1241,0,GE-Phase,preparation,87587,88111,524,70,0.056,454,1171
88041,89282,1241,0,GE-Phase,stroke,88111,88480,369,369,0.297,-70,802
88041,89282,1241,0,GE-Phase,retraction,88480,88868,388,388,0.313,-439,414
98750,99456,706,0,GE-Phrase,238,97522,99461,1939,706,1.0,1228,-5
98750,99456,706,0,GE-Phase,retraction,98230,99461,1231,706,1.0,520,-5
99456,99868,412,0,GE-Phrase,238,97522,99461,1939,5,0.012,1934,407
99456,99868,412,0,GE-Phrase,239,99461,102171,2710,407,0.988,-5,-2303
99456,99868,412,0,GE-Phase,retraction,98230,99461,1231,5,0.012,1226,407
99456,99868,412,0,GE-Phase,preparation,99461,100037,576,407,0.988,-5,-169
100200,101506,1306,0,GE-Phrase,239,99461,102171,2710,1306,1.0,739,-665
100200,101506,1306,0,GE-Phase,stroke,100037,101131,1094,931,0.713,163,375
100200,101506,1306,0,GE-Phase,retraction,101131,102171,1040,375,0.287,-931,-665
101506,102256,750,0,GE-Phrase,239,99461,102171,2710,665,0.887,2045,85
101506,102256,750,0,GE-Phrase,240,102171,104002,1831,85,0.113,-665,-1746
101506,102256,750,0,GE-Phase,retraction,101131,102171,1040,665,0.887,375,85
101506,102256,750,0,GE-Phase,preparation,102171,102490,319,85,0.113,-665,-234
102256,103393,1137,0,GE-Phrase,240,102171,104002,1831,1137,1.0,85,-609
102256,103393,1137,0,GE-Phase,preparation,102171,102490,319,234,0.206,85,903
102256,103393,1137,0,GE-Phase,stroke,102490,102813,323,323,0.284,-234,580
102256,103393,1137,0,GE-Phase,retraction,102813,104002,1189,580,0.51,-557,-609
103393,106072,2679,0,GE-Phrase,240,102171,104002,1831,609,0.227,1222,2070
103393,106072,2679,0,GE-Phase,retraction,102813,104002,1189,609,0.227,580,2070
112081,113696,1615,0,GE-Phrase,241,111522,113521,1999,1440,0.892,559,175
112081,113696,1615,0,GE-Phrase,242,113521,115411,1890,175,0.108,-1440,-1715
112081,113696,1615,0,GE-Phase,preparation,111522,112566,1044,485,0.3,559,1130
112081,113696,1615,0,GE-Phase,stroke,112566,113292,726,726,0.45,-485,404
112081,113696,1615,0,GE-Phase,retraction,113292,113521,229,229,0.142,-1211,175
112081,113696,1615,0,GE-Phase,preparation,113521,113978,457,175,0.108,-1440,-282
113696,114860,1164,0,GE-Phrase,242,113521,115411,1890,1164,1.0,175,-551
113696,114860,1164,0,GE-Phase,preparation,113521,113978,457,282,0.242,175,882
113696,114860,1164,0,GE-Phase,stroke,113978,114582,604,604,0.519,-282,278
113696,114860,1164,0,GE-Phase,retraction,114582,115411,829,278,0.239,-886,-551
114860,115793,933,0,GE-Phrase,242,113521,115411,1890,551,0.591,1339,382
114860,115793,933,0,GE-Phase,retraction,114582,115411,829,551,0.591,278,382
85824,88041,2217,0,GE-Phrase,233,85300,86352,1052,528,0.238,524,1689
85824,88041,2217,0,GE-Phrase,234,86352,87587,1235,1235,0.557,-528,454
85824,88041,2217,0,GE-Phrase,235,87587,88868,1281,454,0.205,-1763,-827
85824,88041,2217,0,GE-Phase,preparation,85300,85900,600,76,0.034,524,2141
85824,88041,2217,0,GE-Phase,stroke,85900,86352,452,452,0.204,-76,1689
85824,88041,2217,0,GE-Phase,preparation,86352,86779,427,427,0.193,-528,1262
85824,88041,2217,0,GE-Phase,stroke,86779,87587,808,808,0.364,-955,454
85824,88041,2217,0,GE-Phase,preparation,87587,88111,524,454,0.205,-1763,-70
88041,89282,1241,0,GE-Phrase,235,87587,88868,1281,827,0.666,454,414
88041,89282,1241,0,GE-Phase,preparation,87587,88111,524,70,0.056,454,1171
88041,89282,1241,0,GE-Phase,stroke,88111,88480,369,369,0.297,-70,802
88041,89282,1241,0,GE-Phase,retraction,88480,88868,388,388,0.313,-439,414
98750,99456,706,0,GE-Phrase,238,97522,99461,1939,706,1.0,1228,-5
98750,99456,706,0,GE-Phase,retraction,98230,99461,1231,706,1.0,520,-5
99456,99868,412,0,GE-Phrase,238,97522,99461,1939,5,0.012,1934,407
99456,99868,412,0,GE-Phrase,239,99461,102171,2710,407,0.988,-5,-2303
99456,99868,412,0,GE-Phase,retraction,98230,99461,1231,5,0.012,1226,407
99456,99868,412,0,GE-Phase,preparation,99461,100037,576,407,0.988,-5,-169
100200,101506,1306,0,GE-Phrase,239,99461,102171,2710,1306,1.0,739,-665
100200,101506,1306,0,GE-Phase,stroke,100037,101131,1094,931,0.713,163,375
100200,101506,1306,0,GE-Phase,retraction,101131,102171,1040,375,0.287,-931,-665
101506,102256,750,0,GE-Phrase,239,99461,102171,2710,665,0.887,2045,85
101506,102256,750,0,GE-Phrase,240,102171,104002,1831,85,0.113,-665,-1746
101506,102256,750,0,GE-Phase,retraction,101131,102171,1040,665,0.887,375,85
101506,102256,750,0,GE-Phase,preparation,102171,102490,319,85,0.113,-665,-234
102256,103393,1137,0,GE-Phrase,240,102171,104002,1831,1137,1.0,85,-609
102256,103393,1137,0,GE-Phase,preparation,102171,102490,319,234,0.206,85,903
102256,103393,1137,0,GE-Phase,stroke,102490,102813,323,323,0.284,-234,580
102256,103393,1137,0,GE-Phase,retraction,102813,104002,1189,580,0.51,-557,-609
103393,106072,2679,0,GE-Phrase,240,102171,104002,1831,609,0.227,1222,2070
103393,106072,2679,0,GE-Phase,retraction,102813,104002,1189,609,0.227,580,2070
112081,113696,1615,0,GE-Phrase,241,111522,113521,1999,1440,0.892,559,175
112081,113696,1615,0,GE-Phrase,242,113521,115411,1890,175,0.108,-1440,-1715
112081,113696,1615,0,GE-Phase,preparation,111522,112566,1044,485,0.3,559,1130
112081,113696,1615,0,GE-Phase,stroke,112566,113292,726,726,0.45,-485,404
112081,113696,1615,0,GE-Phase,retraction,113292,113521,229,229,0.142,-1211,175
112081,113696,1615,0,GE-Phase,preparation,113521,113978,457,175,0.108,-1440,-282
113696,114860,1164,0,GE-Phrase,242,113521,115411,1890,1164,1.0,175,-551
113696,114860,1164,0,GE-Phase,preparation,113521,113978,457,282,0.242,175,882
113696,114860,1164,0,GE-Phase,stroke,113978,114582,604,604,0.519,-282,278
113696,114860,1164,0,GE-Phase,retraction,114582,115411,829,278,0.239,-886,-551
114860,115793,933,0,GE-Phrase,242,113521,115411,1890,551,0.591,1339,382
114860,115793,933,0,GE-Phase,retraction,114582,115411,829,551,0.591,278,382
85824,88041,2217,0,GE-Phrase,233,85300,86352,1052,528,0.238,524,1689
85824,88041,2217,0,GE-Phrase,234,86352,87587,1235,1235,0.557,-528,454
85824,88041,2217,0,GE-Phrase,235,87587,88868,1281,454,0.205,-1763,-827
85824,88041,2217,0,GE-Phase,preparation,85300,85900,600,76,0.034,524,2141
85824,88041,2217,0,GE-Phase,stroke,85900,86352,452,452,0.204,-76,1689
85824,88041,2217,0,GE-Phase,preparation,86352,86779,427,427,0.193,-528,1262
85824,88041,2217,0,GE-Phase,stroke,86779,87587,808,808,0.364,-955,454
85824,88041,2217,0,GE-Phase,preparation,87587,88111,524,454,0.205,-1763,-70
88041,89282,1241,0,GE-Phrase,235,87587,88868,1281,827,0.666,454,414
88041,89282,1241,0,GE-Phase,preparation,87587,88111,524,70,0.056,454,1171
88041,89282,1241,0,GE-Phase,stroke,88111,88480,369,369,0.297,-70,802
88041,89282,1241,0,GE-Phase,retraction,88480,88868,388,388,0.313,-439,414
98750,99456,706,0,GE-Phrase,238,97522,99461,1939,706,1.0,1228,-5
98750,99456,706,0,GE-Phase,retraction,98230,99461,1231,706,1.0,520,-5
99456,99868,412,0,GE-Phrase,238,97522,99461,1939,5,0.012,1934,407
99456,99868,412,0,GE-Phrase,239,99461,102171,2710,407,0.988,-5,-2303
99456,99868,412,0,GE-Phase,retraction,98230,99461,1231,5,0.012,1226,407
99456,99868,412,0,GE-Phase,preparation,99461,100037,576,407,0.988,-5,-169
100200,101506,1306,0,GE-Phrase,239,99461,102171,2710,1306,1.0,739,-665
100200,101506,1306,0,GE-Phase,stroke,100037,101131,1094,931,0.713,163,375
100200,101506,1306,0,GE-Phase,retraction,101131,102171,1040,375,0.287,-931,-665
101506,102256,750,0,GE-Phrase,239,99461,102171,2710,665,0.887,2045,85
101506,102256,750,0,GE-Phrase,240,102171,104002,1831,85,0.113,-665,-1746
101506,102256,750,0,GE-Phase,retraction,101131,102171,1040,665,0.887,375,85
101506,102256,750,0,GE-Phase,preparation,102171,102490,319,85,0.113,-665,-234
102256,103393,1137,0,GE-Phrase,240,102171,104002,1831,1137,1.0,85,-609
102256,103393,1137,0,GE-Phase,preparation,102171,102490,319,234,0.206,85,903
102256,103393,1137,0,GE-Phase,stroke,102490,102813,323,323,0.284,-234,580
102256,103393,1137,0,GE-Phase,retraction,102813,104002,1189,580,0.51,-557,-609
103393,106072,2679,0,GE-Phrase,240,102171,104002,1831,609,0.227,1222,2070
103393,106072,2679,0,GE-Phase,retraction,102813,104002,1189,609,0.227,580,2070
112081,113696,1615,0,GE-Phrase,241,111522,113521,1999,1440,0.892,559,175
112081,113696,1615,0,GE-Phrase,242,113521,115411,1890,175,0.108,-1440,-1715
112081,113696,1615,0,GE-Phase,preparation,111522,112566,1044,485,0.3,559,1130
112081,113696,1615,0,GE-Phase,stroke,112566,113292,726,726,0.45,-485,404
112081,113696,1615,0,GE-Phase,retraction,113292,113521,229,229,0.142,-1211,175
112081,113696,1615,0,GE-Phase,preparation,113521,113978,457,175,0.108,-1440,-282
113696,114860,1164,0,GE-Phrase,242,113521,115411,1890,1164,1.0,175,-551
113696,114860,1164,0,GE-Phase,preparation,113521,113978,457,282,0.242,175,882
113696,114860,1164,0,GE-Phase,stroke,113978,114582,604,604,0.519,-282,278
113696,114860,1164,0,GE-Phase,retraction,114582,115411,829,278,0.239,-886,-551
114860,115793,933,0,GE-Phrase,242,113521,115411,1890,551,0.591,1339,382
114860,115793,933,0,GE-Phase,retraction,114582,115411,829,551,0.591,278,382
85824,88041,2217,0,GE-Phrase,233,85300,86352,1052,528,0.238,524,1689
85824,88041,2217,0,GE-Phrase,234,86352,87587,1235,1235,0.557,-528,454
85824,88041,2217,0,GE-Phrase,235,87587,88868,1281,454,0.205,-1763,-827
85824,88041,2217,0,GE-Phase,preparation,85300,85900,600,76,0.034,524,2141
85824,88041,2217,0,GE-Phase,stroke,85900,86352,452,452,0.204,-76,1689
85824,88041,2217,0,GE-Phase,preparation,86352,86779,427,427,0.193,-528,1262
85824,88041,2217,0,GE-Phase,stroke,86779,87587,808,808,0.364,-955,454
85824,88041,2217,0,GE-Phase,preparation,87587,88111,524,454,0.205,-1763,-70
88041,89282,1241,0,GE-Phrase,235,87587,88868,1281,827,0.666,454,414
88041,89282,1241,0,GE-Phase,preparation,87587,88111,524,70,0.056,454,1171
88041,89282,1241,0,GE-Phase,stroke,88111,88480,369,369,0.297,-70,802
88041,89282,1241,0,GE-Phase,retraction,88480,88868,388,388,0.313,-439,414
98750,99456,706,0,GE-Phrase,238,97522,99461,1939,706,1.0,1228,-5
98750,99456,706,0,GE-Phase,retraction,98230,99461,1231,706,1.0,520,-5
99456,99868,412,0,GE-Phrase,238,97522,99461,1939,5,0.012,1934,407
99456,99868,412,0,GE-Phrase,239,99461,102171,2710,407,0.988,-5,-2303
99456,99868,412,0,GE-Phase,retraction,98230,99461,1231,5,0.012,1226,407
99456,99868,412,0,GE-Phase,preparation,99461,100037,576,407,0.988,-5,-169
100200,101506,1306,0,GE-Phrase,239,99461,102171,2710,1306,1.0,739,-665
100200,101506,1306,0,GE-Phase,stroke,100037,101131,1094,931,0.713,163,375
100200,101506,1306,0,GE-Phase,retraction,101131,102171,1040,375,0.287,-931,-665
101506,102256,750,0,GE-Phrase,239,99461,102171,2710,665,0.887,2045,85
101506,102256,750,0,GE-Phrase,240,102171,104002,1831,85,0.113,-665,-1746
101506,102256,750,0,GE-Phase,retraction,101131,102171,1040,665,0.887,375,85
101506,102256,750,0,GE-Phase,preparation,102171,102490,319,85,0.113,-665,-234
102256,103393,1137,0,GE-Phrase,240,102171,104002,1831,1137,1.0,85,-609
102256,103393,1137,0,GE-Phase,preparation,102171,102490,319,234,0.206,85,903
102256,103393,1137,0,GE-Phase,stroke,102490,102813,323,323,0.284,-234,580
102256,103393,1137,0,GE-Phase,retraction,102813,104002,1189,580,0.51,-557,-609
103393,106072,2679,0,GE-Phrase,240,102171,104002,1831,609,0.227,1222,2070
103393,106072,2679,0,GE-Phase,retraction,102813,104002,1189,609,0.227,580,2070
112081,113696,1615,0,GE-Phrase,241,111522,113521,1999,1440,0.892,559,175
112081,113696,1615,0,GE-Phrase,242,113521,115411,1890,175,0.108,-1440,-1715
112081,113696,1615,0,GE-Phase,preparation,111522,112566,1044,485,0.3,559,1130
112081,113696,1615,0,GE-Phase,stroke,112566,113292,726,726,0.45,-485,404
112081,113696,1615,0,GE-Phase,retraction,113292,113521,229,229,0.142,-1211,175
112081,113696,1615,0,GE-Phase,preparation,113521,113978,457,175,0.108,-1440,-282
113696,114860,1164,0,GE-Phrase,242,113521,115411,1890,1164,1.0,175,-551
113696,114860,1164,0,GE-Phase,preparation,113521,113978,457,282,0.242,175,882
113696,114860,1164,0,GE-Phase,stroke,113978,114582,604,604,0.519,-282,278
113696,114860,1164,0,GE-Phase,retraction,114582,115411,829,278,0.239,-886,-551
114860,115793,933,0,GE-Phrase,242,113521,115411,1890,551,0.591,1339,382
114860,115793,933,0,GE-Phase,retraction,114582,115411,829,551,0.591,278,382
85824,88041,2217,0,GE-Phrase,233,85300,86352,1052,528,0.238,524,1689
85824,88041,2217,0,GE-Phrase,234,86352,87587,1235,1235,0.557,-528,454
85824,88041,2217,0,GE-Phrase,235,87587,88868,1281,454,0.205,-1763,-827
85824,88041,2217,0,GE-Phase,preparation,85300,85900,600,76,0.034,524,2141
85824,88041,2217,0,GE-Phase,stroke,85900,86352,452,452,0.204,-76,1689
85824,88041,2217,0,GE-Phase,preparation,86352,86779,427,427,0.193,-528,1262
85824,88041,2217,0,GE-Phase,stroke,86779,87587,808,808,0.364,-955,454
85824,88041,2217,0,GE-Phase,preparation,87587,88111,524,454,0.205,-1763,-70
88041,89282,1241,0,GE-Phrase,235,87587,88868,1281,827,0.666,454,414
88041,89282,1241,0,GE-Phase,preparation,87587,88111,524,70,0.056,454,1171
88041,89282,1241,0,GE-Phase,stroke,88111,88480,369,369,0.297,-70,802
88041,89282,1241,0,GE-Phase,retraction,88480,88868,388,388,0.313,-439,414
98750,99456,706,0,GE-Phrase,238,97522,99461,1939,706,1.0,1228,-5
98750,99456,706,0,GE-Phase,retraction,98230,99461,1231,706,1.0,520,-5
99456,99868,412,0,GE-Phrase,238,97522,99461,1939,5,0.012,1934,407
99456,99868,412,0,GE-Phrase,239,99461,102171,2710,407,0.988,-5,-2303
99456,99868,412,0,GE-Phase,retraction,98230,99461,1231,5,0.012,1226,407
99456,99868,412,0,GE-Phase,preparation,99461,100037,576,407,0.988,-5,-169
100200,101506,1306,0,GE-Phrase,239,99461,102171,2710,1306,1.0,739,-665
100200,101506,1306,0,GE-Phase,stroke,100037,101131,1094,931,0.713,163,375
100200,101506,1306,0,GE-Phase,retraction,101131,102171,1040,375,0.287,-931,-665
101506,102256,750,0,GE-Phrase,239,99461,102171,2710,665,0.887,2045,85
101506,102256,750,0,GE-Phrase,240,102171,104002,1831,85,0.113,-665,-1746
101506,102256,750,0,GE-Phase,retraction,101131,102171,1040,665,0.887,375,85
101506,102256,750,0,GE-Phase,preparation,102171,102490,319,85,0.113,-665,-234
102256,103393,1137,0,GE-Phrase,240,102171,104002,1831,1137,1.0,85,-609
102256,103393,1137,0,GE-Phase,preparation,102171,102490,319,234,0.206,85,903
102256,103393,1137,0,GE-Phase,stroke,102490,102813,323,323,0.284,-234,580
102256,103393,1137,0,GE-Phase,retraction,102813,104002,1189,580,0.51,-557,-609
103393,106072,2679,0,GE-Phrase,240,102171,104002,1831,609,0.227,1222,2070
103393,106072,2679,0,GE-Phase,retraction,102813,104002,1189,609,0.227,580,2070
112081,113696,1615,0,GE-Phrase,241,111522,113521,1999,1440,0.892,559,175
112081,113696,1615,0,GE-Phrase,242,113521,115411,1890,175,0.108,-1440,-1715
112081,113696,1615,0,GE-Phase,preparation,111522,112566,1044,485,0.3,559,1130
112081,113696,1615,0,GE-Phase,stroke,112566,113292,726,726,0.45,-485,404
112081,113696,1615,0,GE-Phase,retraction,113292,113521,229,229,0.142,-1211,175
112081,113696,1615,0,GE-Phase,preparation,113521,113978,457,175,0.108,-1440,-282
113696,114860,1164,0,GE-Phrase,242,113521,115411,1890,1164,1.0,175,-551
113696,114860,1164,0,GE-Phase,preparation,113521,113978,457,282,0.242,175,882
113696,114860,1164,0,GE-Phase,stroke,113978,114582,604,604,0.519,-282,278
113696,114860,1164,0,GE-Phase,retraction,114582,115411,829,278,0.239,-886,-551
114860,115793,933,0,GE-Phrase,242,113521,115411,1890,551,0.591,1339,382
114860,115793,933,0,GE-Phase,retraction,114582,115411,829,551,0.591,278,382
85824,88041,2217,0,GE-Phrase,233,85300,86352,1052,528,0.238,524,1689
85824,88041,2217,0,GE-Phrase,234,86352,87587,1235,1235,0.557,-528,454
85824,88041,2217,0,GE-Phrase,235,87587,88868,1281,454,0.205,-1763,-827
85824,88041,2217,0,GE-Phase,preparation,85300,85900,600,76,0.034,524,2141
85824,88041,2217,0,GE-Phase,stroke,85900,86352,452,452,0.204,-76,1689
85824,88041,2217,0,GE-Phase,preparation,86352,86779,427,427,0.193,-528,1262
85824,88041,2217,0,GE-Phase,stroke,86779,87587,808,808,0.364,-955,454
85824,88041,2217,0,GE-Phase,preparation,87587,88111,524,454,0.205,-1763,-70
88041,89282,1241,0,GE-Phrase,235,87587,88868,1281,827,0.666,454,414
88041,89282,1241,0,GE-Phase,preparation,87587,88111,524,70,0.056,454,1171
88041,89282,1241,0,GE-Phase,stroke,88111,88480,369,369,0.297,-70,802
88041,89282,1241,0,GE-Phase,retraction,88480,88868,388,388,0.313,-439,414
98750,99456,706,0,GE-Phrase,238,97522,99461,1939,706,1.0,1228,-5
98750,99456,706,0,GE-Phase,retraction,98230,99461,1231,706,1.0,520,-5
99456,99868,412,0,GE-Phrase,238,97522,99461,1939,5,0.012,1934,407
99456,99868,412,0,GE-Phrase,239,99461,102171,2710,407,0.988,-5,-2303
99456,99868,412,0,GE-Phase,retraction,98230,99461,1231,5,0.012,1226,407
99456,99868,412,0,GE-Phase,preparation,99461,100037,576,407,0.988,-5,-169
100200,101506,1306,0,GE-Phrase,239,99461,102171,2710,1306,1.0,739,-665
100200,101506,1306,0,GE-Phase,stroke,100037,101131,1094,931,0.713,163,375
100200,101506,1306,0,GE-Phase,retraction,101131,102171,1040,375,0.287,-931,-665
101506,102256,750,0,GE-Phrase,239,99461,102171,2710,665,0.887,2045,85
101506,102256,750,0,GE-Phrase,240,102171,104002,1831,85,0.113,-665,-1746
101506,102256,750,0,GE-Phase,retraction,101131,102171,1040,665,0.887,375,85
101506,102256,750,0,GE-Phase,preparation,102171,102490,319,85,0.113,-665,-234
102256,103393,1137,0,GE-Phrase,240,102171,104002,1831,1137,1.0,85,-609
102256,103393,1137,0,GE-Phase,preparation,102171,102490,319,234,0.206,85,903
102256,103393,1137,0,GE-Phase,stroke,102490,102813,323,323,0.284,-234,580
102256,103393,1137,0,GE-Phase,retraction,102813,104002,1189,580,0.51,-557,-609
103393,106072,2679,0,GE-Phrase,240,102171,104002,1831,609,0.227,1222,2070
103393,106072,2679,0,GE-Phase,retraction,102813,104002,1189,609,0.227,580,2070
112081,113696,1615,0,GE-Phrase,241,111522,113521,1999,1440,0.892,559,175
112081,113696,1615,0,GE-Phrase,242,113521,115411,1890,175,0.108,-1440,-1715
112081,113696,1615,0,GE-Phase,preparation,111522,112566,1044,485,0.3,559,1130
112081,113696,1615,0,GE-Phase,stroke,112566,113292,726,726,0.45,-485,404
112081,113696,1615,0,GE-Phase,retraction,113292,113521,229,229,0.142,-1211,175
112081,113696,1615,0,GE-Phase,preparation,113521,113978,457,175,0.108,-1440,-282
113696,114860,1164,0,GE-Phrase,242,113521,115411,1890,1164,1.0,175,-551
113696,114860,1164,0,GE-Phase,preparation,113521,113978,457,282,0.242,175,882
113696,114860,1164,0,GE-Phase,stroke,113978,114582,604,604,0.519,-282,278
113696,114860,1164,0,GE-Phase,retraction,114582,115411,829,278,0.239,-886,-551
114860,115793,933,0,GE-Phrase,242,113521,115411,1890,551,0.591,1339,382
114860,115793,933,0,GE-Phase,retraction,114582,115411,829,551,0.591,278,382
85824,88041,2217,0,GE-Phrase,233,85300,86352,1052,528,0.238,524,1689
85824,88041,2217,0,GE-Phrase,234,86352,87587,1235,1235,0.557,-528,454
85824,88041,2217,0,GE-Phrase,235,87587,88868,1281,454,0.205,-1763,-827
85824,88041,2217,0,GE-Phase,preparation,85300,85900,600,76,0.034,524,2141
85824,88041,2217,0,GE-Phase,stroke,85900,86352,452,452,0.204,-76,1689
85824,88041,2217,0,GE-Phase,preparation,86352,86779,427,427,0.193,-528,1262
85824,88041,2217,0,GE-Phase,stroke,86779,87587,808,808,0.364,-955,454
85824,88041,2217,0,GE-Phase,preparation,87587,88111,524,454,0.205,-1763,-70
88041,89282,1241,0,GE-Phrase,235,87587,88868,1281,827,0.666,454,414
88041,89282,1241,0,GE-Phase,preparation,87587,88111,524,70,0.056,454,1171
88041,89282,1241,0,GE-Phase,stroke,88111,88480,369,369,0.297,-70,802
88041,89282,1241,0,GE-Phase,retraction,88480,88868,388,388,0.313,-439,414
98750,99456,706,0,GE-Phrase,238,97522,99461,1939,706,1.0,1228,-5
98750,99456,706,0,GE-Phase,retraction,98230,99461,1231,706,1.0,520,-5
99456,99868,412,0,GE-Phrase,238,97522,99461,1939,5,0.012,1934,407
99456,99868,412,0,GE-Phrase,239,99461,102171,2710,407,0.988,-5,-2303
99456,99868,412,0,GE-Phase,retraction,98230,99461,1231,5,0.012,1226,407
99456,99868,412,0,GE-Phase,preparation,99461,100037,576,407,0.988,-5,-169
100200,101506,1306,0,GE-Phrase,239,99461,102171,2710,1306,1.0,739,-665
100200,101506,1306,0,GE-Phase,stroke,100037,101131,1094,931,0.713,163,375
100200,101506,1306,0,GE-Phase,retraction,101131,102171,1040,375,0.287,-931,-665
101506,102256,750,0,GE-Phrase,239,99461,102171,2710,665,0.887,2045,85
101506,102256,750,0,GE-Phrase,240,102171,104002,1831,85,0.113,-665,-1746
101506,102256,750,0,GE-Phase,retraction,101131,102171,1040,665,0.887,375,85
101506,102256,750,0,GE-Phase,preparation,102171,102490,319,85,0.113,-665,-234
102256,103393,1137,0,GE-Phrase,240,102171,104002,1831,1137,1.0,85,-609
102256,103393,1137,0,GE-Phase,preparation,102171,102490,319,234,0.206,85,903
102256,103393,1137,0,GE-Phase,stroke,102490,102813,323,323,0.284,-234,580
102256,103393,1137,0,GE-Phase,retraction,102813,104002,1189,580,0.51,-557,-609
103393,106072,2679,0,GE-Phrase,240,102171,104002,1831,609,0.227,1222,2070
103393,106072,2679,0,GE-Phase,retraction,102813,104002,1189,609,0.227,580,2070
112081,113696,1615,0,GE-Phrase,241,111522,113521,1999,1440,0.892,559,175
112081,113696,1615,0,GE-Phrase,242,113521,115411,1890,175,0.108,-1440,-1715
112081,113696,1615,0,GE-Phase,preparation,111522,112566,1044,485,0.3,559,1130
112081,113696,1615,0,GE-Phase,stroke,112566,113292,726,726,0.45,-485,404
112081,113696,1615,0,GE-Phase,retraction,113292,113521,229,229,0.142,-1211,175
112081,113696,1615,0,GE-Phase,preparation,113521,113978,457,175,0.108,-1440,-282
113696,114860,1164,0,GE-Phrase,242,113521,115411,1890,1164,1.0,175,-551
113696,114860,1164,0,GE-Phase,preparation,113521,113978,457,282,0.242,175,882
113696,114860,1164,0,GE-Phase,stroke,113978,114582,604,604,0.519,-282,278
113696,114860,1164,0,GE-Phase,retraction,114582,115411,829,278,0.239,-886,-551
114860,115793,933,0,GE-Phrase,242,113521,115411,1890,551,0.591,1339,382
114860,115793,933,0,GE-Phase,retraction,114582,115411,829,551,0.591,278,382
85824,88041,2217,0,GE-Phrase,233,85300,86352,1052,528,0.238,524,1689
85824,88041,2217,0,GE-Phrase,234,86352,87587,1235,1235,0.557,-528,454
85824,88041,2217,0,GE-Phrase,235,87587,88868,1281,454,0.205,-1763,-827
85824,88041,2217,0,GE-Phase,preparation,85300,85900,600,76,0.034,524,2141
85824,88041,2217,0,GE-Phase,stroke,85900,86352,452,452,0.204,-76,1689
85824,88041,2217,0,GE-Phase,preparation,86352,86779,427,427,0.193,-528,1262
85824,88041,2217,0,GE-Phase,stroke,86779,87587,808,808,0.364,-955,454
85824,88041,2217,0,GE-Phase,preparation,87587,88111,524,454,0.205,-1763,-70
88041,89282,1241,0,GE-Phrase,235,87587,88868,1281,827,0.666,454,414
88041,89282,1241,0,GE-Phase,preparation,87587,88111,524,70,0.056,454,1171
88041,89282,1241,0,GE-Phase,stroke,88111,88480,369,369,0.297,-70,802
88041,89282,1241,0,GE-Phase,retraction,88480,88868,388,388,0.313,-439,414
98750,99456,706,0,GE-Phrase,238,97522,99461,1939,706,1.0,1228,-5
98750,99456,706,0,GE-Phase,retraction,98230,99461,1231,706,1.0,520,-5
99456,99868,412,0,GE-Phrase,238,97522,99461,1939,5,0.012,1934,407
99456,99868,412,0,GE-Phrase,239,99461,102171,2710,407,0.988,-5,-2303
99456,99868,412,0,GE-Phase,retraction,98230,99461,1231,5,0.012,1226,407
99456,99868,412,0,GE-Phase,preparation,99461,100037,576,407,0.988,-5,-169
100200,101506,1306,0,GE-Phrase,239,99461,102171,2710,1306,1.0,739,-665
100200,101506,1306,0,GE-Phase,stroke,100037,101131,1094,931,0.713,163,375
100200,101506,1306,0,GE-Phase,retraction,101131,102171,1040,375,0.287,-931,-665
101506,102256,750,0,GE-Phrase,239,99461,102171,2710,665,0.887,2045,85
101506,102256,750,0,GE-Phrase,240,102171,104002,1831,85,0.113,-665,-1746
101506,102256,750,0,GE-Phase,retraction,101131,102171,1040,665,0.887,375,85
101506,102256,750,0,GE-Phase,preparation,102171,102490,319,85,0.113,-665,-234
102256,103393,1137,0,GE-Phrase,240,102171,104002,1831,1137,1.0,85,-609
102256,103393,1137,0,GE-Phase,preparation,102171,102490,319,234,0.206,85,903
102256,103393,1137,0,GE-Phase,stroke,102490,102813,323,323,0.284,-234,580
102256,103393,1137,0,GE-Phase,retraction,102813,104002,1189,580,0.51,-557,-609
103393,106072,2679,0,GE-Phrase,240,102171,104002,1831,609,0.227,1222,2070
103393,106072,2679,0,GE-Phase,retraction,102813,104002,1189,609,0.227,580,2070
112081,113696,1615,0,GE-Phrase,241,111522,113521,1999,1440,0.892,559,175
112081,113696,1615,0,GE-Phrase,242,113521,115411,1890,175,0.108,-1440,-1715
112081,113696,1615,0,GE-Phase,preparation,111522,112566,1044,485,0.3,559,1130
112081,113696,1615,0,GE-Phase,stroke,112566,113292,726,726,0.45,-485,404
112081,113696,1615,0,GE-Phase,retraction,113292,113521,229,229,0.142,-1211,175
112081,113696,1615,0,GE-Phase,preparation,113521,113978,457,175,0.108,-1440,-282
113696,114860,1164,0,GE-Phrase,242,113521,115411,1890,1164,1.0,175,-551
113696,114860,1164,0,GE-Phase,preparation,113521,113978,457,282,0.242,175,882
113696,114860,1164,0,GE-Phase,stroke,113978,114582,604,604,0.519,-282,278
113696,114860,1164,0,GE-Phase,retraction,114582,115411,829,278,0.239,-886,-551
114860,115793,933,0,GE-Phrase,242,113521,115411,1890,551,0.591,1339,382
114860,115793,933,0,GE-Phase,retraction,114582,115411,829,551,0.591,278,382
85824,88041,2217,0,GE-Phrase,233,85300,86352,1052,528,0.238,524,1689
85824,88041,2217,0,GE-Phrase,234,86352,87587,1235,1235,0.557,-528,454
85824,88041,2217,0,GE-Phrase,235,87587,88868,1281,454,0.205,-1763,-827
85824,88041,2217,0,GE-Phase,preparation,85300,85900,600,76,0.034,524,2141
85824,88041,2217,0,GE-Phase,stroke,85900,86352,452,452,0.204,-76,1689
85824,88041,2217,0,GE-Phase,preparation,86352,86779,427,427,0.193,-528,1262
85824,88041,2217,0,GE-Phase,stroke,86779,87587,808,808,0.364,-955,454
85824,88041,2217,0,GE-Phase,preparation,87587,88111,524,454,0.205,-1763,-70
88041,89282,1241,0,GE-Phrase,235,87587,88868,1281,827,0.666,454,414
88041,89282,1241,0,GE-Phase,preparation,87587,88111,524,70,0.056,454,1171
88041,89282,1241,0,GE-Phase,stroke,88111,88480,369,369,0.297,-70,802
88041,89282,1241,0,GE-Phase,retraction,88480,88868,388,388,0.313,-439,414
98750,99456,706,0,GE-Phrase,238,97522,99461,1939,706,1.0,1228,-5
98750,99456,706,0,GE-Phase,retraction,98230,99461,1231,706,1.0,520,-5
99456,99868,412,0,GE-Phrase,238,97522,99461,1939,5,0.012,1934,407
99456,99868,412,0,GE-Phrase,239,99461,102171,2710,407,0.988,-5,-2303
99456,99868,412,0,GE-Phase,retraction,98230,99461,1231,5,0.012,1226,407
99456,99868,412,0,GE-Phase,preparation,99461,100037,576,407,0.988,-5,-169
100200,101506,1306,0,GE-Phrase,239,99461,102171,2710,1306,1.0,739,-665
100200,101506,1306,0,GE-Phase,stroke,100037,101131,1094,931,0.713,163,375
100200,101506,1306,0,GE-Phase,retraction,101131,102171,1040,375,0.287,-931,-665
101506,102256,750,0,GE-Phrase,239,99461,102171,2710,665,0.887,2045,85
101506,102256,750,0,GE-Phrase,240,102171,104002,1831,85,0.113,-665,-1746
101506,102256,750,0,GE-Phase,retraction,101131,102171,1040,665,0.887,375,85
101506,102256,750,0,GE-Phase,preparation,102171,102490,319,85,0.113,-665,-234
102256,103393,1137,0,GE-Phrase,240,102171,104002,1831,1137,1.0,85,-609
102256,103393,1137,0,GE-Phase,preparation,102171,102490,319,234,0.206,85,903
102256,103393,1137,0,GE-Phase,stroke,102490,102813,323,323,0.284,-234,580
102256,103393,1137,0,GE-Phase,retraction,102813,104002,1189,580,0.51,-557,-609
103393,106072,2679,0,GE-Phrase,240,102171,104002,1831,609,0.227,1222,2070
103393,106072,2679,0,GE-Phase,retraction,102813,104002,1189,609,0.227,580,2070
112081,113696,1615,0,GE-Phrase,241,111522,113521,1999,1440,0.892,559,175
112081,113696,1615,0,GE-Phrase,242,113521,115411,1890,175,0.108,-1440,-1715
112081,113696,1615,0,GE-Phase,preparation,111522,112566,1044,485,0.3,559,1130
112081,113696,1615,0,GE-Phase,stroke,112566,113292,726,726,0.45,-485,404
112081,113696,1615,0,GE-Phase,retraction,113292,113521,229,229,0.142,-1211,175
112081,113696,1615,0,GE-Phase,preparation,113521,113978,457,175,0.108,-1440,-282
113696,114860,1164,0,GE-Phrase,242,113521,115411,1890,1164,1.0,175,-551
113696,114860,1164,0,GE-Phase,preparation,113521,113978,457,282,0.242,175,882
113696,114860,1164,0,GE-Phase,stroke,113978,114582,604,604,0.519,-282,278
113696,114860,1164,0,GE-Phase,retraction,114582,115411,829,278,0.239,-886,-551
114860,115793,933,0,GE-Phrase,242,113521,115411,1890,551,0.591,1339,382
114860,115793,933,0,GE-Phase,retraction,114582,115411,829,551,0.591,278,382
85824,88041,2217,0,GE-Phrase,233,85300,86352,1052,528,0.238,524,1689
85824,88041,2217,0,GE-Phrase,234,86352,87587,1235,1235,0.557,-528,454
85824,88041,2217,0,GE-Phrase,235,87587,88868,1281,454,0.205,-1763,-827
85824,88041,2217,0,GE-Phase,preparation,85300,85900,600,76,0.034,524,2141
85824,88041,2217,0,GE-Phase,stroke,85900,86352,452,452,0.204,-76,1689
85824,88041,2217,0,GE-Phase,preparation,86352,86779,427,427,0.193,-528,1262
85824,88041,2217,0,GE-Phase,stroke,86779,87587,808,808,0.364,-955,454
85824,88041,2217,0,GE-Phase,preparation,87587,88111,524,454,0.205,-1763,-70
88041,89282,1241,0,GE-Phrase,235,87587,88868,1281,827,0.666,454,414
88041,89282,1241,0,GE-Phase,preparation,87587,88111,524,70,0.056,454,1171
88041,89282,1241,0,GE-Phase,stroke,88111,88480,369,369,0.297,-70,802
88041,89282,1241,0,GE-Phase,retraction,88480,88868,388,388,0.313,-439,414
98750,99456,706,0,GE-Phrase,238,97522,99461,1939,706,1.0,1228,-5
98750,99456,706,0,GE-Phase,retraction,98230,99461,1231,706,1.0,520,-5
99456,99868,412,0,GE-Phrase,238,97522,99461,1939,5,0.012,1934,407
99456,99868,412,0,GE-Phrase,239,99461,102171,2710,407,0.988,-5,-2303
99456,99868,412,0,GE-Phase,retraction,98230,99461,1231,5,0.012,1226,407
99456,99868,412,0,GE-Phase,preparation,99461,100037,576,407,0.988,-5,-169
100200,101506,1306,0,GE-Phrase,239,99461,102171,2710,1306,1.0,739,-665
100200,101506,1306,0,GE-Phase,stroke,100037,101131,1094,931,0.713,163,375
100200,101506,1306,0,GE-Phase,retraction,101131,102171,1040,375,0.287,-931,-665
101506,102256,750,0,GE-Phrase,239,99461,102171,2710,665,0.887,2045,85
101506,102256,750,0,GE-Phrase,240,102171,104002,1831,85,0.113,-665,-1746
101506,102256,750,0,GE-Phase,retraction,101131,102171,1040,665,0.887,375,85
101506,102256,750,0,GE-Phase,preparation,102171,102490,319,85,0.113,-665,-234
102256,103393,1137,0,GE-Phrase,240,102171,104002,1831,1137,1.0,85,-609
102256,103393,1137,0,GE-Phase,preparation,102171,102490,319,234,0.206,85,903
102256,103393,1137,0,GE-Phase,stroke,102490,102813,323,323,0.284,-234,580
102256,103393,1137,0,GE-Phase,retraction,102813,104002,1189,580,0.51,-557,-609
103393,106072,2679,0,GE-Phrase,240,102171,104002,1831,609,0.227,1222,2070
103393,106072,2679,0,GE-Phase,retraction,102813,104002,1189,609,0.227,580,2070
112081,113696,1615,0,GE-Phrase,241,111522,113521,1999,1440,0.892,559,175
112081,113696,1615,0,GE-Phrase,242,113521,115411,1890,175,0.108,-1440,-1715
112081,113696,1615,0,GE-Phase,preparation,111522,112566,1044,485,0.3,559,1130
112081,113696,1615,0,GE-Phase,stroke,112566,113292,726,726,0.45,-485,404
112081,113696,1615,0,GE-Phase,retraction,113292,113521,229,229,0.142,-1211,175
112081,113696,1615,0,GE-Phase,preparation,113521,113978,457,175,0.108,-1440,-282
113696,114860,1164,0,GE-Phrase,242,113521,115411,1890,1164,1.0,175,-551
113696,114860,1164,0,GE-Phase,preparation,113521,113978,457,282,0.242,175,882
113696,114860,1164,0,GE-Phase,stroke,113978,114582,604,604,0.519,-282,278
113696,114860,1164,0,GE-Phase,retraction,114582,115411,829,278,0.239,-886,-551
114860,115793,933,0,GE-Phrase,242,113521,115411,1890,551,0.591,1339,382
114860,115793,933,0,GE-Phase,retraction,114582,115411,829,551,0.591,278,382
85824,88041,2217,0,GE-Phrase,233,85300,86352,1052,528,0.238,524,1689
85824,88041,2217,0,GE-Phrase,234,86352,87587,1235,1235,0.557,-528,454
85824,88041,2217,0,GE-Phrase,235,87587,88868,1281,454,0.205,-1763,-827
85824,88041,2217,0,GE-Phase,preparation,85300,85900,600,76,0.034,524,2141
85824,88041,2217,0,GE-Phase,stroke,85900,86352,452,452,0.204,-76,1689
85824,88041,2217,0,GE-Phase,preparation,86352,86779,427,427,0.193,-528,1262
85824,88041,2217,0,GE-Phase,stroke,86779,87587,808,808,0.364,-955,454
85824,88041,2217,0,GE-Phase,preparation,87587,88111,524,454,0.205,-1763,-70
88041,89282,1241,0,GE-Phrase,235,87587,88868,1281,827,0.666,454,414
88041,89282,1241,0,GE-Phase,preparation,87587,88111,524,70,0.056,454,1171
88041,89282,1241,0,GE-Phase,stroke,88111,88480,369,369,0.297,-70,802
88041,89282,1241,0,GE-Phase,retraction,88480,88868,388,388,0.313,-439,414
98750,99456,706,0,GE-Phrase,238,97522,99461,1939,706,1.0,1228,-5
98750,99456,706,0,GE-Phase,retraction,98230,99461,1231,706,1.0,520,-5
99456,99868,412,0,GE-Phrase,238,97522,99461,1939,5,0.012,1934,407
99456,99868,412,0,GE-Phrase,239,99461,102171,2710,407,0.988,-5,-2303
99456,99868,412,0,GE-Phase,retraction,98230,99461,1231,5,0.012,1226,407
99456,99868,412,0,GE-Phase,preparation,99461,100037,576,407,0.988,-5,-169
100200,101506,1306,0,GE-Phrase,239,99461,102171,2710,1306,1.0,739,-665
100200,101506,1306,0,GE-Phase,stroke,100037,101131,1094,931,0.713,163,375
100200,101506,1306,0,GE-Phase,retraction,101131,102171,1040,375,0.287,-931,-665
101506,102256,750,0,GE-Phrase,239,99461,102171,2710,665,0.887,2045,85
101506,102256,750,0,GE-Phrase,240,102171,104002,1831,85,0.113,-665,-1746
101506,102256,750,0,GE-Phase,retraction,101131,102171,1040,665,0.887,375,85
101506,102256,750,0,GE-Phase,preparation,102171,102490,319,85,0.113,-665,-234
102256,103393,1137,0,GE-Phrase,240,102171,104002,1831,1137,1.0,85,-609
102256,103393,1137,0,GE-Phase,preparation,102171,102490,319,234,0.206,85,903
102256,103393,1137,0,GE-Phase,stroke,102490,102813,323,323,0.284,-234,580
102256,103393,1137,0,GE-Phase,retraction,102813,104002,1189,580,0.51,-557,-609
103393,106072,2679,0,GE-Phrase,240,102171,104002,1831,609,0.227,1222,2070
103393,106072,2679,0,GE-Phase,retraction,102813,104002,1189,609,0.227,580,2070
112081,113696,1615,0,GE-Phrase,241,111522,113521,1999,1440,0.892,559,175
112081,113696,1615,0,GE-Phrase,242,113521,115411,1890,175,0.108,-1440,-1715
112081,113696,1615,0,GE-Phase,preparation,111522,112566,1044,485,0.3,559,1130
112081,113696,1615,0,GE-Phase,stroke,112566,113292,726,726,0.45,-485,404
112081,113696,1615,0,GE-Phase,retraction,113292,113521,229,229,0.142,-1211,175
112081,113696,1615,0,GE-Phase,preparation,113521,113978,457,175,0.108,-1440,-282
113696,114860,1164,0,GE-Phrase,242,113521,115411,1890,1164,1.0,175,-551
113696,114860,1164,0,GE-Phase,preparation,113521,113978,457,282,0.242,175,882
113696,114860,1164,0,GE-Phase,stroke,113978,114582,604,604,0.519,-282,278
113696,114860,1164,0,GE-Phase,retraction,114582,115411,829,278,0.239,-886,-551
114860,115793,933,0,GE-Phrase,242,113521,115411,1890,551,0.591,1339,382
114860,115793,933,0,GE-Phase,retraction,114582,115411,829,551,0.591,278,382
85824,88041,2217,0,GE-Phrase,233,85300,86352,1052,528,0.238,524,1689
85824,88041,2217,0,GE-Phrase,234,86352,87587,1235,1235,0.557,-528,454
85824,88041,2217,0,GE-Phrase,235,87587,88868,1281,454,0.205,-1763,-827
85824,88041,2217,0,GE-Phase,preparation,85300,85900,600,76,0.034,524,2141
85824,88041,2217,0,GE-Phase,stroke,85900,86352,452,452,0.204,-76,1689
85824,88041,2217,0,GE-Phase,preparation,86352,86779,427,427,0.193,-528,1262
85824,88041,2217,0,GE-Phase,stroke,86779,87587,808,808,0.364,-955,454
85824,88041,2217,0,GE-Phase,preparation,87587,88111,524,454,0.205,-1763,-70
88041,89282,1241,0,GE-Phrase,235,87587,88868,1281,827,0.666,454,414
88041,89282,1241,0,GE-Phase,preparation,87587,88111,524,70,0.056,454,1171
88041,89282,1241,0,GE-Phase,stroke,88111,88480,369,369,0.297,-70,802
88041,89282,1241,0,GE-Phase,retraction,88480,88868,388,388,0.313,-439,414
98750,99456,706,0,GE-Phrase,238,97522,99461,1939,706,1.0,1228,-5
98750,99456,706,0,GE-Phase,retraction,98230,99461,1231,706,1.0,520,-5
99456,99868,412,0,GE-Phrase,238,97522,99461,1939,5,0.012,1934,407
99456,99868,412,0,GE-Phrase,239,99461,102171,2710,407,0.988,-5,-2303
99456,99868,412,0,GE-Phase,retraction,98230,99461,1231,5,0.012,1226,407
99456,99868,412,0,GE-Phase,preparation,99461,100037,576,407,0.988,-5,-169
100200,101506,1306,0,GE-Phrase,239,99461,102171,2710,1306,1.0,739,-665
100200,101506,1306,0,GE-Phase,stroke,100037,101131,1094,931,0.713,163,375
100200,101506,1306,0,GE-Phase,retraction,101131,102171,1040,375,0.287,-931,-665
101506,102256,750,0,GE-Phrase,239,99461,102171,2710,665,0.887,2045,85
101506,102256,750,0,GE-Phrase,240,102171,104002,1831,85,0.113,-665,-1746
101506,102256,750,0,GE-Phase,retraction,101131,102171,1040,665,0.887,375,85
101506,102256,750,0,GE-Phase,preparation,102171,102490,319,85,0.113,-665,-234
102256,103393,1137,0,GE-Phrase,240,102171,104002,1831,1137,1.0,85,-609
102256,103393,1137,0,GE-Phase,preparation,102171,102490,319,234,0.206,85,903
102256,103393,1137,0,GE-Phase,stroke,102490,102813,323,323,0.284,-234,580
102256,103393,1137,0,GE-Phase,retraction,102813,104002,1189,580,0.51,-557,-609
103393,106072,2679,0,GE-Phrase,240,102171,104002,1831,609,0.227,1222,2070
103393,106072,2679,0,GE-Phase,retraction,102813,104002,1189,609,0.227,580,2070
112081,113696,1615,0,GE-Phrase,241,111522,113521,1999,1440,0.892,559,175
112081,113696,1615,0,GE-Phrase,242,113521,115411,1890,175,0.108,-1440,-1715
112081,113696,1615,0,GE-Phase,preparation,111522,112566,1044,485,0.3,559,1130
112081,113696,1615,0,GE-Phase,stroke,112566,113292,726,726,0.45,-485,404
112081,113696,1615,0,GE-Phase,retraction,113292,113521,229,229,0.142,-1211,175
112081,113696,1615,0,GE-Phase,preparation,113521,113978,457,175,0.108,-1440,-282
113696,114860,1164,0,GE-Phrase,242,113521,115411,1890,1164,1.0,175,-551
113696,114860,1164,0,GE-Phase,preparation,113521,113978,457,282,0.242,175,882
113696,114860,1164,0,GE-Phase,stroke,113978,114582,604,604,0.519,-282,278
113696,114860,1164,0,GE-Phase,retraction,114582,115411,829,278,0.239,-886,-551
114860,115793,933,0,GE-Phrase,242,113521,115411,1890,551,0.591,1339,382
114860,115793,933,0,GE-Phase,retraction,114582,115411,829,551,0.591,278,382
85824,88041,2217,0,GE-Phrase,233,85300,86352,1052,528,0.238,524,1689
85824,88041,2217,0,GE-Phrase,234,86352,87587,1235,1235,0.557,-528,454
85824,88041,2217,0,GE-Phrase,235,87587,88868,1281,454,0.205,-1763,-827
85824,88041,2217,0,GE-Phase,preparation,85300,85900,600,76,0.034,524,2141
85824,88041,2217,0,GE-Phase,stroke,85900,86352,452,452,0.204,-76,1689
85824,88041,2217,0,GE-Phase,preparation,86352,86779,427,427,0.193,-528,1262
85824,88041,2217,0,GE-Phase,stroke,86779,87587,808,808,0.364,-955,454
85824,88041,2217,0,GE-Phase,preparation,87587,88111,524,454,0.205,-1763,-70
88041,89282,1241,0,GE-Phrase,235,87587,88868,1281,827,0.666,454,414
88041,89282,1241,0,GE-Phase,preparation,87587,88111,524,70,0.056,454,1171
88041,89282,1241,0,GE-Phase,stroke,88111,88480,369,369,0.297,-70,802
88041,89282,1241,0,GE-Phase,retraction,88480,88868,388,388,0.313,-439,414
98750,99456,706,0,GE-Phrase,238,97522,99461,1939,706,1.0,1228,-5
98750,99456,706,0,GE-Phase,retraction,98230,99461,1231,706,1.0,520,-5
99456,99868,412,0,GE-Phrase,238,97522,99461,1939,5,0.012,1934,407
99456,99868,412,0,GE-Phrase,239,99461,102171,2710,407,0.988,-5,-2303
99456,99868,412,0,GE-Phase,retraction,98230,99461,1231,5,0.012,1226,407
99456,99868,412,0,GE-Phase,preparation,99461,100037,576,407,0.988,-5,-169
100200,101506,1306,0,GE-Phrase,239,99461,102171,2710,1306,1.0,739,-665
100200,101506,1306,0,GE-Phase,stroke,100037,101131,1094,931,0.713,163,375
100200,101506,1306,0,GE-Phase,retraction,101131,102171,1040,375,0.287,-931,-665
101506,102256,750,0,GE-Phrase,239,99461,102171,2710,665,0.887,2045,85
101506,102256,750,0,GE-Phrase,240,102171,104002,1831,85,0.113,-665,-1746
101506,102256,750,0,GE-Phase,retraction,101131,102171,1040,665,0.887,375,85
101506,102256,750,0,GE-Phase,preparation,102171,102490,319,85,0.113,-665,-234
102256,103393,1137,0,GE-Phrase,240,102171,104002,1831,1137,1.0,85,-609
102256,103393,1137,0,GE-Phase,preparation,102171,102490,319,234,0.206,85,903
102256,103393,1137,0,GE-Phase,stroke,102490,102813,323,323,0.284,-234,580
102256,103393,1137,0,GE-Phase,retraction,102813,104002,1189,580,0.51,-557,-609
103393,106072,2679,0,GE-Phrase,240,102171,104002,1831,609,0.227,1222,2070
103393,106072,2679,0,GE-Phase,retraction,102813,104002,1189,609,0.227,580,2070
112081,113696,1615,0,GE-Phrase,241,111522,113521,1999,1440,0.892,559,175
112081,113696,1615,0,GE-Phrase,242,113521,115411,1890,175,0.108,-1440,-1715
112081,113696,1615,0,GE-Phase,preparation,111522,112566,1044,485,0.3,559,1130
112081,113696,1615,0,GE-Phase,stroke,112566,113292,726,726,0.45,-485,404
112081,113696,1615,0,GE-Phase,retraction,113292,113521,229,229,0.142,-1211,175
112081,113696,1615,0,GE-Phase,preparation,113521,113978,457,175,0.108,-1440,-282
113696,114860,1164,0,GE-Phrase,242,113521,115411,1890,1164,1.0,175,-551
113696,114860,1164,0,GE-Phase,preparation,113521,113978,457,282,0.242,175,882
113696,114860,1164,0,GE-Phase,stroke,113978,114582,604,604,0.519,-282,278
113696,114860,1164,0,GE-Phase,retraction,114582,115411,829,278,0.239,-886,-551
114860,115793,933,0,GE-Phrase,242,113521,115411,1890,551,0.591,1339,382
114860,115793,933,0,GE-Phase,retraction,114582,115411,829,551,0.591,278,382
85824,88041,2217,0,GE-Phrase,233,85300,86352,1052,528,0.238,524,1689
85824,88041,2217,0,GE-Phrase,234,86352,87587,1235,1235,0.557,-528,454
85824,88041,2217,0,GE-Phrase,235,87587,88868,1281,454,0.205,-1763,-827
85824,88041,2217,0,GE-Phase,preparation,85300,85900,600,76,0.034,524,2141
85824,88041,2217,0,GE-Phase,stroke,85900,86352,452,452,0.204,-76,1689
85824,88041,2217,0,GE-Phase,preparation,86352,86779,427,427,0.193,-528,1262
85824,88041,2217,0,GE-Phase,stroke,86779,87587,808,808,0.364,-955,454
85824,88041,2217,0,GE-Phase,preparation,87587,88111,524,454,0.205,-1763,-70
88041,89282,1241,0,GE-Phrase,235,87587,88868,1281,827,0.666,454,414
88041,89282,1241,0,GE-Phase,preparation,87587,88111,524,70,0.056,454,1171
88041,89282,1241,0,GE-Phase,stroke,88111,88480,369,369,0.297,-70,802
88041,89282,1241,0,GE-Phase,retraction,88480,88868,388,388,0.313,-439,414
98750,99456,706,0,GE-Phrase,238,97522,99461,1939,706,1.0,1228,-5
98750,99456,706,0,GE-Phase,retraction,98230,99461,1231,706,1.0,520,-5
99456,99868,412,0,GE-Phrase,238,97522,99461,1939,5,0.012,1934,407
99456,99868,412,0,GE-Phrase,239,99461,102171,2710,407,0.988,-5,-2303
99456,99868,412,0,GE-Phase,retraction,98230,99461,1231,5,0.012,1226,407
99456,99868,412,0,GE-Phase,preparation,99461,100037,576,407,0.988,-5,-169
100200,101506,1306,0,GE-Phrase,239,99461,102171,2710,1306,1.0,739,-665
100200,101506,1306,0,GE-Phase,stroke,100037,101131,1094,931,0.713,163,375
100200,101506,1306,0,GE-Phase,retraction,101131,102171,1040,375,0.287,-931,-665
101506,102256,750,0,GE-Phrase,239,99461,102171,2710,665,0.887,2045,85
101506,102256,750,0,GE-Phrase,240,102171,104002,1831,85,0.113,-665,-1746
101506,102256,750,0,GE-Phase,retraction,101131,102171,1040,665,0.887,375,85
101506,102256,750,0,GE-Phase,preparation,102171,102490,319,85,0.113,-665,-234
102256,103393,1137,0,GE-Phrase,240,102171,104002,1831,1137,1.0,85,-609
102256,103393,1137,0,GE-Phase,preparation,102171,102490,319,234,0.206,85,903
102256,103393,1137,0,GE-Phase,stroke,102490,102813,323,323,0.284,-234,580
102256,103393,1137,0,GE-Phase,retraction,102813,104002,1189,580,0.51,-557,-609
103393,106072,2679,0,GE-Phrase,240,102171,104002,1831,609,0.227,1222,2070
103393,106072,2679,0,GE-Phase,retraction,102813,104002,1189,609,0.227,580,2070
112081,113696,1615,0,GE-Phrase,241,111522,113521,1999,1440,0.892,559,175
112081,113696,1615,0,GE-Phrase,242,113521,115411,1890,175,0.108,-1440,-1715
112081,113696,1615,0,GE-Phase,preparation,111522,112566,1044,485,0.3,559,1130
112081,113696,1615,0,GE-Phase,stroke,112566,113292,726,726,0.45,-485,404
112081,113696,1615,0,GE-Phase,retraction,113292,113521,229,229,0.142,-1211,175
112081,113696,1615,0,GE-Phase,preparation,113521,113978,457,175,0.108,-1440,-282
113696,114860,1164,0,GE-Phrase,242,113521,115411,1890,1164,1.0,175,-551
113696,114860,1164,0,GE-Phase,preparation,113521,113978,457,282,0.242,175,882
113696,114860,1164,0,GE-Phase,stroke,113978,114582,604,604,0.519,-282,278
113696,114860,1164,0,GE-Phase,retraction,114582,115411,829,278,0.239,-886,-551
114860,115793,933,0,GE-Phrase,242,113521,115411,1890,551,0.591,1339,382
114860,115793,933,0,GE-Phase,retraction,114582,115411,829,551,0.591,278,382
85824,88041,2217,0,GE-Phrase,233,85300,86352,1052,528,0.238,524,1689
85824,88041,2217,0,GE-Phrase,234,86352,87587,1235,1235,0.557,-528,454
85824,88041,2217,0,GE-Phrase,235,87587,88868,1281,454,0.205,-1763,-827
85824,88041,2217,0,GE-Phase,preparation,85300,85900,600,76,0.034,524,2141
85824,88041,2217,0,GE-Phase,stroke,85900,86352,452,452,0.204,-76,1689
85824,88041,2217,0,GE-Phase,preparation,86352,86779,427,427,0.193,-528,1262
85824,88041,2217,0,GE-Phase,stroke,86779,87587,808,808,0.364,-955,454
85824,88041,2217,0,GE-Phase,preparation,87587,88111,524,454,0.205,-1763,-70
88041,89282,1241,0,GE-Phrase,235,87587,88868,1281,827,0.666,454,414
88041,89282,1241,0,GE-Phase,preparation,87587,88111,524,70,0.056,454,1171
88041,89282,1241,0,GE-Phase,stroke,88111,88480,369,369,0.297,-70,802
88041,89282,1241,0,GE-Phase,retraction,88480,88868,388,388,0.313,-439,414
98750,99456,706,0,GE-Phrase,238,97522,99461,1939,706,1.0,1228,-5
98750,99456,706,0,GE-Phase,retraction,98230,99461,1231,706,1.0,520,-5
99456,99868,412,0,GE-Phrase,238,97522,99461,1939,5,0.012,1934,407
99456,99868,412,0,GE-Phrase,239,99461,102171,2710,407,0.988,-5,-2303
99456,99868,412,0,GE-Phase,retraction,98230,99461,1231,5,0.012,1226,407
99456,99868,412,0,GE-Phase,preparation,99461,100037,576,407,0.988,-5,-169
100200,101506,1306,0,GE-Phrase,239,99461,102171,2710,1306,1.0,739,-665
100200,101506,1306,0,GE-Phase,stroke,100037,101131,1094,931,0.713,163,375
100200,101506,1306,0,GE-Phase,retraction,101131,102171,1040,375,0.287,-931,-665
101506,102256,750,0,GE-Phrase,239,99461,102171,2710,665,0.887,2045,85
101506,102256,750,0,GE-Phrase,240,102171,104002,1831,85,0.113,-665,-1746
101506,102256,750,0,GE-Phase,retraction,101131,102171,1040,665,0.887,375,85
101506,102256,750,0,GE-Phase,preparation,102171,102490,319,85,0.113,-665,-234
102256,103393,1137,0,GE-Phrase,240,102171,104002,1831,1137,1.0,85,-609
102256,103393,1137,0,GE-Phase,preparation,102171,102490,319,234,0.206,85,903
102256,103393,1137,0,GE-Phase,stroke,102490,102813,323,323,0.284,-234,580
102256,103393,1137,0,GE-Phase,retraction,102813,104002,1189,580,0.51,-557,-609
103393,106072,2679,0,GE-Phrase,240,102171,104002,1831,609,0.227,1222,2070
103393,106072,2679,0,GE-Phase,retraction,102813,104002,1189,609,0.227,580,2070
112081,113696,1615,0,GE-Phrase,241,111522,113521,1999,1440,0.892,559,175
112081,113696,1615,0,GE-Phrase,242,113521,115411,1890,175,0.108,-1440,-1715
112081,113696,1615,0,GE-Phase,preparation,111522,112566,1044,485,0.3,559,1130
112081,113696,1615,0,GE-Phase,stroke,112566,113292,726,726,0.45,-485,404
112081,113696,1615,0,GE-Phase,retraction,113292,113521,229,229,0.142,-1211,175
112081,113696,1615,0,GE-Phase,preparation,113521,113978,457,175,0.108,-1440,-282
113696,114860,1164,0,GE-Phrase,242,113521,115411,1890,1164,1.0,175,-551
113696,114860,1164,0,GE-Phase,preparation,113521,113978,457,282,0.242,175,882
113696,114860,1164,0,GE-Phase,stroke,113978,114582,604,604,0.519,-282,278
113696,114860,1164,0,GE-Phase,retraction,114582,115411,829,278,0.239,-886,-551
114860,115793,933,0,GE-Phrase,242,113521,115411,1890,551,0.591,1339,382
114860,115793,933,0,GE-Phase,retraction,114582,115411,829,551,0.591,278,382
85824,88041,2217,0,GE-Phrase,233,85300,86352,1052,528,0.238,524,1689
85824,88041,2217,0,GE-Phrase,234,86352,87587,1235,1235,0.557,-528,454
85824,88041,2217,0,GE-Phrase,235,87587,88868,1281,454,0.205,-1763,-827
85824,88041,2217,0,GE-Phase,preparation,85300,85900,600,76,0.034,524,2141
85824,88041,2217,0,GE-Phase,stroke,85900,86352,452,452,0.204,-76,1689
85824,88041,2217,0,GE-Phase,preparation,86352,86779,427,427,0.193,-528,1262
85824,88041,2217,0,GE-Phase,stroke,86779,87587,808,808,0.364,-955,454
85824,88041,2217,0,GE-Phase,preparation,87587,88111,524,454,0.205,-1763,-70
88041,89282,1241,0,GE-Phrase,235,87587,88868,1281,827,0.666,454,414
88041,89282,1241,0,GE-Phase,preparation,87587,88111,524,70,0.056,454,1171
88041,89282,1241,0,GE-Phase,stroke,88111,88480,369,369,0.297,-70,802
88041,89282,1241,0,GE-Phase,retraction,88480,88868,388,388,0.313,-439,414
98750,99456,706,0,GE-Phrase,238,97522,99461,1939,706,1.0,1228,-5
98750,99456,706,0,GE-Phase,retraction,98230,99461,1231,706,1.0,520,-5
99456,99868,412,0,GE-Phrase,238,97522,99461,1939,5,0.012,1934,407
99456,99868,412,0,GE-Phrase,239,99461,102171,2710,407,0.988,-5,-2303
99456,99868,412,0,GE-Phase,retraction,98230,99461,1231,5,0.012,1226,407
99456,99868,412,0,GE-Phase,preparation,99461,100037,576,407,0.988,-5,-169
100200,101506,1306,0,GE-Phrase,239,99461,102171,2710,1306,1.0,739,-665
100200,101506,1306,0,GE-Phase,stroke,100037,101131,1094,931,0.713,163,375
100200,101506,1306,0,GE-Phase,retraction,101131,102171,1040,375,0.287,-931,-665
101506,102256,750,0,GE-Phrase,239,99461,102171,2710,665,0.887,2045,85
101506,102256,750,0,GE-Phrase,240,102171,104002,1831,85,0.113,-665,-1746
101506,102256,750,0,GE-Phase,retraction,101131,102171,1040,665,0.887,375,85
101506,102256,750,0,GE-Phase,preparation,102171,102490,319,85,0.113,-665,-234
102256,103393,1137,0,GE-Phrase,240,102171,104002,1831,1137,1.0,85,-609
102256,103393,1137,0,GE-Phase,preparation,102171,102490,319,234,0.206,85,903
102256,103393,1137,0,GE-Phase,stroke,102490,102813,323,323,0.284,-234,580
102256,103393,1137,0,GE-Phase,retraction,102813,104002,1189,580,0.51,-557,-609
103393,106072,2679,0,GE-Phrase,240,102171,104002,1831,609,0.227,1222,2070
103393,106072,2679,0,GE-Phase,retraction,102813,104002,1189,609,0.227,580,2070
112081,113696,1615,0,GE-Phrase,241,111522,113521,1999,1440,0.892,559,175
112081,113696,1615,0,GE-Phrase,242,113521,115411,1890,175,0.108,-1440,-1715
112081,113696,1615,0,GE-Phase,preparation,111522,112566,1044,485,0.3,559,1130
112081,113696,1615,0,GE-Phase,stroke,112566,113292,726,726,0.45,-485,404
112081,113696,1615,0,GE-Phase,retraction,113292,113521,229,229,0.142,-1211,175
112081,113696,1615,0,GE-Phase,preparation,113521,113978,457,175,0.108,-1440,-282
113696,114860,1164,0,GE-Phrase,242,113521,115411,1890,1164,1.0,175,-551
113696,114860,1164,0,GE-Phase,preparation,113521,113978,457,282,0.242,175,882
113696,114860,1164,0,GE-Phase,stroke,113978,114582,604,604,0.519,-282,278
113696,114860,1164,0,GE-Phase,retraction,114582,115411,829,278,0.239,-886,-551
114860,115793,933,0,GE-Phrase,242,113521,115411,1890,551,0.591,1339,382
114860,115793,933,0,GE-Phase,retraction,114582,115411,829,551,0.591,278,382
4370,5588,1218,0,GE-Phrase,201,2608,9088,6480,1218,1.0,1762,-3500
4370,5588,1218,0,GE-Phase,stroke,2772,9088,6316,1218,1.0,1598,-3500
5588,7444,1856,0,GE-Phrase,201,2608,9088,6480,1856,1.0,2980,-1644
5588,7444,1856,0,GE-Phase,stroke,2772,9088,6316,1856,1.0,2816,-1644
76336,77850,1514,0,GE-Phrase,226,76279,77639,1360,1303,0.861,57,211
76336,77850,1514,0,GE-Phrase,227,77639,79279,1640,211,0.139,-1303,-1429
76336,77850,1514,0,GE-Phase,preparation,76279,76512,233,176,0.116,57,1338
76336,77850,1514,0,GE-Phase,stroke,76512,76980,468,468,0.309,-176,870
76336,77850,1514,0,GE-Phase,hold,76980,77639,659,659,0.435,-644,211
76336,77850,1514,0,GE-Phase,preparation,77639,77999,360,211,0.139,-1303,-149
77850,79367,1517,0,GE-Phrase,227,77639,79279,1640,1429,0.942,211,88
77850,79367,1517,0,GE-Phrase,228,79279,80954,1675,88,0.058,-1429,-1587
77850,79367,1517,0,GE-Phase,preparation,77639,77999,360,149,0.098,211,1368
77850,79367,1517,0,GE-Phase,stroke,77999,78319,320,320,0.211,-149,1048
77850,79367,1517,0,GE-Phase,hold,78319,79039,720,720,0.475,-469,328
77850,79367,1517,0,GE-Phase,retraction,79039,79279,240,240,0.158,-1189,88
77850,79367,1517,0,GE-Phase,preparation,79279,79501,222,88,0.058,-1429,-134
79367,79692,325,0,GE-Phrase,228,79279,80954,1675,325,1.0,88,-1262
79367,79692,325,0,GE-Phase,preparation,79279,79501,222,134,0.412,88,191
79367,79692,325,0,GE-Phase,stroke,79501,79868,367,191,0.588,-134,-176
79692,81357,1665,0,GE-Phrase,228,79279,80954,1675,1262,0.758,413,403
79692,81357,1665,0,GE-Phrase,229,80954,82638,1684,403,0.242,-1262,-1281
79692,81357,1665,0,GE-Phase,stroke,79501,79868,367,176,0.106,191,1489
79692,81357,1665,0,GE-Phase,hold,79868,80508,640,640,0.384,-176,849
79692,81357,1665,0,GE-Phase,retraction,80508,80954,446,446,0.268,-816,403
79692,81357,1665,0,GE-Phase,preparation,80954,81451,497,403,0.242,-1262,-94
97800,98130,330,0,GE-Phrase,230,97846,98708,862,284,0.861,-46,-578
97800,98130,330,0,GE-Phase,preparation,97846,98286,440,284,0.861,-46,-156
98130,98848,718,0,GE-Phrase,230,97846,98708,862,578,0.805,284,140
98130,98848,718,0,GE-Phrase,231,98708,100412,1704,140,0.195,-578,-1564
98130,98848,718,0,GE-Phase,preparation,97846,98286,440,156,0.217,284,562
98130,98848,718,0,GE-Phase,stroke,98286,98526,240,240,0.334,-156,322
98130,98848,718,0,GE-Phase,retraction,98526,98708,182,182,0.253,-396,140
98130,98848,718,0,GE-Phase,stroke,98708,99217,509,140,0.195,-578,-369
98848,100935,2087,0,GE-Phrase,231,98708,100412,1704,1564,0.749,140,523
98848,100935,2087,0,GE-Phase,stroke,98708,99217,509,369,0.177,140,1718
98848,100935,2087,0,GE-Phase,retraction,99217,100412,1195,1195,0.573,-369,523
137060,138339,1279,0,GE-Phrase,235,136803,138001,1198,941,0.736,257,338
137060,138339,1279,0,GE-Phrase,236,138001,139371,1370,338,0.264,-941,-1032
137060,138339,1279,0,GE-Phase,stroke,136963,137483,520,423,0.331,97,856
137060,138339,1279,0,GE-Phase,hold,137483,138001,518,518,0.405,-423,338
137060,138339,1279,0,GE-Phase,preparation,138001,138475,474,338,0.264,-941,-136
138339,139647,1308,0,GE-Phrase,236,138001,139371,1370,1032,0.789,338,276
138339,139647,1308,0,GE-Phrase,237,139371,143181,3810,276,0.211,-1032,-3534
138339,139647,1308,0,GE-Phase,preparation,138001,138475,474,136,0.104,338,1172
138339,139647,1308,0,GE-Phase,stroke,138475,139096,621,621,0.475,-136,551
138339,139647,1308,0,GE-Phase,retraction,139096,139371,275,275,0.21,-757,276
138339,139647,1308,0,GE-Phase,preparation,139371,140340,969,276,0.211,-1032,-693
4370,5588,1218,0,GE-Phrase,201,2608,9088,6480,1218,1.0,1762,-3500
4370,5588,1218,0,GE-Phase,stroke,2772,9088,6316,1218,1.0,1598,-3500
5588,7444,1856,0,GE-Phrase,201,2608,9088,6480,1856,1.0,2980,-1644
5588,7444,1856,0,GE-Phase,stroke,2772,9088,6316,1856,1.0,2816,-1644
76336,77850,1514,0,GE-Phrase,226,76279,77639,1360,1303,0.861,57,211
76336,77850,1514,0,GE-Phrase,227,77639,79279,1640,211,0.139,-1303,-1429
76336,77850,1514,0,GE-Phase,preparation,76279,76512,233,176,0.116,57,1338
76336,77850,1514,0,GE-Phase,stroke,76512,76980,468,468,0.309,-176,870
76336,77850,1514,0,GE-Phase,hold,76980,77639,659,659,0.435,-644,211
76336,77850,1514,0,GE-Phase,preparation,77639,77999,360,211,0.139,-1303,-149
77850,79367,1517,0,GE-Phrase,227,77639,79279,1640,1429,0.942,211,88
77850,79367,1517,0,GE-Phrase,228,79279,80954,1675,88,0.058,-1429,-1587
77850,79367,1517,0,GE-Phase,preparation,77639,77999,360,149,0.098,211,1368
77850,79367,1517,0,GE-Phase,stroke,77999,78319,320,320,0.211,-149,1048
77850,79367,1517,0,GE-Phase,hold,78319,79039,720,720,0.475,-469,328
77850,79367,1517,0,GE-Phase,retraction,79039,79279,240,240,0.158,-1189,88
77850,79367,1517,0,GE-Phase,preparation,79279,79501,222,88,0.058,-1429,-134
79367,79692,325,0,GE-Phrase,228,79279,80954,1675,325,1.0,88,-1262
79367,79692,325,0,GE-Phase,preparation,79279,79501,222,134,0.412,88,191
79367,79692,325,0,GE-Phase,stroke,79501,79868,367,191,0.588,-134,-176
79692,81357,1665,0,GE-Phrase,228,79279,80954,1675,1262,0.758,413,403
79692,81357,1665,0,GE-Phrase,229,80954,82638,1684,403,0.242,-1262,-1281
79692,81357,1665,0,GE-Phase,stroke,79501,79868,367,176,0.106,191,1489
79692,81357,1665,0,GE-Phase,hold,79868,80508,640,640,0.384,-176,849
79692,81357,1665,0,GE-Phase,retraction,80508,80954,446,446,0.268,-816,403
79692,81357,1665,0,GE-Phase,preparation,80954,81451,497,403,0.242,-1262,-94
97800,98130,330,0,GE-Phrase,230,97846,98708,862,284,0.861,-46,-578
97800,98130,330,0,GE-Phase,preparation,97846,98286,440,284,0.861,-46,-156
98130,98848,718,0,GE-Phrase,230,97846,98708,862,578,0.805,284,140
98130,98848,718,0,GE-Phrase,231,98708,100412,1704,140,0.195,-578,-1564
98130,98848,718,0,GE-Phase,preparation,97846,98286,440,156,0.217,284,562
98130,98848,718,0,GE-Phase,stroke,98286,98526,240,240,0.334,-156,322
98130,98848,718,0,GE-Phase,retraction,98526,98708,182,182,0.253,-396,140
98130,98848,718,0,GE-Phase,stroke,98708,99217,509,140,0.195,-578,-369
98848,100935,2087,0,GE-Phrase,231,98708,100412,1704,1564,0.749,140,523
98848,100935,2087,0,GE-Phase,stroke,98708,99217,509,369,0.177,140,1718
98848,100935,2087,0,GE-Phase,retraction,99217,100412,1195,1195,0.573,-369,523
137060,138339,1279,0,GE-Phrase,235,136803,138001,1198,941,0.736,257,338
137060,138339,1279,0,GE-Phrase,236,138001,139371,1370,338,0.264,-941,-1032
137060,138339,1279,0,GE-Phase,stroke,136963,137483,520,423,0.331,97,856
137060,138339,1279,0,GE-Phase,hold,137483,138001,518,518,0.405,-423,338
137060,138339,1279,0,GE-Phase,preparation,138001,138475,474,338,0.264,-941,-136
138339,139647,1308,0,GE-Phrase,236,138001,139371,1370,1032,0.789,338,276
138339,139647,1308,0,GE-Phrase,237,139371,143181,3810,276,0.211,-1032,-3534
138339,139647,1308,0,GE-Phase,preparation,138001,138475,474,136,0.104,338,1172
138339,139647,1308,0,GE-Phase,stroke,138475,139096,621,621,0.475,-136,551
138339,139647,1308,0,GE-Phase,retraction,139096,139371,275,275,0.21,-757,276
138339,139647,1308,0,GE-Phase,preparation,139371,140340,969,276,0.211,-1032,-693
4370,5588,1218,0,GE-Phrase,201,2608,9088,6480,1218,1.0,1762,-3500
4370,5588,1218,0,GE-Phase,stroke,2772,9088,6316,1218,1.0,1598,-3500
5588,7444,1856,0,GE-Phrase,201,2608,9088,6480,1856,1.0,2980,-1644
5588,7444,1856,0,GE-Phase,stroke,2772,9088,6316,1856,1.0,2816,-1644
76336,77850,1514,0,GE-Phrase,226,76279,77639,1360,1303,0.861,57,211
76336,77850,1514,0,GE-Phrase,227,77639,79279,1640,211,0.139,-1303,-1429
76336,77850,1514,0,GE-Phase,preparation,76279,76512,233,176,0.116,57,1338
76336,77850,1514,0,GE-Phase,stroke,76512,76980,468,468,0.309,-176,870
76336,77850,1514,0,GE-Phase,hold,76980,77639,659,659,0.435,-644,211
76336,77850,1514,0,GE-Phase,preparation,77639,77999,360,211,0.139,-1303,-149
77850,79367,1517,0,GE-Phrase,227,77639,79279,1640,1429,0.942,211,88
77850,79367,1517,0,GE-Phrase,228,79279,80954,1675,88,0.058,-1429,-1587
77850,79367,1517,0,GE-Phase,preparation,77639,77999,360,149,0.098,211,1368
77850,79367,1517,0,GE-Phase,stroke,77999,78319,320,320,0.211,-149,1048
77850,79367,1517,0,GE-Phase,hold,78319,79039,720,720,0.475,-469,328
77850,79367,1517,0,GE-Phase,retraction,79039,79279,240,240,0.158,-1189,88
77850,79367,1517,0,GE-Phase,preparation,79279,79501,222,88,0.058,-1429,-134
79367,79692,325,0,GE-Phrase,228,79279,80954,1675,325,1.0,88,-1262
79367,79692,325,0,GE-Phase,preparation,79279,79501,222,134,0.412,88,191
79367,79692,325,0,GE-Phase,stroke,79501,79868,367,191,0.588,-134,-176
79692,81357,1665,0,GE-Phrase,228,79279,80954,1675,1262,0.758,413,403
79692,81357,1665,0,GE-Phrase,229,80954,82638,1684,403,0.242,-1262,-1281
79692,81357,1665,0,GE-Phase,stroke,79501,79868,367,176,0.106,191,1489
79692,81357,1665,0,GE-Phase,hold,79868,80508,640,640,0.384,-176,849
79692,81357,1665,0,GE-Phase,retraction,80508,80954,446,446,0.268,-816,403
79692,81357,1665,0,GE-Phase,preparation,80954,81451,497,403,0.242,-1262,-94
97800,98130,330,0,GE-Phrase,230,97846,98708,862,284,0.861,-46,-578
97800,98130,330,0,GE-Phase,preparation,97846,98286,440,284,0.861,-46,-156
98130,98848,718,0,GE-Phrase,230,97846,98708,862,578,0.805,284,140
98130,98848,718,0,GE-Phrase,231,98708,100412,1704,140,0.195,-578,-1564
98130,98848,718,0,GE-Phase,preparation,97846,98286,440,156,0.217,284,562
98130,98848,718,0,GE-Phase,stroke,98286,98526,240,240,0.334,-156,322
98130,98848,718,0,GE-Phase,retraction,98526,98708,182,182,0.253,-396,140
98130,98848,718,0,GE-Phase,stroke,98708,99217,509,140,0.195,-578,-369
98848,100935,2087,0,GE-Phrase,231,98708,100412,1704,1564,0.749,140,523
98848,100935,2087,0,GE-Phase,stroke,98708,99217,509,369,0.177,140,1718
98848,100935,2087,0,GE-Phase,retraction,99217,100412,1195,1195,0.573,-369,523
137060,138339,1279,0,GE-Phrase,235,136803,138001,1198,941,0.736,257,338
137060,138339,1279,0,GE-Phrase,236,138001,139371,1370,338,0.264,-941,-1032
137060,138339,1279,0,GE-Phase,stroke,136963,137483,520,423,0.331,97,856
137060,138339,1279,0,GE-Phase,hold,137483,138001,518,518,0.405,-423,338
137060,138339,1279,0,GE-Phase,preparation,138001,138475,474,338,0.264,-941,-136
138339,139647,1308,0,GE-Phrase,236,138001,139371,1370,1032,0.789,338,276
138339,139647,1308,0,GE-Phrase,237,139371,143181,3810,276,0.211,-1032,-3534
138339,139647,1308,0,GE-Phase,preparation,138001,138475,474,136,0.104,338,1172
138339,139647,1308,0,GE-Phase,stroke,138475,139096,621,621,0.475,-136,551
138339,139647,1308,0,GE-Phase,retraction,139096,139371,275,275,0.21,-757,276
138339,139647,1308,0,GE-Phase,preparation,139371,140340,969,276,0.211,-1032,-693
4370,5588,1218,0,GE-Phrase,201,2608,9088,6480,1218,1.0,1762,-3500
4370,5588,1218,0,GE-Phase,stroke,2772,9088,6316,1218,1.0,1598,-3500
5588,7444,1856,0,GE-Phrase,201,2608,9088,6480,1856,1.0,2980,-1644
5588,7444,1856,0,GE-Phase,stroke,2772,9088,6316,1856,1.0,2816,-1644
76336,77850,1514,0,GE-Phrase,226,76279,77639,1360,1303,0.861,57,211
76336,77850,1514,0,GE-Phrase,227,77639,79279,1640,211,0.139,-1303,-1429
76336,77850,1514,0,GE-Phase,preparation,76279,76512,233,176,0.116,57,1338
76336,77850,1514,0,GE-Phase,stroke,76512,76980,468,468,0.309,-176,870
76336,77850,1514,0,GE-Phase,hold,76980,77639,659,659,0.435,-644,211
76336,77850,1514,0,GE-Phase,preparation,77639,77999,360,211,0.139,-1303,-149
77850,79367,1517,0,GE-Phrase,227,77639,79279,1640,1429,0.942,211,88
77850,79367,1517,0,GE-Phrase,228,79279,80954,1675,88,0.058,-1429,-1587
77850,79367,1517,0,GE-Phase,preparation,77639,77999,360,149,0.098,211,1368
77850,79367,1517,0,GE-Phase,stroke,77999,78319,320,320,0.211,-149,1048
77850,79367,1517,0,GE-Phase,hold,78319,79039,720,720,0.475,-469,328
77850,79367,1517,0,GE-Phase,retraction,79039,79279,240,240,0.158,-1189,88
77850,79367,1517,0,GE-Phase,preparation,79279,79501,222,88,0.058,-1429,-134
79367,79692,325,0,GE-Phrase,228,79279,80954,1675,325,1.0,88,-1262
79367,79692,325,0,GE-Phase,preparation,79279,79501,222,134,0.412,88,191
79367,79692,325,0,GE-Phase,stroke,79501,79868,367,191,0.588,-134,-176
79692,81357,1665,0,GE-Phrase,228,79279,80954,1675,1262,0.758,413,403
79692,81357,1665,0,GE-Phrase,229,80954,82638,1684,403,0.242,-1262,-1281
79692,81357,1665,0,GE-Phase,stroke,79501,79868,367,176,0.106,191,1489
79692,81357,1665,0,GE-Phase,hold,79868,80508,640,640,0.384,-176,849
79692,81357,1665,0,GE-Phase,retraction,80508,80954,446,446,0.268,-816,403
79692,81357,1665,0,GE-Phase,preparation,80954,81451,497,403,0.242,-1262,-94
97800,98130,330,0,GE-Phrase,230,97846,98708,862,284,0.861,-46,-578
97800,98130,330,0,GE-Phase,preparation,97846,98286,440,284,0.861,-46,-156
98130,98848,718,0,GE-Phrase,230,97846,98708,862,578,0.805,284,140
98130,98848,718,0,GE-Phrase,231,98708,100412,1704,140,0.195,-578,-1564
98130,98848,718,0,GE-Phase,preparation,97846,98286,440,156,0.217,284,562
98130,98848,718,0,GE-Phase,stroke,98286,98526,240,240,0.334,-156,322
98130,98848,718,0,GE-Phase,retraction,98526,98708,182,182,0.253,-396,140
98130,98848,718,0,GE-Phase,stroke,98708,99217,509,140,0.195,-578,-369
98848,100935,2087,0,GE-Phrase,231,98708,100412,1704,1564,0.749,140,523
98848,100935,2087,0,GE-Phase,stroke,98708,99217,509,369,0.177,140,1718
98848,100935,2087,0,GE-Phase,retraction,99217,100412,1195,1195,0.573,-369,523
137060,138339,1279,0,GE-Phrase,235,136803,138001,1198,941,0.736,257,338
137060,138339,1279,0,GE-Phrase,236,138001,139371,1370,338,0.264,-941,-1032
137060,138339,1279,0,GE-Phase,stroke,136963,137483,520,423,0.331,97,856
137060,138339,1279,0,GE-Phase,hold,137483,138001,518,518,0.405,-423,338
137060,138339,1279,0,GE-Phase,preparation,138001,138475,474,338,0.264,-941,-136
138339,139647,1308,0,GE-Phrase,236,138001,139371,1370,1032,0.789,338,276
138339,139647,1308,0,GE-Phrase,237,139371,143181,3810,276,0.211,-1032,-3534
138339,139647,1308,0,GE-Phase,preparation,138001,138475,474,136,0.104,338,1172
138339,139647,1308,0,GE-Phase,stroke,138475,139096,621,621,0.475,-136,551
138339,139647,1308,0,GE-Phase,retraction,139096,139371,275,275,0.21,-757,276
138339,139647,1308,0,GE-Phase,preparation,139371,140340,969,276,0.211,-1032,-693
4370,5588,1218,0,GE-Phrase,201,2608,9088,6480,1218,1.0,1762,-3500
4370,5588,1218,0,GE-Phase,stroke,2772,9088,6316,1218,1.0,1598,-3500
5588,7444,1856,0,GE-Phrase,201,2608,9088,6480,1856,1.0,2980,-1644
5588,7444,1856,0,GE-Phase,stroke,2772,9088,6316,1856,1.0,2816,-1644
76336,77850,1514,0,GE-Phrase,226,76279,77639,1360,1303,0.861,57,211
76336,77850,1514,0,GE-Phrase,227,77639,79279,1640,211,0.139,-1303,-1429
76336,77850,1514,0,GE-Phase,preparation,76279,76512,233,176,0.116,57,1338
76336,77850,1514,0,GE-Phase,stroke,76512,76980,468,468,0.309,-176,870
76336,77850,1514,0,GE-Phase,hold,76980,77639,659,659,0.435,-644,211
76336,77850,1514,0,GE-Phase,preparation,77639,77999,360,211,0.139,-1303,-149
77850,79367,1517,0,GE-Phrase,227,77639,79279,1640,1429,0.942,211,88
77850,79367,1517,0,GE-Phrase,228,79279,80954,1675,88,0.058,-1429,-1587
77850,79367,1517,0,GE-Phase,preparation,77639,77999,360,149,0.098,211,1368
77850,79367,1517,0,GE-Phase,stroke,77999,78319,320,320,0.211,-149,1048
77850,79367,1517,0,GE-Phase,hold,78319,79039,720,720,0.475,-469,328
77850,79367,1517,0,GE-Phase,retraction,79039,79279,240,240,0.158,-1189,88
77850,79367,1517,0,GE-Phase,preparation,79279,79501,222,88,0.058,-1429,-134
79367,79692,325,0,GE-Phrase,228,79279,80954,1675,325,1.0,88,-1262
79367,79692,325,0,GE-Phase,preparation,79279,79501,222,134,0.412,88,191
79367,79692,325,0,GE-Phase,stroke,79501,79868,367,191,0.588,-134,-176
79692,81357,1665,0,GE-Phrase,228,79279,80954,1675,1262,0.758,413,403
79692,81357,1665,0,GE-Phrase,229,80954,82638,1684,403,0.242,-1262,-1281
79692,81357,1665,0,GE-Phase,stroke,79501,79868,367,176,0.106,191,1489
79692,81357,1665,0,GE-Phase,hold,79868,80508,640,640,0.384,-176,849
79692,81357,1665,0,GE-Phase,retraction,80508,80954,446,446,0.268,-816,403
79692,81357,1665,0,GE-Phase,preparation,80954,81451,497,403,0.242,-1262,-94
97800,98130,330,0,GE-Phrase,230,97846,98708,862,284,0.861,-46,-578
97800,98130,330,0,GE-Phase,preparation,97846,98286,440,284,0.861,-46,-156
98130,98848,718,0,GE-Phrase,230,97846,98708,862,578,0.805,284,140
98130,98848,718,0,GE-Phrase,231,98708,100412,1704,140,0.195,-578,-1564
98130,98848,718,0,GE-Phase,preparation,97846,98286,440,156,0.217,284,562
98130,98848,718,0,GE-Phase,stroke,98286,98526,240,240,0.334,-156,322
98130,98848,718,0,GE-Phase,retraction,98526,98708,182,182,0.253,-396,140
98130,98848,718,0,GE-Phase,stroke,98708,99217,509,140,0.195,-578,-369
98848,100935,2087,0,GE-Phrase,231,98708,100412,1704,1564,0.749,140,523
98848,100935,2087,0,GE-Phase,stroke,98708,99217,509,369,0.177,140,1718
98848,100935,2087,0,GE-Phase,retraction,99217,100412,1195,1195,0.573,-369,523
137060,138339,1279,0,GE-Phrase,235,136803,138001,1198,941,0.736,257,338
137060,138339,1279,0,GE-Phrase,236,138001,139371,1370,338,0.264,-941,-1032
137060,138339,1279,0,GE-Phase,stroke,136963,137483,520,423,0.331,97,856
137060,138339,1279,0,GE-Phase,hold,137483,138001,518,518,0.405,-423,338
137060,138339,1279,0,GE-Phase,preparation,138001,138475,474,338,0.264,-941,-136
138339,139647,1308,0,GE-Phrase,236,138001,139371,1370,1032,0.789,338,276
138339,139647,1308,0,GE-Phrase,237,139371,143181,3810,276,0.211,-1032,-3534
138339,139647,1308,0,GE-Phase,preparation,138001,138475,474,136,0.104,338,1172
138339,139647,1308,0,GE-Phase,stroke,138475,139096,621,621,0.475,-136,551
138339,139647,1308,0,GE-Phase,retraction,139096,139371,275,275,0.21,-757,276
138339,139647,1308,0,GE-Phase,preparation,139371,140340,969,276,0.211,-1032,-693
4370,5588,1218,0,GE-Phrase,201,2608,9088,6480,1218,1.0,1762,-3500
4370,5588,1218,0,GE-Phase,stroke,2772,9088,6316,1218,1.0,1598,-3500
5588,7444,1856,0,GE-Phrase,201,2608,9088,6480,1856,1.0,2980,-1644
5588,7444,1856,0,GE-Phase,stroke,2772,9088,6316,1856,1.0,2816,-1644
76336,77850,1514,0,GE-Phrase,226,76279,77639,1360,1303,0.861,57,211
76336,77850,1514,0,GE-Phrase,227,77639,79279,1640,211,0.139,-1303,-1429
76336,77850,1514,0,GE-Phase,preparation,76279,76512,233,176,0.116,57,1338
76336,77850,1514,0,GE-Phase,stroke,76512,76980,468,468,0.309,-176,870
76336,77850,1514,0,GE-Phase,hold,76980,77639,659,659,0.435,-644,211
76336,77850,1514,0,GE-Phase,preparation,77639,77999,360,211,0.139,-1303,-149
77850,79367,1517,0,GE-Phrase,227,77639,79279,1640,1429,0.942,211,88
77850,79367,1517,0,GE-Phrase,228,79279,80954,1675,88,0.058,-1429,-1587
77850,79367,1517,0,GE-Phase,preparation,77639,77999,360,149,0.098,211,1368
77850,79367,1517,0,GE-Phase,stroke,77999,78319,320,320,0.211,-149,1048
77850,79367,1517,0,GE-Phase,hold,78319,79039,720,720,0.475,-469,328
77850,79367,1517,0,GE-Phase,retraction,79039,79279,240,240,0.158,-1189,88
77850,79367,1517,0,GE-Phase,preparation,79279,79501,222,88,0.058,-1429,-134
79367,79692,325,0,GE-Phrase,228,79279,80954,1675,325,1.0,88,-1262
79367,79692,325,0,GE-Phase,preparation,79279,79501,222,134,0.412,88,191
79367,79692,325,0,GE-Phase,stroke,79501,79868,367,191,0.588,-134,-176
79692,81357,1665,0,GE-Phrase,228,79279,80954,1675,1262,0.758,413,403
79692,81357,1665,0,GE-Phrase,229,80954,82638,1684,403,0.242,-1262,-1281
79692,81357,1665,0,GE-Phase,stroke,79501,79868,367,176,0.106,191,1489
79692,81357,1665,0,GE-Phase,hold,79868,80508,640,640,0.384,-176,849
79692,81357,1665,0,GE-Phase,retraction,80508,80954,446,446,0.268,-816,403
79692,81357,1665,0,GE-Phase,preparation,80954,81451,497,403,0.242,-1262,-94
97800,98130,330,0,GE-Phrase,230,97846,98708,862,284,0.861,-46,-578
97800,98130,330,0,GE-Phase,preparation,97846,98286,440,284,0.861,-46,-156
98130,98848,718,0,GE-Phrase,230,97846,98708,862,578,0.805,284,140
98130,98848,718,0,GE-Phrase,231,98708,100412,1704,140,0.195,-578,-1564
98130,98848,718,0,GE-Phase,preparation,97846,98286,440,156,0.217,284,562
98130,98848,718,0,GE-Phase,stroke,98286,98526,240,240,0.334,-156,322
98130,98848,718,0,GE-Phase,retraction,98526,98708,182,182,0.253,-396,140
98130,98848,718,0,GE-Phase,stroke,98708,99217,509,140,0.195,-578,-369
98848,100935,2087,0,GE-Phrase,231,98708,100412,1704,1564,0.749,140,523
98848,100935,2087,0,GE-Phase,stroke,98708,99217,509,369,0.177,140,1718
98848,100935,2087,0,GE-Phase,retraction,99217,100412,1195,1195,0.573,-369,523
137060,138339,1279,0,GE-Phrase,235,136803,138001,1198,941,0.736,257,338
137060,138339,1279,0,GE-Phrase,236,138001,139371,1370,338,0.264,-941,-1032
137060,138339,1279,0,GE-Phase,stroke,136963,137483,520,423,0.331,97,856
137060,138339,1279,0,GE-Phase,hold,137483,138001,518,518,0.405,-423,338
137060,138339,1279,0,GE-Phase,preparation,138001,138475,474,338,0.264,-941,-136
138339,139647,1308,0,GE-Phrase,236,138001,139371,1370,1032,0.789,338,276
138339,139647,1308,0,GE-Phrase,237,139371,143181,3810,276,0.211,-1032,-3534
138339,139647,1308,0,GE-Phase,preparation,138001,138475,474,136,0.104,338,1172
138339,139647,1308,0,GE-Phase,stroke,138475,139096,621,621,0.475,-136,551
138339,139647,1308,0,GE-Phase,retraction,139096,139371,275,275,0.21,-757,276
138339,139647,1308,0,GE-Phase,preparation,139371,140340,969,276,0.211,-1032,-693
4370,5588,1218,0,GE-Phrase,201,2608,9088,6480,1218,1.0,1762,-3500
4370,5588,1218,0,GE-Phase,stroke,2772,9088,6316,1218,1.0,1598,-3500
5588,7444,1856,0,GE-Phrase,201,2608,9088,6480,1856,1.0,2980,-1644
5588,7444,1856,0,GE-Phase,stroke,2772,9088,6316,1856,1.0,2816,-1644
76336,77850,1514,0,GE-Phrase,226,76279,77639,1360,1303,0.861,57,211
76336,77850,1514,0,GE-Phrase,227,77639,79279,1640,211,0.139,-1303,-1429
76336,77850,1514,0,GE-Phase,preparation,76279,76512,233,176,0.116,57,1338
76336,77850,1514,0,GE-Phase,stroke,76512,76980,468,468,0.309,-176,870
76336,77850,1514,0,GE-Phase,hold,76980,77639,659,659,0.435,-644,211
76336,77850,1514,0,GE-Phase,preparation,77639,77999,360,211,0.139,-1303,-149
77850,79367,1517,0,GE-Phrase,227,77639,79279,1640,1429,0.942,211,88
77850,79367,1517,0,GE-Phrase,228,79279,80954,1675,88,0.058,-1429,-1587
77850,79367,1517,0,GE-Phase,preparation,77639,77999,360,149,0.098,211,1368
77850,79367,1517,0,GE-Phase,stroke,77999,78319,320,320,0.211,-149,1048
77850,79367,1517,0,GE-Phase,hold,78319,79039,720,720,0.475,-469,328
77850,79367,1517,0,GE-Phase,retraction,79039,79279,240,240,0.158,-1189,88
77850,79367,1517,0,GE-Phase,preparation,79279,79501,222,88,0.058,-1429,-134
79367,79692,325,0,GE-Phrase,228,79279,80954,1675,325,1.0,88,-1262
79367,79692,325,0,GE-Phase,preparation,79279,79501,222,134,0.412,88,191
79367,79692,325,0,GE-Phase,stroke,79501,79868,367,191,0.588,-134,-176
79692,81357,1665,0,GE-Phrase,228,79279,80954,1675,1262,0.758,413,403
79692,81357,1665,0,GE-Phrase,229,80954,82638,1684,403,0.242,-1262,-1281
79692,81357,1665,0,GE-Phase,stroke,79501,79868,367,176,0.106,191,1489
79692,81357,1665,0,GE-Phase,hold,79868,80508,640,640,0.384,-176,849
79692,81357,1665,0,GE-Phase,retraction,80508,80954,446,446,0.268,-816,403
79692,81357,1665,0,GE-Phase,preparation,80954,81451,497,403,0.242,-1262,-94
97800,98130,330,0,GE-Phrase,230,97846,98708,862,284,0.861,-46,-578
97800,98130,330,0,GE-Phase,preparation,97846,98286,440,284,0.861,-46,-156
98130,98848,718,0,GE-Phrase,230,97846,98708,862,578,0.805,284,140
98130,98848,718,0,GE-Phrase,231,98708,100412,1704,140,0.195,-578,-1564
98130,98848,718,0,GE-Phase,preparation,97846,98286,440,156,0.217,284,562
98130,98848,718,0,GE-Phase,stroke,98286,98526,240,240,0.334,-156,322
98130,98848,718,0,GE-Phase,retraction,98526,98708,182,182,0.253,-396,140
98130,98848,718,0,GE-Phase,stroke,98708,99217,509,140,0.195,-578,-369
98848,100935,2087,0,GE-Phrase,231,98708,100412,1704,1564,0.749,140,523
98848,100935,2087,0,GE-Phase,stroke,98708,99217,509,369,0.177,140,1718
98848,100935,2087,0,GE-Phase,retraction,99217,100412,1195,1195,0.573,-369,523
137060,138339,1279,0,GE-Phrase,235,136803,138001,1198,941,0.736,257,338
137060,138339,1279,0,GE-Phrase,236,138001,139371,1370,338,0.264,-941,-1032
137060,138339,1279,0,GE-Phase,stroke,136963,137483,520,423,0.331,97,856
137060,138339,1279,0,GE-Phase,hold,137483,138001,518,518,0.405,-423,338
137060,138339,1279,0,GE-Phase,preparation,138001,138475,474,338,0.264,-941,-136
138339,139647,1308,0,GE-Phrase,236,138001,139371,1370,1032,0.789,338,276
138339,139647,1308,0,GE-Phrase,237,139371,143181,3810,276,0.211,-1032,-3534
138339,139647,1308,0,GE-Phase,preparation,138001,138475,474,136,0.104,338,1172
138339,139647,1308,0,GE-Phase,stroke,138475,139096,621,621,0.475,-136,551
138339,139647,1308,0,GE-Phase,retraction,139096,139371,275,275,0.21,-757,276
138339,139647,1308,0,GE-Phase,preparation,139371,140340,969,276,0.211,-1032,-693
4370,5588,1218,0,GE-Phrase,201,2608,9088,6480,1218,1.0,1762,-3500
4370,5588,1218,0,GE-Phase,stroke,2772,9088,6316,1218,1.0,1598,-3500
5588,7444,1856,0,GE-Phrase,201,2608,9088,6480,1856,1.0,2980,-1644
5588,7444,1856,0,GE-Phase,stroke,2772,9088,6316,1856,1.0,2816,-1644
76336,77850,1514,0,GE-Phrase,226,76279,77639,1360,1303,0.861,57,211
76336,77850,1514,0,GE-Phrase,227,77639,79279,1640,211,0.139,-1303,-1429
76336,77850,1514,0,GE-Phase,preparation,76279,76512,233,176,0.116,57,1338
76336,77850,1514,0,GE-Phase,stroke,76512,76980,468,468,0.309,-176,870
76336,77850,1514,0,GE-Phase,hold,76980,77639,659,659,0.435,-644,211
76336,77850,1514,0,GE-Phase,preparation,77639,77999,360,211,0.139,-1303,-149
77850,79367,1517,0,GE-Phrase,227,77639,79279,1640,1429,0.942,211,88
77850,79367,1517,0,GE-Phrase,228,79279,80954,1675,88,0.058,-1429,-1587
77850,79367,1517,0,GE-Phase,preparation,77639,77999,360,149,0.098,211,1368
77850,79367,1517,0,GE-Phase,stroke,77999,78319,320,320,0.211,-149,1048
77850,79367,1517,0,GE-Phase,hold,78319,79039,720,720,0.475,-469,328
77850,79367,1517,0,GE-Phase,retraction,79039,79279,240,240,0.158,-1189,88
77850,79367,1517,0,GE-Phase,preparation,79279,79501,222,88,0.058,-1429,-134
79367,79692,325,0,GE-Phrase,228,79279,80954,1675,325,1.0,88,-1262
79367,79692,325,0,GE-Phase,preparation,79279,79501,222,134,0.412,88,191
79367,79692,325,0,GE-Phase,stroke,79501,79868,367,191,0.588,-134,-176
79692,81357,1665,0,GE-Phrase,228,79279,80954,1675,1262,0.758,413,403
79692,81357,1665,0,GE-Phrase,229,80954,82638,1684,403,0.242,-1262,-1281
79692,81357,1665,0,GE-Phase,stroke,79501,79868,367,176,0.106,191,1489
79692,81357,1665,0,GE-Phase,hold,79868,80508,640,640,0.384,-176,849
79692,81357,1665,0,GE-Phase,retraction,80508,80954,446,446,0.268,-816,403
79692,81357,1665,0,GE-Phase,preparation,80954,81451,497,403,0.242,-1262,-94
97800,98130,330,0,GE-Phrase,230,97846,98708,862,284,0.861,-46,-578
97800,98130,330,0,GE-Phase,preparation,97846,98286,440,284,0.861,-46,-156
98130,98848,718,0,GE-Phrase,230,97846,98708,862,578,0.805,284,140
98130,98848,718,0,GE-Phrase,231,98708,100412,1704,140,0.195,-578,-1564
98130,98848,718,0,GE-Phase,preparation,97846,98286,440,156,0.217,284,562
98130,98848,718,0,GE-Phase,stroke,98286,98526,240,240,0.334,-156,322
98130,98848,718,0,GE-Phase,retraction,98526,98708,182,182,0.253,-396,140
98130,98848,718,0,GE-Phase,stroke,98708,99217,509,140,0.195,-578,-369
98848,100935,2087,0,GE-Phrase,231,98708,100412,1704,1564,0.749,140,523
98848,100935,2087,0,GE-Phase,stroke,98708,99217,509,369,0.177,140,1718
98848,100935,2087,0,GE-Phase,retraction,99217,100412,1195,1195,0.573,-369,523
137060,138339,1279,0,GE-Phrase,235,136803,138001,1198,941,0.736,257,338
137060,138339,1279,0,GE-Phrase,236,138001,139371,1370,338,0.264,-941,-1032
137060,138339,1279,0,GE-Phase,stroke,136963,137483,520,423,0.331,97,856
137060,138339,1279,0,GE-Phase,hold,137483,138001,518,518,0.405,-423,338
137060,138339,1279,0,GE-Phase,preparation,138001,138475,474,338,0.264,-941,-136
138339,139647,1308,0,GE-Phrase,236,138001,139371,1370,1032,0.789,338,276
138339,139647,1308,0,GE-Phrase,237,139371,143181,3810,276,0.211,-1032,-3534
138339,139647,1308,0,GE-Phase,preparation,138001,138475,474,136,0.104,338,1172
138339,139647,1308,0,GE-Phase,stroke,138475,139096,621,621,0.475,-136,551
138339,139647,1308,0,GE-Phase,retraction,139096,139371,275,275,0.21,-757,276
138339,139647,1308,0,GE-Phase,preparation,139371,140340,969,276,0.211,-1032,-693
4370,5588,1218,0,GE-Phrase,201,2608,9088,6480,1218,1.0,1762,-3500
4370,5588,1218,0,GE-Phase,stroke,2772,9088,6316,1218,1.0,1598,-3500
5588,7444,1856,0,GE-Phrase,201,2608,9088,6480,1856,1.0,2980,-1644
5588,7444,1856,0,GE-Phase,stroke,2772,9088,6316,1856,1.0,2816,-1644
76336,77850,1514,0,GE-Phrase,226,76279,77639,1360,1303,0.861,57,211
76336,77850,1514,0,GE-Phrase,227,77639,79279,1640,211,0.139,-1303,-1429
76336,77850,1514,0,GE-Phase,preparation,76279,76512,233,176,0.116,57,1338
76336,77850,1514,0,GE-Phase,stroke,76512,76980,468,468,0.309,-176,870
76336,77850,1514,0,GE-Phase,hold,76980,77639,659,659,0.435,-644,211
76336,77850,1514,0,GE-Phase,preparation,77639,77999,360,211,0.139,-1303,-149
77850,79367,1517,0,GE-Phrase,227,77639,79279,1640,1429,0.942,211,88
77850,79367,1517,0,GE-Phrase,228,79279,80954,1675,88,0.058,-1429,-1587
77850,79367,1517,0,GE-Phase,preparation,77639,77999,360,149,0.098,211,1368
77850,79367,1517,0,GE-Phase,stroke,77999,78319,320,320,0.211,-149,1048
77850,79367,1517,0,GE-Phase,hold,78319,79039,720,720,0.475,-469,328
77850,79367,1517,0,GE-Phase,retraction,79039,79279,240,240,0.158,-1189,88
77850,79367,1517,0,GE-Phase,preparation,79279,79501,222,88,0.058,-1429,-134
79367,79692,325,0,GE-Phrase,228,79279,80954,1675,325,1.0,88,-1262
79367,79692,325,0,GE-Phase,preparation,79279,79501,222,134,0.412,88,191
79367,79692,325,0,GE-Phase,stroke,79501,79868,367,191,0.588,-134,-176
79692,81357,1665,0,GE-Phrase,228,79279,80954,1675,1262,0.758,413,403
79692,81357,1665,0,GE-Phrase,229,80954,82638,1684,403,0.242,-1262,-1281
79692,81357,1665,0,GE-Phase,stroke,79501,79868,367,176,0.106,191,1489
79692,81357,1665,0,GE-Phase,hold,79868,80508,640,640,0.384,-176,849
79692,81357,1665,0,GE-Phase,retraction,80508,80954,446,446,0.268,-816,403
79692,81357,1665,0,GE-Phase,preparation,80954,81451,497,403,0.242,-1262,-94
97800,98130,330,0,GE-Phrase,230,97846,98708,862,284,0.861,-46,-578
97800,98130,330,0,GE-Phase,preparation,97846,98286,440,284,0.861,-46,-156
98130,98848,718,0,GE-Phrase,230,97846,98708,862,578,0.805,284,140
98130,98848,718,0,GE-Phrase,231,98708,100412,1704,140,0.195,-578,-1564
98130,98848,718,0,GE-Phase,preparation,97846,98286,440,156,0.217,284,562
98130,98848,718,0,GE-Phase,stroke,98286,98526,240,240,0.334,-156,322
98130,98848,718,0,GE-Phase,retraction,98526,98708,182,182,0.253,-396,140
98130,98848,718,0,GE-Phase,stroke,98708,99217,509,140,0.195,-578,-369
98848,100935,2087,0,GE-Phrase,231,98708,100412,1704,1564,0.749,140,523
98848,100935,2087,0,GE-Phase,stroke,98708,99217,509,369,0.177,140,1718
98848,100935,2087,0,GE-Phase,retraction,99217,100412,1195,1195,0.573,-369,523
137060,138339,1279,0,GE-Phrase,235,136803,138001,1198,941,0.736,257,338
137060,138339,1279,0,GE-Phrase,236,138001,139371,1370,338,0.264,-941,-1032
137060,138339,1279,0,GE-Phase,stroke,136963,137483,520,423,0.331,97,856
137060,138339,1279,0,GE-Phase,hold,137483,138001,518,518,0.405,-423,338
137060,138339,1279,0,GE-Phase,preparation,138001,138475,474,338,0.264,-941,-136
138339,139647,1308,0,GE-Phrase,236,138001,139371,1370,1032,0.789,338,276
138339,139647,1308,0,GE-Phrase,237,139371,143181,3810,276,0.211,-1032,-3534
138339,139647,1308,0,GE-Phase,preparation,138001,138475,474,136,0.104,338,1172
138339,139647,1308,0,GE-Phase,stroke,138475,139096,621,621,0.475,-136,551
138339,139647,1308,0,GE-Phase,retraction,139096,139371,275,275,0.21,-757,276
138339,139647,1308,0,GE-Phase,preparation,139371,140340,969,276,0.211,-1032,-693
4370,5588,1218,0,GE-Phrase,201,2608,9088,6480,1218,1.0,1762,-3500
4370,5588,1218,0,GE-Phase,stroke,2772,9088,6316,1218,1.0,1598,-3500
5588,7444,1856,0,GE-Phrase,201,2608,9088,6480,1856,1.0,2980,-1644
5588,7444,1856,0,GE-Phase,stroke,2772,9088,6316,1856,1.0,2816,-1644
76336,77850,1514,0,GE-Phrase,226,76279,77639,1360,1303,0.861,57,211
76336,77850,1514,0,GE-Phrase,227,77639,79279,1640,211,0.139,-1303,-1429
76336,77850,1514,0,GE-Phase,preparation,76279,76512,233,176,0.116,57,1338
76336,77850,1514,0,GE-Phase,stroke,76512,76980,468,468,0.309,-176,870
76336,77850,1514,0,GE-Phase,hold,76980,77639,659,659,0.435,-644,211
76336,77850,1514,0,GE-Phase,preparation,77639,77999,360,211,0.139,-1303,-149
77850,79367,1517,0,GE-Phrase,227,77639,79279,1640,1429,0.942,211,88
77850,79367,1517,0,GE-Phrase,228,79279,80954,1675,88,0.058,-1429,-1587
77850,79367,1517,0,GE-Phase,preparation,77639,77999,360,149,0.098,211,1368
77850,79367,1517,0,GE-Phase,stroke,77999,78319,320,320,0.211,-149,1048
77850,79367,1517,0,GE-Phase,hold,78319,79039,720,720,0.475,-469,328
77850,79367,1517,0,GE-Phase,retraction,79039,79279,240,240,0.158,-1189,88
77850,79367,1517,0,GE-Phase,preparation,79279,79501,222,88,0.058,-1429,-134
79367,79692,325,0,GE-Phrase,228,79279,80954,1675,325,1.0,88,-1262
79367,79692,325,0,GE-Phase,preparation,79279,79501,222,134,0.412,88,191
79367,79692,325,0,GE-Phase,stroke,79501,79868,367,191,0.588,-134,-176
79692,81357,1665,0,GE-Phrase,228,79279,80954,1675,1262,0.758,413,403
79692,81357,1665,0,GE-Phrase,229,80954,82638,1684,403,0.242,-1262,-1281
79692,81357,1665,0,GE-Phase,stroke,79501,79868,367,176,0.106,191,1489
79692,81357,1665,0,GE-Phase,hold,79868,80508,640,640,0.384,-176,849
79692,81357,1665,0,GE-Phase,retraction,80508,80954,446,446,0.268,-816,403
79692,81357,1665,0,GE-Phase,preparation,80954,81451,497,403,0.242,-1262,-94
97800,98130,330,0,GE-Phrase,230,97846,98708,862,284,0.861,-46,-578
97800,98130,330,0,GE-Phase,preparation,97846,98286,440,284,0.861,-46,-156
98130,98848,718,0,GE-Phrase,230,97846,98708,862,578,0.805,284,140
98130,98848,718,0,GE-Phrase,231,98708,100412,1704,140,0.195,-578,-1564
98130,98848,718,0,GE-Phase,preparation,97846,98286,440,156,0.217,284,562
98130,98848,718,0,GE-Phase,stroke,98286,98526,240,240,0.334,-156,322
98130,98848,718,0,GE-Phase,retraction,98526,98708,182,182,0.253,-396,140
98130,98848,718,0,GE-Phase,stroke,98708,99217,509,140,0.195,-578,-369
98848,100935,2087,0,GE-Phrase,231,98708,100412,1704,1564,0.749,140,523
98848,100935,2087,0,GE-Phase,stroke,98708,99217,509,369,0.177,140,1718
98848,100935,2087,0,GE-Phase,retraction,99217,100412,1195,1195,0.573,-369,523
137060,138339,1279,0,GE-Phrase,235,136803,138001,1198,941,0.736,257,338
137060,138339,1279,0,GE-Phrase,236,138001,139371,1370,338,0.264,-941,-1032
137060,138339,1279,0,GE-Phase,stroke,136963,137483,520,423,0.331,97,856
137060,138339,1279,0,GE-Phase,hold,137483,138001,518,518,0.405,-423,338
137060,138339,1279,0,GE-Phase,preparation,138001,138475,474,338,0.264,-941,-136
138339,139647,1308,0,GE-Phrase,236,138001,139371,1370,1032,0.789,338,276
138339,139647,1308,0,GE-Phrase,237,139371,143181,3810,276,0.211,-1032,-3534
138339,139647,1308,0,GE-Phase,preparation,138001,138475,474,136,0.104,338,1172
138339,139647,1308,0,GE-Phase,stroke,138475,139096,621,621,0.475,-136,551
138339,139647,1308,0,GE-Phase,retraction,139096,139371,275,275,0.21,-757,276
138339,139647,1308,0,GE-Phase,preparation,139371,140340,969,276,0.211,-1032,-693
4370,5588,1218,0,GE-Phrase,201,2608,9088,6480,1218,1.0,1762,-3500
4370,5588,1218,0,GE-Phase,stroke,2772,9088,6316,1218,1.0,1598,-3500
5588,7444,1856,0,GE-Phrase,201,2608,9088,6480,1856,1.0,2980,-1644
5588,7444,1856,0,GE-Phase,stroke,2772,9088,6316,1856,1.0,2816,-1644
76336,77850,1514,0,GE-Phrase,226,76279,77639,1360,1303,0.861,57,211
76336,77850,1514,0,GE-Phrase,227,77639,79279,1640,211,0.139,-1303,-1429
76336,77850,1514,0,GE-Phase,preparation,76279,76512,233,176,0.116,57,1338
76336,77850,1514,0,GE-Phase,stroke,76512,76980,468,468,0.309,-176,870
76336,77850,1514,0,GE-Phase,hold,76980,77639,659,659,0.435,-644,211
76336,77850,1514,0,GE-Phase,preparation,77639,77999,360,211,0.139,-1303,-149
77850,79367,1517,0,GE-Phrase,227,77639,79279,1640,1429,0.942,211,88
77850,79367,1517,0,GE-Phrase,228,79279,80954,1675,88,0.058,-1429,-1587
77850,79367,1517,0,GE-Phase,preparation,77639,77999,360,149,0.098,211,1368
77850,79367,1517,0,GE-Phase,stroke,77999,78319,320,320,0.211,-149,1048
77850,79367,1517,0,GE-Phase,hold,78319,79039,720,720,0.475,-469,328
77850,79367,1517,0,GE-Phase,retraction,79039,79279,240,240,0.158,-1189,88
77850,79367,1517,0,GE-Phase,preparation,79279,79501,222,88,0.058,-1429,-134
79367,79692,325,0,GE-Phrase,228,79279,80954,1675,325,1.0,88,-1262
79367,79692,325,0,GE-Phase,preparation,79279,79501,222,134,0.412,88,191
79367,79692,325,0,GE-Phase,stroke,79501,79868,367,191,0.588,-134,-176
79692,81357,1665,0,GE-Phrase,228,79279,80954,1675,1262,0.758,413,403
79692,81357,1665,0,GE-Phrase,229,80954,82638,1684,403,0.242,-1262,-1281
79692,81357,1665,0,GE-Phase,stroke,79501,79868,367,176,0.106,191,1489
79692,81357,1665,0,GE-Phase,hold,79868,80508,640,640,0.384,-176,849
79692,81357,1665,0,GE-Phase,retraction,80508,80954,446,446,0.268,-816,403
79692,81357,1665,0,GE-Phase,preparation,80954,81451,497,403,0.242,-1262,-94
97800,98130,330,0,GE-Phrase,230,97846,98708,862,284,0.861,-46,-578
97800,98130,330,0,GE-Phase,preparation,97846,98286,440,284,0.861,-46,-156
98130,98848,718,0,GE-Phrase,230,97846,98708,862,578,0.805,284,140
98130,98848,718,0,GE-Phrase,231,98708,100412,1704,140,0.195,-578,-1564
98130,98848,718,0,GE-Phase,preparation,97846,98286,440,156,0.217,284,562
98130,98848,718,0,GE-Phase,stroke,98286,98526,240,240,0.334,-156,322
98130,98848,718,0,GE-Phase,retraction,98526,98708,182,182,0.253,-396,140
98130,98848,718,0,GE-Phase,stroke,98708,99217,509,140,0.195,-578,-369
98848,100935,2087,0,GE-Phrase,231,98708,100412,1704,1564,0.749,140,523
98848,100935,2087,0,GE-Phase,stroke,98708,99217,509,369,0.177,140,1718
98848,100935,2087,0,GE-Phase,retraction,99217,100412,1195,1195,0.573,-369,523
137060,138339,1279,0,GE-Phrase,235,136803,138001,1198,941,0.736,257,338
137060,138339,1279,0,GE-Phrase,236,138001,139371,1370,338,0.264,-941,-1032
137060,138339,1279,0,GE-Phase,stroke,136963,137483,520,423,0.331,97,856
137060,138339,1279,0,GE-Phase,hold,137483,138001,518,518,0.405,-423,338
137060,138339,1279,0,GE-Phase,preparation,138001,138475,474,338,0.264,-941,-136
138339,139647,1308,0,GE-Phrase,236,138001,139371,1370,1032,0.789,338,276
138339,139647,1308,0,GE-Phrase,237,139371,143181,3810,276,0.211,-1032,-3534
138339,139647,1308,0,GE-Phase,preparation,138001,138475,474,136,0.104,338,1172
138339,139647,1308,0,GE-Phase,stroke,138475,139096,621,621,0.475,-136,551
138339,139647,1308,0,GE-Phase,retraction,139096,139371,275,275,0.21,-757,276
138339,139647,1308,0,GE-Phase,preparation,139371,140340,969,276,0.211,-1032,-693
4370,5588,1218,0,GE-Phrase,201,2608,9088,6480,1218,1.0,1762,-3500
4370,5588,1218,0,GE-Phase,stroke,2772,9088,6316,1218,1.0,1598,-3500
5588,7444,1856,0,GE-Phrase,201,2608,9088,6480,1856,1.0,2980,-1644
5588,7444,1856,0,GE-Phase,stroke,2772,9088,6316,1856,1.0,2816,-1644
76336,77850,1514,0,GE-Phrase,226,76279,77639,1360,1303,0.861,57,211
76336,77850,1514,0,GE-Phrase,227,77639,79279,1640,211,0.139,-1303,-1429
76336,77850,1514,0,GE-Phase,preparation,76279,76512,233,176,0.116,57,1338
76336,77850,1514,0,GE-Phase,stroke,76512,76980,468,468,0.309,-176,870
76336,77850,1514,0,GE-Phase,hold,76980,77639,659,659,0.435,-644,211
76336,77850,1514,0,GE-Phase,preparation,77639,77999,360,211,0.139,-1303,-149
77850,79367,1517,0,GE-Phrase,227,77639,79279,1640,1429,0.942,211,88
77850,79367,1517,0,GE-Phrase,228,79279,80954,1675,88,0.058,-1429,-1587
77850,79367,1517,0,GE-Phase,preparation,77639,77999,360,149,0.098,211,1368
77850,79367,1517,0,GE-Phase,stroke,77999,78319,320,320,0.211,-149,1048
77850,79367,1517,0,GE-Phase,hold,78319,79039,720,720,0.475,-469,328
77850,79367,1517,0,GE-Phase,retraction,79039,79279,240,240,0.158,-1189,88
77850,79367,1517,0,GE-Phase,preparation,79279,79501,222,88,0.058,-1429,-134
79367,79692,325,0,GE-Phrase,228,79279,80954,1675,325,1.0,88,-1262
79367,79692,325,0,GE-Phase,preparation,79279,79501,222,134,0.412,88,191
79367,79692,325,0,GE-Phase,stroke,79501,79868,367,191,0.588,-134,-176
79692,81357,1665,0,GE-Phrase,228,79279,80954,1675,1262,0.758,413,403
79692,81357,1665,0,GE-Phrase,229,80954,82638,1684,403,0.242,-1262,-1281
79692,81357,1665,0,GE-Phase,stroke,79501,79868,367,176,0.106,191,1489
79692,81357,1665,0,GE-Phase,hold,79868,80508,640,640,0.384,-176,849
79692,81357,1665,0,GE-Phase,retraction,80508,80954,446,446,0.268,-816,403
79692,81357,1665,0,GE-Phase,preparation,80954,81451,497,403,0.242,-1262,-94
97800,98130,330,0,GE-Phrase,230,97846,98708,862,284,0.861,-46,-578
97800,98130,330,0,GE-Phase,preparation,97846,98286,440,284,0.861,-46,-156
98130,98848,718,0,GE-Phrase,230,97846,98708,862,578,0.805,284,140
98130,98848,718,0,GE-Phrase,231,98708,100412,1704,140,0.195,-578,-1564
98130,98848,718,0,GE-Phase,preparation,97846,98286,440,156,0.217,284,562
98130,98848,718,0,GE-Phase,stroke,98286,98526,240,240,0.334,-156,322
98130,98848,718,0,GE-Phase,retraction,98526,98708,182,182,0.253,-396,140
98130,98848,718,0,GE-Phase,stroke,98708,99217,509,140,0.195,-578,-369
98848,100935,2087,0,GE-Phrase,231,98708,100412,1704,1564,0.749,140,523
98848,100935,2087,0,GE-Phase,stroke,98708,99217,509,369,0.177,140,1718
98848,100935,2087,0,GE-Phase,retraction,99217,100412,1195,1195,0.573,-369,523
137060,138339,1279,0,GE-Phrase,235,136803,138001,1198,941,0.736,257,338
137060,138339,1279,0,GE-Phrase,236,138001,139371,1370,338,0.264,-941,-1032
137060,138339,1279,0,GE-Phase,stroke,136963,137483,520,423,0.331,97,856
137060,138339,1279,0,GE-Phase,hold,137483,138001,518,518,0.405,-423,338
137060,138339,1279,0,GE-Phase,preparation,138001,138475,474,338,0.264,-941,-136
138339,139647,1308,0,GE-Phrase,236,138001,139371,1370,1032,0.789,338,276
138339,139647,1308,0,GE-Phrase,237,139371,143181,3810,276,0.211,-1032,-3534
138339,139647,1308,0,GE-Phase,preparation,138001,138475,474,136,0.104,338,1172
138339,139647,1308,0,GE-Phase,stroke,138475,139096,621,621,0.475,-136,551
138339,139647,1308,0,GE-Phase,retraction,139096,139371,275,275,0.21,-757,276
138339,139647,1308,0,GE-Phase,preparation,139371,140340,969,276,0.211,-1032,-693
4370,5588,1218,0,GE-Phrase,201,2608,9088,6480,1218,1.0,1762,-3500
4370,5588,1218,0,GE-Phase,stroke,2772,9088,6316,1218,1.0,1598,-3500
5588,7444,1856,0,GE-Phrase,201,2608,9088,6480,1856,1.0,2980,-1644
5588,7444,1856,0,GE-Phase,stroke,2772,9088,6316,1856,1.0,2816,-1644
76336,77850,1514,0,GE-Phrase,226,76279,77639,1360,1303,0.861,57,211
76336,77850,1514,0,GE-Phrase,227,77639,79279,1640,211,0.139,-1303,-1429
76336,77850,1514,0,GE-Phase,preparation,76279,76512,233,176,0.116,57,1338
76336,77850,1514,0,GE-Phase,stroke,76512,76980,468,468,0.309,-176,870
76336,77850,1514,0,GE-Phase,hold,76980,77639,659,659,0.435,-644,211
76336,77850,1514,0,GE-Phase,preparation,77639,77999,360,211,0.139,-1303,-149
77850,79367,1517,0,GE-Phrase,227,77639,79279,1640,1429,0.942,211,88
77850,79367,1517,0,GE-Phrase,228,79279,80954,1675,88,0.058,-1429,-1587
77850,79367,1517,0,GE-Phase,preparation,77639,77999,360,149,0.098,211,1368
77850,79367,1517,0,GE-Phase,stroke,77999,78319,320,320,0.211,-149,1048
77850,79367,1517,0,GE-Phase,hold,78319,79039,720,720,0.475,-469,328
77850,79367,1517,0,GE-Phase,retraction,79039,79279,240,240,0.158,-1189,88
77850,79367,1517,0,GE-Phase,preparation,79279,79501,222,88,0.058,-1429,-134
79367,79692,325,0,GE-Phrase,228,79279,80954,1675,325,1.0,88,-1262
79367,79692,325,0,GE-Phase,preparation,79279,79501,222,134,0.412,88,191
79367,79692,325,0,GE-Phase,stroke,79501,79868,367,191,0.588,-134,-176
79692,81357,1665,0,GE-Phrase,228,79279,80954,1675,1262,0.758,413,403
79692,81357,1665,0,GE-Phrase,229,80954,82638,1684,403,0.242,-1262,-1281
79692,81357,1665,0,GE-Phase,stroke,79501,79868,367,176,0.106,191,1489
79692,81357,1665,0,GE-Phase,hold,79868,80508,640,640,0.384,-176,849
79692,81357,1665,0,GE-Phase,retraction,80508,80954,446,446,0.268,-816,403
79692,81357,1665,0,GE-Phase,preparation,80954,81451,497,403,0.242,-1262,-94
97800,98130,330,0,GE-Phrase,230,97846,98708,862,284,0.861,-46,-578
97800,98130,330,0,GE-Phase,preparation,97846,98286,440,284,0.861,-46,-156
98130,98848,718,0,GE-Phrase,230,97846,98708,862,578,0.805,284,140
98130,98848,718,0,GE-Phrase,231,98708,100412,1704,140,0.195,-578,-1564
98130,98848,718,0,GE-Phase,preparation,97846,98286,440,156,0.217,284,562
98130,98848,718,0,GE-Phase,stroke,98286,98526,240,240,0.334,-156,322
98130,98848,718,0,GE-Phase,retraction,98526,98708,182,182,0.253,-396,140
98130,98848,718,0,GE-Phase,stroke,98708,99217,509,140,0.195,-578,-369
98848,100935,2087,0,GE-Phrase,231,98708,100412,1704,1564,0.749,140,523
98848,100935,2087,0,GE-Phase,stroke,98708,99217,509,369,0.177,140,1718
98848,100935,2087,0,GE-Phase,retraction,99217,100412,1195,1195,0.573,-369,523
137060,138339,1279,0,GE-Phrase,235,136803,138001,1198,941,0.736,257,338
137060,138339,1279,0,GE-Phrase,236,138001,139371,1370,338,0.264,-941,-1032
137060,138339,1279,0,GE-Phase,stroke,136963,137483,520,423,0.331,97,856
137060,138339,1279,0,GE-Phase,hold,137483,138001,518,518,0.405,-423,338
137060,138339,1279,0,GE-Phase,preparation,138001,138475,474,338,0.264,-941,-136
138339,139647,1308,0,GE-Phrase,236,138001,139371,1370,1032,0.789,338,276
138339,139647,1308,0,GE-Phrase,237,139371,143181,3810,276,0.211,-1032,-3534
138339,139647,1308,0,GE-Phase,preparation,138001,138475,474,136,0.104,338,1172
138339,139647,1308,0,GE-Phase,stroke,138475,139096,621,621,0.475,-136,551
138339,139647,1308,0,GE-Phase,retraction,139096,139371,275,275,0.21,-757,276
138339,139647,1308,0,GE-Phase,preparation,139371,140340,969,276,0.211,-1032,-693
4370,5588,1218,0,GE-Phrase,201,2608,9088,6480,1218,1.0,1762,-3500
4370,5588,1218,0,GE-Phase,stroke,2772,9088,6316,1218,1.0,1598,-3500
5588,7444,1856,0,GE-Phrase,201,2608,9088,6480,1856,1.0,2980,-1644
5588,7444,1856,0,GE-Phase,stroke,2772,9088,6316,1856,1.0,2816,-1644
76336,77850,1514,0,GE-Phrase,226,76279,77639,1360,1303,0.861,57,211
76336,77850,1514,0,GE-Phrase,227,77639,79279,1640,211,0.139,-1303,-1429
76336,77850,1514,0,GE-Phase,preparation,76279,76512,233,176,0.116,57,1338
76336,77850,1514,0,GE-Phase,stroke,76512,76980,468,468,0.309,-176,870
76336,77850,1514,0,GE-Phase,hold,76980,77639,659,659,0.435,-644,211
76336,77850,1514,0,GE-Phase,preparation,77639,77999,360,211,0.139,-1303,-149
77850,79367,1517,0,GE-Phrase,227,77639,79279,1640,1429,0.942,211,88
77850,79367,1517,0,GE-Phrase,228,79279,80954,1675,88,0.058,-1429,-1587
77850,79367,1517,0,GE-Phase,preparation,77639,77999,360,149,0.098,211,1368
77850,79367,1517,0,GE-Phase,stroke,77999,78319,320,320,0.211,-149,1048
77850,79367,1517,0,GE-Phase,hold,78319,79039,720,720,0.475,-469,328
77850,79367,1517,0,GE-Phase,retraction,79039,79279,240,240,0.158,-1189,88
77850,79367,1517,0,GE-Phase,preparation,79279,79501,222,88,0.058,-1429,-134
79367,79692,325,0,GE-Phrase,228,79279,80954,1675,325,1.0,88,-1262
79367,79692,325,0,GE-Phase,preparation,79279,79501,222,134,0.412,88,191
79367,79692,325,0,GE-Phase,stroke,79501,79868,367,191,0.588,-134,-176
79692,81357,1665,0,GE-Phrase,228,79279,80954,1675,1262,0.758,413,403
79692,81357,1665,0,GE-Phrase,229,80954,82638,1684,403,0.242,-1262,-1281
79692,81357,1665,0,GE-Phase,stroke,79501,79868,367,176,0.106,191,1489
79692,81357,1665,0,GE-Phase,hold,79868,80508,640,640,0.384,-176,849
79692,81357,1665,0,GE-Phase,retraction,80508,80954,446,446,0.268,-816,403
79692,81357,1665,0,GE-Phase,preparation,80954,81451,497,403,0.242,-1262,-94
97800,98130,330,0,GE-Phrase,230,97846,98708,862,284,0.861,-46,-578
97800,98130,330,0,GE-Phase,preparation,97846,98286,440,284,0.861,-46,-156
98130,98848,718,0,GE-Phrase,230,97846,98708,862,578,0.805,284,140
98130,98848,718,0,GE-Phrase,231,98708,100412,1704,140,0.195,-578,-1564
98130,98848,718,0,GE-Phase,preparation,97846,98286,440,156,0.217,284,562
98130,98848,718,0,GE-Phase,stroke,98286,98526,240,240,0.334,-156,322
98130,98848,718,0,GE-Phase,retraction,98526,98708,182,182,0.253,-396,140
98130,98848,718,0,GE-Phase,stroke,98708,99217,509,140,0.195,-578,-369
98848,100935,2087,0,GE-Phrase,231,98708,100412,1704,1564,0.749,140,523
98848,100935,2087,0,GE-Phase,stroke,98708,99217,509,369,0.177,140,1718
98848,100935,2087,0,GE-Phase,retraction,99217,100412,1195,1195,0.573,-369,523
137060,138339,1279,0,GE-Phrase,235,136803,138001,1198,941,0.736,257,338
137060,138339,1279,0,GE-Phrase,236,138001,139371,1370,338,0.264,-941,-1032
137060,138339,1279,0,GE-Phase,stroke,136963,137483,520,423,0.331,97,856
137060,138339,1279,0,GE-Phase,hold,137483,138001,518,518,0.405,-423,338
137060,138339,1279,0,GE-Phase,preparation,138001,138475,474,338,0.264,-941,-136
138339,139647,1308,0,GE-Phrase,236,138001,139371,1370,1032,0.789,338,276
138339,139647,1308,0,GE-Phrase,237,139371,143181,3810,276,0.211,-1032,-3534
138339,139647,1308,0,GE-Phase,preparation,138001,138475,474,136,0.104,338,1172
138339,139647,1308,0,GE-Phase,stroke,138475,139096,621,621,0.475,-136,551
138339,139647,1308,0,GE-Phase,retraction,139096,139371,275,275,0.21,-757,276
138339,139647,1308,0,GE-Phase,preparation,139371,140340,969,276,0.211,-1032,-693
4370,5588,1218,0,GE-Phrase,201,2608,9088,6480,1218,1.0,1762,-3500
4370,5588,1218,0,GE-Phase,stroke,2772,9088,6316,1218,1.0,1598,-3500
5588,7444,1856,0,GE-Phrase,201,2608,9088,6480,1856,1.0,2980,-1644
5588,7444,1856,0,GE-Phase,stroke,2772,9088,6316,1856,1.0,2816,-1644
76336,77850,1514,0,GE-Phrase,226,76279,77639,1360,1303,0.861,57,211
76336,77850,1514,0,GE-Phrase,227,77639,79279,1640,211,0.139,-1303,-1429
76336,77850,1514,0,GE-Phase,preparation,76279,76512,233,176,0.116,57,1338
76336,77850,1514,0,GE-Phase,stroke,76512,76980,468,468,0.309,-176,870
76336,77850,1514,0,GE-Phase,hold,76980,77639,659,659,0.435,-644,211
76336,77850,1514,0,GE-Phase,preparation,77639,77999,360,211,0.139,-1303,-149
77850,79367,1517,0,GE-Phrase,227,77639,79279,1640,1429,0.942,211,88
77850,79367,1517,0,GE-Phrase,228,79279,80954,1675,88,0.058,-1429,-1587
77850,79367,1517,0,GE-Phase,preparation,77639,77999,360,149,0.098,211,1368
77850,79367,1517,0,GE-Phase,stroke,77999,78319,320,320,0.211,-149,1048
77850,79367,1517,0,GE-Phase,hold,78319,79039,720,720,0.475,-469,328
77850,79367,1517,0,GE-Phase,retraction,79039,79279,240,240,0.158,-1189,88
77850,79367,1517,0,GE-Phase,preparation,79279,79501,222,88,0.058,-1429,-134
79367,79692,325,0,GE-Phrase,228,79279,80954,1675,325,1.0,88,-1262
79367,79692,325,0,GE-Phase,preparation,79279,79501,222,134,0.412,88,191
79367,79692,325,0,GE-Phase,stroke,79501,79868,367,191,0.588,-134,-176
79692,81357,1665,0,GE-Phrase,228,79279,80954,1675,1262,0.758,413,403
79692,81357,1665,0,GE-Phrase,229,80954,82638,1684,403,0.242,-1262,-1281
79692,81357,1665,0,GE-Phase,stroke,79501,79868,367,176,0.106,191,1489
79692,81357,1665,0,GE-Phase,hold,79868,80508,640,640,0.384,-176,849
79692,81357,1665,0,GE-Phase,retraction,80508,80954,446,446,0.268,-816,403
79692,81357,1665,0,GE-Phase,preparation,80954,81451,497,403,0.242,-1262,-94
97800,98130,330,0,GE-Phrase,230,97846,98708,862,284,0.861,-46,-578
97800,98130,330,0,GE-Phase,preparation,97846,98286,440,284,0.861,-46,-156
98130,98848,718,0,GE-Phrase,230,97846,98708,862,578,0.805,284,140
98130,98848,718,0,GE-Phrase,231,98708,100412,1704,140,0.195,-578,-1564
98130,98848,718,0,GE-Phase,preparation,97846,98286,440,156,0.217,284,562
98130,98848,718,0,GE-Phase,stroke,98286,98526,240,240,0.334,-156,322
98130,98848,718,0,GE-Phase,retraction,98526,98708,182,182,0.253,-396,140
98130,98848,718,0,GE-Phase,stroke,98708,99217,509,140,0.195,-578,-369
98848,100935,2087,0,GE-Phrase,231,98708,100412,1704,1564,0.749,140,523
98848,100935,2087,0,GE-Phase,stroke,98708,99217,509,369,0.177,140,1718
98848,100935,2087,0,GE-Phase,retraction,99217,100412,1195,1195,0.573,-369,523
137060,138339,1279,0,GE-Phrase,235,136803,138001,1198,941,0.736,257,338
137060,138339,1279,0,GE-Phrase,236,138001,139371,1370,338,0.264,-941,-1032
137060,138339,1279,0,GE-Phase,stroke,136963,137483,520,423,0.331,97,856
137060,138339,1279,0,GE-Phase,hold,137483,138001,518,518,0.405,-423,338
137060,138339,1279,0,GE-Phase,preparation,138001,138475,474,338,0.264,-941,-136
138339,139647,1308,0,GE-Phrase,236,138001,139371,1370,1032,0.789,338,276
138339,139647,1308,0,GE-Phrase,237,139371,143181,3810,276,0.211,-1032,-3534
138339,139647,1308,0,GE-Phase,preparation,138001,138475,474,136,0.104,338,1172
138339,139647,1308,0,GE-Phase,stroke,138475,139096,621,621,0.475,-136,551
138339,139647,1308,0,GE-Phase,retraction,139096,139371,275,275,0.21,-757,276
138339,139647,1308,0,GE-Phase,preparation,139371,140340,969,276,0.211,-1032,-693
4370,5588,1218,0,GE-Phrase,201,2608,9088,6480,1218,1.0,1762,-3500
4370,5588,1218,0,GE-Phase,stroke,2772,9088,6316,1218,1.0,1598,-3500
5588,7444,1856,0,GE-Phrase,201,2608,9088,6480,1856,1.0,2980,-1644
5588,7444,1856,0,GE-Phase,stroke,2772,9088,6316,1856,1.0,2816,-1644
76336,77850,1514,0,GE-Phrase,226,76279,77639,1360,1303,0.861,57,211
76336,77850,1514,0,GE-Phrase,227,77639,79279,1640,211,0.139,-1303,-1429
76336,77850,1514,0,GE-Phase,preparation,76279,76512,233,176,0.116,57,1338
76336,77850,1514,0,GE-Phase,stroke,76512,76980,468,468,0.309,-176,870
76336,77850,1514,0,GE-Phase,hold,76980,77639,659,659,0.435,-644,211
76336,77850,1514,0,GE-Phase,preparation,77639,77999,360,211,0.139,-1303,-149
77850,79367,1517,0,GE-Phrase,227,77639,79279,1640,1429,0.942,211,88
77850,79367,1517,0,GE-Phrase,228,79279,80954,1675,88,0.058,-1429,-1587
77850,79367,1517,0,GE-Phase,preparation,77639,77999,360,149,0.098,211,1368
77850,79367,1517,0,GE-Phase,stroke,77999,78319,320,320,0.211,-149,1048
77850,79367,1517,0,GE-Phase,hold,78319,79039,720,720,0.475,-469,328
77850,79367,1517,0,GE-Phase,retraction,79039,79279,240,240,0.158,-1189,88
77850,79367,1517,0,GE-Phase,preparation,79279,79501,222,88,0.058,-1429,-134
79367,79692,325,0,GE-Phrase,228,79279,80954,1675,325,1.0,88,-1262
79367,79692,325,0,GE-Phase,preparation,79279,79501,222,134,0.412,88,191
79367,79692,325,0,GE-Phase,stroke,79501,79868,367,191,0.588,-134,-176
79692,81357,1665,0,GE-Phrase,228,79279,80954,1675,1262,0.758,413,403
79692,81357,1665,0,GE-Phrase,229,80954,82638,1684,403,0.242,-1262,-1281
79692,81357,1665,0,GE-Phase,stroke,79501,79868,367,176,0.106,191,1489
79692,81357,1665,0,GE-Phase,hold,79868,80508,640,640,0.384,-176,849
79692,81357,1665,0,GE-Phase,retraction,80508,80954,446,446,0.268,-816,403
79692,81357,1665,0,GE-Phase,preparation,80954,81451,497,403,0.242,-1262,-94
97800,98130,330,0,GE-Phrase,230,97846,98708,862,284,0.861,-46,-578
97800,98130,330,0,GE-Phase,preparation,97846,98286,440,284,0.861,-46,-156
98130,98848,718,0,GE-Phrase,230,97846,98708,862,578,0.805,284,140
98130,98848,718,0,GE-Phrase,231,98708,100412,1704,140,0.195,-578,-1564
98130,98848,718,0,GE-Phase,preparation,97846,98286,440,156,0.217,284,562
98130,98848,718,0,GE-Phase,stroke,98286,98526,240,240,0.334,-156,322
98130,98848,718,0,GE-Phase,retraction,98526,98708,182,182,0.253,-396,140
98130,98848,718,0,GE-Phase,stroke,98708,99217,509,140,0.195,-578,-369
98848,100935,2087,0,GE-Phrase,231,98708,100412,1704,1564,0.749,140,523
98848,100935,2087,0,GE-Phase,stroke,98708,99217,509,369,0.177,140,1718
98848,100935,2087,0,GE-Phase,retraction,99217,100412,1195,1195,0.573,-369,523
137060,138339,1279,0,GE-Phrase,235,136803,138001,1198,941,0.736,257,338
137060,138339,1279,0,GE-Phrase,236,138001,139371,1370,338,0.264,-941,-1032
137060,138339,1279,0,GE-Phase,stroke,136963,137483,520,423,0.331,97,856
137060,138339,1279,0,GE-Phase,hold,137483,138001,518,518,0.405,-423,338
137060,138339,1279,0,GE-Phase,preparation,138001,138475,474,338,0.264,-941,-136
138339,139647,1308,0,GE-Phrase,236,138001,139371,1370,1032,0.789,338,276
138339,139647,1308,0,GE-Phrase,237,139371,143181,3810,276,0.211,-1032,-3534
138339,139647,1308,0,GE-Phase,preparation,138001,138475,474,136,0.104,338,1172
138339,139647,1308,0,GE-Phase,stroke,138475,139096,621,621,0.475,-136,551
138339,139647,1308,0,GE-Phase,retraction,139096,139371,275,275,0.21,-757,276
138339,139647,1308,0,GE-Phase,preparation,139371,140340,969,276,0.211,-1032,-693
4370,5588,1218,0,GE-Phrase,201,2608,9088,6480,1218,1.0,1762,-3500
4370,5588,1218,0,GE-Phase,stroke,2772,9088,6316,1218,1.0,1598,-3500
5588,7444,1856,0,GE-Phrase,201,2608,9088,6480,1856,1.0,2980,-1644
5588,7444,1856,0,GE-Phase,stroke,2772,9088,6316,1856,1.0,2816,-1644
76336,77850,1514,0,GE-Phrase,226,76279,77639,1360,1303,0.861,57,211
76336,77850,1514,0,GE-Phrase,227,77639,79279,1640,211,0.139,-1303,-1429
76336,77850,1514,0,GE-Phase,preparation,76279,76512,233,176,0.116,57,1338
76336,77850,1514,0,GE-Phase,stroke,76512,76980,468,468,0.309,-176,870
76336,77850,1514,0,GE-Phase,hold,76980,77639,659,659,0.435,-644,211
76336,77850,1514,0,GE-Phase,preparation,77639,77999,360,211,0.139,-1303,-149
77850,79367,1517,0,GE-Phrase,227,77639,79279,1640,1429,0.942,211,88
77850,79367,1517,0,GE-Phrase,228,79279,80954,1675,88,0.058,-1429,-1587
77850,79367,1517,0,GE-Phase,preparation,77639,77999,360,149,0.098,211,1368
77850,79367,1517,0,GE-Phase,stroke,77999,78319,320,320,0.211,-149,1048
77850,79367,1517,0,GE-Phase,hold,78319,79039,720,720,0.475,-469,328
77850,79367,1517,0,GE-Phase,retraction,79039,79279,240,240,0.158,-1189,88
77850,79367,1517,0,GE-Phase,preparation,79279,79501,222,88,0.058,-1429,-134
79367,79692,325,0,GE-Phrase,228,79279,80954,1675,325,1.0,88,-1262
79367,79692,325,0,GE-Phase,preparation,79279,79501,222,134,0.412,88,191
79367,79692,325,0,GE-Phase,stroke,79501,79868,367,191,0.588,-134,-176
79692,81357,1665,0,GE-Phrase,228,79279,80954,1675,1262,0.758,413,403
79692,81357,1665,0,GE-Phrase,229,80954,82638,1684,403,0.242,-1262,-1281
79692,81357,1665,0,GE-Phase,stroke,79501,79868,367,176,0.106,191,1489
79692,81357,1665,0,GE-Phase,hold,79868,80508,640,640,0.384,-176,849
79692,81357,1665,0,GE-Phase,retraction,80508,80954,446,446,0.268,-816,403
79692,81357,1665,0,GE-Phase,preparation,80954,81451,497,403,0.242,-1262,-94
97800,98130,330,0,GE-Phrase,230,97846,98708,862,284,0.861,-46,-578
97800,98130,330,0,GE-Phase,preparation,97846,98286,440,284,0.861,-46,-156
98130,98848,718,0,GE-Phrase,230,97846,98708,862,578,0.805,284,140
98130,98848,718,0,GE-Phrase,231,98708,100412,1704,140,0.195,-578,-1564
98130,98848,718,0,GE-Phase,preparation,97846,98286,440,156,0.217,284,562
98130,98848,718,0,GE-Phase,stroke,98286,98526,240,240,0.334,-156,322
98130,98848,718,0,GE-Phase,retraction,98526,98708,182,182,0.253,-396,140
98130,98848,718,0,GE-Phase,stroke,98708,99217,509,140,0.195,-578,-369
98848,100935,2087,0,GE-Phrase,231,98708,100412,1704,1564,0.749,140,523
98848,100935,2087,0,GE-Phase,stroke,98708,99217,509,369,0.177,140,1718
98848,100935,2087,0,GE-Phase,retraction,99217,100412,1195,1195,0.573,-369,523
137060,138339,1279,0,GE-Phrase,235,136803,138001,1198,941,0.736,257,338
137060,138339,1279,0,GE-Phrase,236,138001,139371,1370,338,0.264,-941,-1032
137060,138339,1279,0,GE-Phase,stroke,136963,137483,520,423,0.331,97,856
137060,138339,1279,0,GE-Phase,hold,137483,138001,518,518,0.405,-423,338
137060,138339,1279,0,GE-Phase,preparation,138001,138475,474,338,0.264,-941,-136
138339,139647,1308,0,GE-Phrase,236,138001,139371,1370,1032,0.789,338,276
138339,139647,1308,0,GE-Phrase,237,139371,143181,3810,276,0.211,-1032,-3534
138339,139647,1308,0,GE-Phase,preparation,138001,138475,474,136,0.104,338,1172
138339,139647,1308,0,GE-Phase,stroke,138475,139096,621,621,0.475,-136,551
138339,139647,1308,0,GE-Phase,retraction,139096,139371,275,275,0.21,-757,276
138339,139647,1308,0,GE-Phase,preparation,139371,140340,969,276,0.211,-1032,-693
4370,5588,1218,0,GE-Phrase,201,2608,9088,6480,1218,1.0,1762,-3500
4370,5588,1218,0,GE-Phase,stroke,2772,9088,6316,1218,1.0,1598,-3500
5588,7444,1856,0,GE-Phrase,201,2608,9088,6480,1856,1.0,2980,-1644
5588,7444,1856,0,GE-Phase,stroke,2772,9088,6316,1856,1.0,2816,-1644
76336,77850,1514,0,GE-Phrase,226,76279,77639,1360,1303,0.861,57,211
76336,77850,1514,0,GE-Phrase,227,77639,79279,1640,211,0.139,-1303,-1429
76336,77850,1514,0,GE-Phase,preparation,76279,76512,233,176,0.116,57,1338
76336,77850,1514,0,GE-Phase,stroke,76512,76980,468,468,0.309,-176,870
76336,77850,1514,0,GE-Phase,hold,76980,77639,659,659,0.435,-644,211
76336,77850,1514,0,GE-Phase,preparation,77639,77999,360,211,0.139,-1303,-149
77850,79367,1517,0,GE-Phrase,227,77639,79279,1640,1429,0.942,211,88
77850,79367,1517,0,GE-Phrase,228,79279,80954,1675,88,0.058,-1429,-1587
77850,79367,1517,0,GE-Phase,preparation,77639,77999,360,149,0.098,211,1368
77850,79367,1517,0,GE-Phase,stroke,77999,78319,320,320,0.211,-149,1048
77850,79367,1517,0,GE-Phase,hold,78319,79039,720,720,0.475,-469,328
77850,79367,1517,0,GE-Phase,retraction,79039,79279,240,240,0.158,-1189,88
77850,79367,1517,0,GE-Phase,preparation,79279,79501,222,88,0.058,-1429,-134
79367,79692,325,0,GE-Phrase,228,79279,80954,1675,325,1.0,88,-1262
79367,79692,325,0,GE-Phase,preparation,79279,79501,222,134,0.412,88,191
79367,79692,325,0,GE-Phase,stroke,79501,79868,367,191,0.588,-134,-176
79692,81357,1665,0,GE-Phrase,228,79279,80954,1675,1262,0.758,413,403
79692,81357,1665,0,GE-Phrase,229,80954,82638,1684,403,0.242,-1262,-1281
79692,81357,1665,0,GE-Phase,stroke,79501,79868,367,176,0.106,191,1489
79692,81357,1665,0,GE-Phase,hold,79868,80508,640,640,0.384,-176,849
79692,81357,1665,0,GE-Phase,retraction,80508,80954,446,446,0.268,-816,403
79692,81357,1665,0,GE-Phase,preparation,80954,81451,497,403,0.242,-1262,-94
97800,98130,330,0,GE-Phrase,230,97846,98708,862,284,0.861,-46,-578
97800,98130,330,0,GE-Phase,preparation,97846,98286,440,284,0.861,-46,-156
98130,98848,718,0,GE-Phrase,230,97846,98708,862,578,0.805,284,140
98130,98848,718,0,GE-Phrase,231,98708,100412,1704,140,0.195,-578,-1564
98130,98848,718,0,GE-Phase,preparation,97846,98286,440,156,0.217,284,562
98130,98848,718,0,GE-Phase,stroke,98286,98526,240,240,0.334,-156,322
98130,98848,718,0,GE-Phase,retraction,98526,98708,182,182,0.253,-396,140
98130,98848,718,0,GE-Phase,stroke,98708,99217,509,140,0.195,-578,-369
98848,100935,2087,0,GE-Phrase,231,98708,100412,1704,1564,0.749,140,523
98848,100935,2087,0,GE-Phase,stroke,98708,99217,509,369,0.177,140,1718
98848,100935,2087,0,GE-Phase,retraction,99217,100412,1195,1195,0.573,-369,523
137060,138339,1279,0,GE-Phrase,235,136803,138001,1198,941,0.736,257,338
137060,138339,1279,0,GE-Phrase,236,138001,139371,1370,338,0.264,-941,-1032
137060,138339,1279,0,GE-Phase,stroke,136963,137483,520,423,0.331,97,856
137060,138339,1279,0,GE-Phase,hold,137483,138001,518,518,0.405,-423,338
137060,138339,1279,0,GE-Phase,preparation,138001,138475,474,338,0.264,-941,-136
138339,139647,1308,0,GE-Phrase,236,138001,139371,1370,1032,0.789,338,276
138339,139647,1308,0,GE-Phrase,237,139371,143181,3810,276,0.211,-1032,-3534
138339,139647,1308,0,GE-Phase,preparation,138001,138475,474,136,0.104,338,1172
138339,139647,1308,0,GE-Phase,stroke,138475,139096,621,621,0.475,-136,551
138339,139647,1308,0,GE-Phase,retraction,139096,139371,275,275,0.21,-757,276
138339,139647,1308,0,GE-Phase,preparation,139371,140340,969,276,0.211,-1032,-693
4370,5588,1218,0,GE-Phrase,201,2608,9088,6480,1218,1.0,1762,-3500
4370,5588,1218,0,GE-Phase,stroke,2772,9088,6316,1218,1.0,1598,-3500
5588,7444,1856,0,GE-Phrase,201,2608,9088,6480,1856,1.0,2980,-1644
5588,7444,1856,0,GE-Phase,stroke,2772,9088,6316,1856,1.0,2816,-1644
76336,77850,1514,0,GE-Phrase,226,76279,77639,1360,1303,0.861,57,211
76336,77850,1514,0,GE-Phrase,227,77639,79279,1640,211,0.139,-1303,-1429
76336,77850,1514,0,GE-Phase,preparation,76279,76512,233,176,0.116,57,1338
76336,77850,1514,0,GE-Phase,stroke,76512,76980,468,468,0.309,-176,870
76336,77850,1514,0,GE-Phase,hold,76980,77639,659,659,0.435,-644,211
76336,77850,1514,0,GE-Phase,preparation,77639,77999,360,211,0.139,-1303,-149
77850,79367,1517,0,GE-Phrase,227,77639,79279,1640,1429,0.942,211,88
77850,79367,1517,0,GE-Phrase,228,79279,80954,1675,88,0.058,-1429,-1587
77850,79367,1517,0,GE-Phase,preparation,77639,77999,360,149,0.098,211,1368
77850,79367,1517,0,GE-Phase,stroke,77999,78319,320,320,0.211,-149,1048
77850,79367,1517,0,GE-Phase,hold,78319,79039,720,720,0.475,-469,328
77850,79367,1517,0,GE-Phase,retraction,79039,79279,240,240,0.158,-1189,88
77850,79367,1517,0,GE-Phase,preparation,79279,79501,222,88,0.058,-1429,-134
79367,79692,325,0,GE-Phrase,228,79279,80954,1675,325,1.0,88,-1262
79367,79692,325,0,GE-Phase,preparation,79279,79501,222,134,0.412,88,191
79367,79692,325,0,GE-Phase,stroke,79501,79868,367,191,0.588,-134,-176
79692,81357,1665,0,GE-Phrase,228,79279,80954,1675,1262,0.758,413,403
79692,81357,1665,0,GE-Phrase,229,80954,82638,1684,403,0.242,-1262,-1281
79692,81357,1665,0,GE-Phase,stroke,79501,79868,367,176,0.106,191,1489
79692,81357,1665,0,GE-Phase,hold,79868,80508,640,640,0.384,-176,849
79692,81357,1665,0,GE-Phase,retraction,80508,80954,446,446,0.268,-816,403
79692,81357,1665,0,GE-Phase,preparation,80954,81451,497,403,0.242,-1262,-94
97800,98130,330,0,GE-Phrase,230,97846,98708,862,284,0.861,-46,-578
97800,98130,330,0,GE-Phase,preparation,97846,98286,440,284,0.861,-46,-156
98130,98848,718,0,GE-Phrase,230,97846,98708,862,578,0.805,284,140
98130,98848,718,0,GE-Phrase,231,98708,100412,1704,140,0.195,-578,-1564
98130,98848,718,0,GE-Phase,preparation,97846,98286,440,156,0.217,284,562
98130,98848,718,0,GE-Phase,stroke,98286,98526,240,240,0.334,-156,322
98130,98848,718,0,GE-Phase,retraction,98526,98708,182,182,0.253,-396,140
98130,98848,718,0,GE-Phase,stroke,98708,99217,509,140,0.195,-578,-369
98848,100935,2087,0,GE-Phrase,231,98708,100412,1704,1564,0.749,140,523
98848,100935,2087,0,GE-Phase,stroke,98708,99217,509,369,0.177,140,1718
98848,100935,2087,0,GE-Phase,retraction,99217,100412,1195,1195,0.573,-369,523
137060,138339,1279,0,GE-Phrase,235,136803,138001,1198,941,0.736,257,338
137060,138339,1279,0,GE-Phrase,236,138001,139371,1370,338,0.264,-941,-1032
137060,138339,1279,0,GE-Phase,stroke,136963,137483,520,423,0.331,97,856
137060,138339,1279,0,GE-Phase,hold,137483,138001,518,518,0.405,-423,338
137060,138339,1279,0,GE-Phase,preparation,138001,138475,474,338,0.264,-941,-136
138339,139647,1308,0,GE-Phrase,236,138001,139371,1370,1032,0.789,338,276
138339,139647,1308,0,GE-Phrase,237,139371,143181,3810,276,0.211,-1032,-3534
138339,139647,1308,0,GE-Phase,preparation,138001,138475,474,136,0.104,338,1172
138339,139647,1308,0,GE-Phase,stroke,138475,139096,621,621,0.475,-136,551
138339,139647,1308,0,GE-Phase,retraction,139096,139371,275,275,0.21,-757,276
138339,139647,1308,0,GE-Phase,preparation,139371,140340,969,276,0.211,-1032,-693
4370,5588,1218,0,GE-Phrase,201,2608,9088,6480,1218,1.0,1762,-3500
4370,5588,1218,0,GE-Phase,stroke,2772,9088,6316,1218,1.0,1598,-3500
5588,7444,1856,0,GE-Phrase,201,2608,9088,6480,1856,1.0,2980,-1644
5588,7444,1856,0,GE-Phase,stroke,2772,9088,6316,1856,1.0,2816,-1644
76336,77850,1514,0,GE-Phrase,226,76279,77639,1360,1303,0.861,57,211
76336,77850,1514,0,GE-Phrase,227,77639,79279,1640,211,0.139,-1303,-1429
76336,77850,1514,0,GE-Phase,preparation,76279,76512,233,176,0.116,57,1338
76336,77850,1514,0,GE-Phase,stroke,76512,76980,468,468,0.309,-176,870
76336,77850,1514,0,GE-Phase,hold,76980,77639,659,659,0.435,-644,211
76336,77850,1514,0,GE-Phase,preparation,77639,77999,360,211,0.139,-1303,-149
77850,79367,1517,0,GE-Phrase,227,77639,79279,1640,1429,0.942,211,88
77850,79367,1517,0,GE-Phrase,228,79279,80954,1675,88,0.058,-1429,-1587
77850,79367,1517,0,GE-Phase,preparation,77639,77999,360,149,0.098,211,1368
77850,79367,1517,0,GE-Phase,stroke,77999,78319,320,320,0.211,-149,1048
77850,79367,1517,0,GE-Phase,hold,78319,79039,720,720,0.475,-469,328
77850,79367,1517,0,GE-Phase,retraction,79039,79279,240,240,0.158,-1189,88
77850,79367,1517,0,GE-Phase,preparation,79279,79501,222,88,0.058,-1429,-134
79367,79692,325,0,GE-Phrase,228,79279,80954,1675,325,1.0,88,-1262
79367,79692,325,0,GE-Phase,preparation,79279,79501,222,134,0.412,88,191
79367,79692,325,0,GE-Phase,stroke,79501,79868,367,191,0.588,-134,-176
79692,81357,1665,0,GE-Phrase,228,79279,80954,1675,1262,0.758,413,403
79692,81357,1665,0,GE-Phrase,229,80954,82638,1684,403,0.242,-1262,-1281
79692,81357,1665,0,GE-Phase,stroke,79501,79868,367,176,0.106,191,1489
79692,81357,1665,0,GE-Phase,hold,79868,80508,640,640,0.384,-176,849
79692,81357,1665,0,GE-Phase,retraction,80508,80954,446,446,0.268,-816,403
79692,81357,1665,0,GE-Phase,preparation,80954,81451,497,403,0.242,-1262,-94
97800,98130,330,0,GE-Phrase,230,97846,98708,862,284,0.861,-46,-578
97800,98130,330,0,GE-Phase,preparation,97846,98286,440,284,0.861,-46,-156
98130,98848,718,0,GE-Phrase,230,97846,98708,862,578,0.805,284,140
98130,98848,718,0,GE-Phrase,231,98708,100412,1704,140,0.195,-578,-1564
98130,98848,718,0,GE-Phase,preparation,97846,98286,440,156,0.217,284,562
98130,98848,718,0,GE-Phase,stroke,98286,98526,240,240,0.334,-156,322
98130,98848,718,0,GE-Phase,retraction,98526,98708,182,182,0.253,-396,140
98130,98848,718,0,GE-Phase,stroke,98708,99217,509,140,0.195,-578,-369
98848,100935,2087,0,GE-Phrase,231,98708,100412,1704,1564,0.749,140,523
98848,100935,2087,0,GE-Phase,stroke,98708,99217,509,369,0.177,140,1718
98848,100935,2087,0,GE-Phase,retraction,99217,100412,1195,1195,0.573,-369,523
137060,138339,1279,0,GE-Phrase,235,136803,138001,1198,941,0.736,257,338
137060,138339,1279,0,GE-Phrase,236,138001,139371,1370,338,0.264,-941,-1032
137060,138339,1279,0,GE-Phase,stroke,136963,137483,520,423,0.331,97,856
137060,138339,1279,0,GE-Phase,hold,137483,138001,518,518,0.405,-423,338
137060,138339,1279,0,GE-Phase,preparation,138001,138475,474,338,0.264,-941,-136
138339,139647,1308,0,GE-Phrase,236,138001,139371,1370,1032,0.789,338,276
138339,139647,1308,0,GE-Phrase,237,139371,143181,3810,276,0.211,-1032,-3534
138339,139647,1308,0,GE-Phase,preparation,138001,138475,474,136,0.104,338,1172
138339,139647,1308,0,GE-Phase,stroke,138475,139096,621,621,0.475,-136,551
138339,139647,1308,0,GE-Phase,retraction,139096,139371,275,275,0.21,-757,276
138339,139647,1308,0,GE-Phase,preparation,139371,140340,969,276,0.211,-1032,-693
4370,5588,1218,0,GE-Phrase,201,2608,9088,6480,1218,1.0,1762,-3500
4370,5588,1218,0,GE-Phase,stroke,2772,9088,6316,1218,1.0,1598,-3500
5588,7444,1856,0,GE-Phrase,201,2608,9088,6480,1856,1.0,2980,-1644
5588,7444,1856,0,GE-Phase,stroke,2772,9088,6316,1856,1.0,2816,-1644
76336,77850,1514,0,GE-Phrase,226,76279,77639,1360,1303,0.861,57,211
76336,77850,1514,0,GE-Phrase,227,77639,79279,1640,211,0.139,-1303,-1429
76336,77850,1514,0,GE-Phase,preparation,76279,76512,233,176,0.116,57,1338
76336,77850,1514,0,GE-Phase,stroke,76512,76980,468,468,0.309,-176,870
76336,77850,1514,0,GE-Phase,hold,76980,77639,659,659,0.435,-644,211
76336,77850,1514,0,GE-Phase,preparation,77639,77999,360,211,0.139,-1303,-149
77850,79367,1517,0,GE-Phrase,227,77639,79279,1640,1429,0.942,211,88
77850,79367,1517,0,GE-Phrase,228,79279,80954,1675,88,0.058,-1429,-1587
77850,79367,1517,0,GE-Phase,preparation,77639,77999,360,149,0.098,211,1368
77850,79367,1517,0,GE-Phase,stroke,77999,78319,320,320,0.211,-149,1048
77850,79367,1517,0,GE-Phase,hold,78319,79039,720,720,0.475,-469,328
77850,79367,1517,0,GE-Phase,retraction,79039,79279,240,240,0.158,-1189,88
77850,79367,1517,0,GE-Phase,preparation,79279,79501,222,88,0.058,-1429,-134
79367,79692,325,0,GE-Phrase,228,79279,80954,1675,325,1.0,88,-1262
79367,79692,325,0,GE-Phase,preparation,79279,79501,222,134,0.412,88,191
79367,79692,325,0,GE-Phase,stroke,79501,79868,367,191,0.588,-134,-176
79692,81357,1665,0,GE-Phrase,228,79279,80954,1675,1262,0.758,413,403
79692,81357,1665,0,GE-Phrase,229,80954,82638,1684,403,0.242,-1262,-1281
79692,81357,1665,0,GE-Phase,stroke,79501,79868,367,176,0.106,191,1489
79692,81357,1665,0,GE-Phase,hold,79868,80508,640,640,0.384,-176,849
79692,81357,1665,0,GE-Phase,retraction,80508,80954,446,446,0.268,-816,403
79692,81357,1665,0,GE-Phase,preparation,80954,81451,497,403,0.242,-1262,-94
97800,98130,330,0,GE-Phrase,230,97846,98708,862,284,0.861,-46,-578
97800,98130,330,0,GE-Phase,preparation,97846,98286,440,284,0.861,-46,-156
98130,98848,718,0,GE-Phrase,230,97846,98708,862,578,0.805,284,140
98130,98848,718,0,GE-Phrase,231,98708,100412,1704,140,0.195,-578,-1564
98130,98848,718,0,GE-Phase,preparation,97846,98286,440,156,0.217,284,562
98130,98848,718,0,GE-Phase,stroke,98286,98526,240,240,0.334,-156,322
98130,98848,718,0,GE-Phase,retraction,98526,98708,182,182,0.253,-396,140
98130,98848,718,0,GE-Phase,stroke,98708,99217,509,140,0.195,-578,-369
98848,100935,2087,0,GE-Phrase,231,98708,100412,1704,1564,0.749,140,523
98848,100935,2087,0,GE-Phase,stroke,98708,99217,509,369,0.177,140,1718
98848,100935,2087,0,GE-Phase,retraction,99217,100412,1195,1195,0.573,-369,523
137060,138339,1279,0,GE-Phrase,235,136803,138001,1198,941,0.736,257,338
137060,138339,1279,0,GE-Phrase,236,138001,139371,1370,338,0.264,-941,-1032
137060,138339,1279,0,GE-Phase,stroke,136963,137483,520,423,0.331,97,856
137060,138339,1279,0,GE-Phase,hold,137483,138001,518,518,0.405,-423,338
137060,138339,1279,0,GE-Phase,preparation,138001,138475,474,338,0.264,-941,-136
138339,139647,1308,0,GE-Phrase,236,138001,139371,1370,1032,0.789,338,276
138339,139647,1308,0,GE-Phrase,237,139371,143181,3810,276,0.211,-1032,-3534
138339,139647,1308,0,GE-Phase,preparation,138001,138475,474,136,0.104,338,1172
138339,139647,1308,0,GE-Phase,stroke,138475,139096,621,621,0.475,-136,551
138339,139647,1308,0,GE-Phase,retraction,139096,139371,275,275,0.21,-757,276
138339,139647,1308,0,GE-Phase,preparation,139371,140340,969,276,0.211,-1032,-693
4370,5588,1218,0,GE-Phrase,201,2608,9088,6480,1218,1.0,1762,-3500
4370,5588,1218,0,GE-Phase,stroke,2772,9088,6316,1218,1.0,1598,-3500
5588,7444,1856,0,GE-Phrase,201,2608,9088,6480,1856,1.0,2980,-1644
5588,7444,1856,0,GE-Phase,stroke,2772,9088,6316,1856,1.0,2816,-1644
76336,77850,1514,0,GE-Phrase,226,76279,77639,1360,1303,0.861,57,211
76336,77850,1514,0,GE-Phrase,227,77639,79279,1640,211,0.139,-1303,-1429
76336,77850,1514,0,GE-Phase,preparation,76279,76512,233,176,0.116,57,1338
76336,77850,1514,0,GE-Phase,stroke,76512,76980,468,468,0.309,-176,870
76336,77850,1514,0,GE-Phase,hold,76980,77639,659,659,0.435,-644,211
76336,77850,1514,0,GE-Phase,preparation,77639,77999,360,211,0.139,-1303,-149
77850,79367,1517,0,GE-Phrase,227,77639,79279,1640,1429,0.942,211,88
77850,79367,1517,0,GE-Phrase,228,79279,80954,1675,88,0.058,-1429,-1587
77850,79367,1517,0,GE-Phase,preparation,77639,77999,360,149,0.098,211,1368
77850,79367,1517,0,GE-Phase,stroke,77999,78319,320,320,0.211,-149,1048
77850,79367,1517,0,GE-Phase,hold,78319,79039,720,720,0.475,-469,328
77850,79367,1517,0,GE-Phase,retraction,79039,79279,240,240,0.158,-1189,88
77850,79367,1517,0,GE-Phase,preparation,79279,79501,222,88,0.058,-1429,-134
79367,79692,325,0,GE-Phrase,228,79279,80954,1675,325,1.0,88,-1262
79367,79692,325,0,GE-Phase,preparation,79279,79501,222,134,0.412,88,191
79367,79692,325,0,GE-Phase,stroke,79501,79868,367,191,0.588,-134,-176
79692,81357,1665,0,GE-Phrase,228,79279,80954,1675,1262,0.758,413,403
79692,81357,1665,0,GE-Phrase,229,80954,82638,1684,403,0.242,-1262,-1281
79692,81357,1665,0,GE-Phase,stroke,79501,79868,367,176,0.106,191,1489
79692,81357,1665,0,GE-Phase,hold,79868,80508,640,640,0.384,-176,849
79692,81357,1665,0,GE-Phase,retraction,80508,80954,446,446,0.268,-816,403
79692,81357,1665,0,GE-Phase,preparation,80954,81451,497,403,0.242,-1262,-94
97800,98130,330,0,GE-Phrase,230,97846,98708,862,284,0.861,-46,-578
97800,98130,330,0,GE-Phase,preparation,97846,98286,440,284,0.861,-46,-156
98130,98848,718,0,GE-Phrase,230,97846,98708,862,578,0.805,284,140
98130,98848,718,0,GE-Phrase,231,98708,100412,1704,140,0.195,-578,-1564
98130,98848,718,0,GE-Phase,preparation,97846,98286,440,156,0.217,284,562
98130,98848,718,0,GE-Phase,stroke,98286,98526,240,240,0.334,-156,322
98130,98848,718,0,GE-Phase,retraction,98526,98708,182,182,0.253,-396,140
98130,98848,718,0,GE-Phase,stroke,98708,99217,509,140,0.195,-578,-369
98848,100935,2087,0,GE-Phrase,231,98708,100412,1704,1564,0.749,140,523
98848,100935,2087,0,GE-Phase,stroke,98708,99217,509,369,0.177,140,1718
98848,100935,2087,0,GE-Phase,retraction,99217,100412,1195,1195,0.573,-369,523
137060,138339,1279,0,GE-Phrase,235,136803,138001,1198,941,0.736,257,338
137060,138339,1279,0,GE-Phrase,236,138001,139371,1370,338,0.264,-941,-1032
137060,138339,1279,0,GE-Phase,stroke,136963,137483,520,423,0.331,97,856
137060,138339,1279,0,GE-Phase,hold,137483,138001,518,518,0.405,-423,338
137060,138339,1279,0,GE-Phase,preparation,138001,138475,474,338,0.264,-941,-136
138339,139647,1308,0,GE-Phrase,236,138001,139371,1370,1032,0.789,338,276
138339,139647,1308,0,GE-Phrase,237,139371,143181,3810,276,0.211,-1032,-3534
138339,139647,1308,0,GE-Phase,preparation,138001,138475,474,136,0.104,338,1172
138339,139647,1308,0,GE-Phase,stroke,138475,139096,621,621,0.475,-136,551
138339,139647,1308,0,GE-Phase,retraction,139096,139371,275,275,0.21,-757,276
138339,139647,1308,0,GE-Phase,preparation,139371,140340,969,276,0.211,-1032,-693
4370,5588,1218,0,GE-Phrase,201,2608,9088,6480,1218,1.0,1762,-3500
4370,5588,1218,0,GE-Phase,stroke,2772,9088,6316,1218,1.0,1598,-3500
5588,7444,1856,0,GE-Phrase,201,2608,9088,6480,1856,1.0,2980,-1644
5588,7444,1856,0,GE-Phase,stroke,2772,9088,6316,1856,1.0,2816,-1644
76336,77850,1514,0,GE-Phrase,226,76279,77639,1360,1303,0.861,57,211
76336,77850,1514,0,GE-Phrase,227,77639,79279,1640,211,0.139,-1303,-1429
76336,77850,1514,0,GE-Phase,preparation,76279,76512,233,176,0.116,57,1338
76336,77850,1514,0,GE-Phase,stroke,76512,76980,468,468,0.309,-176,870
76336,77850,1514,0,GE-Phase,hold,76980,77639,659,659,0.435,-644,211
76336,77850,1514,0,GE-Phase,preparation,77639,77999,360,211,0.139,-1303,-149
77850,79367,1517,0,GE-Phrase,227,77639,79279,1640,1429,0.942,211,88
77850,79367,1517,0,GE-Phrase,228,79279,80954,1675,88,0.058,-1429,-1587
77850,79367,1517,0,GE-Phase,preparation,77639,77999,360,149,0.098,211,1368
77850,79367,1517,0,GE-Phase,stroke,77999,78319,320,320,0.211,-149,1048
77850,79367,1517,0,GE-Phase,hold,78319,79039,720,720,0.475,-469,328
77850,79367,1517,0,GE-Phase,retraction,79039,79279,240,240,0.158,-1189,88
77850,79367,1517,0,GE-Phase,preparation,79279,79501,222,88,0.058,-1429,-134
79367,79692,325,0,GE-Phrase,228,79279,80954,1675,325,1.0,88,-1262
79367,79692,325,0,GE-Phase,preparation,79279,79501,222,134,0.412,88,191
79367,79692,325,0,GE-Phase,stroke,79501,79868,367,191,0.588,-134,-176
79692,81357,1665,0,GE-Phrase,228,79279,80954,1675,1262,0.758,413,403
79692,81357,1665,0,GE-Phrase,229,80954,82638,1684,403,0.242,-1262,-1281
79692,81357,1665,0,GE-Phase,stroke,79501,79868,367,176,0.106,191,1489
79692,81357,1665,0,GE-Phase,hold,79868,80508,640,640,0.384,-176,849
79692,81357,1665,0,GE-Phase,retraction,80508,80954,446,446,0.268,-816,403
79692,81357,1665,0,GE-Phase,preparation,80954,81451,497,403,0.242,-1262,-94
97800,98130,330,0,GE-Phrase,230,97846,98708,862,284,0.861,-46,-578
97800,98130,330,0,GE-Phase,preparation,97846,98286,440,284,0.861,-46,-156
98130,98848,718,0,GE-Phrase,230,97846,98708,862,578,0.805,284,140
98130,98848,718,0,GE-Phrase,231,98708,100412,1704,140,0.195,-578,-1564
98130,98848,718,0,GE-Phase,preparation,97846,98286,440,156,0.217,284,562
98130,98848,718,0,GE-Phase,stroke,98286,98526,240,240,0.334,-156,322
98130,98848,718,0,GE-Phase,retraction,98526,98708,182,182,0.253,-396,140
98130,98848,718,0,GE-Phase,stroke,98708,99217,509,140,0.195,-578,-369
98848,100935,2087,0,GE-Phrase,231,98708,100412,1704,1564,0.749,140,523
98848,100935,2087,0,GE-Phase,stroke,98708,99217,509,369,0.177,140,1718
98848,100935,2087,0,GE-Phase,retraction,99217,100412,1195,1195,0.573,-369,523
137060,138339,1279,0,GE-Phrase,235,136803,138001,1198,941,0.736,257,338
137060,138339,1279,0,GE-Phrase,236,138001,139371,1370,338,0.264,-941,-1032
137060,138339,1279,0,GE-Phase,stroke,136963,137483,520,423,0.331,97,856
137060,138339,1279,0,GE-Phase,hold,137483,138001,518,518,0.405,-423,338
137060,138339,1279,0,GE-Phase,preparation,138001,138475,474,338,0.264,-941,-136
138339,139647,1308,0,GE-Phrase,236,138001,139371,1370,1032,0.789,338,276
138339,139647,1308,0,GE-Phrase,237,139371,143181,3810,276,0.211,-1032,-3534
138339,139647,1308,0,GE-Phase,preparation,138001,138475,474,136,0.104,338,1172
138339,139647,1308,0,GE-Phase,stroke,138475,139096,621,621,0.475,-136,551
138339,139647,1308,0,GE-Phase,retraction,139096,139371,275,275,0.21,-757,276
138339,139647,1308,0,GE-Phase,preparation,139371,140340,969,276,0.211,-1032,-693
4370,5588,1218,0,GE-Phrase,201,2608,9088,6480,1218,1.0,1762,-3500
4370,5588,1218,0,GE-Phase,stroke,2772,9088,6316,1218,1.0,1598,-3500
5588,7444,1856,0,GE-Phrase,201,2608,9088,6480,1856,1.0,2980,-1644
5588,7444,1856,0,GE-Phase,stroke,2772,9088,6316,1856,1.0,2816,-1644
76336,77850,1514,0,GE-Phrase,226,76279,77639,1360,1303,0.861,57,211
76336,77850,1514,0,GE-Phrase,227,77639,79279,1640,211,0.139,-1303,-1429
76336,77850,1514,0,GE-Phase,preparation,76279,76512,233,176,0.116,57,1338
76336,77850,1514,0,GE-Phase,stroke,76512,76980,468,468,0.309,-176,870
76336,77850,1514,0,GE-Phase,hold,76980,77639,659,659,0.435,-644,211
76336,77850,1514,0,GE-Phase,preparation,77639,77999,360,211,0.139,-1303,-149
77850,79367,1517,0,GE-Phrase,227,77639,79279,1640,1429,0.942,211,88
77850,79367,1517,0,GE-Phrase,228,79279,80954,1675,88,0.058,-1429,-1587
77850,79367,1517,0,GE-Phase,preparation,77639,77999,360,149,0.098,211,1368
77850,79367,1517,0,GE-Phase,stroke,77999,78319,320,320,0.211,-149,1048
77850,79367,1517,0,GE-Phase,hold,78319,79039,720,720,0.475,-469,328
77850,79367,1517,0,GE-Phase,retraction,79039,79279,240,240,0.158,-1189,88
77850,79367,1517,0,GE-Phase,preparation,79279,79501,222,88,0.058,-1429,-134
79367,79692,325,0,GE-Phrase,228,79279,80954,1675,325,1.0,88,-1262
79367,79692,325,0,GE-Phase,preparation,79279,79501,222,134,0.412,88,191
79367,79692,325,0,GE-Phase,stroke,79501,79868,367,191,0.588,-134,-176
79692,81357,1665,0,GE-Phrase,228,79279,80954,1675,1262,0.758,413,403
79692,81357,1665,0,GE-Phrase,229,80954,82638,1684,403,0.242,-1262,-1281
79692,81357,1665,0,GE-Phase,stroke,79501,79868,367,176,0.106,191,1489
79692,81357,1665,0,GE-Phase,hold,79868,80508,640,640,0.384,-176,849
79692,81357,1665,0,GE-Phase,retraction,80508,80954,446,446,0.268,-816,403
79692,81357,1665,0,GE-Phase,preparation,80954,81451,497,403,0.242,-1262,-94
97800,98130,330,0,GE-Phrase,230,97846,98708,862,284,0.861,-46,-578
97800,98130,330,0,GE-Phase,preparation,97846,98286,440,284,0.861,-46,-156
98130,98848,718,0,GE-Phrase,230,97846,98708,862,578,0.805,284,140
98130,98848,718,0,GE-Phrase,231,98708,100412,1704,140,0.195,-578,-1564
98130,98848,718,0,GE-Phase,preparation,97846,98286,440,156,0.217,284,562
98130,98848,718,0,GE-Phase,stroke,98286,98526,240,240,0.334,-156,322
98130,98848,718,0,GE-Phase,retraction,98526,98708,182,182,0.253,-396,140
98130,98848,718,0,GE-Phase,stroke,98708,99217,509,140,0.195,-578,-369
98848,100935,2087,0,GE-Phrase,231,98708,100412,1704,1564,0.749,140,523
98848,100935,2087,0,GE-Phase,stroke,98708,99217,509,369,0.177,140,1718
98848,100935,2087,0,GE-Phase,retraction,99217,100412,1195,1195,0.573,-369,523
137060,138339,1279,0,GE-Phrase,235,136803,138001,1198,941,0.736,257,338
137060,138339,1279,0,GE-Phrase,236,138001,139371,1370,338,0.264,-941,-1032
137060,138339,1279,0,GE-Phase,stroke,136963,137483,520,423,0.331,97,856
137060,138339,1279,0,GE-Phase,hold,137483,138001,518,518,0.405,-423,338
137060,138339,1279,0,GE-Phase,preparation,138001,138475,474,338,0.264,-941,-136
138339,139647,1308,0,GE-Phrase,236,138001,139371,1370,1032,0.789,338,276
138339,139647,1308,0,GE-Phrase,237,139371,143181,3810,276,0.211,-1032,-3534
138339,139647,1308,0,GE-Phase,preparation,138001,138475,474,136,0.104,338,1172
138339,139647,1308,0,GE-Phase,stroke,138475,139096,621,621,0.475,-136,551
138339,139647,1308,0,GE-Phase,retraction,139096,139371,275,275,0.21,-757,276
138339,139647,1308,0,GE-Phase,preparation,139371,140340,969,276,0.211,-1032,-693
4370,5588,1218,0,GE-Phrase,201,2608,9088,6480,1218,1.0,1762,-3500
4370,5588,1218,0,GE-Phase,stroke,2772,9088,6316,1218,1.0,1598,-3500
5588,7444,1856,0,GE-Phrase,201,2608,9088,6480,1856,1.0,2980,-1644
5588,7444,1856,0,GE-Phase,stroke,2772,9088,6316,1856,1.0,2816,-1644
76336,77850,1514,0,GE-Phrase,226,76279,77639,1360,1303,0.861,57,211
76336,77850,1514,0,GE-Phrase,227,77639,79279,1640,211,0.139,-1303,-1429
76336,77850,1514,0,GE-Phase,preparation,76279,76512,233,176,0.116,57,1338
76336,77850,1514,0,GE-Phase,stroke,76512,76980,468,468,0.309,-176,870
76336,77850,1514,0,GE-Phase,hold,76980,77639,659,659,0.435,-644,211
76336,77850,1514,0,GE-Phase,preparation,77639,77999,360,211,0.139,-1303,-149
77850,79367,1517,0,GE-Phrase,227,77639,79279,1640,1429,0.942,211,88
77850,79367,1517,0,GE-Phrase,228,79279,80954,1675,88,0.058,-1429,-1587
77850,79367,1517,0,GE-Phase,preparation,77639,77999,360,149,0.098,211,1368
77850,79367,1517,0,GE-Phase,stroke,77999,78319,320,320,0.211,-149,1048
77850,79367,1517,0,GE-Phase,hold,78319,79039,720,720,0.475,-469,328
77850,79367,1517,0,GE-Phase,retraction,79039,79279,240,240,0.158,-1189,88
77850,79367,1517,0,GE-Phase,preparation,79279,79501,222,88,0.058,-1429,-134
79367,79692,325,0,GE-Phrase,228,79279,80954,1675,325,1.0,88,-1262
79367,79692,325,0,GE-Phase,preparation,79279,79501,222,134,0.412,88,191
79367,79692,325,0,GE-Phase,stroke,79501,79868,367,191,0.588,-134,-176
79692,81357,1665,0,GE-Phrase,228,79279,80954,1675,1262,0.758,413,403
79692,81357,1665,0,GE-Phrase,229,80954,82638,1684,403,0.242,-1262,-1281
79692,81357,1665,0,GE-Phase,stroke,79501,79868,367,176,0.106,191,1489
79692,81357,1665,0,GE-Phase,hold,79868,80508,640,640,0.384,-176,849
79692,81357,1665,0,GE-Phase,retraction,80508,80954,446,446,0.268,-816,403
79692,81357,1665,0,GE-Phase,preparation,80954,81451,497,403,0.242,-1262,-94
97800,98130,330,0,GE-Phrase,230,97846,98708,862,284,0.861,-46,-578
97800,98130,330,0,GE-Phase,preparation,97846,98286,440,284,0.861,-46,-156
98130,98848,718,0,GE-Phrase,230,97846,98708,862,578,0.805,284,140
98130,98848,718,0,GE-Phrase,231,98708,100412,1704,140,0.195,-578,-1564
98130,98848,718,0,GE-Phase,preparation,97846,98286,440,156,0.217,284,562
98130,98848,718,0,GE-Phase,stroke,98286,98526,240,240,0.334,-156,322
98130,98848,718,0,GE-Phase,retraction,98526,98708,182,182,0.253,-396,140
98130,98848,718,0,GE-Phase,stroke,98708,99217,509,140,0.195,-578,-369
98848,100935,2087,0,GE-Phrase,231,98708,100412,1704,1564,0.749,140,523
98848,100935,2087,0,GE-Phase,stroke,98708,99217,509,369,0.177,140,1718
98848,100935,2087,0,GE-Phase,retraction,99217,100412,1195,1195,0.573,-369,523
137060,138339,1279,0,GE-Phrase,235,136803,138001,1198,941,0.736,257,338
137060,138339,1279,0,GE-Phrase,236,138001,139371,1370,338,0.264,-941,-1032
137060,138339,1279,0,GE-Phase,stroke,136963,137483,520,423,0.331,97,856
137060,138339,1279,0,GE-Phase,hold,137483,138001,518,518,0.405,-423,338
137060,138339,1279,0,GE-Phase,preparation,138001,138475,474,338,0.264,-941,-136
138339,139647,1308,0,GE-Phrase,236,138001,139371,1370,1032,0.789,338,276
138339,139647,1308,0,GE-Phrase,237,139371,143181,3810,276,0.211,-1032,-3534
138339,139647,1308,0,GE-Phase,preparation,138001,138475,474,136,0.104,338,1172
138339,139647,1308,0,GE-Phase,stroke,138475,139096,621,621,0.475,-136,551
138339,139647,1308,0,GE-Phase,retraction,139096,139371,275,275,0.21,-757,276
138339,139647,1308,0,GE-Phase,preparation,139371,140340,969,276,0.211,-1032,-693
4370,5588,1218,0,GE-Phrase,201,2608,9088,6480,1218,1.0,1762,-3500
4370,5588,1218,0,GE-Phase,stroke,2772,9088,6316,1218,1.0,1598,-3500
5588,7444,1856,0,GE-Phrase,201,2608,9088,6480,1856,1.0,2980,-1644
5588,7444,1856,0,GE-Phase,stroke,2772,9088,6316,1856,1.0,2816,-1644
76336,77850,1514,0,GE-Phrase,226,76279,77639,1360,1303,0.861,57,211
76336,77850,1514,0,GE-Phrase,227,77639,79279,1640,211,0.139,-1303,-1429
76336,77850,1514,0,GE-Phase,preparation,76279,76512,233,176,0.116,57,1338
76336,77850,1514,0,GE-Phase,stroke,76512,76980,468,468,0.309,-176,870
76336,77850,1514,0,GE-Phase,hold,76980,77639,659,659,0.435,-644,211
76336,77850,1514,0,GE-Phase,preparation,77639,77999,360,211,0.139,-1303,-149
77850,79367,1517,0,GE-Phrase,227,77639,79279,1640,1429,0.942,211,88
77850,79367,1517,0,GE-Phrase,228,79279,80954,1675,88,0.058,-1429,-1587
77850,79367,1517,0,GE-Phase,preparation,77639,77999,360,149,0.098,211,1368
77850,79367,1517,0,GE-Phase,stroke,77999,78319,320,320,0.211,-149,1048
77850,79367,1517,0,GE-Phase,hold,78319,79039,720,720,0.475,-469,328
77850,79367,1517,0,GE-Phase,retraction,79039,79279,240,240,0.158,-1189,88
77850,79367,1517,0,GE-Phase,preparation,79279,79501,222,88,0.058,-1429,-134
79367,79692,325,0,GE-Phrase,228,79279,80954,1675,325,1.0,88,-1262
79367,79692,325,0,GE-Phase,preparation,79279,79501,222,134,0.412,88,191
79367,79692,325,0,GE-Phase,stroke,79501,79868,367,191,0.588,-134,-176
79692,81357,1665,0,GE-Phrase,228,79279,80954,1675,1262,0.758,413,403
79692,81357,1665,0,GE-Phrase,229,80954,82638,1684,403,0.242,-1262,-1281
79692,81357,1665,0,GE-Phase,stroke,79501,79868,367,176,0.106,191,1489
79692,81357,1665,0,GE-Phase,hold,79868,80508,640,640,0.384,-176,849
79692,81357,1665,0,GE-Phase,retraction,80508,80954,446,446,0.268,-816,403
79692,81357,1665,0,GE-Phase,preparation,80954,81451,497,403,0.242,-1262,-94
97800,98130,330,0,GE-Phrase,230,97846,98708,862,284,0.861,-46,-578
97800,98130,330,0,GE-Phase,preparation,97846,98286,440,284,0.861,-46,-156
98130,98848,718,0,GE-Phrase,230,97846,98708,862,578,0.805,284,140
98130,98848,718,0,GE-Phrase,231,98708,100412,1704,140,0.195,-578,-1564
98130,98848,718,0,GE-Phase,preparation,97846,98286,440,156,0.217,284,562
98130,98848,718,0,GE-Phase,stroke,98286,98526,240,240,0.334,-156,322
98130,98848,718,0,GE-Phase,retraction,98526,98708,182,182,0.253,-396,140
98130,98848,718,0,GE-Phase,stroke,98708,99217,509,140,0.195,-578,-369
98848,100935,2087,0,GE-Phrase,231,98708,100412,1704,1564,0.749,140,523
98848,100935,2087,0,GE-Phase,stroke,98708,99217,509,369,0.177,140,1718
98848,100935,2087,0,GE-Phase,retraction,99217,100412,1195,1195,0.573,-369,523
137060,138339,1279,0,GE-Phrase,235,136803,138001,1198,941,0.736,257,338
137060,138339,1279,0,GE-Phrase,236,138001,139371,1370,338,0.264,-941,-1032
137060,138339,1279,0,GE-Phase,stroke,136963,137483,520,423,0.331,97,856
137060,138339,1279,0,GE-Phase,hold,137483,138001,518,518,0.405,-423,338
137060,138339,1279,0,GE-Phase,preparation,138001,138475,474,338,0.264,-941,-136
138339,139647,1308,0,GE-Phrase,236,138001,139371,1370,1032,0.789,338,276
138339,139647,1308,0,GE-Phrase,237,139371,143181,3810,276,0.211,-1032,-3534
138339,139647,1308,0,GE-Phase,preparation,138001,138475,474,136,0.104,338,1172
138339,139647,1308,0,GE-Phase,stroke,138475,139096,621,621,0.475,-136,551
138339,139647,1308,0,GE-Phase,retraction,139096,139371,275,275,0.21,-757,276
138339,139647,1308,0,GE-Phase,preparation,139371,140340,969,276,0.211,-1032,-693
4370,5588,1218,0,GE-Phrase,201,2608,9088,6480,1218,1.0,1762,-3500
4370,5588,1218,0,GE-Phase,stroke,2772,9088,6316,1218,1.0,1598,-3500
5588,7444,1856,0,GE-Phrase,201,2608,9088,6480,1856,1.0,2980,-1644
5588,7444,1856,0,GE-Phase,stroke,2772,9088,6316,1856,1.0,2816,-1644
76336,77850,1514,0,GE-Phrase,226,76279,77639,1360,1303,0.861,57,211
76336,77850,1514,0,GE-Phrase,227,77639,79279,1640,211,0.139,-1303,-1429
76336,77850,1514,0,GE-Phase,preparation,76279,76512,233,176,0.116,57,1338
76336,77850,1514,0,GE-Phase,stroke,76512,76980,468,468,0.309,-176,870
76336,77850,1514,0,GE-Phase,hold,76980,77639,659,659,0.435,-644,211
76336,77850,1514,0,GE-Phase,preparation,77639,77999,360,211,0.139,-1303,-149
77850,79367,1517,0,GE-Phrase,227,77639,79279,1640,1429,0.942,211,88
77850,79367,1517,0,GE-Phrase,228,79279,80954,1675,88,0.058,-1429,-1587
77850,79367,1517,0,GE-Phase,preparation,77639,77999,360,149,0.098,211,1368
77850,79367,1517,0,GE-Phase,stroke,77999,78319,320,320,0.211,-149,1048
77850,79367,1517,0,GE-Phase,hold,78319,79039,720,720,0.475,-469,328
77850,79367,1517,0,GE-Phase,retraction,79039,79279,240,240,0.158,-1189,88
77850,79367,1517,0,GE-Phase,preparation,79279,79501,222,88,0.058,-1429,-134
79367,79692,325,0,GE-Phrase,228,79279,80954,1675,325,1.0,88,-1262
79367,79692,325,0,GE-Phase,preparation,79279,79501,222,134,0.412,88,191
79367,79692,325,0,GE-Phase,stroke,79501,79868,367,191,0.588,-134,-176
79692,81357,1665,0,GE-Phrase,228,79279,80954,1675,1262,0.758,413,403
79692,81357,1665,0,GE-Phrase,229,80954,82638,1684,403,0.242,-1262,-1281
79692,81357,1665,0,GE-Phase,stroke,79501,79868,367,176,0.106,191,1489
79692,81357,1665,0,GE-Phase,hold,79868,80508,640,640,0.384,-176,849
79692,81357,1665,0,GE-Phase,retraction,80508,80954,446,446,0.268,-816,403
79692,81357,1665,0,GE-Phase,preparation,80954,81451,497,403,0.242,-1262,-94
97800,98130,330,0,GE-Phrase,230,97846,98708,862,284,0.861,-46,-578
97800,98130,330,0,GE-Phase,preparation,97846,98286,440,284,0.861,-46,-156
98130,98848,718,0,GE-Phrase,230,97846,98708,862,578,0.805,284,140
98130,98848,718,0,GE-Phrase,231,98708,100412,1704,140,0.195,-578,-1564
98130,98848,718,0,GE-Phase,preparation,97846,98286,440,156,0.217,284,562
98130,98848,718,0,GE-Phase,stroke,98286,98526,240,240,0.334,-156,322
98130,98848,718,0,GE-Phase,retraction,98526,98708,182,182,0.253,-396,140
98130,98848,718,0,GE-Phase,stroke,98708,99217,509,140,0.195,-578,-369
98848,100935,2087,0,GE-Phrase,231,98708,100412,1704,1564,0.749,140,523
98848,100935,2087,0,GE-Phase,stroke,98708,99217,509,369,0.177,140,1718
98848,100935,2087,0,GE-Phase,retraction,99217,100412,1195,1195,0.573,-369,523
137060,138339,1279,0,GE-Phrase,235,136803,138001,1198,941,0.736,257,338
137060,138339,1279,0,GE-Phrase,236,138001,139371,1370,338,0.264,-941,-1032
137060,138339,1279,0,GE-Phase,stroke,136963,137483,520,423,0.331,97,856
137060,138339,1279,0,GE-Phase,hold,137483,138001,518,518,0.405,-423,338
137060,138339,1279,0,GE-Phase,preparation,138001,138475,474,338,0.264,-941,-136
138339,139647,1308,0,GE-Phrase,236,138001,139371,1370,1032,0.789,338,276
138339,139647,1308,0,GE-Phrase,237,139371,143181,3810,276,0.211,-1032,-3534
138339,139647,1308,0,GE-Phase,preparation,138001,138475,474,136,0.104,338,1172
138339,139647,1308,0,GE-Phase,stroke,138475,139096,621,621,0.475,-136,551
138339,139647,1308,0,GE-Phase,retraction,139096,139371,275,275,0.21,-757,276
138339,139647,1308,0,GE-Phase,preparation,139371,140340,969,276,0.211,-1032,-693
4370,5588,1218,0,GE-Phrase,201,2608,9088,6480,1218,1.0,1762,-3500
4370,5588,1218,0,GE-Phase,stroke,2772,9088,6316,1218,1.0,1598,-3500
5588,7444,1856,0,GE-Phrase,201,2608,9088,6480,1856,1.0,2980,-1644
5588,7444,1856,0,GE-Phase,stroke,2772,9088,6316,1856,1.0,2816,-1644
76336,77850,1514,0,GE-Phrase,226,76279,77639,1360,1303,0.861,57,211
76336,77850,1514,0,GE-Phrase,227,77639,79279,1640,211,0.139,-1303,-1429
76336,77850,1514,0,GE-Phase,preparation,76279,76512,233,176,0.116,57,1338
76336,77850,1514,0,GE-Phase,stroke,76512,76980,468,468,0.309,-176,870
76336,77850,1514,0,GE-Phase,hold,76980,77639,659,659,0.435,-644,211
76336,77850,1514,0,GE-Phase,preparation,77639,77999,360,211,0.139,-1303,-149
77850,79367,1517,0,GE-Phrase,227,77639,79279,1640,1429,0.942,211,88
77850,79367,1517,0,GE-Phrase,228,79279,80954,1675,88,0.058,-1429,-1587
77850,79367,1517,0,GE-Phase,preparation,77639,77999,360,149,0.098,211,1368
77850,79367,1517,0,GE-Phase,stroke,77999,78319,320,320,0.211,-149,1048
77850,79367,1517,0,GE-Phase,hold,78319,79039,720,720,0.475,-469,328
77850,79367,1517,0,GE-Phase,retraction,79039,79279,240,240,0.158,-1189,88
77850,79367,1517,0,GE-Phase,preparation,79279,79501,222,88,0.058,-1429,-134
79367,79692,325,0,GE-Phrase,228,79279,80954,1675,325,1.0,88,-1262
79367,79692,325,0,GE-Phase,preparation,79279,79501,222,134,0.412,88,191
79367,79692,325,0,GE-Phase,stroke,79501,79868,367,191,0.588,-134,-176
79692,81357,1665,0,GE-Phrase,228,79279,80954,1675,1262,0.758,413,403
79692,81357,1665,0,GE-Phrase,229,80954,82638,1684,403,0.242,-1262,-1281
79692,81357,1665,0,GE-Phase,stroke,79501,79868,367,176,0.106,191,1489
79692,81357,1665,0,GE-Phase,hold,79868,80508,640,640,0.384,-176,849
79692,81357,1665,0,GE-Phase,retraction,80508,80954,446,446,0.268,-816,403
79692,81357,1665,0,GE-Phase,preparation,80954,81451,497,403,0.242,-1262,-94
97800,98130,330,0,GE-Phrase,230,97846,98708,862,284,0.861,-46,-578
97800,98130,330,0,GE-Phase,preparation,97846,98286,440,284,0.861,-46,-156
98130,98848,718,0,GE-Phrase,230,97846,98708,862,578,0.805,284,140
98130,98848,718,0,GE-Phrase,231,98708,100412,1704,140,0.195,-578,-1564
98130,98848,718,0,GE-Phase,preparation,97846,98286,440,156,0.217,284,562
98130,98848,718,0,GE-Phase,stroke,98286,98526,240,240,0.334,-156,322
98130,98848,718,0,GE-Phase,retraction,98526,98708,182,182,0.253,-396,140
98130,98848,718,0,GE-Phase,stroke,98708,99217,509,140,0.195,-578,-369
98848,100935,2087,0,GE-Phrase,231,98708,100412,1704,1564,0.749,140,523
98848,100935,2087,0,GE-Phase,stroke,98708,99217,509,369,0.177,140,1718
98848,100935,2087,0,GE-Phase,retraction,99217,100412,1195,1195,0.573,-369,523
137060,138339,1279,0,GE-Phrase,235,136803,138001,1198,941,0.736,257,338
137060,138339,1279,0,GE-Phrase,236,138001,139371,1370,338,0.264,-941,-1032
137060,138339,1279,0,GE-Phase,stroke,136963,137483,520,423,0.331,97,856
137060,138339,1279,0,GE-Phase,hold,137483,138001,518,518,0.405,-423,338
137060,138339,1279,0,GE-Phase,preparation,138001,138475,474,338,0.264,-941,-136
138339,139647,1308,0,GE-Phrase,236,138001,139371,1370,1032,0.789,338,276
138339,139647,1308,0,GE-Phrase,237,139371,143181,3810,276,0.211,-1032,-3534
138339,139647,1308,0,GE-Phase,preparation,138001,138475,474,136,0.104,338,1172
138339,139647,1308,0,GE-Phase,stroke,138475,139096,621,621,0.475,-136,551
138339,139647,1308,0,GE-Phase,retraction,139096,139371,275,275,0.21,-757,276
138339,139647,1308,0,GE-Phase,preparation,139371,140340,969,276,0.211,-1032,-693
4370,5588,1218,0,GE-Phrase,201,2608,9088,6480,1218,1.0,1762,-3500
4370,5588,1218,0,GE-Phase,stroke,2772,9088,6316,1218,1.0,1598,-3500
5588,7444,1856,0,GE-Phrase,201,2608,9088,6480,1856,1.0,2980,-1644
5588,7444,1856,0,GE-Phase,stroke,2772,9088,6316,1856,1.0,2816,-1644
76336,77850,1514,0,GE-Phrase,226,76279,77639,1360,1303,0.861,57,211
76336,77850,1514,0,GE-Phrase,227,77639,79279,1640,211,0.139,-1303,-1429
76336,77850,1514,0,GE-Phase,preparation,76279,76512,233,176,0.116,57,1338
76336,77850,1514,0,GE-Phase,stroke,76512,76980,468,468,0.309,-176,870
76336,77850,1514,0,GE-Phase,hold,76980,77639,659,659,0.435,-644,211
76336,77850,1514,0,GE-Phase,preparation,77639,77999,360,211,0.139,-1303,-149
77850,79367,1517,0,GE-Phrase,227,77639,79279,1640,1429,0.942,211,88
77850,79367,1517,0,GE-Phrase,228,79279,80954,1675,88,0.058,-1429,-1587
77850,79367,1517,0,GE-Phase,preparation,77639,77999,360,149,0.098,211,1368
77850,79367,1517,0,GE-Phase,stroke,77999,78319,320,320,0.211,-149,1048
77850,79367,1517,0,GE-Phase,hold,78319,79039,720,720,0.475,-469,328
77850,79367,1517,0,GE-Phase,retraction,79039,79279,240,240,0.158,-1189,88
77850,79367,1517,0,GE-Phase,preparation,79279,79501,222,88,0.058,-1429,-134
79367,79692,325,0,GE-Phrase,228,79279,80954,1675,325,1.0,88,-1262
79367,79692,325,0,GE-Phase,preparation,79279,79501,222,134,0.412,88,191
79367,79692,325,0,GE-Phase,stroke,79501,79868,367,191,0.588,-134,-176
79692,81357,1665,0,GE-Phrase,228,79279,80954,1675,1262,0.758,413,403
79692,81357,1665,0,GE-Phrase,229,80954,82638,1684,403,0.242,-1262,-1281
79692,81357,1665,0,GE-Phase,stroke,79501,79868,367,176,0.106,191,1489
79692,81357,1665,0,GE-Phase,hold,79868,80508,640,640,0.384,-176,849
79692,81357,1665,0,GE-Phase,retraction,80508,80954,446,446,0.268,-816,403
79692,81357,1665,0,GE-Phase,preparation,80954,81451,497,403,0.242,-1262,-94
97800,98130,330,0,GE-Phrase,230,97846,98708,862,284,0.861,-46,-578
97800,98130,330,0,GE-Phase,preparation,97846,98286,440,284,0.861,-46,-156
98130,98848,718,0,GE-Phrase,230,97846,98708,862,578,0.805,284,140
98130,98848,718,0,GE-Phrase,231,98708,100412,1704,140,0.195,-578,-1564
98130,98848,718,0,GE-Phase,preparation,97846,98286,440,156,0.217,284,562
98130,98848,718,0,GE-Phase,stroke,98286,98526,240,240,0.334,-156,322
98130,98848,718,0,GE-Phase,retraction,98526,98708,182,182,0.253,-396,140
98130,98848,718,0,GE-Phase,stroke,98708,99217,509,140,0.195,-578,-369
98848,100935,2087,0,GE-Phrase,231,98708,100412,1704,1564,0.749,140,523
98848,100935,2087,0,GE-Phase,stroke,98708,99217,509,369,0.177,140,1718
98848,100935,2087,0,GE-Phase,retraction,99217,100412,1195,1195,0.573,-369,523
137060,138339,1279,0,GE-Phrase,235,136803,138001,1198,941,0.736,257,338
137060,138339,1279,0,GE-Phrase,236,138001,139371,1370,338,0.264,-941,-1032
137060,138339,1279,0,GE-Phase,stroke,136963,137483,520,423,0.331,97,856
137060,138339,1279,0,GE-Phase,hold,137483,138001,518,518,0.405,-423,338
137060,138339,1279,0,GE-Phase,preparation,138001,138475,474,338,0.264,-941,-136
138339,139647,1308,0,GE-Phrase,236,138001,139371,1370,1032,0.789,338,276
138339,139647,1308,0,GE-Phrase,237,139371,143181,3810,276,0.211,-1032,-3534
138339,139647,1308,0,GE-Phase,preparation,138001,138475,474,136,0.104,338,1172
138339,139647,1308,0,GE-Phase,stroke,138475,139096,621,621,0.475,-136,551
138339,139647,1308,0,GE-Phase,retraction,139096,139371,275,275,0.21,-757,276
138339,139647,1308,0,GE-Phase,preparation,139371,140340,969,276,0.211,-1032,-693
4370,5588,1218,0,GE-Phrase,201,2608,9088,6480,1218,1.0,1762,-3500
4370,5588,1218,0,GE-Phase,stroke,2772,9088,6316,1218,1.0,1598,-3500
5588,7444,1856,0,GE-Phrase,201,2608,9088,6480,1856,1.0,2980,-1644
5588,7444,1856,0,GE-Phase,stroke,2772,9088,6316,1856,1.0,2816,-1644
76336,77850,1514,0,GE-Phrase,226,76279,77639,1360,1303,0.861,57,211
76336,77850,1514,0,GE-Phrase,227,77639,79279,1640,211,0.139,-1303,-1429
76336,77850,1514,0,GE-Phase,preparation,76279,76512,233,176,0.116,57,1338
76336,77850,1514,0,GE-Phase,stroke,76512,76980,468,468,0.309,-176,870
76336,77850,1514,0,GE-Phase,hold,76980,77639,659,659,0.435,-644,211
76336,77850,1514,0,GE-Phase,preparation,77639,77999,360,211,0.139,-1303,-149
77850,79367,1517,0,GE-Phrase,227,77639,79279,1640,1429,0.942,211,88
77850,79367,1517,0,GE-Phrase,228,79279,80954,1675,88,0.058,-1429,-1587
77850,79367,1517,0,GE-Phase,preparation,77639,77999,360,149,0.098,211,1368
77850,79367,1517,0,GE-Phase,stroke,77999,78319,320,320,0.211,-149,1048
77850,79367,1517,0,GE-Phase,hold,78319,79039,720,720,0.475,-469,328
77850,79367,1517,0,GE-Phase,retraction,79039,79279,240,240,0.158,-1189,88
77850,79367,1517,0,GE-Phase,preparation,79279,79501,222,88,0.058,-1429,-134
79367,79692,325,0,GE-Phrase,228,79279,80954,1675,325,1.0,88,-1262
79367,79692,325,0,GE-Phase,preparation,79279,79501,222,134,0.412,88,191
79367,79692,325,0,GE-Phase,stroke,79501,79868,367,191,0.588,-134,-176
79692,81357,1665,0,GE-Phrase,228,79279,80954,1675,1262,0.758,413,403
79692,81357,1665,0,GE-Phrase,229,80954,82638,1684,403,0.242,-1262,-1281
79692,81357,1665,0,GE-Phase,stroke,79501,79868,367,176,0.106,191,1489
79692,81357,1665,0,GE-Phase,hold,79868,80508,640,640,0.384,-176,849
79692,81357,1665,0,GE-Phase,retraction,80508,80954,446,446,0.268,-816,403
79692,81357,1665,0,GE-Phase,preparation,80954,81451,497,403,0.242,-1262,-94
97800,98130,330,0,GE-Phrase,230,97846,98708,862,284,0.861,-46,-578
97800,98130,330,0,GE-Phase,preparation,97846,98286,440,284,0.861,-46,-156
98130,98848,718,0,GE-Phrase,230,97846,98708,862,578,0.805,284,140
98130,98848,718,0,GE-Phrase,231,98708,100412,1704,140,0.195,-578,-1564
98130,98848,718,0,GE-Phase,preparation,97846,98286,440,156,0.217,284,562
98130,98848,718,0,GE-Phase,stroke,98286,98526,240,240,0.334,-156,322
98130,98848,718,0,GE-Phase,retraction,98526,98708,182,182,0.253,-396,140
98130,98848,718,0,GE-Phase,stroke,98708,99217,509,140,0.195,-578,-369
98848,100935,2087,0,GE-Phrase,231,98708,100412,1704,1564,0.749,140,523
98848,100935,2087,0,GE-Phase,stroke,98708,99217,509,369,0.177,140,1718
98848,100935,2087,0,GE-Phase,retraction,99217,100412,1195,1195,0.573,-369,523
137060,138339,1279,0,GE-Phrase,235,136803,138001,1198,941,0.736,257,338
137060,138339,1279,0,GE-Phrase,236,138001,139371,1370,338,0.264,-941,-1032
137060,138339,1279,0,GE-Phase,stroke,136963,137483,520,423,0.331,97,856
137060,138339,1279,0,GE-Phase,hold,137483,138001,518,518,0.405,-423,338
137060,138339,1279,0,GE-Phase,preparation,138001,138475,474,338,0.264,-941,-136
138339,139647,1308,0,GE-Phrase,236,138001,139371,1370,1032,0.789,338,276
138339,139647,1308,0,GE-Phrase,237,139371,143181,3810,276,0.211,-1032,-3534
138339,139647,1308,0,GE-Phase,preparation,138001,138475,474,136,0.104,338,1172
138339,139647,1308,0,GE-Phase,stroke,138475,139096,621,621,0.475,-136,551
138339,139647,1308,0,GE-Phase,retraction,139096,139371,275,275,0.21,-757,276
138339,139647,1308,0,GE-Phase,preparation,139371,140340,969,276,0.211,-1032,-693
4370,5588,1218,0,GE-Phrase,201,2608,9088,6480,1218,1.0,1762,-3500
4370,5588,1218,0,GE-Phase,stroke,2772,9088,6316,1218,1.0,1598,-3500
5588,7444,1856,0,GE-Phrase,201,2608,9088,6480,1856,1.0,2980,-1644
5588,7444,1856,0,GE-Phase,stroke,2772,9088,6316,1856,1.0,2816,-1644
76336,77850,1514,0,GE-Phrase,226,76279,77639,1360,1303,0.861,57,211
76336,77850,1514,0,GE-Phrase,227,77639,79279,1640,211,0.139,-1303,-1429
76336,77850,1514,0,GE-Phase,preparation,76279,76512,233,176,0.116,57,1338
76336,77850,1514,0,GE-Phase,stroke,76512,76980,468,468,0.309,-176,870
76336,77850,1514,0,GE-Phase,hold,76980,77639,659,659,0.435,-644,211
76336,77850,1514,0,GE-Phase,preparation,77639,77999,360,211,0.139,-1303,-149
77850,79367,1517,0,GE-Phrase,227,77639,79279,1640,1429,0.942,211,88
77850,79367,1517,0,GE-Phrase,228,79279,80954,1675,88,0.058,-1429,-1587
77850,79367,1517,0,GE-Phase,preparation,77639,77999,360,149,0.098,211,1368
77850,79367,1517,0,GE-Phase,stroke,77999,78319,320,320,0.211,-149,1048
77850,79367,1517,0,GE-Phase,hold,78319,79039,720,720,0.475,-469,328
77850,79367,1517,0,GE-Phase,retraction,79039,79279,240,240,0.158,-1189,88
77850,79367,1517,0,GE-Phase,preparation,79279,79501,222,88,0.058,-1429,-134
79367,79692,325,0,GE-Phrase,228,79279,80954,1675,325,1.0,88,-1262
79367,79692,325,0,GE-Phase,preparation,79279,79501,222,134,0.412,88,191
79367,79692,325,0,GE-Phase,stroke,79501,79868,367,191,0.588,-134,-176
79692,81357,1665,0,GE-Phrase,228,79279,80954,1675,1262,0.758,413,403
79692,81357,1665,0,GE-Phrase,229,80954,82638,1684,403,0.242,-1262,-1281
79692,81357,1665,0,GE-Phase,stroke,79501,79868,367,176,0.106,191,1489
79692,81357,1665,0,GE-Phase,hold,79868,80508,640,640,0.384,-176,849
79692,81357,1665,0,GE-Phase,retraction,80508,80954,446,446,0.268,-816,403
79692,81357,1665,0,GE-Phase,preparation,80954,81451,497,403,0.242,-1262,-94
97800,98130,330,0,GE-Phrase,230,97846,98708,862,284,0.861,-46,-578
97800,98130,330,0,GE-Phase,preparation,97846,98286,440,284,0.861,-46,-156
98130,98848,718,0,GE-Phrase,230,97846,98708,862,578,0.805,284,140
98130,98848,718,0,GE-Phrase,231,98708,100412,1704,140,0.195,-578,-1564
98130,98848,718,0,GE-Phase,preparation,97846,98286,440,156,0.217,284,562
98130,98848,718,0,GE-Phase,stroke,98286,98526,240,240,0.334,-156,322
98130,98848,718,0,GE-Phase,retraction,98526,98708,182,182,0.253,-396,140
98130,98848,718,0,GE-Phase,stroke,98708,99217,509,140,0.195,-578,-369
98848,100935,2087,0,GE-Phrase,231,98708,100412,1704,1564,0.749,140,523
98848,100935,2087,0,GE-Phase,stroke,98708,99217,509,369,0.177,140,1718
98848,100935,2087,0,GE-Phase,retraction,99217,100412,1195,1195,0.573,-369,523
137060,138339,1279,0,GE-Phrase,235,136803,138001,1198,941,0.736,257,338
137060,138339,1279,0,GE-Phrase,236,138001,139371,1370,338,0.264,-941,-1032
137060,138339,1279,0,GE-Phase,stroke,136963,137483,520,423,0.331,97,856
137060,138339,1279,0,GE-Phase,hold,137483,138001,518,518,0.405,-423,338
137060,138339,1279,0,GE-Phase,preparation,138001,138475,474,338,0.264,-941,-136
138339,139647,1308,0,GE-Phrase,236,138001,139371,1370,1032,0.789,338,276
138339,139647,1308,0,GE-Phrase,237,139371,143181,3810,276,0.211,-1032,-3534
138339,139647,1308,0,GE-Phase,preparation,138001,138475,474,136,0.104,338,1172
138339,139647,1308,0,GE-Phase,stroke,138475,139096,621,621,0.475,-136,551
138339,139647,1308,0,GE-Phase,retraction,139096,139371,275,275,0.21,-757,276
138339,139647,1308,0,GE-Phase,preparation,139371,140340,969,276,0.211,-1032,-693
4370,5588,1218,0,GE-Phrase,201,2608,9088,6480,1218,1.0,1762,-3500
4370,5588,1218,0,GE-Phase,stroke,2772,9088,6316,1218,1.0,1598,-3500
5588,7444,1856,0,GE-Phrase,201,2608,9088,6480,1856,1.0,2980,-1644
5588,7444,1856,0,GE-Phase,stroke,2772,9088,6316,1856,1.0,2816,-1644
76336,77850,1514,0,GE-Phrase,226,76279,77639,1360,1303,0.861,57,211
76336,77850,1514,0,GE-Phrase,227,77639,79279,1640,211,0.139,-1303,-1429
76336,77850,1514,0,GE-Phase,preparation,76279,76512,233,176,0.116,57,1338
76336,77850,1514,0,GE-Phase,stroke,76512,76980,468,468,0.309,-176,870
76336,77850,1514,0,GE-Phase,hold,76980,77639,659,659,0.435,-644,211
76336,77850,1514,0,GE-Phase,preparation,77639,77999,360,211,0.139,-1303,-149
77850,79367,1517,0,GE-Phrase,227,77639,79279,1640,1429,0.942,211,88
77850,79367,1517,0,GE-Phrase,228,79279,80954,1675,88,0.058,-1429,-1587
77850,79367,1517,0,GE-Phase,preparation,77639,77999,360,149,0.098,211,1368
77850,79367,1517,0,GE-Phase,stroke,77999,78319,320,320,0.211,-149,1048
77850,79367,1517,0,GE-Phase,hold,78319,79039,720,720,0.475,-469,328
77850,79367,1517,0,GE-Phase,retraction,79039,79279,240,240,0.158,-1189,88
77850,79367,1517,0,GE-Phase,preparation,79279,79501,222,88,0.058,-1429,-134
79367,79692,325,0,GE-Phrase,228,79279,80954,1675,325,1.0,88,-1262
79367,79692,325,0,GE-Phase,preparation,79279,79501,222,134,0.412,88,191
79367,79692,325,0,GE-Phase,stroke,79501,79868,367,191,0.588,-134,-176
79692,81357,1665,0,GE-Phrase,228,79279,80954,1675,1262,0.758,413,403
79692,81357,1665,0,GE-Phrase,229,80954,82638,1684,403,0.242,-1262,-1281
79692,81357,1665,0,GE-Phase,stroke,79501,79868,367,176,0.106,191,1489
79692,81357,1665,0,GE-Phase,hold,79868,80508,640,640,0.384,-176,849
79692,81357,1665,0,GE-Phase,retraction,80508,80954,446,446,0.268,-816,403
79692,81357,1665,0,GE-Phase,preparation,80954,81451,497,403,0.242,-1262,-94
97800,98130,330,0,GE-Phrase,230,97846,98708,862,284,0.861,-46,-578
97800,98130,330,0,GE-Phase,preparation,97846,98286,440,284,0.861,-46,-156
98130,98848,718,0,GE-Phrase,230,97846,98708,862,578,0.805,284,140
98130,98848,718,0,GE-Phrase,231,98708,100412,1704,140,0.195,-578,-1564
98130,98848,718,0,GE-Phase,preparation,97846,98286,440,156,0.217,284,562
98130,98848,718,0,GE-Phase,stroke,98286,98526,240,240,0.334,-156,322
98130,98848,718,0,GE-Phase,retraction,98526,98708,182,182,0.253,-396,140
98130,98848,718,0,GE-Phase,stroke,98708,99217,509,140,0.195,-578,-369
98848,100935,2087,0,GE-Phrase,231,98708,100412,1704,1564,0.749,140,523
98848,100935,2087,0,GE-Phase,stroke,98708,99217,509,369,0.177,140,1718
98848,100935,2087,0,GE-Phase,retraction,99217,100412,1195,1195,0.573,-369,523
137060,138339,1279,0,GE-Phrase,235,136803,138001,1198,941,0.736,257,338
137060,138339,1279,0,GE-Phrase,236,138001,139371,1370,338,0.264,-941,-1032
137060,138339,1279,0,GE-Phase,stroke,136963,137483,520,423,0.331,97,856
137060,138339,1279,0,GE-Phase,hold,137483,138001,518,518,0.405,-423,338
137060,138339,1279,0,GE-Phase,preparation,138001,138475,474,338,0.264,-941,-136
138339,139647,1308,0,GE-Phrase,236,138001,139371,1370,1032,0.789,338,276
138339,139647,1308,0,GE-Phrase,237,139371,143181,3810,276,0.211,-1032,-3534
138339,139647,1308,0,GE-Phase,preparation,138001,138475,474,136,0.104,338,1172
138339,139647,1308,0,GE-Phase,stroke,138475,139096,621,621,0.475,-136,551
138339,139647,1308,0,GE-Phase,retraction,139096,139371,275,275,0.21,-757,276
138339,139647,1308,0,GE-Phase,preparation,139371,140340,969,276,0.211,-1032,-693
4370,5588,1218,0,GE-Phrase,201,2608,9088,6480,1218,1.0,1762,-3500
4370,5588,1218,0,GE-Phase,stroke,2772,9088,6316,1218,1.0,1598,-3500
5588,7444,1856,0,GE-Phrase,201,2608,9088,6480,1856,1.0,2980,-1644
5588,7444,1856,0,GE-Phase,stroke,2772,9088,6316,1856,1.0,2816,-1644
76336,77850,1514,0,GE-Phrase,226,76279,77639,1360,1303,0.861,57,211
76336,77850,1514,0,GE-Phrase,227,77639,79279,1640,211,0.139,-1303,-1429
76336,77850,1514,0,GE-Phase,preparation,76279,76512,233,176,0.116,57,1338
76336,77850,1514,0,GE-Phase,stroke,76512,76980,468,468,0.309,-176,870
76336,77850,1514,0,GE-Phase,hold,76980,77639,659,659,0.435,-644,211
76336,77850,1514,0,GE-Phase,preparation,77639,77999,360,211,0.139,-1303,-149
77850,79367,1517,0,GE-Phrase,227,77639,79279,1640,1429,0.942,211,88
77850,79367,1517,0,GE-Phrase,228,79279,80954,1675,88,0.058,-1429,-1587
77850,79367,1517,0,GE-Phase,preparation,77639,77999,360,149,0.098,211,1368
77850,79367,1517,0,GE-Phase,stroke,77999,78319,320,320,0.211,-149,1048
77850,79367,1517,0,GE-Phase,hold,78319,79039,720,720,0.475,-469,328
77850,79367,1517,0,GE-Phase,retraction,79039,79279,240,240,0.158,-1189,88
77850,79367,1517,0,GE-Phase,preparation,79279,79501,222,88,0.058,-1429,-134
79367,79692,325,0,GE-Phrase,228,79279,80954,1675,325,1.0,88,-1262
79367,79692,325,0,GE-Phase,preparation,79279,79501,222,134,0.412,88,191
79367,79692,325,0,GE-Phase,stroke,79501,79868,367,191,0.588,-134,-176
79692,81357,1665,0,GE-Phrase,228,79279,80954,1675,1262,0.758,413,403
79692,81357,1665,0,GE-Phrase,229,80954,82638,1684,403,0.242,-1262,-1281
79692,81357,1665,0,GE-Phase,stroke,79501,79868,367,176,0.106,191,1489
79692,81357,1665,0,GE-Phase,hold,79868,80508,640,640,0.384,-176,849
79692,81357,1665,0,GE-Phase,retraction,80508,80954,446,446,0.268,-816,403
79692,81357,1665,0,GE-Phase,preparation,80954,81451,497,403,0.242,-1262,-94
97800,98130,330,0,GE-Phrase,230,97846,98708,862,284,0.861,-46,-578
97800,98130,330,0,GE-Phase,preparation,97846,98286,440,284,0.861,-46,-156
98130,98848,718,0,GE-Phrase,230,97846,98708,862,578,0.805,284,140
98130,98848,718,0,GE-Phrase,231,98708,100412,1704,140,0.195,-578,-1564
98130,98848,718,0,GE-Phase,preparation,97846,98286,440,156,0.217,284,562
98130,98848,718,0,GE-Phase,stroke,98286,98526,240,240,0.334,-156,322
98130,98848,718,0,GE-Phase,retraction,98526,98708,182,182,0.253,-396,140
98130,98848,718,0,GE-Phase,stroke,98708,99217,509,140,0.195,-578,-369
98848,100935,2087,0,GE-Phrase,231,98708,100412,1704,1564,0.749,140,523
98848,100935,2087,0,GE-Phase,stroke,98708,99217,509,369,0.177,140,1718
98848,100935,2087,0,GE-Phase,retraction,99217,100412,1195,1195,0.573,-369,523
137060,138339,1279,0,GE-Phrase,235,136803,138001,1198,941,0.736,257,338
137060,138339,1279,0,GE-Phrase,236,138001,139371,1370,338,0.264,-941,-1032
137060,138339,1279,0,GE-Phase,stroke,136963,137483,520,423,0.331,97,856
137060,138339,1279,0,GE-Phase,hold,137483,138001,518,518,0.405,-423,338
137060,138339,1279,0,GE-Phase,preparation,138001,138475,474,338,0.264,-941,-136
138339,139647,1308,0,GE-Phrase,236,138001,139371,1370,1032,0.789,338,276
138339,139647,1308,0,GE-Phrase,237,139371,143181,3810,276,0.211,-1032,-3534
138339,139647,1308,0,GE-Phase,preparation,138001,138475,474,136,0.104,338,1172
138339,139647,1308,0,GE-Phase,stroke,138475,139096,621,621,0.475,-136,551
138339,139647,1308,0,GE-Phase,retraction,139096,139371,275,275,0.21,-757,276
138339,139647,1308,0,GE-Phase,preparation,139371,140340,969,276,0.211,-1032,-693
4370,5588,1218,0,GE-Phrase,201,2608,9088,6480,1218,1.0,1762,-3500
4370,5588,1218,0,GE-Phase,stroke,2772,9088,6316,1218,1.0,1598,-3500
5588,7444,1856,0,GE-Phrase,201,2608,9088,6480,1856,1.0,2980,-1644
5588,7444,1856,0,GE-Phase,stroke,2772,9088,6316,1856,1.0,2816,-1644
76336,77850,1514,0,GE-Phrase,226,76279,77639,1360,1303,0.861,57,211
76336,77850,1514,0,GE-Phrase,227,77639,79279,1640,211,0.139,-1303,-1429
76336,77850,1514,0,GE-Phase,preparation,76279,76512,233,176,0.116,57,1338
76336,77850,1514,0,GE-Phase,stroke,76512,76980,468,468,0.309,-176,870
76336,77850,1514,0,GE-Phase,hold,76980,77639,659,659,0.435,-644,211
76336,77850,1514,0,GE-Phase,preparation,77639,77999,360,211,0.139,-1303,-149
77850,79367,1517,0,GE-Phrase,227,77639,79279,1640,1429,0.942,211,88
77850,79367,1517,0,GE-Phrase,228,79279,80954,1675,88,0.058,-1429,-1587
77850,79367,1517,0,GE-Phase,preparation,77639,77999,360,149,0.098,211,1368
77850,79367,1517,0,GE-Phase,stroke,77999,78319,320,320,0.211,-149,1048
77850,79367,1517,0,GE-Phase,hold,78319,79039,720,720,0.475,-469,328
77850,79367,1517,0,GE-Phase,retraction,79039,79279,240,240,0.158,-1189,88
77850,79367,1517,0,GE-Phase,preparation,79279,79501,222,88,0.058,-1429,-134
79367,79692,325,0,GE-Phrase,228,79279,80954,1675,325,1.0,88,-1262
79367,79692,325,0,GE-Phase,preparation,79279,79501,222,134,0.412,88,191
79367,79692,325,0,GE-Phase,stroke,79501,79868,367,191,0.588,-134,-176
79692,81357,1665,0,GE-Phrase,228,79279,80954,1675,1262,0.758,413,403
79692,81357,1665,0,GE-Phrase,229,80954,82638,1684,403,0.242,-1262,-1281
79692,81357,1665,0,GE-Phase,stroke,79501,79868,367,176,0.106,191,1489
79692,81357,1665,0,GE-Phase,hold,79868,80508,640,640,0.384,-176,849
79692,81357,1665,0,GE-Phase,retraction,80508,80954,446,446,0.268,-816,403
79692,81357,1665,0,GE-Phase,preparation,80954,81451,497,403,0.242,-1262,-94
97800,98130,330,0,GE-Phrase,230,97846,98708,862,284,0.861,-46,-578
97800,98130,330,0,GE-Phase,preparation,97846,98286,440,284,0.861,-46,-156
98130,98848,718,0,GE-Phrase,230,97846,98708,862,578,0.805,284,140
98130,98848,718,0,GE-Phrase,231,98708,100412,1704,140,0.195,-578,-1564
98130,98848,718,0,GE-Phase,preparation,97846,98286,440,156,0.217,284,562
98130,98848,718,0,GE-Phase,stroke,98286,98526,240,240,0.334,-156,322
98130,98848,718,0,GE-Phase,retraction,98526,98708,182,182,0.253,-396,140
98130,98848,718,0,GE-Phase,stroke,98708,99217,509,140,0.195,-578,-369
98848,100935,2087,0,GE-Phrase,231,98708,100412,1704,1564,0.749,140,523
98848,100935,2087,0,GE-Phase,stroke,98708,99217,509,369,0.177,140,1718
98848,100935,2087,0,GE-Phase,retraction,99217,100412,1195,1195,0.573,-369,523
137060,138339,1279,0,GE-Phrase,235,136803,138001,1198,941,0.736,257,338
137060,138339,1279,0,GE-Phrase,236,138001,139371,1370,338,0.264,-941,-1032
137060,138339,1279,0,GE-Phase,stroke,136963,137483,520,423,0.331,97,856
137060,138339,1279,0,GE-Phase,hold,137483,138001,518,518,0.405,-423,338
137060,138339,1279,0,GE-Phase,preparation,138001,138475,474,338,0.264,-941,-136
138339,139647,1308,0,GE-Phrase,236,138001,139371,1370,1032,0.789,338,276
138339,139647,1308,0,GE-Phrase,237,139371,143181,3810,276,0.211,-1032,-3534
138339,139647,1308,0,GE-Phase,preparation,138001,138475,474,136,0.104,338,1172
138339,139647,1308,0,GE-Phase,stroke,138475,139096,621,621,0.475,-136,551
138339,139647,1308,0,GE-Phase,retraction,139096,139371,275,275,0.21,-757,276
138339,139647,1308,0,GE-Phase,preparation,139371,140340,969,276,0.211,-1032,-693
4370,5588,1218,0,GE-Phrase,201,2608,9088,6480,1218,1.0,1762,-3500
4370,5588,1218,0,GE-Phase,stroke,2772,9088,6316,1218,1.0,1598,-3500
5588,7444,1856,0,GE-Phrase,201,2608,9088,6480,1856,1.0,2980,-1644
5588,7444,1856,0,GE-Phase,stroke,2772,9088,6316,1856,1.0,2816,-1644
76336,77850,1514,0,GE-Phrase,226,76279,77639,1360,1303,0.861,57,211
76336,77850,1514,0,GE-Phrase,227,77639,79279,1640,211,0.139,-1303,-1429
76336,77850,1514,0,GE-Phase,preparation,76279,76512,233,176,0.116,57,1338
76336,77850,1514,0,GE-Phase,stroke,76512,76980,468,468,0.309,-176,870
76336,77850,1514,0,GE-Phase,hold,76980,77639,659,659,0.435,-644,211
76336,77850,1514,0,GE-Phase,preparation,77639,77999,360,211,0.139,-1303,-149
77850,79367,1517,0,GE-Phrase,227,77639,79279,1640,1429,0.942,211,88
77850,79367,1517,0,GE-Phrase,228,79279,80954,1675,88,0.058,-1429,-1587
77850,79367,1517,0,GE-Phase,preparation,77639,77999,360,149,0.098,211,1368
77850,79367,1517,0,GE-Phase,stroke,77999,78319,320,320,0.211,-149,1048
77850,79367,1517,0,GE-Phase,hold,78319,79039,720,720,0.475,-469,328
77850,79367,1517,0,GE-Phase,retraction,79039,79279,240,240,0.158,-1189,88
77850,79367,1517,0,GE-Phase,preparation,79279,79501,222,88,0.058,-1429,-134
79367,79692,325,0,GE-Phrase,228,79279,80954,1675,325,1.0,88,-1262
79367,79692,325,0,GE-Phase,preparation,79279,79501,222,134,0.412,88,191
79367,79692,325,0,GE-Phase,stroke,79501,79868,367,191,0.588,-134,-176
79692,81357,1665,0,GE-Phrase,228,79279,80954,1675,1262,0.758,413,403
79692,81357,1665,0,GE-Phrase,229,80954,82638,1684,403,0.242,-1262,-1281
79692,81357,1665,0,GE-Phase,stroke,79501,79868,367,176,0.106,191,1489
79692,81357,1665,0,GE-Phase,hold,79868,80508,640,640,0.384,-176,849
79692,81357,1665,0,GE-Phase,retraction,80508,80954,446,446,0.268,-816,403
79692,81357,1665,0,GE-Phase,preparation,80954,81451,497,403,0.242,-1262,-94
97800,98130,330,0,GE-Phrase,230,97846,98708,862,284,0.861,-46,-578
97800,98130,330,0,GE-Phase,preparation,97846,98286,440,284,0.861,-46,-156
98130,98848,718,0,GE-Phrase,230,97846,98708,862,578,0.805,284,140
98130,98848,718,0,GE-Phrase,231,98708,100412,1704,140,0.195,-578,-1564
98130,98848,718,0,GE-Phase,preparation,97846,98286,440,156,0.217,284,562
98130,98848,718,0,GE-Phase,stroke,98286,98526,240,240,0.334,-156,322
98130,98848,718,0,GE-Phase,retraction,98526,98708,182,182,0.253,-396,140
98130,98848,718,0,GE-Phase,stroke,98708,99217,509,140,0.195,-578,-369
98848,100935,2087,0,GE-Phrase,231,98708,100412,1704,1564,0.749,140,523
98848,100935,2087,0,GE-Phase,stroke,98708,99217,509,369,0.177,140,1718
98848,100935,2087,0,GE-Phase,retraction,99217,100412,1195,1195,0.573,-369,523
137060,138339,1279,0,GE-Phrase,235,136803,138001,1198,941,0.736,257,338
137060,138339,1279,0,GE-Phrase,236,138001,139371,1370,338,0.264,-941,-1032
137060,138339,1279,0,GE-Phase,stroke,136963,137483,520,423,0.331,97,856
137060,138339,1279,0,GE-Phase,hold,137483,138001,518,518,0.405,-423,338
137060,138339,1279,0,GE-Phase,preparation,138001,138475,474,338,0.264,-941,-136
138339,139647,1308,0,GE-Phrase,236,138001,139371,1370,1032,0.789,338,276
138339,139647,1308,0,GE-Phrase,237,139371,143181,3810,276,0.211,-1032,-3534
138339,139647,1308,0,GE-Phase,preparation,138001,138475,474,136,0.104,338,1172
138339,139647,1308,0,GE-Phase,stroke,138475,139096,621,621,0.475,-136,551
138339,139647,1308,0,GE-Phase,retraction,139096,139371,275,275,0.21,-757,276
138339,139647,1308,0,GE-Phase,preparation,139371,140340,969,276,0.211,-1032,-693
4370,5588,1218,0,GE-Phrase,201,2608,9088,6480,1218,1.0,1762,-3500
4370,5588,1218,0,GE-Phase,stroke,2772,9088,6316,1218,1.0,1598,-3500
5588,7444,1856,0,GE-Phrase,201,2608,9088,6480,1856,1.0,2980,-1644
5588,7444,1856,0,GE-Phase,stroke,2772,9088,6316,1856,1.0,2816,-1644
76336,77850,1514,0,GE-Phrase,226,76279,77639,1360,1303,0.861,57,211
76336,77850,1514,0,GE-Phrase,227,77639,79279,1640,211,0.139,-1303,-1429
76336,77850,1514,0,GE-Phase,preparation,76279,76512,233,176,0.116,57,1338
76336,77850,1514,0,GE-Phase,stroke,76512,76980,468,468,0.309,-176,870
76336,77850,1514,0,GE-Phase,hold,76980,77639,659,659,0.435,-644,211
76336,77850,1514,0,GE-Phase,preparation,77639,77999,360,211,0.139,-1303,-149
77850,79367,1517,0,GE-Phrase,227,77639,79279,1640,1429,0.942,211,88
77850,79367,1517,0,GE-Phrase,228,79279,80954,1675,88,0.058,-1429,-1587
77850,79367,1517,0,GE-Phase,preparation,77639,77999,360,149,0.098,211,1368
77850,79367,1517,0,GE-Phase,stroke,77999,78319,320,320,0.211,-149,1048
77850,79367,1517,0,GE-Phase,hold,78319,79039,720,720,0.475,-469,328
77850,79367,1517,0,GE-Phase,retraction,79039,79279,240,240,0.158,-1189,88
77850,79367,1517,0,GE-Phase,preparation,79279,79501,222,88,0.058,-1429,-134
79367,79692,325,0,GE-Phrase,228,79279,80954,1675,325,1.0,88,-1262
79367,79692,325,0,GE-Phase,preparation,79279,79501,222,134,0.412,88,191
79367,79692,325,0,GE-Phase,stroke,79501,79868,367,191,0.588,-134,-176
79692,81357,1665,0,GE-Phrase,228,79279,80954,1675,1262,0.758,413,403
79692,81357,1665,0,GE-Phrase,229,80954,82638,1684,403,0.242,-1262,-1281
79692,81357,1665,0,GE-Phase,stroke,79501,79868,367,176,0.106,191,1489
79692,81357,1665,0,GE-Phase,hold,79868,80508,640,640,0.384,-176,849
79692,81357,1665,0,GE-Phase,retraction,80508,80954,446,446,0.268,-816,403
79692,81357,1665,0,GE-Phase,preparation,80954,81451,497,403,0.242,-1262,-94
97800,98130,330,0,GE-Phrase,230,97846,98708,862,284,0.861,-46,-578
97800,98130,330,0,GE-Phase,preparation,97846,98286,440,284,0.861,-46,-156
98130,98848,718,0,GE-Phrase,230,97846,98708,862,578,0.805,284,140
98130,98848,718,0,GE-Phrase,231,98708,100412,1704,140,0.195,-578,-1564
98130,98848,718,0,GE-Phase,preparation,97846,98286,440,156,0.217,284,562
98130,98848,718,0,GE-Phase,stroke,98286,98526,240,240,0.334,-156,322
98130,98848,718,0,GE-Phase,retraction,98526,98708,182,182,0.253,-396,140
98130,98848,718,0,GE-Phase,stroke,98708,99217,509,140,0.195,-578,-369
98848,100935,2087,0,GE-Phrase,231,98708,100412,1704,1564,0.749,140,523
98848,100935,2087,0,GE-Phase,stroke,98708,99217,509,369,0.177,140,1718
98848,100935,2087,0,GE-Phase,retraction,99217,100412,1195,1195,0.573,-369,523
137060,138339,1279,0,GE-Phrase,235,136803,138001,1198,941,0.736,257,338
137060,138339,1279,0,GE-Phrase,236,138001,139371,1370,338,0.264,-941,-1032
137060,138339,1279,0,GE-Phase,stroke,136963,137483,520,423,0.331,97,856
137060,138339,1279,0,GE-Phase,hold,137483,138001,518,518,0.405,-423,338
137060,138339,1279,0,GE-Phase,preparation,138001,138475,474,338,0.264,-941,-136
138339,139647,1308,0,GE-Phrase,236,138001,139371,1370,1032,0.789,338,276
138339,139647,1308,0,GE-Phrase,237,139371,143181,3810,276,0.211,-1032,-3534
138339,139647,1308,0,GE-Phase,preparation,138001,138475,474,136,0.104,338,1172
138339,139647,1308,0,GE-Phase,stroke,138475,139096,621,621,0.475,-136,551
138339,139647,1308,0,GE-Phase,retraction,139096,139371,275,275,0.21,-757,276
138339,139647,1308,0,GE-Phase,preparation,139371,140340,969,276,0.211,-1032,-693
4370,5588,1218,0,GE-Phrase,201,2608,9088,6480,1218,1.0,1762,-3500
4370,5588,1218,0,GE-Phase,stroke,2772,9088,6316,1218,1.0,1598,-3500
5588,7444,1856,0,GE-Phrase,201,2608,9088,6480,1856,1.0,2980,-1644
5588,7444,1856,0,GE-Phase,stroke,2772,9088,6316,1856,1.0,2816,-1644
76336,77850,1514,0,GE-Phrase,226,76279,77639,1360,1303,0.861,57,211
76336,77850,1514,0,GE-Phrase,227,77639,79279,1640,211,0.139,-1303,-1429
76336,77850,1514,0,GE-Phase,preparation,76279,76512,233,176,0.116,57,1338
76336,77850,1514,0,GE-Phase,stroke,76512,76980,468,468,0.309,-176,870
76336,77850,1514,0,GE-Phase,hold,76980,77639,659,659,0.435,-644,211
76336,77850,1514,0,GE-Phase,preparation,77639,77999,360,211,0.139,-1303,-149
77850,79367,1517,0,GE-Phrase,227,77639,79279,1640,1429,0.942,211,88
77850,79367,1517,0,GE-Phrase,228,79279,80954,1675,88,0.058,-1429,-1587
77850,79367,1517,0,GE-Phase,preparation,77639,77999,360,149,0.098,211,1368
77850,79367,1517,0,GE-Phase,stroke,77999,78319,320,320,0.211,-149,1048
77850,79367,1517,0,GE-Phase,hold,78319,79039,720,720,0.475,-469,328
77850,79367,1517,0,GE-Phase,retraction,79039,79279,240,240,0.158,-1189,88
77850,79367,1517,0,GE-Phase,preparation,79279,79501,222,88,0.058,-1429,-134
79367,79692,325,0,GE-Phrase,228,79279,80954,1675,325,1.0,88,-1262
79367,79692,325,0,GE-Phase,preparation,79279,79501,222,134,0.412,88,191
79367,79692,325,0,GE-Phase,stroke,79501,79868,367,191,0.588,-134,-176
79692,81357,1665,0,GE-Phrase,228,79279,80954,1675,1262,0.758,413,403
79692,81357,1665,0,GE-Phrase,229,80954,82638,1684,403,0.242,-1262,-1281
79692,81357,1665,0,GE-Phase,stroke,79501,79868,367,176,0.106,191,1489
79692,81357,1665,0,GE-Phase,hold,79868,80508,640,640,0.384,-176,849
79692,81357,1665,0,GE-Phase,retraction,80508,80954,446,446,0.268,-816,403
79692,81357,1665,0,GE-Phase,preparation,80954,81451,497,403,0.242,-1262,-94
97800,98130,330,0,GE-Phrase,230,97846,98708,862,284,0.861,-46,-578
97800,98130,330,0,GE-Phase,preparation,97846,98286,440,284,0.861,-46,-156
98130,98848,718,0,GE-Phrase,230,97846,98708,862,578,0.805,284,140
98130,98848,718,0,GE-Phrase,231,98708,100412,1704,140,0.195,-578,-1564
98130,98848,718,0,GE-Phase,preparation,97846,98286,440,156,0.217,284,562
98130,98848,718,0,GE-Phase,stroke,98286,98526,240,240,0.334,-156,322
98130,98848,718,0,GE-Phase,retraction,98526,98708,182,182,0.253,-396,140
98130,98848,718,0,GE-Phase,stroke,98708,99217,509,140,0.195,-578,-369
98848,100935,2087,0,GE-Phrase,231,98708,100412,1704,1564,0.749,140,523
98848,100935,2087,0,GE-Phase,stroke,98708,99217,509,369,0.177,140,1718
98848,100935,2087,0,GE-Phase,retraction,99217,100412,1195,1195,0.573,-369,523
137060,138339,1279,0,GE-Phrase,235,136803,138001,1198,941,0.736,257,338
137060,138339,1279,0,GE-Phrase,236,138001,139371,1370,338,0.264,-941,-1032
137060,138339,1279,0,GE-Phase,stroke,136963,137483,520,423,0.331,97,856
137060,138339,1279,0,GE-Phase,hold,137483,138001,518,518,0.405,-423,338
137060,138339,1279,0,GE-Phase,preparation,138001,138475,474,338,0.264,-941,-136
138339,139647,1308,0,GE-Phrase,236,138001,139371,1370,1032,0.789,338,276
138339,139647,1308,0,GE-Phrase,237,139371,143181,3810,276,0.211,-1032,-3534
138339,139647,1308,0,GE-Phase,preparation,138001,138475,474,136,0.104,338,1172
138339,139647,1308,0,GE-Phase,stroke,138475,139096,621,621,0.475,-136,551
138339,139647,1308,0,GE-Phase,retraction,139096,139371,275,275,0.21,-757,276
138339,139647,1308,0,GE-Phase,preparation,139371,140340,969,276,0.211,-1032,-693
4370,5588,1218,0,GE-Phrase,201,2608,9088,6480,1218,1.0,1762,-3500
4370,5588,1218,0,GE-Phase,stroke,2772,9088,6316,1218,1.0,1598,-3500
5588,7444,1856,0,GE-Phrase,201,2608,9088,6480,1856,1.0,2980,-1644
5588,7444,1856,0,GE-Phase,stroke,2772,9088,6316,1856,1.0,2816,-1644
76336,77850,1514,0,GE-Phrase,226,76279,77639,1360,1303,0.861,57,211
76336,77850,1514,0,GE-Phrase,227,77639,79279,1640,211,0.139,-1303,-1429
76336,77850,1514,0,GE-Phase,preparation,76279,76512,233,176,0.116,57,1338
76336,77850,1514,0,GE-Phase,stroke,76512,76980,468,468,0.309,-176,870
76336,77850,1514,0,GE-Phase,hold,76980,77639,659,659,0.435,-644,211
76336,77850,1514,0,GE-Phase,preparation,77639,77999,360,211,0.139,-1303,-149
77850,79367,1517,0,GE-Phrase,227,77639,79279,1640,1429,0.942,211,88
77850,79367,1517,0,GE-Phrase,228,79279,80954,1675,88,0.058,-1429,-1587
77850,79367,1517,0,GE-Phase,preparation,77639,77999,360,149,0.098,211,1368
77850,79367,1517,0,GE-Phase,stroke,77999,78319,320,320,0.211,-149,1048
77850,79367,1517,0,GE-Phase,hold,78319,79039,720,720,0.475,-469,328
77850,79367,1517,0,GE-Phase,retraction,79039,79279,240,240,0.158,-1189,88
77850,79367,1517,0,GE-Phase,preparation,79279,79501,222,88,0.058,-1429,-134
79367,79692,325,0,GE-Phrase,228,79279,80954,1675,325,1.0,88,-1262
79367,79692,325,0,GE-Phase,preparation,79279,79501,222,134,0.412,88,191
79367,79692,325,0,GE-Phase,stroke,79501,79868,367,191,0.588,-134,-176
79692,81357,1665,0,GE-Phrase,228,79279,80954,1675,1262,0.758,413,403
79692,81357,1665,0,GE-Phrase,229,80954,82638,1684,403,0.242,-1262,-1281
79692,81357,1665,0,GE-Phase,stroke,79501,79868,367,176,0.106,191,1489
79692,81357,1665,0,GE-Phase,hold,79868,80508,640,640,0.384,-176,849
79692,81357,1665,0,GE-Phase,retraction,80508,80954,446,446,0.268,-816,403
79692,81357,1665,0,GE-Phase,preparation,80954,81451,497,403,0.242,-1262,-94
97800,98130,330,0,GE-Phrase,230,97846,98708,862,284,0.861,-46,-578
97800,98130,330,0,GE-Phase,preparation,97846,98286,440,284,0.861,-46,-156
98130,98848,718,0,GE-Phrase,230,97846,98708,862,578,0.805,284,140
98130,98848,718,0,GE-Phrase,231,98708,100412,1704,140,0.195,-578,-1564
98130,98848,718,0,GE-Phase,preparation,97846,98286,440,156,0.217,284,562
98130,98848,718,0,GE-Phase,stroke,98286,98526,240,240,0.334,-156,322
98130,98848,718,0,GE-Phase,retraction,98526,98708,182,182,0.253,-396,140
98130,98848,718,0,GE-Phase,stroke,98708,99217,509,140,0.195,-578,-369
98848,100935,2087,0,GE-Phrase,231,98708,100412,1704,1564,0.749,140,523
98848,100935,2087,0,GE-Phase,stroke,98708,99217,509,369,0.177,140,1718
98848,100935,2087,0,GE-Phase,retraction,99217,100412,1195,1195,0.573,-369,523
137060,138339,1279,0,GE-Phrase,235,136803,138001,1198,941,0.736,257,338
137060,138339,1279,0,GE-Phrase,236,138001,139371,1370,338,0.264,-941,-1032
137060,138339,1279,0,GE-Phase,stroke,136963,137483,520,423,0.331,97,856
137060,138339,1279,0,GE-Phase,hold,137483,138001,518,518,0.405,-423,338
137060,138339,1279,0,GE-Phase,preparation,138001,138475,474,338,0.264,-941,-136
138339,139647,1308,0,GE-Phrase,236,138001,139371,1370,1032,0.789,338,276
138339,139647,1308,0,GE-Phrase,237,139371,143181,3810,276,0.211,-1032,-3534
138339,139647,1308,0,GE-Phase,preparation,138001,138475,474,136,0.104,338,1172
138339,139647,1308,0,GE-Phase,stroke,138475,139096,621,621,0.475,-136,551
138339,139647,1308,0,GE-Phase,retraction,139096,139371,275,275,0.21,-757,276
138339,139647,1308,0,GE-Phase,preparation,139371,140340,969,276,0.211,-1032,-693
4370,5588,1218,0,GE-Phrase,201,2608,9088,6480,1218,1.0,1762,-3500
4370,5588,1218,0,GE-Phase,stroke,2772,9088,6316,1218,1.0,1598,-3500
5588,7444,1856,0,GE-Phrase,201,2608,9088,6480,1856,1.0,2980,-1644
5588,7444,1856,0,GE-Phase,stroke,2772,9088,6316,1856,1.0,2816,-1644
76336,77850,1514,0,GE-Phrase,226,76279,77639,1360,1303,0.861,57,211
76336,77850,1514,0,GE-Phrase,227,77639,79279,1640,211,0.139,-1303,-1429
76336,77850,1514,0,GE-Phase,preparation,76279,76512,233,176,0.116,57,1338
76336,77850,1514,0,GE-Phase,stroke,76512,76980,468,468,0.309,-176,870
76336,77850,1514,0,GE-Phase,hold,76980,77639,659,659,0.435,-644,211
76336,77850,1514,0,GE-Phase,preparation,77639,77999,360,211,0.139,-1303,-149
77850,79367,1517,0,GE-Phrase,227,77639,79279,1640,1429,0.942,211,88
77850,79367,1517,0,GE-Phrase,228,79279,80954,1675,88,0.058,-1429,-1587
77850,79367,1517,0,GE-Phase,preparation,77639,77999,360,149,0.098,211,1368
77850,79367,1517,0,GE-Phase,stroke,77999,78319,320,320,0.211,-149,1048
77850,79367,1517,0,GE-Phase,hold,78319,79039,720,720,0.475,-469,328
77850,79367,1517,0,GE-Phase,retraction,79039,79279,240,240,0.158,-1189,88
77850,79367,1517,0,GE-Phase,preparation,79279,79501,222,88,0.058,-1429,-134
79367,79692,325,0,GE-Phrase,228,79279,80954,1675,325,1.0,88,-1262
79367,79692,325,0,GE-Phase,preparation,79279,79501,222,134,0.412,88,191
79367,79692,325,0,GE-Phase,stroke,79501,79868,367,191,0.588,-134,-176
79692,81357,1665,0,GE-Phrase,228,79279,80954,1675,1262,0.758,413,403
79692,81357,1665,0,GE-Phrase,229,80954,82638,1684,403,0.242,-1262,-1281
79692,81357,1665,0,GE-Phase,stroke,79501,79868,367,176,0.106,191,1489
79692,81357,1665,0,GE-Phase,hold,79868,80508,640,640,0.384,-176,849
79692,81357,1665,0,GE-Phase,retraction,80508,80954,446,446,0.268,-816,403
79692,81357,1665,0,GE-Phase,preparation,80954,81451,497,403,0.242,-1262,-94
97800,98130,330,0,GE-Phrase,230,97846,98708,862,284,0.861,-46,-578
97800,98130,330,0,GE-Phase,preparation,97846,98286,440,284,0.861,-46,-156
98130,98848,718,0,GE-Phrase,230,97846,98708,862,578,0.805,284,140
98130,98848,718,0,GE-Phrase,231,98708,100412,1704,140,0.195,-578,-1564
98130,98848,718,0,GE-Phase,preparation,97846,98286,440,156,0.217,284,562
98130,98848,718,0,GE-Phase,stroke,98286,98526,240,240,0.334,-156,322
98130,98848,718,0,GE-Phase,retraction,98526,98708,182,182,0.253,-396,140
98130,98848,718,0,GE-Phase,stroke,98708,99217,509,140,0.195,-578,-369
98848,100935,2087,0,GE-Phrase,231,98708,100412,1704,1564,0.749,140,523
98848,100935,2087,0,GE-Phase,stroke,98708,99217,509,369,0.177,140,1718
98848,100935,2087,0,GE-Phase,retraction,99217,100412,1195,1195,0.573,-369,523
137060,138339,1279,0,GE-Phrase,235,136803,138001,1198,941,0.736,257,338
137060,138339,1279,0,GE-Phrase,236,138001,139371,1370,338,0.264,-941,-1032
137060,138339,1279,0,GE-Phase,stroke,136963,137483,520,423,0.331,97,856
137060,138339,1279,0,GE-Phase,hold,137483,138001,518,518,0.405,-423,338
137060,138339,1279,0,GE-Phase,preparation,138001,138475,474,338,0.264,-941,-136
138339,139647,1308,0,GE-Phrase,236,138001,139371,1370,1032,0.789,338,276
138339,139647,1308,0,GE-Phrase,237,139371,143181,3810,276,0.211,-1032,-3534
138339,139647,1308,0,GE-Phase,preparation,138001,138475,474,136,0.104,338,1172
138339,139647,1308,0,GE-Phase,stroke,138475,139096,621,621,0.475,-136,551
138339,139647,1308,0,GE-Phase,retraction,139096,139371,275,275,0.21,-757,276
138339,139647,1308,0,GE-Phase,preparation,139371,140340,969,276,0.211,-1032,-693
4370,5588,1218,0,GE-Phrase,201,2608,9088,6480,1218,1.0,1762,-3500
4370,5588,1218,0,GE-Phase,stroke,2772,9088,6316,1218,1.0,1598,-3500
5588,7444,1856,0,GE-Phrase,201,2608,9088,6480,1856,1.0,2980,-1644
5588,7444,1856,0,GE-Phase,stroke,2772,9088,6316,1856,1.0,2816,-1644
76336,77850,1514,0,GE-Phrase,226,76279,77639,1360,1303,0.861,57,211
76336,77850,1514,0,GE-Phrase,227,77639,79279,1640,211,0.139,-1303,-1429
76336,77850,1514,0,GE-Phase,preparation,76279,76512,233,176,0.116,57,1338
76336,77850,1514,0,GE-Phase,stroke,76512,76980,468,468,0.309,-176,870
76336,77850,1514,0,GE-Phase,hold,76980,77639,659,659,0.435,-644,211
76336,77850,1514,0,GE-Phase,preparation,77639,77999,360,211,0.139,-1303,-149
77850,79367,1517,0,GE-Phrase,227,77639,79279,1640,1429,0.942,211,88
77850,79367,1517,0,GE-Phrase,228,79279,80954,1675,88,0.058,-1429,-1587
77850,79367,1517,0,GE-Phase,preparation,77639,77999,360,149,0.098,211,1368
77850,79367,1517,0,GE-Phase,stroke,77999,78319,320,320,0.211,-149,1048
77850,79367,1517,0,GE-Phase,hold,78319,79039,720,720,0.475,-469,328
77850,79367,1517,0,GE-Phase,retraction,79039,79279,240,240,0.158,-1189,88
77850,79367,1517,0,GE-Phase,preparation,79279,79501,222,88,0.058,-1429,-134
79367,79692,325,0,GE-Phrase,228,79279,80954,1675,325,1.0,88,-1262
79367,79692,325,0,GE-Phase,preparation,79279,79501,222,134,0.412,88,191
79367,79692,325,0,GE-Phase,stroke,79501,79868,367,191,0.588,-134,-176
79692,81357,1665,0,GE-Phrase,228,79279,80954,1675,1262,0.758,413,403
79692,81357,1665,0,GE-Phrase,229,80954,82638,1684,403,0.242,-1262,-1281
79692,81357,1665,0,GE-Phase,stroke,79501,79868,367,176,0.106,191,1489
79692,81357,1665,0,GE-Phase,hold,79868,80508,640,640,0.384,-176,849
79692,81357,1665,0,GE-Phase,retraction,80508,80954,446,446,0.268,-816,403
79692,81357,1665,0,GE-Phase,preparation,80954,81451,497,403,0.242,-1262,-94
97800,98130,330,0,GE-Phrase,230,97846,98708,862,284,0.861,-46,-578
97800,98130,330,0,GE-Phase,preparation,97846,98286,440,284,0.861,-46,-156
98130,98848,718,0,GE-Phrase,230,97846,98708,862,578,0.805,284,140
98130,98848,718,0,GE-Phrase,231,98708,100412,1704,140,0.195,-578,-1564
98130,98848,718,0,GE-Phase,preparation,97846,98286,440,156,0.217,284,562
98130,98848,718,0,GE-Phase,stroke,98286,98526,240,240,0.334,-156,322
98130,98848,718,0,GE-Phase,retraction,98526,98708,182,182,0.253,-396,140
98130,98848,718,0,GE-Phase,stroke,98708,99217,509,140,0.195,-578,-369
98848,100935,2087,0,GE-Phrase,231,98708,100412,1704,1564,0.749,140,523
98848,100935,2087,0,GE-Phase,stroke,98708,99217,509,369,0.177,140,1718
98848,100935,2087,0,GE-Phase,retraction,99217,100412,1195,1195,0.573,-369,523
137060,138339,1279,0,GE-Phrase,235,136803,138001,1198,941,0.736,257,338
137060,138339,1279,0,GE-Phrase,236,138001,139371,1370,338,0.264,-941,-1032
137060,138339,1279,0,GE-Phase,stroke,136963,137483,520,423,0.331,97,856
137060,138339,1279,0,GE-Phase,hold,137483,138001,518,518,0.405,-423,338
137060,138339,1279,0,GE-Phase,preparation,138001,138475,474,338,0.264,-941,-136
138339,139647,1308,0,GE-Phrase,236,138001,139371,1370,1032,0.789,338,276
138339,139647,1308,0,GE-Phrase,237,139371,143181,3810,276,0.211,-1032,-3534
138339,139647,1308,0,GE-Phase,preparation,138001,138475,474,136,0.104,338,1172
138339,139647,1308,0,GE-Phase,stroke,138475,139096,621,621,0.475,-136,551
138339,139647,1308,0,GE-Phase,retraction,139096,139371,275,275,0.21,-757,276
138339,139647,1308,0,GE-Phase,preparation,139371,140340,969,276,0.211,-1032,-693
4370,5588,1218,0,GE-Phrase,201,2608,9088,6480,1218,1.0,1762,-3500
4370,5588,1218,0,GE-Phase,stroke,2772,9088,6316,1218,1.0,1598,-3500
5588,7444,1856,0,GE-Phrase,201,2608,9088,6480,1856,1.0,2980,-1644
5588,7444,1856,0,GE-Phase,stroke,2772,9088,6316,1856,1.0,2816,-1644
76336,77850,1514,0,GE-Phrase,226,76279,77639,1360,1303,0.861,57,211
76336,77850,1514,0,GE-Phrase,227,77639,79279,1640,211,0.139,-1303,-1429
76336,77850,1514,0,GE-Phase,preparation,76279,76512,233,176,0.116,57,1338
76336,77850,1514,0,GE-Phase,stroke,76512,76980,468,468,0.309,-176,870
76336,77850,1514,0,GE-Phase,hold,76980,77639,659,659,0.435,-644,211
76336,77850,1514,0,GE-Phase,preparation,77639,77999,360,211,0.139,-1303,-149
77850,79367,1517,0,GE-Phrase,227,77639,79279,1640,1429,0.942,211,88
77850,79367,1517,0,GE-Phrase,228,79279,80954,1675,88,0.058,-1429,-1587
77850,79367,1517,0,GE-Phase,preparation,77639,77999,360,149,0.098,211,1368
77850,79367,1517,0,GE-Phase,stroke,77999,78319,320,320,0.211,-149,1048
77850,79367,1517,0,GE-Phase,hold,78319,79039,720,720,0.475,-469,328
77850,79367,1517,0,GE-Phase,retraction,79039,79279,240,240,0.158,-1189,88
77850,79367,1517,0,GE-Phase,preparation,79279,79501,222,88,0.058,-1429,-134
79367,79692,325,0,GE-Phrase,228,79279,80954,1675,325,1.0,88,-1262
79367,79692,325,0,GE-Phase,preparation,79279,79501,222,134,0.412,88,191
79367,79692,325,0,GE-Phase,stroke,79501,79868,367,191,0.588,-134,-176
79692,81357,1665,0,GE-Phrase,228,79279,80954,1675,1262,0.758,413,403
79692,81357,1665,0,GE-Phrase,229,80954,82638,1684,403,0.242,-1262,-1281
79692,81357,1665,0,GE-Phase,stroke,79501,79868,367,176,0.106,191,1489
79692,81357,1665,0,GE-Phase,hold,79868,80508,640,640,0.384,-176,849
79692,81357,1665,0,GE-Phase,retraction,80508,80954,446,446,0.268,-816,403
79692,81357,1665,0,GE-Phase,preparation,80954,81451,497,403,0.242,-1262,-94
97800,98130,330,0,GE-Phrase,230,97846,98708,862,284,0.861,-46,-578
97800,98130,330,0,GE-Phase,preparation,97846,98286,440,284,0.861,-46,-156
98130,98848,718,0,GE-Phrase,230,97846,98708,862,578,0.805,284,140
98130,98848,718,0,GE-Phrase,231,98708,100412,1704,140,0.195,-578,-1564
98130,98848,718,0,GE-Phase,preparation,97846,98286,440,156,0.217,284,562
98130,98848,718,0,GE-Phase,stroke,98286,98526,240,240,0.334,-156,322
98130,98848,718,0,GE-Phase,retraction,98526,98708,182,182,0.253,-396,140
98130,98848,718,0,GE-Phase,stroke,98708,99217,509,140,0.195,-578,-369
98848,100935,2087,0,GE-Phrase,231,98708,100412,1704,1564,0.749,140,523
98848,100935,2087,0,GE-Phase,stroke,98708,99217,509,369,0.177,140,1718
98848,100935,2087,0,GE-Phase,retraction,99217,100412,1195,1195,0.573,-369,523
137060,138339,1279,0,GE-Phrase,235,136803,138001,1198,941,0.736,257,338
137060,138339,1279,0,GE-Phrase,236,138001,139371,1370,338,0.264,-941,-1032
137060,138339,1279,0,GE-Phase,stroke,136963,137483,520,423,0.331,97,856
137060,138339,1279,0,GE-Phase,hold,137483,138001,518,518,0.405,-423,338
137060,138339,1279,0,GE-Phase,preparation,138001,138475,474,338,0.264,-941,-136
138339,139647,1308,0,GE-Phrase,236,138001,139371,1370,1032,0.789,338,276
138339,139647,1308,0,GE-Phrase,237,139371,143181,3810,276,0.211,-1032,-3534
138339,139647,1308,0,GE-Phase,preparation,138001,138475,474,136,0.104,338,1172
138339,139647,1308,0,GE-Phase,stroke,138475,139096,621,621,0.475,-136,551
138339,139647,1308,0,GE-Phase,retraction,139096,139371,275,275,0.21,-757,276
138339,139647,1308,0,GE-Phase,preparation,139371,140340,969,276,0.211,-1032,-693
4370,5588,1218,0,GE-Phrase,201,2608,9088,6480,1218,1.0,1762,-3500
4370,5588,1218,0,GE-Phase,stroke,2772,9088,6316,1218,1.0,1598,-3500
5588,7444,1856,0,GE-Phrase,201,2608,9088,6480,1856,1.0,2980,-1644
5588,7444,1856,0,GE-Phase,stroke,2772,9088,6316,1856,1.0,2816,-1644
76336,77850,1514,0,GE-Phrase,226,76279,77639,1360,1303,0.861,57,211
76336,77850,1514,0,GE-Phrase,227,77639,79279,1640,211,0.139,-1303,-1429
76336,77850,1514,0,GE-Phase,preparation,76279,76512,233,176,0.116,57,1338
76336,77850,1514,0,GE-Phase,stroke,76512,76980,468,468,0.309,-176,870
76336,77850,1514,0,GE-Phase,hold,76980,77639,659,659,0.435,-644,211
76336,77850,1514,0,GE-Phase,preparation,77639,77999,360,211,0.139,-1303,-149
77850,79367,1517,0,GE-Phrase,227,77639,79279,1640,1429,0.942,211,88
77850,79367,1517,0,GE-Phrase,228,79279,80954,1675,88,0.058,-1429,-1587
77850,79367,1517,0,GE-Phase,preparation,77639,77999,360,149,0.098,211,1368
77850,79367,1517,0,GE-Phase,stroke,77999,78319,320,320,0.211,-149,1048
77850,79367,1517,0,GE-Phase,hold,78319,79039,720,720,0.475,-469,328
77850,79367,1517,0,GE-Phase,retraction,79039,79279,240,240,0.158,-1189,88
77850,79367,1517,0,GE-Phase,preparation,79279,79501,222,88,0.058,-1429,-134
79367,79692,325,0,GE-Phrase,228,79279,80954,1675,325,1.0,88,-1262
79367,79692,325,0,GE-Phase,preparation,79279,79501,222,134,0.412,88,191
79367,79692,325,0,GE-Phase,stroke,79501,79868,367,191,0.588,-134,-176
79692,81357,1665,0,GE-Phrase,228,79279,80954,1675,1262,0.758,413,403
79692,81357,1665,0,GE-Phrase,229,80954,82638,1684,403,0.242,-1262,-1281
79692,81357,1665,0,GE-Phase,stroke,79501,79868,367,176,0.106,191,1489
79692,81357,1665,0,GE-Phase,hold,79868,80508,640,640,0.384,-176,849
79692,81357,1665,0,GE-Phase,retraction,80508,80954,446,446,0.268,-816,403
79692,81357,1665,0,GE-Phase,preparation,80954,81451,497,403,0.242,-1262,-94
97800,98130,330,0,GE-Phrase,230,97846,98708,862,284,0.861,-46,-578
97800,98130,330,0,GE-Phase,preparation,97846,98286,440,284,0.861,-46,-156
98130,98848,718,0,GE-Phrase,230,97846,98708,862,578,0.805,284,140
98130,98848,718,0,GE-Phrase,231,98708,100412,1704,140,0.195,-578,-1564
98130,98848,718,0,GE-Phase,preparation,97846,98286,440,156,0.217,284,562
98130,98848,718,0,GE-Phase,stroke,98286,98526,240,240,0.334,-156,322
98130,98848,718,0,GE-Phase,retraction,98526,98708,182,182,0.253,-396,140
98130,98848,718,0,GE-Phase,stroke,98708,99217,509,140,0.195,-578,-369
98848,100935,2087,0,GE-Phrase,231,98708,100412,1704,1564,0.749,140,523
98848,100935,2087,0,GE-Phase,stroke,98708,99217,509,369,0.177,140,1718
98848,100935,2087,0,GE-Phase,retraction,99217,100412,1195,1195,0.573,-369,523
137060,138339,1279,0,GE-Phrase,235,136803,138001,1198,941,0.736,257,338
137060,138339,1279,0,GE-Phrase,236,138001,139371,1370,338,0.264,-941,-1032
137060,138339,1279,0,GE-Phase,stroke,136963,137483,520,423,0.331,97,856
137060,138339,1279,0,GE-Phase,hold,137483,138001,518,518,0.405,-423,338
137060,138339,1279,0,GE-Phase,preparation,138001,138475,474,338,0.264,-941,-136
138339,139647,1308,0,GE-Phrase,236,138001,139371,1370,1032,0.789,338,276
138339,139647,1308,0,GE-Phrase,237,139371,143181,3810,276,0.211,-1032,-3534
138339,139647,1308,0,GE-Phase,preparation,138001,138475,474,136,0.104,338,1172
138339,139647,1308,0,GE-Phase,stroke,138475,139096,621,621,0.475,-136,551
138339,139647,1308,0,GE-Phase,retraction,139096,139371,275,275,0.21,-757,276
138339,139647,1308,0,GE-Phase,preparation,139371,140340,969,276,0.211,-1032,-693
4370,5588,1218,0,GE-Phrase,201,2608,9088,6480,1218,1.0,1762,-3500
4370,5588,1218,0,GE-Phase,stroke,2772,9088,6316,1218,1.0,1598,-3500
5588,7444,1856,0,GE-Phrase,201,2608,9088,6480,1856,1.0,2980,-1644
5588,7444,1856,0,GE-Phase,stroke,2772,9088,6316,1856,1.0,2816,-1644
76336,77850,1514,0,GE-Phrase,226,76279,77639,1360,1303,0.861,57,211
76336,77850,1514,0,GE-Phrase,227,77639,79279,1640,211,0.139,-1303,-1429
76336,77850,1514,0,GE-Phase,preparation,76279,76512,233,176,0.116,57,1338
76336,77850,1514,0,GE-Phase,stroke,76512,76980,468,468,0.309,-176,870
76336,77850,1514,0,GE-Phase,hold,76980,77639,659,659,0.435,-644,211
76336,77850,1514,0,GE-Phase,preparation,77639,77999,360,211,0.139,-1303,-149
77850,79367,1517,0,GE-Phrase,227,77639,79279,1640,1429,0.942,211,88
77850,79367,1517,0,GE-Phrase,228,79279,80954,1675,88,0.058,-1429,-1587
77850,79367,1517,0,GE-Phase,preparation,77639,77999,360,149,0.098,211,1368
77850,79367,1517,0,GE-Phase,stroke,77999,78319,320,320,0.211,-149,1048
77850,79367,1517,0,GE-Phase,hold,78319,79039,720,720,0.475,-469,328
77850,79367,1517,0,GE-Phase,retraction,79039,79279,240,240,0.158,-1189,88
77850,79367,1517,0,GE-Phase,preparation,79279,79501,222,88,0.058,-1429,-134
79367,79692,325,0,GE-Phrase,228,79279,80954,1675,325,1.0,88,-1262
79367,79692,325,0,GE-Phase,preparation,79279,79501,222,134,0.412,88,191
79367,79692,325,0,GE-Phase,stroke,79501,79868,367,191,0.588,-134,-176
79692,81357,1665,0,GE-Phrase,228,79279,80954,1675,1262,0.758,413,403
79692,81357,1665,0,GE-Phrase,229,80954,82638,1684,403,0.242,-1262,-1281
79692,81357,1665,0,GE-Phase,stroke,79501,79868,367,176,0.106,191,1489
79692,81357,1665,0,GE-Phase,hold,79868,80508,640,640,0.384,-176,849
79692,81357,1665,0,GE-Phase,retraction,80508,80954,446,446,0.268,-816,403
79692,81357,1665,0,GE-Phase,preparation,80954,81451,497,403,0.242,-1262,-94
97800,98130,330,0,GE-Phrase,230,97846,98708,862,284,0.861,-46,-578
97800,98130,330,0,GE-Phase,preparation,97846,98286,440,284,0.861,-46,-156
98130,98848,718,0,GE-Phrase,230,97846,98708,862,578,0.805,284,140
98130,98848,718,0,GE-Phrase,231,98708,100412,1704,140,0.195,-578,-1564
98130,98848,718,0,GE-Phase,preparation,97846,98286,440,156,0.217,284,562
98130,98848,718,0,GE-Phase,stroke,98286,98526,240,240,0.334,-156,322
98130,98848,718,0,GE-Phase,retraction,98526,98708,182,182,0.253,-396,140
98130,98848,718,0,GE-Phase,stroke,98708,99217,509,140,0.195,-578,-369
98848,100935,2087,0,GE-Phrase,231,98708,100412,1704,1564,0.749,140,523
98848,100935,2087,0,GE-Phase,stroke,98708,99217,509,369,0.177,140,1718
98848,100935,2087,0,GE-Phase,retraction,99217,100412,1195,1195,0.573,-369,523
137060,138339,1279,0,GE-Phrase,235,136803,138001,1198,941,0.736,257,338
137060,138339,1279,0,GE-Phrase,236,138001,139371,1370,338,0.264,-941,-1032
137060,138339,1279,0,GE-Phase,stroke,136963,137483,520,423,0.331,97,856
137060,138339,1279,0,GE-Phase,hold,137483,138001,518,518,0.405,-423,338
137060,138339,1279,0,GE-Phase,preparation,138001,138475,474,338,0.264,-941,-136
138339,139647,1308,0,GE-Phrase,236,138001,139371,1370,1032,0.789,338,276
138339,139647,1308,0,GE-Phrase,237,139371,143181,3810,276,0.211,-1032,-3534
138339,139647,1308,0,GE-Phase,preparation,138001,138475,474,136,0.104,338,1172
138339,139647,1308,0,GE-Phase,stroke,138475,139096,621,621,0.475,-136,551
138339,139647,1308,0,GE-Phase,retraction,139096,139371,275,275,0.21,-757,276
138339,139647,1308,0,GE-Phase,preparation,139371,140340,969,276,0.211,-1032,-693
4370,5588,1218,0,GE-Phrase,201,2608,9088,6480,1218,1.0,1762,-3500
4370,5588,1218,0,GE-Phase,stroke,2772,9088,6316,1218,1.0,1598,-3500
5588,7444,1856,0,GE-Phrase,201,2608,9088,6480,1856,1.0,2980,-1644
5588,7444,1856,0,GE-Phase,stroke,2772,9088,6316,1856,1.0,2816,-1644
76336,77850,1514,0,GE-Phrase,226,76279,77639,1360,1303,0.861,57,211
76336,77850,1514,0,GE-Phrase,227,77639,79279,1640,211,0.139,-1303,-1429
76336,77850,1514,0,GE-Phase,preparation,76279,76512,233,176,0.116,57,1338
76336,77850,1514,0,GE-Phase,stroke,76512,76980,468,468,0.309,-176,870
76336,77850,1514,0,GE-Phase,hold,76980,77639,659,659,0.435,-644,211
76336,77850,1514,0,GE-Phase,preparation,77639,77999,360,211,0.139,-1303,-149
77850,79367,1517,0,GE-Phrase,227,77639,79279,1640,1429,0.942,211,88
77850,79367,1517,0,GE-Phrase,228,79279,80954,1675,88,0.058,-1429,-1587
77850,79367,1517,0,GE-Phase,preparation,77639,77999,360,149,0.098,211,1368
77850,79367,1517,0,GE-Phase,stroke,77999,78319,320,320,0.211,-149,1048
77850,79367,1517,0,GE-Phase,hold,78319,79039,720,720,0.475,-469,328
77850,79367,1517,0,GE-Phase,retraction,79039,79279,240,240,0.158,-1189,88
77850,79367,1517,0,GE-Phase,preparation,79279,79501,222,88,0.058,-1429,-134
79367,79692,325,0,GE-Phrase,228,79279,80954,1675,325,1.0,88,-1262
79367,79692,325,0,GE-Phase,preparation,79279,79501,222,134,0.412,88,191
79367,79692,325,0,GE-Phase,stroke,79501,79868,367,191,0.588,-134,-176
79692,81357,1665,0,GE-Phrase,228,79279,80954,1675,1262,0.758,413,403
79692,81357,1665,0,GE-Phrase,229,80954,82638,1684,403,0.242,-1262,-1281
79692,81357,1665,0,GE-Phase,stroke,79501,79868,367,176,0.106,191,1489
79692,81357,1665,0,GE-Phase,hold,79868,80508,640,640,0.384,-176,849
79692,81357,1665,0,GE-Phase,retraction,80508,80954,446,446,0.268,-816,403
79692,81357,1665,0,GE-Phase,preparation,80954,81451,497,403,0.242,-1262,-94
97800,98130,330,0,GE-Phrase,230,97846,98708,862,284,0.861,-46,-578
97800,98130,330,0,GE-Phase,preparation,97846,98286,440,284,0.861,-46,-156
98130,98848,718,0,GE-Phrase,230,97846,98708,862,578,0.805,284,140
98130,98848,718,0,GE-Phrase,231,98708,100412,1704,140,0.195,-578,-1564
98130,98848,718,0,GE-Phase,preparation,97846,98286,440,156,0.217,284,562
98130,98848,718,0,GE-Phase,stroke,98286,98526,240,240,0.334,-156,322
98130,98848,718,0,GE-Phase,retraction,98526,98708,182,182,0.253,-396,140
98130,98848,718,0,GE-Phase,stroke,98708,99217,509,140,0.195,-578,-369
98848,100935,2087,0,GE-Phrase,231,98708,100412,1704,1564,0.749,140,523
98848,100935,2087,0,GE-Phase,stroke,98708,99217,509,369,0.177,140,1718
98848,100935,2087,0,GE-Phase,retraction,99217,100412,1195,1195,0.573,-369,523
137060,138339,1279,0,GE-Phrase,235,136803,138001,1198,941,0.736,257,338
137060,138339,1279,0,GE-Phrase,236,138001,139371,1370,338,0.264,-941,-1032
137060,138339,1279,0,GE-Phase,stroke,136963,137483,520,423,0.331,97,856
137060,138339,1279,0,GE-Phase,hold,137483,138001,518,518,0.405,-423,338
137060,138339,1279,0,GE-Phase,preparation,138001,138475,474,338,0.264,-941,-136
138339,139647,1308,0,GE-Phrase,236,138001,139371,1370,1032,0.789,338,276
138339,139647,1308,0,GE-Phrase,237,139371,143181,3810,276,0.211,-1032,-3534
138339,139647,1308,0,GE-Phase,preparation,138001,138475,474,136,0.104,338,1172
138339,139647,1308,0,GE-Phase,stroke,138475,139096,621,621,0.475,-136,551
138339,139647,1308,0,GE-Phase,retraction,139096,139371,275,275,0.21,-757,276
138339,139647,1308,0,GE-Phase,preparation,139371,140340,969,276,0.211,-1032,-693
4370,5588,1218,0,GE-Phrase,201,2608,9088,6480,1218,1.0,1762,-3500
4370,5588,1218,0,GE-Phase,stroke,2772,9088,6316,1218,1.0,1598,-3500
5588,7444,1856,0,GE-Phrase,201,2608,9088,6480,1856,1.0,2980,-1644
5588,7444,1856,0,GE-Phase,stroke,2772,9088,6316,1856,1.0,2816,-1644
76336,77850,1514,0,GE-Phrase,226,76279,77639,1360,1303,0.861,57,211
76336,77850,1514,0,GE-Phrase,227,77639,79279,1640,211,0.139,-1303,-1429
76336,77850,1514,0,GE-Phase,preparation,76279,76512,233,176,0.116,57,1338
76336,77850,1514,0,GE-Phase,stroke,76512,76980,468,468,0.309,-176,870
76336,77850,1514,0,GE-Phase,hold,76980,77639,659,659,0.435,-644,211
76336,77850,1514,0,GE-Phase,preparation,77639,77999,360,211,0.139,-1303,-149
77850,79367,1517,0,GE-Phrase,227,77639,79279,1640,1429,0.942,211,88
77850,79367,1517,0,GE-Phrase,228,79279,80954,1675,88,0.058,-1429,-1587
77850,79367,1517,0,GE-Phase,preparation,77639,77999,360,149,0.098,211,1368
77850,79367,1517,0,GE-Phase,stroke,77999,78319,320,320,0.211,-149,1048
77850,79367,1517,0,GE-Phase,hold,78319,79039,720,720,0.475,-469,328
77850,79367,1517,0,GE-Phase,retraction,79039,79279,240,240,0.158,-1189,88
77850,79367,1517,0,GE-Phase,preparation,79279,79501,222,88,0.058,-1429,-134
79367,79692,325,0,GE-Phrase,228,79279,80954,1675,325,1.0,88,-1262
79367,79692,325,0,GE-Phase,preparation,79279,79501,222,134,0.412,88,191
79367,79692,325,0,GE-Phase,stroke,79501,79868,367,191,0.588,-134,-176
79692,81357,1665,0,GE-Phrase,228,79279,80954,1675,1262,0.758,413,403
79692,81357,1665,0,GE-Phrase,229,80954,82638,1684,403,0.242,-1262,-1281
79692,81357,1665,0,GE-Phase,stroke,79501,79868,367,176,0.106,191,1489
79692,81357,1665,0,GE-Phase,hold,79868,80508,640,640,0.384,-176,849
79692,81357,1665,0,GE-Phase,retraction,80508,80954,446,446,0.268,-816,403
79692,81357,1665,0,GE-Phase,preparation,80954,81451,497,403,0.242,-1262,-94
97800,98130,330,0,GE-Phrase,230,97846,98708,862,284,0.861,-46,-578
97800,98130,330,0,GE-Phase,preparation,97846,98286,440,284,0.861,-46,-156
98130,98848,718,0,GE-Phrase,230,97846,98708,862,578,0.805,284,140
98130,98848,718,0,GE-Phrase,231,98708,100412,1704,140,0.195,-578,-1564
98130,98848,718,0,GE-Phase,preparation,97846,98286,440,156,0.217,284,562
98130,98848,718,0,GE-Phase,stroke,98286,98526,240,240,0.334,-156,322
98130,98848,718,0,GE-Phase,retraction,98526,98708,182,182,0.253,-396,140
98130,98848,718,0,GE-Phase,stroke,98708,99217,509,140,0.195,-578,-369
98848,100935,2087,0,GE-Phrase,231,98708,100412,1704,1564,0.749,140,523
98848,100935,2087,0,GE-Phase,stroke,98708,99217,509,369,0.177,140,1718
98848,100935,2087,0,GE-Phase,retraction,99217,100412,1195,1195,0.573,-369,523
137060,138339,1279,0,GE-Phrase,235,136803,138001,1198,941,0.736,257,338
137060,138339,1279,0,GE-Phrase,236,138001,139371,1370,338,0.264,-941,-1032
137060,138339,1279,0,GE-Phase,stroke,136963,137483,520,423,0.331,97,856
137060,138339,1279,0,GE-Phase,hold,137483,138001,518,518,0.405,-423,338
137060,138339,1279,0,GE-Phase,preparation,138001,138475,474,338,0.264,-941,-136
138339,139647,1308,0,GE-Phrase,236,138001,139371,1370,1032,0.789,338,276
138339,139647,1308,0,GE-Phrase,237,139371,143181,3810,276,0.211,-1032,-3534
138339,139647,1308,0,GE-Phase,preparation,138001,138475,474,136,0.104,338,1172
138339,139647,1308,0,GE-Phase,stroke,138475,139096,621,621,0.475,-136,551
138339,139647,1308,0,GE-Phase,retraction,139096,139371,275,275,0.21,-757,276
138339,139647,1308,0,GE-Phase,preparation,139371,140340,969,276,0.211,-1032,-693
4370,5588,1218,0,GE-Phrase,201,2608,9088,6480,1218,1.0,1762,-3500
4370,5588,1218,0,GE-Phase,stroke,2772,9088,6316,1218,1.0,1598,-3500
5588,7444,1856,0,GE-Phrase,201,2608,9088,6480,1856,1.0,2980,-1644
5588,7444,1856,0,GE-Phase,stroke,2772,9088,6316,1856,1.0,2816,-1644
76336,77850,1514,0,GE-Phrase,226,76279,77639,1360,1303,0.861,57,211
76336,77850,1514,0,GE-Phrase,227,77639,79279,1640,211,0.139,-1303,-1429
76336,77850,1514,0,GE-Phase,preparation,76279,76512,233,176,0.116,57,1338
76336,77850,1514,0,GE-Phase,stroke,76512,76980,468,468,0.309,-176,870
76336,77850,1514,0,GE-Phase,hold,76980,77639,659,659,0.435,-644,211
76336,77850,1514,0,GE-Phase,preparation,77639,77999,360,211,0.139,-1303,-149
77850,79367,1517,0,GE-Phrase,227,77639,79279,1640,1429,0.942,211,88
77850,79367,1517,0,GE-Phrase,228,79279,80954,1675,88,0.058,-1429,-1587
77850,79367,1517,0,GE-Phase,preparation,77639,77999,360,149,0.098,211,1368
77850,79367,1517,0,GE-Phase,stroke,77999,78319,320,320,0.211,-149,1048
77850,79367,1517,0,GE-Phase,hold,78319,79039,720,720,0.475,-469,328
77850,79367,1517,0,GE-Phase,retraction,79039,79279,240,240,0.158,-1189,88
77850,79367,1517,0,GE-Phase,preparation,79279,79501,222,88,0.058,-1429,-134
79367,79692,325,0,GE-Phrase,228,79279,80954,1675,325,1.0,88,-1262
79367,79692,325,0,GE-Phase,preparation,79279,79501,222,134,0.412,88,191
79367,79692,325,0,GE-Phase,stroke,79501,79868,367,191,0.588,-134,-176
79692,81357,1665,0,GE-Phrase,228,79279,80954,1675,1262,0.758,413,403
79692,81357,1665,0,GE-Phrase,229,80954,82638,1684,403,0.242,-1262,-1281
79692,81357,1665,0,GE-Phase,stroke,79501,79868,367,176,0.106,191,1489
79692,81357,1665,0,GE-Phase,hold,79868,80508,640,640,0.384,-176,849
79692,81357,1665,0,GE-Phase,retraction,80508,80954,446,446,0.268,-816,403
79692,81357,1665,0,GE-Phase,preparation,80954,81451,497,403,0.242,-1262,-94
97800,98130,330,0,GE-Phrase,230,97846,98708,862,284,0.861,-46,-578
97800,98130,330,0,GE-Phase,preparation,97846,98286,440,284,0.861,-46,-156
98130,98848,718,0,GE-Phrase,230,97846,98708,862,578,0.805,284,140
98130,98848,718,0,GE-Phrase,231,98708,100412,1704,140,0.195,-578,-1564
98130,98848,718,0,GE-Phase,preparation,97846,98286,440,156,0.217,284,562
98130,98848,718,0,GE-Phase,stroke,98286,98526,240,240,0.334,-156,322
98130,98848,718,0,GE-Phase,retraction,98526,98708,182,182,0.253,-396,140
98130,98848,718,0,GE-Phase,stroke,98708,99217,509,140,0.195,-578,-369
98848,100935,2087,0,GE-Phrase,231,98708,100412,1704,1564,0.749,140,523
98848,100935,2087,0,GE-Phase,stroke,98708,99217,509,369,0.177,140,1718
98848,100935,2087,0,GE-Phase,retraction,99217,100412,1195,1195,0.573,-369,523
137060,138339,1279,0,GE-Phrase,235,136803,138001,1198,941,0.736,257,338
137060,138339,1279,0,GE-Phrase,236,138001,139371,1370,338,0.264,-941,-1032
137060,138339,1279,0,GE-Phase,stroke,136963,137483,520,423,0.331,97,856
137060,138339,1279,0,GE-Phase,hold,137483,138001,518,518,0.405,-423,338
137060,138339,1279,0,GE-Phase,preparation,138001,138475,474,338,0.264,-941,-136
138339,139647,1308,0,GE-Phrase,236,138001,139371,1370,1032,0.789,338,276
138339,139647,1308,0,GE-Phrase,237,139371,143181,3810,276,0.211,-1032,-3534
138339,139647,1308,0,GE-Phase,preparation,138001,138475,474,136,0.104,338,1172
138339,139647,1308,0,GE-Phase,stroke,138475,139096,621,621,0.475,-136,551
138339,139647,1308,0,GE-Phase,retraction,139096,139371,275,275,0.21,-757,276
138339,139647,1308,0,GE-Phase,preparation,139371,140340,969,276,0.211,-1032,-693
4370,5588,1218,0,GE-Phrase,201,2608,9088,6480,1218,1.0,1762,-3500
4370,5588,1218,0,GE-Phase,stroke,2772,9088,6316,1218,1.0,1598,-3500
5588,7444,1856,0,GE-Phrase,201,2608,9088,6480,1856,1.0,2980,-1644
5588,7444,1856,0,GE-Phase,stroke,2772,9088,6316,1856,1.0,2816,-1644
76336,77850,1514,0,GE-Phrase,226,76279,77639,1360,1303,0.861,57,211
76336,77850,1514,0,GE-Phrase,227,77639,79279,1640,211,0.139,-1303,-1429
76336,77850,1514,0,GE-Phase,preparation,76279,76512,233,176,0.116,57,1338
76336,77850,1514,0,GE-Phase,stroke,76512,76980,468,468,0.309,-176,870
76336,77850,1514,0,GE-Phase,hold,76980,77639,659,659,0.435,-644,211
76336,77850,1514,0,GE-Phase,preparation,77639,77999,360,211,0.139,-1303,-149
77850,79367,1517,0,GE-Phrase,227,77639,79279,1640,1429,0.942,211,88
77850,79367,1517,0,GE-Phrase,228,79279,80954,1675,88,0.058,-1429,-1587
77850,79367,1517,0,GE-Phase,preparation,77639,77999,360,149,0.098,211,1368
77850,79367,1517,0,GE-Phase,stroke,77999,78319,320,320,0.211,-149,1048
77850,79367,1517,0,GE-Phase,hold,78319,79039,720,720,0.475,-469,328
77850,79367,1517,0,GE-Phase,retraction,79039,79279,240,240,0.158,-1189,88
77850,79367,1517,0,GE-Phase,preparation,79279,79501,222,88,0.058,-1429,-134
79367,79692,325,0,GE-Phrase,228,79279,80954,1675,325,1.0,88,-1262
79367,79692,325,0,GE-Phase,preparation,79279,79501,222,134,0.412,88,191
79367,79692,325,0,GE-Phase,stroke,79501,79868,367,191,0.588,-134,-176
79692,81357,1665,0,GE-Phrase,228,79279,80954,1675,1262,0.758,413,403
79692,81357,1665,0,GE-Phrase,229,80954,82638,1684,403,0.242,-1262,-1281
79692,81357,1665,0,GE-Phase,stroke,79501,79868,367,176,0.106,191,1489
79692,81357,1665,0,GE-Phase,hold,79868,80508,640,640,0.384,-176,849
79692,81357,1665,0,GE-Phase,retraction,80508,80954,446,446,0.268,-816,403
79692,81357,1665,0,GE-Phase,preparation,80954,81451,497,403,0.242,-1262,-94
97800,98130,330,0,GE-Phrase,230,97846,98708,862,284,0.861,-46,-578
97800,98130,330,0,GE-Phase,preparation,97846,98286,440,284,0.861,-46,-156
98130,98848,718,0,GE-Phrase,230,97846,98708,862,578,0.805,284,140
98130,98848,718,0,GE-Phrase,231,98708,100412,1704,140,0.195,-578,-1564
98130,98848,718,0,GE-Phase,preparation,97846,98286,440,156,0.217,284,562
98130,98848,718,0,GE-Phase,stroke,98286,98526,240,240,0.334,-156,322
98130,98848,718,0,GE-Phase,retraction,98526,98708,182,182,0.253,-396,140
98130,98848,718,0,GE-Phase,stroke,98708,99217,509,140,0.195,-578,-369
98848,100935,2087,0,GE-Phrase,231,98708,100412,1704,1564,0.749,140,523
98848,100935,2087,0,GE-Phase,stroke,98708,99217,509,369,0.177,140,1718
98848,100935,2087,0,GE-Phase,retraction,99217,100412,1195,1195,0.573,-369,523
137060,138339,1279,0,GE-Phrase,235,136803,138001,1198,941,0.736,257,338
137060,138339,1279,0,GE-Phrase,236,138001,139371,1370,338,0.264,-941,-1032
137060,138339,1279,0,GE-Phase,stroke,136963,137483,520,423,0.331,97,856
137060,138339,1279,0,GE-Phase,hold,137483,138001,518,518,0.405,-423,338
137060,138339,1279,0,GE-Phase,preparation,138001,138475,474,338,0.264,-941,-136
138339,139647,1308,0,GE-Phrase,236,138001,139371,1370,1032,0.789,338,276
138339,139647,1308,0,GE-Phrase,237,139371,143181,3810,276,0.211,-1032,-3534
138339,139647,1308,0,GE-Phase,preparation,138001,138475,474,136,0.104,338,1172
138339,139647,1308,0,GE-Phase,stroke,138475,139096,621,621,0.475,-136,551
138339,139647,1308,0,GE-Phase,retraction,139096,139371,275,275,0.21,-757,276
138339,139647,1308,0,GE-Phase,preparation,139371,140340,969,276,0.211,-1032,-693
4370,5588,1218,0,GE-Phrase,201,2608,9088,6480,1218,1.0,1762,-3500
4370,5588,1218,0,GE-Phase,stroke,2772,9088,6316,1218,1.0,1598,-3500
5588,7444,1856,0,GE-Phrase,201,2608,9088,6480,1856,1.0,2980,-1644
5588,7444,1856,0,GE-Phase,stroke,2772,9088,6316,1856,1.0,2816,-1644
76336,77850,1514,0,GE-Phrase,226,76279,77639,1360,1303,0.861,57,211
76336,77850,1514,0,GE-Phrase,227,77639,79279,1640,211,0.139,-1303,-1429
76336,77850,1514,0,GE-Phase,preparation,76279,76512,233,176,0.116,57,1338
76336,77850,1514,0,GE-Phase,stroke,76512,76980,468,468,0.309,-176,870
76336,77850,1514,0,GE-Phase,hold,76980,77639,659,659,0.435,-644,211
76336,77850,1514,0,GE-Phase,preparation,77639,77999,360,211,0.139,-1303,-149
77850,79367,1517,0,GE-Phrase,227,77639,79279,1640,1429,0.942,211,88
77850,79367,1517,0,GE-Phrase,228,79279,80954,1675,88,0.058,-1429,-1587
77850,79367,1517,0,GE-Phase,preparation,77639,77999,360,149,0.098,211,1368
77850,79367,1517,0,GE-Phase,stroke,77999,78319,320,320,0.211,-149,1048
77850,79367,1517,0,GE-Phase,hold,78319,79039,720,720,0.475,-469,328
77850,79367,1517,0,GE-Phase,retraction,79039,79279,240,240,0.158,-1189,88
77850,79367,1517,0,GE-Phase,preparation,79279,79501,222,88,0.058,-1429,-134
79367,79692,325,0,GE-Phrase,228,79279,80954,1675,325,1.0,88,-1262
79367,79692,325,0,GE-Phase,preparation,79279,79501,222,134,0.412,88,191
79367,79692,325,0,GE-Phase,stroke,79501,79868,367,191,0.588,-134,-176
79692,81357,1665,0,GE-Phrase,228,79279,80954,1675,1262,0.758,413,403
79692,81357,1665,0,GE-Phrase,229,80954,82638,1684,403,0.242,-1262,-1281
79692,81357,1665,0,GE-Phase,stroke,79501,79868,367,176,0.106,191,1489
79692,81357,1665,0,GE-Phase,hold,79868,80508,640,640,0.384,-176,849
79692,81357,1665,0,GE-Phase,retraction,80508,80954,446,446,0.268,-816,403
79692,81357,1665,0,GE-Phase,preparation,80954,81451,497,403,0.242,-1262,-94
97800,98130,330,0,GE-Phrase,230,97846,98708,862,284,0.861,-46,-578
97800,98130,330,0,GE-Phase,preparation,97846,98286,440,284,0.861,-46,-156
98130,98848,718,0,GE-Phrase,230,97846,98708,862,578,0.805,284,140
98130,98848,718,0,GE-Phrase,231,98708,100412,1704,140,0.195,-578,-1564
98130,98848,718,0,GE-Phase,preparation,97846,98286,440,156,0.217,284,562
98130,98848,718,0,GE-Phase,stroke,98286,98526,240,240,0.334,-156,322
98130,98848,718,0,GE-Phase,retraction,98526,98708,182,182,0.253,-396,140
98130,98848,718,0,GE-Phase,stroke,98708,99217,509,140,0.195,-578,-369
98848,100935,2087,0,GE-Phrase,231,98708,100412,1704,1564,0.749,140,523
98848,100935,2087,0,GE-Phase,stroke,98708,99217,509,369,0.177,140,1718
98848,100935,2087,0,GE-Phase,retraction,99217,100412,1195,1195,0.573,-369,523
137060,138339,1279,0,GE-Phrase,235,136803,138001,1198,941,0.736,257,338
137060,138339,1279,0,GE-Phrase,236,138001,139371,1370,338,0.264,-941,-1032
137060,138339,1279,0,GE-Phase,stroke,136963,137483,520,423,0.331,97,856
137060,138339,1279,0,GE-Phase,hold,137483,138001,518,518,0.405,-423,338
137060,138339,1279,0,GE-Phase,preparation,138001,138475,474,338,0.264,-941,-136
138339,139647,1308,0,GE-Phrase,236,138001,139371,1370,1032,0.789,338,276
138339,139647,1308,0,GE-Phrase,237,139371,143181,3810,276,0.211,-1032,-3534
138339,139647,1308,0,GE-Phase,preparation,138001,138475,474,136,0.104,338,1172
138339,139647,1308,0,GE-Phase,stroke,138475,139096,621,621,0.475,-136,551
138339,139647,1308,0,GE-Phase,retraction,139096,139371,275,275,0.21,-757,276
138339,139647,1308,0,GE-Phase,preparation,139371,140340,969,276,0.211,-1032,-693
4370,5588,1218,0,GE-Phrase,201,2608,9088,6480,1218,1.0,1762,-3500
4370,5588,1218,0,GE-Phase,stroke,2772,9088,6316,1218,1.0,1598,-3500
5588,7444,1856,0,GE-Phrase,201,2608,9088,6480,1856,1.0,2980,-1644
5588,7444,1856,0,GE-Phase,stroke,2772,9088,6316,1856,1.0,2816,-1644
76336,77850,1514,0,GE-Phrase,226,76279,77639,1360,1303,0.861,57,211
76336,77850,1514,0,GE-Phrase,227,77639,79279,1640,211,0.139,-1303,-1429
76336,77850,1514,0,GE-Phase,preparation,76279,76512,233,176,0.116,57,1338
76336,77850,1514,0,GE-Phase,stroke,76512,76980,468,468,0.309,-176,870
76336,77850,1514,0,GE-Phase,hold,76980,77639,659,659,0.435,-644,211
76336,77850,1514,0,GE-Phase,preparation,77639,77999,360,211,0.139,-1303,-149
77850,79367,1517,0,GE-Phrase,227,77639,79279,1640,1429,0.942,211,88
77850,79367,1517,0,GE-Phrase,228,79279,80954,1675,88,0.058,-1429,-1587
77850,79367,1517,0,GE-Phase,preparation,77639,77999,360,149,0.098,211,1368
77850,79367,1517,0,GE-Phase,stroke,77999,78319,320,320,0.211,-149,1048
77850,79367,1517,0,GE-Phase,hold,78319,79039,720,720,0.475,-469,328
77850,79367,1517,0,GE-Phase,retraction,79039,79279,240,240,0.158,-1189,88
77850,79367,1517,0,GE-Phase,preparation,79279,79501,222,88,0.058,-1429,-134
79367,79692,325,0,GE-Phrase,228,79279,80954,1675,325,1.0,88,-1262
79367,79692,325,0,GE-Phase,preparation,79279,79501,222,134,0.412,88,191
79367,79692,325,0,GE-Phase,stroke,79501,79868,367,191,0.588,-134,-176
79692,81357,1665,0,GE-Phrase,228,79279,80954,1675,1262,0.758,413,403
79692,81357,1665,0,GE-Phrase,229,80954,82638,1684,403,0.242,-1262,-1281
79692,81357,1665,0,GE-Phase,stroke,79501,79868,367,176,0.106,191,1489
79692,81357,1665,0,GE-Phase,hold,79868,80508,640,640,0.384,-176,849
79692,81357,1665,0,GE-Phase,retraction,80508,80954,446,446,0.268,-816,403
79692,81357,1665,0,GE-Phase,preparation,80954,81451,497,403,0.242,-1262,-94
97800,98130,330,0,GE-Phrase,230,97846,98708,862,284,0.861,-46,-578
97800,98130,330,0,GE-Phase,preparation,97846,98286,440,284,0.861,-46,-156
98130,98848,718,0,GE-Phrase,230,97846,98708,862,578,0.805,284,140
98130,98848,718,0,GE-Phrase,231,98708,100412,1704,140,0.195,-578,-1564
98130,98848,718,0,GE-Phase,preparation,97846,98286,440,156,0.217,284,562
98130,98848,718,0,GE-Phase,stroke,98286,98526,240,240,0.334,-156,322
98130,98848,718,0,GE-Phase,retraction,98526,98708,182,182,0.253,-396,140
98130,98848,718,0,GE-Phase,stroke,98708,99217,509,140,0.195,-578,-369
98848,100935,2087,0,GE-Phrase,231,98708,100412,1704,1564,0.749,140,523
98848,100935,2087,0,GE-Phase,stroke,98708,99217,509,369,0.177,140,1718
98848,100935,2087,0,GE-Phase,retraction,99217,100412,1195,1195,0.573,-369,523
137060,138339,1279,0,GE-Phrase,235,136803,138001,1198,941,0.736,257,338
137060,138339,1279,0,GE-Phrase,236,138001,139371,1370,338,0.264,-941,-1032
137060,138339,1279,0,GE-Phase,stroke,136963,137483,520,423,0.331,97,856
137060,138339,1279,0,GE-Phase,hold,137483,138001,518,518,0.405,-423,338
137060,138339,1279,0,GE-Phase,preparation,138001,138475,474,338,0.264,-941,-136
138339,139647,1308,0,GE-Phrase,236,138001,139371,1370,1032,0.789,338,276
138339,139647,1308,0,GE-Phrase,237,139371,143181,3810,276,0.211,-1032,-3534
138339,139647,1308,0,GE-Phase,preparation,138001,138475,474,136,0.104,338,1172
138339,139647,1308,0,GE-Phase,stroke,138475,139096,621,621,0.475,-136,551
138339,139647,1308,0,GE-Phase,retraction,139096,139371,275,275,0.21,-757,276
138339,139647,1308,0,GE-Phase,preparation,139371,140340,969,276,0.211,-1032,-693
4370,5588,1218,0,GE-Phrase,201,2608,9088,6480,1218,1.0,1762,-3500
4370,5588,1218,0,GE-Phase,stroke,2772,9088,6316,1218,1.0,1598,-3500
5588,7444,1856,0,GE-Phrase,201,2608,9088,6480,1856,1.0,2980,-1644
5588,7444,1856,0,GE-Phase,stroke,2772,9088,6316,1856,1.0,2816,-1644
76336,77850,1514,0,GE-Phrase,226,76279,77639,1360,1303,0.861,57,211
76336,77850,1514,0,GE-Phrase,227,77639,79279,1640,211,0.139,-1303,-1429
76336,77850,1514,0,GE-Phase,preparation,76279,76512,233,176,0.116,57,1338
76336,77850,1514,0,GE-Phase,stroke,76512,76980,468,468,0.309,-176,870
76336,77850,1514,0,GE-Phase,hold,76980,77639,659,659,0.435,-644,211
76336,77850,1514,0,GE-Phase,preparation,77639,77999,360,211,0.139,-1303,-149
77850,79367,1517,0,GE-Phrase,227,77639,79279,1640,1429,0.942,211,88
77850,79367,1517,0,GE-Phrase,228,79279,80954,1675,88,0.058,-1429,-1587
77850,79367,1517,0,GE-Phase,preparation,77639,77999,360,149,0.098,211,1368
77850,79367,1517,0,GE-Phase,stroke,77999,78319,320,320,0.211,-149,1048
77850,79367,1517,0,GE-Phase,hold,78319,79039,720,720,0.475,-469,328
77850,79367,1517,0,GE-Phase,retraction,79039,79279,240,240,0.158,-1189,88
77850,79367,1517,0,GE-Phase,preparation,79279,79501,222,88,0.058,-1429,-134
79367,79692,325,0,GE-Phrase,228,79279,80954,1675,325,1.0,88,-1262
79367,79692,325,0,GE-Phase,preparation,79279,79501,222,134,0.412,88,191
79367,79692,325,0,GE-Phase,stroke,79501,79868,367,191,0.588,-134,-176
79692,81357,1665,0,GE-Phrase,228,79279,80954,1675,1262,0.758,413,403
79692,81357,1665,0,GE-Phrase,229,80954,82638,1684,403,0.242,-1262,-1281
79692,81357,1665,0,GE-Phase,stroke,79501,79868,367,176,0.106,191,1489
79692,81357,1665,0,GE-Phase,hold,79868,80508,640,640,0.384,-176,849
79692,81357,1665,0,GE-Phase,retraction,80508,80954,446,446,0.268,-816,403
79692,81357,1665,0,GE-Phase,preparation,80954,81451,497,403,0.242,-1262,-94
97800,98130,330,0,GE-Phrase,230,97846,98708,862,284,0.861,-46,-578
97800,98130,330,0,GE-Phase,preparation,97846,98286,440,284,0.861,-46,-156
98130,98848,718,0,GE-Phrase,230,97846,98708,862,578,0.805,284,140
98130,98848,718,0,GE-Phrase,231,98708,100412,1704,140,0.195,-578,-1564
98130,98848,718,0,GE-Phase,preparation,97846,98286,440,156,0.217,284,562
98130,98848,718,0,GE-Phase,stroke,98286,98526,240,240,0.334,-156,322
98130,98848,718,0,GE-Phase,retraction,98526,98708,182,182,0.253,-396,140
98130,98848,718,0,GE-Phase,stroke,98708,99217,509,140,0.195,-578,-369
98848,100935,2087,0,GE-Phrase,231,98708,100412,1704,1564,0.749,140,523
98848,100935,2087,0,GE-Phase,stroke,98708,99217,509,369,0.177,140,1718
98848,100935,2087,0,GE-Phase,retraction,99217,100412,1195,1195,0.573,-369,523
137060,138339,1279,0,GE-Phrase,235,136803,138001,1198,941,0.736,257,338
137060,138339,1279,0,GE-Phrase,236,138001,139371,1370,338,0.264,-941,-1032
137060,138339,1279,0,GE-Phase,stroke,136963,137483,520,423,0.331,97,856
137060,138339,1279,0,GE-Phase,hold,137483,138001,518,518,0.405,-423,338
137060,138339,1279,0,GE-Phase,preparation,138001,138475,474,338,0.264,-941,-136
138339,139647,1308,0,GE-Phrase,236,138001,139371,1370,1032,0.789,338,276
138339,139647,1308,0,GE-Phrase,237,139371,143181,3810,276,0.211,-1032,-3534
138339,139647,1308,0,GE-Phase,preparation,138001,138475,474,136,0.104,338,1172
138339,139647,1308,0,GE-Phase,stroke,138475,139096,621,621,0.475,-136,551
138339,139647,1308,0,GE-Phase,retraction,139096,139371,275,275,0.21,-757,276
138339,139647,1308,0,GE-Phase,preparation,139371,140340,969,276,0.211,-1032,-693
4370,5588,1218,0,GE-Phrase,201,2608,9088,6480,1218,1.0,1762,-3500
4370,5588,1218,0,GE-Phase,stroke,2772,9088,6316,1218,1.0,1598,-3500
5588,7444,1856,0,GE-Phrase,201,2608,9088,6480,1856,1.0,2980,-1644
5588,7444,1856,0,GE-Phase,stroke,2772,9088,6316,1856,1.0,2816,-1644
76336,77850,1514,0,GE-Phrase,226,76279,77639,1360,1303,0.861,57,211
76336,77850,1514,0,GE-Phrase,227,77639,79279,1640,211,0.139,-1303,-1429
76336,77850,1514,0,GE-Phase,preparation,76279,76512,233,176,0.116,57,1338
76336,77850,1514,0,GE-Phase,stroke,76512,76980,468,468,0.309,-176,870
76336,77850,1514,0,GE-Phase,hold,76980,77639,659,659,0.435,-644,211
76336,77850,1514,0,GE-Phase,preparation,77639,77999,360,211,0.139,-1303,-149
77850,79367,1517,0,GE-Phrase,227,77639,79279,1640,1429,0.942,211,88
77850,79367,1517,0,GE-Phrase,228,79279,80954,1675,88,0.058,-1429,-1587
77850,79367,1517,0,GE-Phase,preparation,77639,77999,360,149,0.098,211,1368
77850,79367,1517,0,GE-Phase,stroke,77999,78319,320,320,0.211,-149,1048
77850,79367,1517,0,GE-Phase,hold,78319,79039,720,720,0.475,-469,328
77850,79367,1517,0,GE-Phase,retraction,79039,79279,240,240,0.158,-1189,88
77850,79367,1517,0,GE-Phase,preparation,79279,79501,222,88,0.058,-1429,-134
79367,79692,325,0,GE-Phrase,228,79279,80954,1675,325,1.0,88,-1262
79367,79692,325,0,GE-Phase,preparation,79279,79501,222,134,0.412,88,191
79367,79692,325,0,GE-Phase,stroke,79501,79868,367,191,0.588,-134,-176
79692,81357,1665,0,GE-Phrase,228,79279,80954,1675,1262,0.758,413,403
79692,81357,1665,0,GE-Phrase,229,80954,82638,1684,403,0.242,-1262,-1281
79692,81357,1665,0,GE-Phase,stroke,79501,79868,367,176,0.106,191,1489
79692,81357,1665,0,GE-Phase,hold,79868,80508,640,640,0.384,-176,849
79692,81357,1665,0,GE-Phase,retraction,80508,80954,446,446,0.268,-816,403
79692,81357,1665,0,GE-Phase,preparation,80954,81451,497,403,0.242,-1262,-94
97800,98130,330,0,GE-Phrase,230,97846,98708,862,284,0.861,-46,-578
97800,98130,330,0,GE-Phase,preparation,97846,98286,440,284,0.861,-46,-156
98130,98848,718,0,GE-Phrase,230,97846,98708,862,578,0.805,284,140
98130,98848,718,0,GE-Phrase,231,98708,100412,1704,140,0.195,-578,-1564
98130,98848,718,0,GE-Phase,preparation,97846,98286,440,156,0.217,284,562
98130,98848,718,0,GE-Phase,stroke,98286,98526,240,240,0.334,-156,322
98130,98848,718,0,GE-Phase,retraction,98526,98708,182,182,0.253,-396,140
98130,98848,718,0,GE-Phase,stroke,98708,99217,509,140,0.195,-578,-369
98848,100935,2087,0,GE-Phrase,231,98708,100412,1704,1564,0.749,140,523
98848,100935,2087,0,GE-Phase,stroke,98708,99217,509,369,0.177,140,1718
98848,100935,2087,0,GE-Phase,retraction,99217,100412,1195,1195,0.573,-369,523
137060,138339,1279,0,GE-Phrase,235,136803,138001,1198,941,0.736,257,338
137060,138339,1279,0,GE-Phrase,236,138001,139371,1370,338,0.264,-941,-1032
137060,138339,1279,0,GE-Phase,stroke,136963,137483,520,423,0.331,97,856
137060,138339,1279,0,GE-Phase,hold,137483,138001,518,518,0.405,-423,338
137060,138339,1279,0,GE-Phase,preparation,138001,138475,474,338,0.264,-941,-136
138339,139647,1308,0,GE-Phrase,236,138001,139371,1370,1032,0.789,338,276
138339,139647,1308,0,GE-Phrase,237,139371,143181,3810,276,0.211,-1032,-3534
138339,139647,1308,0,GE-Phase,preparation,138001,138475,474,136,0.104,338,1172
138339,139647,1308,0,GE-Phase,stroke,138475,139096,621,621,0.475,-136,551
138339,139647,1308,0,GE-Phase,retraction,139096,139371,275,275,0.21,-757,276
138339,139647,1308,0,GE-Phase,preparation,139371,140340,969,276,0.211,-1032,-693
4370,5588,1218,0,GE-Phrase,201,2608,9088,6480,1218,1.0,1762,-3500
4370,5588,1218,0,GE-Phase,stroke,2772,9088,6316,1218,1.0,1598,-3500
5588,7444,1856,0,GE-Phrase,201,2608,9088,6480,1856,1.0,2980,-1644
5588,7444,1856,0,GE-Phase,stroke,2772,9088,6316,1856,1.0,2816,-1644
76336,77850,1514,0,GE-Phrase,226,76279,77639,1360,1303,0.861,57,211
76336,77850,1514,0,GE-Phrase,227,77639,79279,1640,211,0.139,-1303,-1429
76336,77850,1514,0,GE-Phase,preparation,76279,76512,233,176,0.116,57,1338
76336,77850,1514,0,GE-Phase,stroke,76512,76980,468,468,0.309,-176,870
76336,77850,1514,0,GE-Phase,hold,76980,77639,659,659,0.435,-644,211
76336,77850,1514,0,GE-Phase,preparation,77639,77999,360,211,0.139,-1303,-149
77850,79367,1517,0,GE-Phrase,227,77639,79279,1640,1429,0.942,211,88
77850,79367,1517,0,GE-Phrase,228,79279,80954,1675,88,0.058,-1429,-1587
77850,79367,1517,0,GE-Phase,preparation,77639,77999,360,149,0.098,211,1368
77850,79367,1517,0,GE-Phase,stroke,77999,78319,320,320,0.211,-149,1048
77850,79367,1517,0,GE-Phase,hold,78319,79039,720,720,0.475,-469,328
77850,79367,1517,0,GE-Phase,retraction,79039,79279,240,240,0.158,-1189,88
77850,79367,1517,0,GE-Phase,preparation,79279,79501,222,88,0.058,-1429,-134
79367,79692,325,0,GE-Phrase,228,79279,80954,1675,325,1.0,88,-1262
79367,79692,325,0,GE-Phase,preparation,79279,79501,222,134,0.412,88,191
79367,79692,325,0,GE-Phase,stroke,79501,79868,367,191,0.588,-134,-176
79692,81357,1665,0,GE-Phrase,228,79279,80954,1675,1262,0.758,413,403
79692,81357,1665,0,GE-Phrase,229,80954,82638,1684,403,0.242,-1262,-1281
79692,81357,1665,0,GE-Phase,stroke,79501,79868,367,176,0.106,191,1489
79692,81357,1665,0,GE-Phase,hold,79868,80508,640,640,0.384,-176,849
79692,81357,1665,0,GE-Phase,retraction,80508,80954,446,446,0.268,-816,403
79692,81357,1665,0,GE-Phase,preparation,80954,81451,497,403,0.242,-1262,-94
97800,98130,330,0,GE-Phrase,230,97846,98708,862,284,0.861,-46,-578
97800,98130,330,0,GE-Phase,preparation,97846,98286,440,284,0.861,-46,-156
98130,98848,718,0,GE-Phrase,230,97846,98708,862,578,0.805,284,140
98130,98848,718,0,GE-Phrase,231,98708,100412,1704,140,0.195,-578,-1564
98130,98848,718,0,GE-Phase,preparation,97846,98286,440,156,0.217,284,562
98130,98848,718,0,GE-Phase,stroke,98286,98526,240,240,0.334,-156,322
98130,98848,718,0,GE-Phase,retraction,98526,98708,182,182,0.253,-396,140
98130,98848,718,0,GE-Phase,stroke,98708,99217,509,140,0.195,-578,-369
98848,100935,2087,0,GE-Phrase,231,98708,100412,1704,1564,0.749,140,523
98848,100935,2087,0,GE-Phase,stroke,98708,99217,509,369,0.177,140,1718
98848,100935,2087,0,GE-Phase,retraction,99217,100412,1195,1195,0.573,-369,523
137060,138339,1279,0,GE-Phrase,235,136803,138001,1198,941,0.736,257,338
137060,138339,1279,0,GE-Phrase,236,138001,139371,1370,338,0.264,-941,-1032
137060,138339,1279,0,GE-Phase,stroke,136963,137483,520,423,0.331,97,856
137060,138339,1279,0,GE-Phase,hold,137483,138001,518,518,0.405,-423,338
137060,138339,1279,0,GE-Phase,preparation,138001,138475,474,338,0.264,-941,-136
138339,139647,1308,0,GE-Phrase,236,138001,139371,1370,1032,0.789,338,276
138339,139647,1308,0,GE-Phrase,237,139371,143181,3810,276,0.211,-1032,-3534
138339,139647,1308,0,GE-Phase,preparation,138001,138475,474,136,0.104,338,1172
138339,139647,1308,0,GE-Phase,stroke,138475,139096,621,621,0.475,-136,551
138339,139647,1308,0,GE-Phase,retraction,139096,139371,275,275,0.21,-757,276
138339,139647,1308,0,GE-Phase,preparation,139371,140340,969,276,0.211,-1032,-693
4370,5588,1218,0,GE-Phrase,201,2608,9088,6480,1218,1.0,1762,-3500
4370,5588,1218,0,GE-Phase,stroke,2772,9088,6316,1218,1.0,1598,-3500
5588,7444,1856,0,GE-Phrase,201,2608,9088,6480,1856,1.0,2980,-1644
5588,7444,1856,0,GE-Phase,stroke,2772,9088,6316,1856,1.0,2816,-1644
76336,77850,1514,0,GE-Phrase,226,76279,77639,1360,1303,0.861,57,211
76336,77850,1514,0,GE-Phrase,227,77639,79279,1640,211,0.139,-1303,-1429
76336,77850,1514,0,GE-Phase,preparation,76279,76512,233,176,0.116,57,1338
76336,77850,1514,0,GE-Phase,stroke,76512,76980,468,468,0.309,-176,870
76336,77850,1514,0,GE-Phase,hold,76980,77639,659,659,0.435,-644,211
76336,77850,1514,0,GE-Phase,preparation,77639,77999,360,211,0.139,-1303,-149
77850,79367,1517,0,GE-Phrase,227,77639,79279,1640,1429,0.942,211,88
77850,79367,1517,0,GE-Phrase,228,79279,80954,1675,88,0.058,-1429,-1587
77850,79367,1517,0,GE-Phase,preparation,77639,77999,360,149,0.098,211,1368
77850,79367,1517,0,GE-Phase,stroke,77999,78319,320,320,0.211,-149,1048
77850,79367,1517,0,GE-Phase,hold,78319,79039,720,720,0.475,-469,328
77850,79367,1517,0,GE-Phase,retraction,79039,79279,240,240,0.158,-1189,88
77850,79367,1517,0,GE-Phase,preparation,79279,79501,222,88,0.058,-1429,-134
79367,79692,325,0,GE-Phrase,228,79279,80954,1675,325,1.0,88,-1262
79367,79692,325,0,GE-Phase,preparation,79279,79501,222,134,0.412,88,191
79367,79692,325,0,GE-Phase,stroke,79501,79868,367,191,0.588,-134,-176
79692,81357,1665,0,GE-Phrase,228,79279,80954,1675,1262,0.758,413,403
79692,81357,1665,0,GE-Phrase,229,80954,82638,1684,403,0.242,-1262,-1281
79692,81357,1665,0,GE-Phase,stroke,79501,79868,367,176,0.106,191,1489
79692,81357,1665,0,GE-Phase,hold,79868,80508,640,640,0.384,-176,849
79692,81357,1665,0,GE-Phase,retraction,80508,80954,446,446,0.268,-816,403
79692,81357,1665,0,GE-Phase,preparation,80954,81451,497,403,0.242,-1262,-94
97800,98130,330,0,GE-Phrase,230,97846,98708,862,284,0.861,-46,-578
97800,98130,330,0,GE-Phase,preparation,97846,98286,440,284,0.861,-46,-156
98130,98848,718,0,GE-Phrase,230,97846,98708,862,578,0.805,284,140
98130,98848,718,0,GE-Phrase,231,98708,100412,1704,140,0.195,-578,-1564
98130,98848,718,0,GE-Phase,preparation,97846,98286,440,156,0.217,284,562
98130,98848,718,0,GE-Phase,stroke,98286,98526,240,240,0.334,-156,322
98130,98848,718,0,GE-Phase,retraction,98526,98708,182,182,0.253,-396,140
98130,98848,718,0,GE-Phase,stroke,98708,99217,509,140,0.195,-578,-369
98848,100935,2087,0,GE-Phrase,231,98708,100412,1704,1564,0.749,140,523
98848,100935,2087,0,GE-Phase,stroke,98708,99217,509,369,0.177,140,1718
98848,100935,2087,0,GE-Phase,retraction,99217,100412,1195,1195,0.573,-369,523
137060,138339,1279,0,GE-Phrase,235,136803,138001,1198,941,0.736,257,338
137060,138339,1279,0,GE-Phrase,236,138001,139371,1370,338,0.264,-941,-1032
137060,138339,1279,0,GE-Phase,stroke,136963,137483,520,423,0.331,97,856
137060,138339,1279,0,GE-Phase,hold,137483,138001,518,518,0.405,-423,338
137060,138339,1279,0,GE-Phase,preparation,138001,138475,474,338,0.264,-941,-136
138339,139647,1308,0,GE-Phrase,236,138001,139371,1370,1032,0.789,338,276
138339,139647,1308,0,GE-Phrase,237,139371,143181,3810,276,0.211,-1032,-3534
138339,139647,1308,0,GE-Phase,preparation,138001,138475,474,136,0.104,338,1172
138339,139647,1308,0,GE-Phase,stroke,138475,139096,621,621,0.475,-136,551
138339,139647,1308,0,GE-Phase,retraction,139096,139371,275,275,0.21,-757,276
138339,139647,1308,0,GE-Phase,preparation,139371,140340,969,276,0.211,-1032,-693
4370,5588,1218,0,GE-Phrase,201,2608,9088,6480,1218,1.0,1762,-3500
4370,5588,1218,0,GE-Phase,stroke,2772,9088,6316,1218,1.0,1598,-3500
5588,7444,1856,0,GE-Phrase,201,2608,9088,6480,1856,1.0,2980,-1644
5588,7444,1856,0,GE-Phase,stroke,2772,9088,6316,1856,1.0,2816,-1644
76336,77850,1514,0,GE-Phrase,226,76279,77639,1360,1303,0.861,57,211
76336,77850,1514,0,GE-Phrase,227,77639,79279,1640,211,0.139,-1303,-1429
76336,77850,1514,0,GE-Phase,preparation,76279,76512,233,176,0.116,57,1338
76336,77850,1514,0,GE-Phase,stroke,76512,76980,468,468,0.309,-176,870
76336,77850,1514,0,GE-Phase,hold,76980,77639,659,659,0.435,-644,211
76336,77850,1514,0,GE-Phase,preparation,77639,77999,360,211,0.139,-1303,-149
77850,79367,1517,0,GE-Phrase,227,77639,79279,1640,1429,0.942,211,88
77850,79367,1517,0,GE-Phrase,228,79279,80954,1675,88,0.058,-1429,-1587
77850,79367,1517,0,GE-Phase,preparation,77639,77999,360,149,0.098,211,1368
77850,79367,1517,0,GE-Phase,stroke,77999,78319,320,320,0.211,-149,1048
77850,79367,1517,0,GE-Phase,hold,78319,79039,720,720,0.475,-469,328
77850,79367,1517,0,GE-Phase,retraction,79039,79279,240,240,0.158,-1189,88
77850,79367,1517,0,GE-Phase,preparation,79279,79501,222,88,0.058,-1429,-134
79367,79692,325,0,GE-Phrase,228,79279,80954,1675,325,1.0,88,-1262
79367,79692,325,0,GE-Phase,preparation,79279,79501,222,134,0.412,88,191
79367,79692,325,0,GE-Phase,stroke,79501,79868,367,191,0.588,-134,-176
79692,81357,1665,0,GE-Phrase,228,79279,80954,1675,1262,0.758,413,403
79692,81357,1665,0,GE-Phrase,229,80954,82638,1684,403,0.242,-1262,-1281
79692,81357,1665,0,GE-Phase,stroke,79501,79868,367,176,0.106,191,1489
79692,81357,1665,0,GE-Phase,hold,79868,80508,640,640,0.384,-176,849
79692,81357,1665,0,GE-Phase,retraction,80508,80954,446,446,0.268,-816,403
79692,81357,1665,0,GE-Phase,preparation,80954,81451,497,403,0.242,-1262,-94
97800,98130,330,0,GE-Phrase,230,97846,98708,862,284,0.861,-46,-578
97800,98130,330,0,GE-Phase,preparation,97846,98286,440,284,0.861,-46,-156
98130,98848,718,0,GE-Phrase,230,97846,98708,862,578,0.805,284,140
98130,98848,718,0,GE-Phrase,231,98708,100412,1704,140,0.195,-578,-1564
98130,98848,718,0,GE-Phase,preparation,97846,98286,440,156,0.217,284,562
98130,98848,718,0,GE-Phase,stroke,98286,98526,240,240,0.334,-156,322
98130,98848,718,0,GE-Phase,retraction,98526,98708,182,182,0.253,-396,140
98130,98848,718,0,GE-Phase,stroke,98708,99217,509,140,0.195,-578,-369
98848,100935,2087,0,GE-Phrase,231,98708,100412,1704,1564,0.749,140,523
98848,100935,2087,0,GE-Phase,stroke,98708,99217,509,369,0.177,140,1718
98848,100935,2087,0,GE-Phase,retraction,99217,100412,1195,1195,0.573,-369,523
137060,138339,1279,0,GE-Phrase,235,136803,138001,1198,941,0.736,257,338
137060,138339,1279,0,GE-Phrase,236,138001,139371,1370,338,0.264,-941,-1032
137060,138339,1279,0,GE-Phase,stroke,136963,137483,520,423,0.331,97,856
137060,138339,1279,0,GE-Phase,hold,137483,138001,518,518,0.405,-423,338
137060,138339,1279,0,GE-Phase,preparation,138001,138475,474,338,0.264,-941,-136
138339,139647,1308,0,GE-Phrase,236,138001,139371,1370,1032,0.789,338,276
138339,139647,1308,0,GE-Phrase,237,139371,143181,3810,276,0.211,-1032,-3534
138339,139647,1308,0,GE-Phase,preparation,138001,138475,474,136,0.104,338,1172
138339,139647,1308,0,GE-Phase,stroke,138475,139096,621,621,0.475,-136,551
138339,139647,1308,0,GE-Phase,retraction,139096,139371,275,275,0.21,-757,276
138339,139647,1308,0,GE-Phase,preparation,139371,140340,969,276,0.211,-1032,-693
4370,5588,1218,0,GE-Phrase,201,2608,9088,6480,1218,1.0,1762,-3500
4370,5588,1218,0,GE-Phase,stroke,2772,9088,6316,1218,1.0,1598,-3500
5588,7444,1856,0,GE-Phrase,201,2608,9088,6480,1856,1.0,2980,-1644
5588,7444,1856,0,GE-Phase,stroke,2772,9088,6316,1856,1.0,2816,-1644
76336,77850,1514,0,GE-Phrase,226,76279,77639,1360,1303,0.861,57,211
76336,77850,1514,0,GE-Phrase,227,77639,79279,1640,211,0.139,-1303,-1429
76336,77850,1514,0,GE-Phase,preparation,76279,76512,233,176,0.116,57,1338
76336,77850,1514,0,GE-Phase,stroke,76512,76980,468,468,0.309,-176,870
76336,77850,1514,0,GE-Phase,hold,76980,77639,659,659,0.435,-644,211
76336,77850,1514,0,GE-Phase,preparation,77639,77999,360,211,0.139,-1303,-149
77850,79367,1517,0,GE-Phrase,227,77639,79279,1640,1429,0.942,211,88
77850,79367,1517,0,GE-Phrase,228,79279,80954,1675,88,0.058,-1429,-1587
77850,79367,1517,0,GE-Phase,preparation,77639,77999,360,149,0.098,211,1368
77850,79367,1517,0,GE-Phase,stroke,77999,78319,320,320,0.211,-149,1048
77850,79367,1517,0,GE-Phase,hold,78319,79039,720,720,0.475,-469,328
77850,79367,1517,0,GE-Phase,retraction,79039,79279,240,240,0.158,-1189,88
77850,79367,1517,0,GE-Phase,preparation,79279,79501,222,88,0.058,-1429,-134
79367,79692,325,0,GE-Phrase,228,79279,80954,1675,325,1.0,88,-1262
79367,79692,325,0,GE-Phase,preparation,79279,79501,222,134,0.412,88,191
79367,79692,325,0,GE-Phase,stroke,79501,79868,367,191,0.588,-134,-176
79692,81357,1665,0,GE-Phrase,228,79279,80954,1675,1262,0.758,413,403
79692,81357,1665,0,GE-Phrase,229,80954,82638,1684,403,0.242,-1262,-1281
79692,81357,1665,0,GE-Phase,stroke,79501,79868,367,176,0.106,191,1489
79692,81357,1665,0,GE-Phase,hold,79868,80508,640,640,0.384,-176,849
79692,81357,1665,0,GE-Phase,retraction,80508,80954,446,446,0.268,-816,403
79692,81357,1665,0,GE-Phase,preparation,80954,81451,497,403,0.242,-1262,-94
97800,98130,330,0,GE-Phrase,230,97846,98708,862,284,0.861,-46,-578
97800,98130,330,0,GE-Phase,preparation,97846,98286,440,284,0.861,-46,-156
98130,98848,718,0,GE-Phrase,230,97846,98708,862,578,0.805,284,140
98130,98848,718,0,GE-Phrase,231,98708,100412,1704,140,0.195,-578,-1564
98130,98848,718,0,GE-Phase,preparation,97846,98286,440,156,0.217,284,562
98130,98848,718,0,GE-Phase,stroke,98286,98526,240,240,0.334,-156,322
98130,98848,718,0,GE-Phase,retraction,98526,98708,182,182,0.253,-396,140
98130,98848,718,0,GE-Phase,stroke,98708,99217,509,140,0.195,-578,-369
98848,100935,2087,0,GE-Phrase,231,98708,100412,1704,1564,0.749,140,523
98848,100935,2087,0,GE-Phase,stroke,98708,99217,509,369,0.177,140,1718
98848,100935,2087,0,GE-Phase,retraction,99217,100412,1195,1195,0.573,-369,523
137060,138339,1279,0,GE-Phrase,235,136803,138001,1198,941,0.736,257,338
137060,138339,1279,0,GE-Phrase,236,138001,139371,1370,338,0.264,-941,-1032
137060,138339,1279,0,GE-Phase,stroke,136963,137483,520,423,0.331,97,856
137060,138339,1279,0,GE-Phase,hold,137483,138001,518,518,0.405,-423,338
137060,138339,1279,0,GE-Phase,preparation,138001,138475,474,338,0.264,-941,-136
138339,139647,1308,0,GE-Phrase,236,138001,139371,1370,1032,0.789,338,276
138339,139647,1308,0,GE-Phrase,237,139371,143181,3810,276,0.211,-1032,-3534
138339,139647,1308,0,GE-Phase,preparation,138001,138475,474,136,0.104,338,1172
138339,139647,1308,0,GE-Phase,stroke,138475,139096,621,621,0.475,-136,551
138339,139647,1308,0,GE-Phase,retraction,139096,139371,275,275,0.21,-757,276
138339,139647,1308,0,GE-Phase,preparation,139371,140340,969,276,0.211,-1032,-693
4370,5588,1218,0,GE-Phrase,201,2608,9088,6480,1218,1.0,1762,-3500
4370,5588,1218,0,GE-Phase,stroke,2772,9088,6316,1218,1.0,1598,-3500
5588,7444,1856,0,GE-Phrase,201,2608,9088,6480,1856,1.0,2980,-1644
5588,7444,1856,0,GE-Phase,stroke,2772,9088,6316,1856,1.0,2816,-1644
76336,77850,1514,0,GE-Phrase,226,76279,77639,1360,1303,0.861,57,211
76336,77850,1514,0,GE-Phrase,227,77639,79279,1640,211,0.139,-1303,-1429
76336,77850,1514,0,GE-Phase,preparation,76279,76512,233,176,0.116,57,1338
76336,77850,1514,0,GE-Phase,stroke,76512,76980,468,468,0.309,-176,870
76336,77850,1514,0,GE-Phase,hold,76980,77639,659,659,0.435,-644,211
76336,77850,1514,0,GE-Phase,preparation,77639,77999,360,211,0.139,-1303,-149
77850,79367,1517,0,GE-Phrase,227,77639,79279,1640,1429,0.942,211,88
77850,79367,1517,0,GE-Phrase,228,79279,80954,1675,88,0.058,-1429,-1587
77850,79367,1517,0,GE-Phase,preparation,77639,77999,360,149,0.098,211,1368
77850,79367,1517,0,GE-Phase,stroke,77999,78319,320,320,0.211,-149,1048
77850,79367,1517,0,GE-Phase,hold,78319,79039,720,720,0.475,-469,328
77850,79367,1517,0,GE-Phase,retraction,79039,79279,240,240,0.158,-1189,88
77850,79367,1517,0,GE-Phase,preparation,79279,79501,222,88,0.058,-1429,-134
79367,79692,325,0,GE-Phrase,228,79279,80954,1675,325,1.0,88,-1262
79367,79692,325,0,GE-Phase,preparation,79279,79501,222,134,0.412,88,191
79367,79692,325,0,GE-Phase,stroke,79501,79868,367,191,0.588,-134,-176
79692,81357,1665,0,GE-Phrase,228,79279,80954,1675,1262,0.758,413,403
79692,81357,1665,0,GE-Phrase,229,80954,82638,1684,403,0.242,-1262,-1281
79692,81357,1665,0,GE-Phase,stroke,79501,79868,367,176,0.106,191,1489
79692,81357,1665,0,GE-Phase,hold,79868,80508,640,640,0.384,-176,849
79692,81357,1665,0,GE-Phase,retraction,80508,80954,446,446,0.268,-816,403
79692,81357,1665,0,GE-Phase,preparation,80954,81451,497,403,0.242,-1262,-94
97800,98130,330,0,GE-Phrase,230,97846,98708,862,284,0.861,-46,-578
97800,98130,330,0,GE-Phase,preparation,97846,98286,440,284,0.861,-46,-156
98130,98848,718,0,GE-Phrase,230,97846,98708,862,578,0.805,284,140
98130,98848,718,0,GE-Phrase,231,98708,100412,1704,140,0.195,-578,-1564
98130,98848,718,0,GE-Phase,preparation,97846,98286,440,156,0.217,284,562
98130,98848,718,0,GE-Phase,stroke,98286,98526,240,240,0.334,-156,322
98130,98848,718,0,GE-Phase,retraction,98526,98708,182,182,0.253,-396,140
98130,98848,718,0,GE-Phase,stroke,98708,99217,509,140,0.195,-578,-369
98848,100935,2087,0,GE-Phrase,231,98708,100412,1704,1564,0.749,140,523
98848,100935,2087,0,GE-Phase,stroke,98708,99217,509,369,0.177,140,1718
98848,100935,2087,0,GE-Phase,retraction,99217,100412,1195,1195,0.573,-369,523
137060,138339,1279,0,GE-Phrase,235,136803,138001,1198,941,0.736,257,338
137060,138339,1279,0,GE-Phrase,236,138001,139371,1370,338,0.264,-941,-1032
137060,138339,1279,0,GE-Phase,stroke,136963,137483,520,423,0.331,97,856
137060,138339,1279,0,GE-Phase,hold,137483,138001,518,518,0.405,-423,338
137060,138339,1279,0,GE-Phase,preparation,138001,138475,474,338,0.264,-941,-136
138339,139647,1308,0,GE-Phrase,236,138001,139371,1370,1032,0.789,338,276
138339,139647,1308,0,GE-Phrase,237,139371,143181,3810,276,0.211,-1032,-3534
138339,139647,1308,0,GE-Phase,preparation,138001,138475,474,136,0.104,338,1172
138339,139647,1308,0,GE-Phase,stroke,138475,139096,621,621,0.475,-136,551
138339,139647,1308,0,GE-Phase,retraction,139096,139371,275,275,0.21,-757,276
138339,139647,1308,0,GE-Phase,preparation,139371,140340,969,276,0.211,-1032,-693
4370,5588,1218,0,GE-Phrase,201,2608,9088,6480,1218,1.0,1762,-3500
4370,5588,1218,0,GE-Phase,stroke,2772,9088,6316,1218,1.0,1598,-3500
5588,7444,1856,0,GE-Phrase,201,2608,9088,6480,1856,1.0,2980,-1644
5588,7444,1856,0,GE-Phase,stroke,2772,9088,6316,1856,1.0,2816,-1644
76336,77850,1514,0,GE-Phrase,226,76279,77639,1360,1303,0.861,57,211
76336,77850,1514,0,GE-Phrase,227,77639,79279,1640,211,0.139,-1303,-1429
76336,77850,1514,0,GE-Phase,preparation,76279,76512,233,176,0.116,57,1338
76336,77850,1514,0,GE-Phase,stroke,76512,76980,468,468,0.309,-176,870
76336,77850,1514,0,GE-Phase,hold,76980,77639,659,659,0.435,-644,211
76336,77850,1514,0,GE-Phase,preparation,77639,77999,360,211,0.139,-1303,-149
77850,79367,1517,0,GE-Phrase,227,77639,79279,1640,1429,0.942,211,88
77850,79367,1517,0,GE-Phrase,228,79279,80954,1675,88,0.058,-1429,-1587
77850,79367,1517,0,GE-Phase,preparation,77639,77999,360,149,0.098,211,1368
77850,79367,1517,0,GE-Phase,stroke,77999,78319,320,320,0.211,-149,1048
77850,79367,1517,0,GE-Phase,hold,78319,79039,720,720,0.475,-469,328
77850,79367,1517,0,GE-Phase,retraction,79039,79279,240,240,0.158,-1189,88
77850,79367,1517,0,GE-Phase,preparation,79279,79501,222,88,0.058,-1429,-134
79367,79692,325,0,GE-Phrase,228,79279,80954,1675,325,1.0,88,-1262
79367,79692,325,0,GE-Phase,preparation,79279,79501,222,134,0.412,88,191
79367,79692,325,0,GE-Phase,stroke,79501,79868,367,191,0.588,-134,-176
79692,81357,1665,0,GE-Phrase,228,79279,80954,1675,1262,0.758,413,403
79692,81357,1665,0,GE-Phrase,229,80954,82638,1684,403,0.242,-1262,-1281
79692,81357,1665,0,GE-Phase,stroke,79501,79868,367,176,0.106,191,1489
79692,81357,1665,0,GE-Phase,hold,79868,80508,640,640,0.384,-176,849
79692,81357,1665,0,GE-Phase,retraction,80508,80954,446,446,0.268,-816,403
79692,81357,1665,0,GE-Phase,preparation,80954,81451,497,403,0.242,-1262,-94
97800,98130,330,0,GE-Phrase,230,97846,98708,862,284,0.861,-46,-578
97800,98130,330,0,GE-Phase,preparation,97846,98286,440,284,0.861,-46,-156
98130,98848,718,0,GE-Phrase,230,97846,98708,862,578,0.805,284,140
98130,98848,718,0,GE-Phrase,231,98708,100412,1704,140,0.195,-578,-1564
98130,98848,718,0,GE-Phase,preparation,97846,98286,440,156,0.217,284,562
98130,98848,718,0,GE-Phase,stroke,98286,98526,240,240,0.334,-156,322
98130,98848,718,0,GE-Phase,retraction,98526,98708,182,182,0.253,-396,140
98130,98848,718,0,GE-Phase,stroke,98708,99217,509,140,0.195,-578,-369
98848,100935,2087,0,GE-Phrase,231,98708,100412,1704,1564,0.749,140,523
98848,100935,2087,0,GE-Phase,stroke,98708,99217,509,369,0.177,140,1718
98848,100935,2087,0,GE-Phase,retraction,99217,100412,1195,1195,0.573,-369,523
137060,138339,1279,0,GE-Phrase,235,136803,138001,1198,941,0.736,257,338
137060,138339,1279,0,GE-Phrase,236,138001,139371,1370,338,0.264,-941,-1032
137060,138339,1279,0,GE-Phase,stroke,136963,137483,520,423,0.331,97,856
137060,138339,1279,0,GE-Phase,hold,137483,138001,518,518,0.405,-423,338
137060,138339,1279,0,GE-Phase,preparation,138001,138475,474,338,0.264,-941,-136
138339,139647,1308,0,GE-Phrase,236,138001,139371,1370,1032,0.789,338,276
138339,139647,1308,0,GE-Phrase,237,139371,143181,3810,276,0.211,-1032,-3534
138339,139647,1308,0,GE-Phase,preparation,138001,138475,474,136,0.104,338,1172
138339,139647,1308,0,GE-Phase,stroke,138475,139096,621,621,0.475,-136,551
138339,139647,1308,0,GE-Phase,retraction,139096,139371,275,275,0.21,-757,276
138339,139647,1308,0,GE-Phase,preparation,139371,140340,969,276,0.211,-1032,-693
4370,5588,1218,0,GE-Phrase,201,2608,9088,6480,1218,1.0,1762,-3500
4370,5588,1218,0,GE-Phase,stroke,2772,9088,6316,1218,1.0,1598,-3500
5588,7444,1856,0,GE-Phrase,201,2608,9088,6480,1856,1.0,2980,-1644
5588,7444,1856,0,GE-Phase,stroke,2772,9088,6316,1856,1.0,2816,-1644
76336,77850,1514,0,GE-Phrase,226,76279,77639,1360,1303,0.861,57,211
76336,77850,1514,0,GE-Phrase,227,77639,79279,1640,211,0.139,-1303,-1429
76336,77850,1514,0,GE-Phase,preparation,76279,76512,233,176,0.116,57,1338
76336,77850,1514,0,GE-Phase,stroke,76512,76980,468,468,0.309,-176,870
76336,77850,1514,0,GE-Phase,hold,76980,77639,659,659,0.435,-644,211
76336,77850,1514,0,GE-Phase,preparation,77639,77999,360,211,0.139,-1303,-149
77850,79367,1517,0,GE-Phrase,227,77639,79279,1640,1429,0.942,211,88
77850,79367,1517,0,GE-Phrase,228,79279,80954,1675,88,0.058,-1429,-1587
77850,79367,1517,0,GE-Phase,preparation,77639,77999,360,149,0.098,211,1368
77850,79367,1517,0,GE-Phase,stroke,77999,78319,320,320,0.211,-149,1048
77850,79367,1517,0,GE-Phase,hold,78319,79039,720,720,0.475,-469,328
77850,79367,1517,0,GE-Phase,retraction,79039,79279,240,240,0.158,-1189,88
77850,79367,1517,0,GE-Phase,preparation,79279,79501,222,88,0.058,-1429,-134
79367,79692,325,0,GE-Phrase,228,79279,80954,1675,325,1.0,88,-1262
79367,79692,325,0,GE-Phase,preparation,79279,79501,222,134,0.412,88,191
79367,79692,325,0,GE-Phase,stroke,79501,79868,367,191,0.588,-134,-176
79692,81357,1665,0,GE-Phrase,228,79279,80954,1675,1262,0.758,413,403
79692,81357,1665,0,GE-Phrase,229,80954,82638,1684,403,0.242,-1262,-1281
79692,81357,1665,0,GE-Phase,stroke,79501,79868,367,176,0.106,191,1489
79692,81357,1665,0,GE-Phase,hold,79868,80508,640,640,0.384,-176,849
79692,81357,1665,0,GE-Phase,retraction,80508,80954,446,446,0.268,-816,403
79692,81357,1665,0,GE-Phase,preparation,80954,81451,497,403,0.242,-1262,-94
97800,98130,330,0,GE-Phrase,230,97846,98708,862,284,0.861,-46,-578
97800,98130,330,0,GE-Phase,preparation,97846,98286,440,284,0.861,-46,-156
98130,98848,718,0,GE-Phrase,230,97846,98708,862,578,0.805,284,140
98130,98848,718,0,GE-Phrase,231,98708,100412,1704,140,0.195,-578,-1564
98130,98848,718,0,GE-Phase,preparation,97846,98286,440,156,0.217,284,562
98130,98848,718,0,GE-Phase,stroke,98286,98526,240,240,0.334,-156,322
98130,98848,718,0,GE-Phase,retraction,98526,98708,182,182,0.253,-396,140
98130,98848,718,0,GE-Phase,stroke,98708,99217,509,140,0.195,-578,-369
98848,100935,2087,0,GE-Phrase,231,98708,100412,1704,1564,0.749,140,523
98848,100935,2087,0,GE-Phase,stroke,98708,99217,509,369,0.177,140,1718
98848,100935,2087,0,GE-Phase,retraction,99217,100412,1195,1195,0.573,-369,523
137060,138339,1279,0,GE-Phrase,235,136803,138001,1198,941,0.736,257,338
137060,138339,1279,0,GE-Phrase,236,138001,139371,1370,338,0.264,-941,-1032
137060,138339,1279,0,GE-Phase,stroke,136963,137483,520,423,0.331,97,856
137060,138339,1279,0,GE-Phase,hold,137483,138001,518,518,0.405,-423,338
137060,138339,1279,0,GE-Phase,preparation,138001,138475,474,338,0.264,-941,-136
138339,139647,1308,0,GE-Phrase,236,138001,139371,1370,1032,0.789,338,276
138339,139647,1308,0,GE-Phrase,237,139371,143181,3810,276,0.211,-1032,-3534
138339,139647,1308,0,GE-Phase,preparation,138001,138475,474,136,0.104,338,1172
138339,139647,1308,0,GE-Phase,stroke,138475,139096,621,621,0.475,-136,551
138339,139647,1308,0,GE-Phase,retraction,139096,139371,275,275,0.21,-757,276
138339,139647,1308,0,GE-Phase,preparation,139371,140340,969,276,0.211,-1032,-693
4370,5588,1218,0,GE-Phrase,201,2608,9088,6480,1218,1.0,1762,-3500
4370,5588,1218,0,GE-Phase,stroke,2772,9088,6316,1218,1.0,1598,-3500
5588,7444,1856,0,GE-Phrase,201,2608,9088,6480,1856,1.0,2980,-1644
5588,7444,1856,0,GE-Phase,stroke,2772,9088,6316,1856,1.0,2816,-1644
76336,77850,1514,0,GE-Phrase,226,76279,77639,1360,1303,0.861,57,211
76336,77850,1514,0,GE-Phrase,227,77639,79279,1640,211,0.139,-1303,-1429
76336,77850,1514,0,GE-Phase,preparation,76279,76512,233,176,0.116,57,1338
76336,77850,1514,0,GE-Phase,stroke,76512,76980,468,468,0.309,-176,870
76336,77850,1514,0,GE-Phase,hold,76980,77639,659,659,0.435,-644,211
76336,77850,1514,0,GE-Phase,preparation,77639,77999,360,211,0.139,-1303,-149
77850,79367,1517,0,GE-Phrase,227,77639,79279,1640,1429,0.942,211,88
77850,79367,1517,0,GE-Phrase,228,79279,80954,1675,88,0.058,-1429,-1587
77850,79367,1517,0,GE-Phase,preparation,77639,77999,360,149,0.098,211,1368
77850,79367,1517,0,GE-Phase,stroke,77999,78319,320,320,0.211,-149,1048
77850,79367,1517,0,GE-Phase,hold,78319,79039,720,720,0.475,-469,328
77850,79367,1517,0,GE-Phase,retraction,79039,79279,240,240,0.158,-1189,88
77850,79367,1517,0,GE-Phase,preparation,79279,79501,222,88,0.058,-1429,-134
79367,79692,325,0,GE-Phrase,228,79279,80954,1675,325,1.0,88,-1262
79367,79692,325,0,GE-Phase,preparation,79279,79501,222,134,0.412,88,191
79367,79692,325,0,GE-Phase,stroke,79501,79868,367,191,0.588,-134,-176
79692,81357,1665,0,GE-Phrase,228,79279,80954,1675,1262,0.758,413,403
79692,81357,1665,0,GE-Phrase,229,80954,82638,1684,403,0.242,-1262,-1281
79692,81357,1665,0,GE-Phase,stroke,79501,79868,367,176,0.106,191,1489
79692,81357,1665,0,GE-Phase,hold,79868,80508,640,640,0.384,-176,849
79692,81357,1665,0,GE-Phase,retraction,80508,80954,446,446,0.268,-816,403
79692,81357,1665,0,GE-Phase,preparation,80954,81451,497,403,0.242,-1262,-94
97800,98130,330,0,GE-Phrase,230,97846,98708,862,284,0.861,-46,-578
97800,98130,330,0,GE-Phase,preparation,97846,98286,440,284,0.861,-46,-156
98130,98848,718,0,GE-Phrase,230,97846,98708,862,578,0.805,284,140
98130,98848,718,0,GE-Phrase,231,98708,100412,1704,140,0.195,-578,-1564
98130,98848,718,0,GE-Phase,preparation,97846,98286,440,156,0.217,284,562
98130,98848,718,0,GE-Phase,stroke,98286,98526,240,240,0.334,-156,322
98130,98848,718,0,GE-Phase,retraction,98526,98708,182,182,0.253,-396,140
98130,98848,718,0,GE-Phase,stroke,98708,99217,509,140,0.195,-578,-369
98848,100935,2087,0,GE-Phrase,231,98708,100412,1704,1564,0.749,140,523
98848,100935,2087,0,GE-Phase,stroke,98708,99217,509,369,0.177,140,1718
98848,100935,2087,0,GE-Phase,retraction,99217,100412,1195,1195,0.573,-369,523
137060,138339,1279,0,GE-Phrase,235,136803,138001,1198,941,0.736,257,338
137060,138339,1279,0,GE-Phrase,236,138001,139371,1370,338,0.264,-941,-1032
137060,138339,1279,0,GE-Phase,stroke,136963,137483,520,423,0.331,97,856
137060,138339,1279,0,GE-Phase,hold,137483,138001,518,518,0.405,-423,338
137060,138339,1279,0,GE-Phase,preparation,138001,138475,474,338,0.264,-941,-136
138339,139647,1308,0,GE-Phrase,236,138001,139371,1370,1032,0.789,338,276
138339,139647,1308,0,GE-Phrase,237,139371,143181,3810,276,0.211,-1032,-3534
138339,139647,1308,0,GE-Phase,preparation,138001,138475,474,136,0.104,338,1172
138339,139647,1308,0,GE-Phase,stroke,138475,139096,621,621,0.475,-136,551
138339,139647,1308,0,GE-Phase,retraction,139096,139371,275,275,0.21,-757,276
138339,139647,1308,0,GE-Phase,preparation,139371,140340,969,276,0.211,-1032,-693
4370,5588,1218,0,GE-Phrase,201,2608,9088,6480,1218,1.0,1762,-3500
4370,5588,1218,0,GE-Phase,stroke,2772,9088,6316,1218,1.0,1598,-3500
5588,7444,1856,0,GE-Phrase,201,2608,9088,6480,1856,1.0,2980,-1644
5588,7444,1856,0,GE-Phase,stroke,2772,9088,6316,1856,1.0,2816,-1644
76336,77850,1514,0,GE-Phrase,226,76279,77639,1360,1303,0.861,57,211
76336,77850,1514,0,GE-Phrase,227,77639,79279,1640,211,0.139,-1303,-1429
76336,77850,1514,0,GE-Phase,preparation,76279,76512,233,176,0.116,57,1338
76336,77850,1514,0,GE-Phase,stroke,76512,76980,468,468,0.309,-176,870
76336,77850,1514,0,GE-Phase,hold,76980,77639,659,659,0.435,-644,211
76336,77850,1514,0,GE-Phase,preparation,77639,77999,360,211,0.139,-1303,-149
77850,79367,1517,0,GE-Phrase,227,77639,79279,1640,1429,0.942,211,88
77850,79367,1517,0,GE-Phrase,228,79279,80954,1675,88,0.058,-1429,-1587
77850,79367,1517,0,GE-Phase,preparation,77639,77999,360,149,0.098,211,1368
77850,79367,1517,0,GE-Phase,stroke,77999,78319,320,320,0.211,-149,1048
77850,79367,1517,0,GE-Phase,hold,78319,79039,720,720,0.475,-469,328
77850,79367,1517,0,GE-Phase,retraction,79039,79279,240,240,0.158,-1189,88
77850,79367,1517,0,GE-Phase,preparation,79279,79501,222,88,0.058,-1429,-134
79367,79692,325,0,GE-Phrase,228,79279,80954,1675,325,1.0,88,-1262
79367,79692,325,0,GE-Phase,preparation,79279,79501,222,134,0.412,88,191
79367,79692,325,0,GE-Phase,stroke,79501,79868,367,191,0.588,-134,-176
79692,81357,1665,0,GE-Phrase,228,79279,80954,1675,1262,0.758,413,403
79692,81357,1665,0,GE-Phrase,229,80954,82638,1684,403,0.242,-1262,-1281
79692,81357,1665,0,GE-Phase,stroke,79501,79868,367,176,0.106,191,1489
79692,81357,1665,0,GE-Phase,hold,79868,80508,640,640,0.384,-176,849
79692,81357,1665,0,GE-Phase,retraction,80508,80954,446,446,0.268,-816,403
79692,81357,1665,0,GE-Phase,preparation,80954,81451,497,403,0.242,-1262,-94
97800,98130,330,0,GE-Phrase,230,97846,98708,862,284,0.861,-46,-578
97800,98130,330,0,GE-Phase,preparation,97846,98286,440,284,0.861,-46,-156
98130,98848,718,0,GE-Phrase,230,97846,98708,862,578,0.805,284,140
98130,98848,718,0,GE-Phrase,231,98708,100412,1704,140,0.195,-578,-1564
98130,98848,718,0,GE-Phase,preparation,97846,98286,440,156,0.217,284,562
98130,98848,718,0,GE-Phase,stroke,98286,98526,240,240,0.334,-156,322
98130,98848,718,0,GE-Phase,retraction,98526,98708,182,182,0.253,-396,140
98130,98848,718,0,GE-Phase,stroke,98708,99217,509,140,0.195,-578,-369
98848,100935,2087,0,GE-Phrase,231,98708,100412,1704,1564,0.749,140,523
98848,100935,2087,0,GE-Phase,stroke,98708,99217,509,369,0.177,140,1718
98848,100935,2087,0,GE-Phase,retraction,99217,100412,1195,1195,0.573,-369,523
137060,138339,1279,0,GE-Phrase,235,136803,138001,1198,941,0.736,257,338
137060,138339,1279,0,GE-Phrase,236,138001,139371,1370,338,0.264,-941,-1032
137060,138339,1279,0,GE-Phase,stroke,136963,137483,520,423,0.331,97,856
137060,138339,1279,0,GE-Phase,hold,137483,138001,518,518,0.405,-423,338
137060,138339,1279,0,GE-Phase,preparation,138001,138475,474,338,0.264,-941,-136
138339,139647,1308,0,GE-Phrase,236,138001,139371,1370,1032,0.789,338,276
138339,139647,1308,0,GE-Phrase,237,139371,143181,3810,276,0.211,-1032,-3534
138339,139647,1308,0,GE-Phase,preparation,138001,138475,474,136,0.104,338,1172
138339,139647,1308,0,GE-Phase,stroke,138475,139096,621,621,0.475,-136,551
138339,139647,1308,0,GE-Phase,retraction,139096,139371,275,275,0.21,-757,276
138339,139647,1308,0,GE-Phase,preparation,139371,140340,969,276,0.211,-1032,-693
4370,5588,1218,0,GE-Phrase,201,2608,9088,6480,1218,1.0,1762,-3500
4370,5588,1218,0,GE-Phase,stroke,2772,9088,6316,1218,1.0,1598,-3500
5588,7444,1856,0,GE-Phrase,201,2608,9088,6480,1856,1.0,2980,-1644
5588,7444,1856,0,GE-Phase,stroke,2772,9088,6316,1856,1.0,2816,-1644
76336,77850,1514,0,GE-Phrase,226,76279,77639,1360,1303,0.861,57,211
76336,77850,1514,0,GE-Phrase,227,77639,79279,1640,211,0.139,-1303,-1429
76336,77850,1514,0,GE-Phase,preparation,76279,76512,233,176,0.116,57,1338
76336,77850,1514,0,GE-Phase,stroke,76512,76980,468,468,0.309,-176,870
76336,77850,1514,0,GE-Phase,hold,76980,77639,659,659,0.435,-644,211
76336,77850,1514,0,GE-Phase,preparation,77639,77999,360,211,0.139,-1303,-149
77850,79367,1517,0,GE-Phrase,227,77639,79279,1640,1429,0.942,211,88
77850,79367,1517,0,GE-Phrase,228,79279,80954,1675,88,0.058,-1429,-1587
77850,79367,1517,0,GE-Phase,preparation,77639,77999,360,149,0.098,211,1368
77850,79367,1517,0,GE-Phase,stroke,77999,78319,320,320,0.211,-149,1048
77850,79367,1517,0,GE-Phase,hold,78319,79039,720,720,0.475,-469,328
77850,79367,1517,0,GE-Phase,retraction,79039,79279,240,240,0.158,-1189,88
77850,79367,1517,0,GE-Phase,preparation,79279,79501,222,88,0.058,-1429,-134
79367,79692,325,0,GE-Phrase,228,79279,80954,1675,325,1.0,88,-1262
79367,79692,325,0,GE-Phase,preparation,79279,79501,222,134,0.412,88,191
79367,79692,325,0,GE-Phase,stroke,79501,79868,367,191,0.588,-134,-176
79692,81357,1665,0,GE-Phrase,228,79279,80954,1675,1262,0.758,413,403
79692,81357,1665,0,GE-Phrase,229,80954,82638,1684,403,0.242,-1262,-1281
79692,81357,1665,0,GE-Phase,stroke,79501,79868,367,176,0.106,191,1489
79692,81357,1665,0,GE-Phase,hold,79868,80508,640,640,0.384,-176,849
79692,81357,1665,0,GE-Phase,retraction,80508,80954,446,446,0.268,-816,403
79692,81357,1665,0,GE-Phase,preparation,80954,81451,497,403,0.242,-1262,-94
97800,98130,330,0,GE-Phrase,230,97846,98708,862,284,0.861,-46,-578
97800,98130,330,0,GE-Phase,preparation,97846,98286,440,284,0.861,-46,-156
98130,98848,718,0,GE-Phrase,230,97846,98708,862,578,0.805,284,140
98130,98848,718,0,GE-Phrase,231,98708,100412,1704,140,0.195,-578,-1564
98130,98848,718,0,GE-Phase,preparation,97846,98286,440,156,0.217,284,562
98130,98848,718,0,GE-Phase,stroke,98286,98526,240,240,0.334,-156,322
98130,98848,718,0,GE-Phase,retraction,98526,98708,182,182,0.253,-396,140
98130,98848,718,0,GE-Phase,stroke,98708,99217,509,140,0.195,-578,-369
98848,100935,2087,0,GE-Phrase,231,98708,100412,1704,1564,0.749,140,523
98848,100935,2087,0,GE-Phase,stroke,98708,99217,509,369,0.177,140,1718
98848,100935,2087,0,GE-Phase,retraction,99217,100412,1195,1195,0.573,-369,523
137060,138339,1279,0,GE-Phrase,235,136803,138001,1198,941,0.736,257,338
137060,138339,1279,0,GE-Phrase,236,138001,139371,1370,338,0.264,-941,-1032
137060,138339,1279,0,GE-Phase,stroke,136963,137483,520,423,0.331,97,856
137060,138339,1279,0,GE-Phase,hold,137483,138001,518,518,0.405,-423,338
137060,138339,1279,0,GE-Phase,preparation,138001,138475,474,338,0.264,-941,-136
138339,139647,1308,0,GE-Phrase,236,138001,139371,1370,1032,0.789,338,276
138339,139647,1308,0,GE-Phrase,237,139371,143181,3810,276,0.211,-1032,-3534
138339,139647,1308,0,GE-Phase,preparation,138001,138475,474,136,0.104,338,1172
138339,139647,1308,0,GE-Phase,stroke,138475,139096,621,621,0.475,-136,551
138339,139647,1308,0,GE-Phase,retraction,139096,139371,275,275,0.21,-757,276
138339,139647,1308,0,GE-Phase,preparation,139371,140340,969,276,0.211,-1032,-693
4370,5588,1218,0,GE-Phrase,201,2608,9088,6480,1218,1.0,1762,-3500
4370,5588,1218,0,GE-Phase,stroke,2772,9088,6316,1218,1.0,1598,-3500
5588,7444,1856,0,GE-Phrase,201,2608,9088,6480,1856,1.0,2980,-1644
5588,7444,1856,0,GE-Phase,stroke,2772,9088,6316,1856,1.0,2816,-1644
76336,77850,1514,0,GE-Phrase,226,76279,77639,1360,1303,0.861,57,211
76336,77850,1514,0,GE-Phrase,227,77639,79279,1640,211,0.139,-1303,-1429
76336,77850,1514,0,GE-Phase,preparation,76279,76512,233,176,0.116,57,1338
76336,77850,1514,0,GE-Phase,stroke,76512,76980,468,468,0.309,-176,870
76336,77850,1514,0,GE-Phase,hold,76980,77639,659,659,0.435,-644,211
76336,77850,1514,0,GE-Phase,preparation,77639,77999,360,211,0.139,-1303,-149
77850,79367,1517,0,GE-Phrase,227,77639,79279,1640,1429,0.942,211,88
77850,79367,1517,0,GE-Phrase,228,79279,80954,1675,88,0.058,-1429,-1587
77850,79367,1517,0,GE-Phase,preparation,77639,77999,360,149,0.098,211,1368
77850,79367,1517,0,GE-Phase,stroke,77999,78319,320,320,0.211,-149,1048
77850,79367,1517,0,GE-Phase,hold,78319,79039,720,720,0.475,-469,328
77850,79367,1517,0,GE-Phase,retraction,79039,79279,240,240,0.158,-1189,88
77850,79367,1517,0,GE-Phase,preparation,79279,79501,222,88,0.058,-1429,-134
79367,79692,325,0,GE-Phrase,228,79279,80954,1675,325,1.0,88,-1262
79367,79692,325,0,GE-Phase,preparation,79279,79501,222,134,0.412,88,191
79367,79692,325,0,GE-Phase,stroke,79501,79868,367,191,0.588,-134,-176
79692,81357,1665,0,GE-Phrase,228,79279,80954,1675,1262,0.758,413,403
79692,81357,1665,0,GE-Phrase,229,80954,82638,1684,403,0.242,-1262,-1281
79692,81357,1665,0,GE-Phase,stroke,79501,79868,367,176,0.106,191,1489
79692,81357,1665,0,GE-Phase,hold,79868,80508,640,640,0.384,-176,849
79692,81357,1665,0,GE-Phase,retraction,80508,80954,446,446,0.268,-816,403
79692,81357,1665,0,GE-Phase,preparation,80954,81451,497,403,0.242,-1262,-94
97800,98130,330,0,GE-Phrase,230,97846,98708,862,284,0.861,-46,-578
97800,98130,330,0,GE-Phase,preparation,97846,98286,440,284,0.861,-46,-156
98130,98848,718,0,GE-Phrase,230,97846,98708,862,578,0.805,284,140
98130,98848,718,0,GE-Phrase,231,98708,100412,1704,140,0.195,-578,-1564
98130,98848,718,0,GE-Phase,preparation,97846,98286,440,156,0.217,284,562
98130,98848,718,0,GE-Phase,stroke,98286,98526,240,240,0.334,-156,322
98130,98848,718,0,GE-Phase,retraction,98526,98708,182,182,0.253,-396,140
98130,98848,718,0,GE-Phase,stroke,98708,99217,509,140,0.195,-578,-369
98848,100935,2087,0,GE-Phrase,231,98708,100412,1704,1564,0.749,140,523
98848,100935,2087,0,GE-Phase,stroke,98708,99217,509,369,0.177,140,1718
98848,100935,2087,0,GE-Phase,retraction,99217,100412,1195,1195,0.573,-369,523
137060,138339,1279,0,GE-Phrase,235,136803,138001,1198,941,0.736,257,338
137060,138339,1279,0,GE-Phrase,236,138001,139371,1370,338,0.264,-941,-1032
137060,138339,1279,0,GE-Phase,stroke,136963,137483,520,423,0.331,97,856
137060,138339,1279,0,GE-Phase,hold,137483,138001,518,518,0.405,-423,338
137060,138339,1279,0,GE-Phase,preparation,138001,138475,474,338,0.264,-941,-136
138339,139647,1308,0,GE-Phrase,236,138001,139371,1370,1032,0.789,338,276
138339,139647,1308,0,GE-Phrase,237,139371,143181,3810,276,0.211,-1032,-3534
138339,139647,1308,0,GE-Phase,preparation,138001,138475,474,136,0.104,338,1172
138339,139647,1308,0,GE-Phase,stroke,138475,139096,621,621,0.475,-136,551
138339,139647,1308,0,GE-Phase,retraction,139096,139371,275,275,0.21,-757,276
138339,139647,1308,0,GE-Phase,preparation,139371,140340,969,276,0.211,-1032,-693
4370,5588,1218,0,GE-Phrase,201,2608,9088,6480,1218,1.0,1762,-3500
4370,5588,1218,0,GE-Phase,stroke,2772,9088,6316,1218,1.0,1598,-3500
5588,7444,1856,0,GE-Phrase,201,2608,9088,6480,1856,1.0,2980,-1644
5588,7444,1856,0,GE-Phase,stroke,2772,9088,6316,1856,1.0,2816,-1644
76336,77850,1514,0,GE-Phrase,226,76279,77639,1360,1303,0.861,57,211
76336,77850,1514,0,GE-Phrase,227,77639,79279,1640,211,0.139,-1303,-1429
76336,77850,1514,0,GE-Phase,preparation,76279,76512,233,176,0.116,57,1338
76336,77850,1514,0,GE-Phase,stroke,76512,76980,468,468,0.309,-176,870
76336,77850,1514,0,GE-Phase,hold,76980,77639,659,659,0.435,-644,211
76336,77850,1514,0,GE-Phase,preparation,77639,77999,360,211,0.139,-1303,-149
77850,79367,1517,0,GE-Phrase,227,77639,79279,1640,1429,0.942,211,88
77850,79367,1517,0,GE-Phrase,228,79279,80954,1675,88,0.058,-1429,-1587
77850,79367,1517,0,GE-Phase,preparation,77639,77999,360,149,0.098,211,1368
77850,79367,1517,0,GE-Phase,stroke,77999,78319,320,320,0.211,-149,1048
77850,79367,1517,0,GE-Phase,hold,78319,79039,720,720,0.475,-469,328
77850,79367,1517,0,GE-Phase,retraction,79039,79279,240,240,0.158,-1189,88
77850,79367,1517,0,GE-Phase,preparation,79279,79501,222,88,0.058,-1429,-134
79367,79692,325,0,GE-Phrase,228,79279,80954,1675,325,1.0,88,-1262
79367,79692,325,0,GE-Phase,preparation,79279,79501,222,134,0.412,88,191
79367,79692,325,0,GE-Phase,stroke,79501,79868,367,191,0.588,-134,-176
79692,81357,1665,0,GE-Phrase,228,79279,80954,1675,1262,0.758,413,403
79692,81357,1665,0,GE-Phrase,229,80954,82638,1684,403,0.242,-1262,-1281
79692,81357,1665,0,GE-Phase,stroke,79501,79868,367,176,0.106,191,1489
79692,81357,1665,0,GE-Phase,hold,79868,80508,640,640,0.384,-176,849
79692,81357,1665,0,GE-Phase,retraction,80508,80954,446,446,0.268,-816,403
79692,81357,1665,0,GE-Phase,preparation,80954,81451,497,403,0.242,-1262,-94
97800,98130,330,0,GE-Phrase,230,97846,98708,862,284,0.861,-46,-578
97800,98130,330,0,GE-Phase,preparation,97846,98286,440,284,0.861,-46,-156
98130,98848,718,0,GE-Phrase,230,97846,98708,862,578,0.805,284,140
98130,98848,718,0,GE-Phrase,231,98708,100412,1704,140,0.195,-578,-1564
98130,98848,718,0,GE-Phase,preparation,97846,98286,440,156,0.217,284,562
98130,98848,718,0,GE-Phase,stroke,98286,98526,240,240,0.334,-156,322
98130,98848,718,0,GE-Phase,retraction,98526,98708,182,182,0.253,-396,140
98130,98848,718,0,GE-Phase,stroke,98708,99217,509,140,0.195,-578,-369
98848,100935,2087,0,GE-Phrase,231,98708,100412,1704,1564,0.749,140,523
98848,100935,2087,0,GE-Phase,stroke,98708,99217,509,369,0.177,140,1718
98848,100935,2087,0,GE-Phase,retraction,99217,100412,1195,1195,0.573,-369,523
137060,138339,1279,0,GE-Phrase,235,136803,138001,1198,941,0.736,257,338
137060,138339,1279,0,GE-Phrase,236,138001,139371,1370,338,0.264,-941,-1032
137060,138339,1279,0,GE-Phase,stroke,136963,137483,520,423,0.331,97,856
137060,138339,1279,0,GE-Phase,hold,137483,138001,518,518,0.405,-423,338
137060,138339,1279,0,GE-Phase,preparation,138001,138475,474,338,0.264,-941,-136
138339,139647,1308,0,GE-Phrase,236,138001,139371,1370,1032,0.789,338,276
138339,139647,1308,0,GE-Phrase,237,139371,143181,3810,276,0.211,-1032,-3534
138339,139647,1308,0,GE-Phase,preparation,138001,138475,474,136,0.104,338,1172
138339,139647,1308,0,GE-Phase,stroke,138475,139096,621,621,0.475,-136,551
138339,139647,1308,0,GE-Phase,retraction,139096,139371,275,275,0.21,-757,276
138339,139647,1308,0,GE-Phase,preparation,139371,140340,969,276,0.211,-1032,-693
4370,5588,1218,0,GE-Phrase,201,2608,9088,6480,1218,1.0,1762,-3500
4370,5588,1218,0,GE-Phase,stroke,2772,9088,6316,1218,1.0,1598,-3500
5588,7444,1856,0,GE-Phrase,201,2608,9088,6480,1856,1.0,2980,-1644
5588,7444,1856,0,GE-Phase,stroke,2772,9088,6316,1856,1.0,2816,-1644
76336,77850,1514,0,GE-Phrase,226,76279,77639,1360,1303,0.861,57,211
76336,77850,1514,0,GE-Phrase,227,77639,79279,1640,211,0.139,-1303,-1429
76336,77850,1514,0,GE-Phase,preparation,76279,76512,233,176,0.116,57,1338
76336,77850,1514,0,GE-Phase,stroke,76512,76980,468,468,0.309,-176,870
76336,77850,1514,0,GE-Phase,hold,76980,77639,659,659,0.435,-644,211
76336,77850,1514,0,GE-Phase,preparation,77639,77999,360,211,0.139,-1303,-149
77850,79367,1517,0,GE-Phrase,227,77639,79279,1640,1429,0.942,211,88
77850,79367,1517,0,GE-Phrase,228,79279,80954,1675,88,0.058,-1429,-1587
77850,79367,1517,0,GE-Phase,preparation,77639,77999,360,149,0.098,211,1368
77850,79367,1517,0,GE-Phase,stroke,77999,78319,320,320,0.211,-149,1048
77850,79367,1517,0,GE-Phase,hold,78319,79039,720,720,0.475,-469,328
77850,79367,1517,0,GE-Phase,retraction,79039,79279,240,240,0.158,-1189,88
77850,79367,1517,0,GE-Phase,preparation,79279,79501,222,88,0.058,-1429,-134
79367,79692,325,0,GE-Phrase,228,79279,80954,1675,325,1.0,88,-1262
79367,79692,325,0,GE-Phase,preparation,79279,79501,222,134,0.412,88,191
79367,79692,325,0,GE-Phase,stroke,79501,79868,367,191,0.588,-134,-176
79692,81357,1665,0,GE-Phrase,228,79279,80954,1675,1262,0.758,413,403
79692,81357,1665,0,GE-Phrase,229,80954,82638,1684,403,0.242,-1262,-1281
79692,81357,1665,0,GE-Phase,stroke,79501,79868,367,176,0.106,191,1489
79692,81357,1665,0,GE-Phase,hold,79868,80508,640,640,0.384,-176,849
79692,81357,1665,0,GE-Phase,retraction,80508,80954,446,446,0.268,-816,403
79692,81357,1665,0,GE-Phase,preparation,80954,81451,497,403,0.242,-1262,-94
97800,98130,330,0,GE-Phrase,230,97846,98708,862,284,0.861,-46,-578
97800,98130,330,0,GE-Phase,preparation,97846,98286,440,284,0.861,-46,-156
98130,98848,718,0,GE-Phrase,230,97846,98708,862,578,0.805,284,140
98130,98848,718,0,GE-Phrase,231,98708,100412,1704,140,0.195,-578,-1564
98130,98848,718,0,GE-Phase,preparation,97846,98286,440,156,0.217,284,562
98130,98848,718,0,GE-Phase,stroke,98286,98526,240,240,0.334,-156,322
98130,98848,718,0,GE-Phase,retraction,98526,98708,182,182,0.253,-396,140
98130,98848,718,0,GE-Phase,stroke,98708,99217,509,140,0.195,-578,-369
98848,100935,2087,0,GE-Phrase,231,98708,100412,1704,1564,0.749,140,523
98848,100935,2087,0,GE-Phase,stroke,98708,99217,509,369,0.177,140,1718
98848,100935,2087,0,GE-Phase,retraction,99217,100412,1195,1195,0.573,-369,523
137060,138339,1279,0,GE-Phrase,235,136803,138001,1198,941,0.736,257,338
137060,138339,1279,0,GE-Phrase,236,138001,139371,1370,338,0.264,-941,-1032
137060,138339,1279,0,GE-Phase,stroke,136963,137483,520,423,0.331,97,856
137060,138339,1279,0,GE-Phase,hold,137483,138001,518,518,0.405,-423,338
137060,138339,1279,0,GE-Phase,preparation,138001,138475,474,338,0.264,-941,-136
138339,139647,1308,0,GE-Phrase,236,138001,139371,1370,1032,0.789,338,276
138339,139647,1308,0,GE-Phrase,237,139371,143181,3810,276,0.211,-1032,-3534
138339,139647,1308,0,GE-Phase,preparation,138001,138475,474,136,0.104,338,1172
138339,139647,1308,0,GE-Phase,stroke,138475,139096,621,621,0.475,-136,551
138339,139647,1308,0,GE-Phase,retraction,139096,139371,275,275,0.21,-757,276
138339,139647,1308,0,GE-Phase,preparation,139371,140340,969,276,0.211,-1032,-693
4370,5588,1218,0,GE-Phrase,201,2608,9088,6480,1218,1.0,1762,-3500
4370,5588,1218,0,GE-Phase,stroke,2772,9088,6316,1218,1.0,1598,-3500
5588,7444,1856,0,GE-Phrase,201,2608,9088,6480,1856,1.0,2980,-1644
5588,7444,1856,0,GE-Phase,stroke,2772,9088,6316,1856,1.0,2816,-1644
76336,77850,1514,0,GE-Phrase,226,76279,77639,1360,1303,0.861,57,211
76336,77850,1514,0,GE-Phrase,227,77639,79279,1640,211,0.139,-1303,-1429
76336,77850,1514,0,GE-Phase,preparation,76279,76512,233,176,0.116,57,1338
76336,77850,1514,0,GE-Phase,stroke,76512,76980,468,468,0.309,-176,870
76336,77850,1514,0,GE-Phase,hold,76980,77639,659,659,0.435,-644,211
76336,77850,1514,0,GE-Phase,preparation,77639,77999,360,211,0.139,-1303,-149
77850,79367,1517,0,GE-Phrase,227,77639,79279,1640,1429,0.942,211,88
77850,79367,1517,0,GE-Phrase,228,79279,80954,1675,88,0.058,-1429,-1587
77850,79367,1517,0,GE-Phase,preparation,77639,77999,360,149,0.098,211,1368
77850,79367,1517,0,GE-Phase,stroke,77999,78319,320,320,0.211,-149,1048
77850,79367,1517,0,GE-Phase,hold,78319,79039,720,720,0.475,-469,328
77850,79367,1517,0,GE-Phase,retraction,79039,79279,240,240,0.158,-1189,88
77850,79367,1517,0,GE-Phase,preparation,79279,79501,222,88,0.058,-1429,-134
79367,79692,325,0,GE-Phrase,228,79279,80954,1675,325,1.0,88,-1262
79367,79692,325,0,GE-Phase,preparation,79279,79501,222,134,0.412,88,191
79367,79692,325,0,GE-Phase,stroke,79501,79868,367,191,0.588,-134,-176
79692,81357,1665,0,GE-Phrase,228,79279,80954,1675,1262,0.758,413,403
79692,81357,1665,0,GE-Phrase,229,80954,82638,1684,403,0.242,-1262,-1281
79692,81357,1665,0,GE-Phase,stroke,79501,79868,367,176,0.106,191,1489
79692,81357,1665,0,GE-Phase,hold,79868,80508,640,640,0.384,-176,849
79692,81357,1665,0,GE-Phase,retraction,80508,80954,446,446,0.268,-816,403
79692,81357,1665,0,GE-Phase,preparation,80954,81451,497,403,0.242,-1262,-94
97800,98130,330,0,GE-Phrase,230,97846,98708,862,284,0.861,-46,-578
97800,98130,330,0,GE-Phase,preparation,97846,98286,440,284,0.861,-46,-156
98130,98848,718,0,GE-Phrase,230,97846,98708,862,578,0.805,284,140
98130,98848,718,0,GE-Phrase,231,98708,100412,1704,140,0.195,-578,-1564
98130,98848,718,0,GE-Phase,preparation,97846,98286,440,156,0.217,284,562
98130,98848,718,0,GE-Phase,stroke,98286,98526,240,240,0.334,-156,322
98130,98848,718,0,GE-Phase,retraction,98526,98708,182,182,0.253,-396,140
98130,98848,718,0,GE-Phase,stroke,98708,99217,509,140,0.195,-578,-369
98848,100935,2087,0,GE-Phrase,231,98708,100412,1704,1564,0.749,140,523
98848,100935,2087,0,GE-Phase,stroke,98708,99217,509,369,0.177,140,1718
98848,100935,2087,0,GE-Phase,retraction,99217,100412,1195,1195,0.573,-369,523
137060,138339,1279,0,GE-Phrase,235,136803,138001,1198,941,0.736,257,338
137060,138339,1279,0,GE-Phrase,236,138001,139371,1370,338,0.264,-941,-1032
137060,138339,1279,0,GE-Phase,stroke,136963,137483,520,423,0.331,97,856
137060,138339,1279,0,GE-Phase,hold,137483,138001,518,518,0.405,-423,338
137060,138339,1279,0,GE-Phase,preparation,138001,138475,474,338,0.264,-941,-136
138339,139647,1308,0,GE-Phrase,236,138001,139371,1370,1032,0.789,338,276
138339,139647,1308,0,GE-Phrase,237,139371,143181,3810,276,0.211,-1032,-3534
138339,139647,1308,0,GE-Phase,preparation,138001,138475,474,136,0.104,338,1172
138339,139647,1308,0,GE-Phase,stroke,138475,139096,621,621,0.475,-136,551
138339,139647,1308,0,GE-Phase,retraction,139096,139371,275,275,0.21,-757,276
138339,139647,1308,0,GE-Phase,preparation,139371,140340,969,276,0.211,-1032,-693
4370,5588,1218,0,GE-Phrase,201,2608,9088,6480,1218,1.0,1762,-3500
4370,5588,1218,0,GE-Phase,stroke,2772,9088,6316,1218,1.0,1598,-3500
5588,7444,1856,0,GE-Phrase,201,2608,9088,6480,1856,1.0,2980,-1644
5588,7444,1856,0,GE-Phase,stroke,2772,9088,6316,1856,1.0,2816,-1644
76336,77850,1514,0,GE-Phrase,226,76279,77639,1360,1303,0.861,57,211
76336,77850,1514,0,GE-Phrase,227,77639,79279,1640,211,0.139,-1303,-1429
76336,77850,1514,0,GE-Phase,preparation,76279,76512,233,176,0.116,57,1338
76336,77850,1514,0,GE-Phase,stroke,76512,76980,468,468,0.309,-176,870
76336,77850,1514,0,GE-Phase,hold,76980,77639,659,659,0.435,-644,211
76336,77850,1514,0,GE-Phase,preparation,77639,77999,360,211,0.139,-1303,-149
77850,79367,1517,0,GE-Phrase,227,77639,79279,1640,1429,0.942,211,88
77850,79367,1517,0,GE-Phrase,228,79279,80954,1675,88,0.058,-1429,-1587
77850,79367,1517,0,GE-Phase,preparation,77639,77999,360,149,0.098,211,1368
77850,79367,1517,0,GE-Phase,stroke,77999,78319,320,320,0.211,-149,1048
77850,79367,1517,0,GE-Phase,hold,78319,79039,720,720,0.475,-469,328
77850,79367,1517,0,GE-Phase,retraction,79039,79279,240,240,0.158,-1189,88
77850,79367,1517,0,GE-Phase,preparation,79279,79501,222,88,0.058,-1429,-134
79367,79692,325,0,GE-Phrase,228,79279,80954,1675,325,1.0,88,-1262
79367,79692,325,0,GE-Phase,preparation,79279,79501,222,134,0.412,88,191
79367,79692,325,0,GE-Phase,stroke,79501,79868,367,191,0.588,-134,-176
79692,81357,1665,0,GE-Phrase,228,79279,80954,1675,1262,0.758,413,403
79692,81357,1665,0,GE-Phrase,229,80954,82638,1684,403,0.242,-1262,-1281
79692,81357,1665,0,GE-Phase,stroke,79501,79868,367,176,0.106,191,1489
79692,81357,1665,0,GE-Phase,hold,79868,80508,640,640,0.384,-176,849
79692,81357,1665,0,GE-Phase,retraction,80508,80954,446,446,0.268,-816,403
79692,81357,1665,0,GE-Phase,preparation,80954,81451,497,403,0.242,-1262,-94
97800,98130,330,0,GE-Phrase,230,97846,98708,862,284,0.861,-46,-578
97800,98130,330,0,GE-Phase,preparation,97846,98286,440,284,0.861,-46,-156
98130,98848,718,0,GE-Phrase,230,97846,98708,862,578,0.805,284,140
98130,98848,718,0,GE-Phrase,231,98708,100412,1704,140,0.195,-578,-1564
98130,98848,718,0,GE-Phase,preparation,97846,98286,440,156,0.217,284,562
98130,98848,718,0,GE-Phase,stroke,98286,98526,240,240,0.334,-156,322
98130,98848,718,0,GE-Phase,retraction,98526,98708,182,182,0.253,-396,140
98130,98848,718,0,GE-Phase,stroke,98708,99217,509,140,0.195,-578,-369
98848,100935,2087,0,GE-Phrase,231,98708,100412,1704,1564,0.749,140,523
98848,100935,2087,0,GE-Phase,stroke,98708,99217,509,369,0.177,140,1718
98848,100935,2087,0,GE-Phase,retraction,99217,100412,1195,1195,0.573,-369,523
137060,138339,1279,0,GE-Phrase,235,136803,138001,1198,941,0.736,257,338
137060,138339,1279,0,GE-Phrase,236,138001,139371,1370,338,0.264,-941,-1032
137060,138339,1279,0,GE-Phase,stroke,136963,137483,520,423,0.331,97,856
137060,138339,1279,0,GE-Phase,hold,137483,138001,518,518,0.405,-423,338
137060,138339,1279,0,GE-Phase,preparation,138001,138475,474,338,0.264,-941,-136
138339,139647,1308,0,GE-Phrase,236,138001,139371,1370,1032,0.789,338,276
138339,139647,1308,0,GE-Phrase,237,139371,143181,3810,276,0.211,-1032,-3534
138339,139647,1308,0,GE-Phase,preparation,138001,138475,474,136,0.104,338,1172
138339,139647,1308,0,GE-Phase,stroke,138475,139096,621,621,0.475,-136,551
138339,139647,1308,0,GE-Phase,retraction,139096,139371,275,275,0.21,-757,276
138339,139647,1308,0,GE-Phase,preparation,139371,140340,969,276,0.211,-1032,-693
4370,5588,1218,0,GE-Phrase,201,2608,9088,6480,1218,1.0,1762,-3500
4370,5588,1218,0,GE-Phase,stroke,2772,9088,6316,1218,1.0,1598,-3500
5588,7444,1856,0,GE-Phrase,201,2608,9088,6480,1856,1.0,2980,-1644
5588,7444,1856,0,GE-Phase,stroke,2772,9088,6316,1856,1.0,2816,-1644
76336,77850,1514,0,GE-Phrase,226,76279,77639,1360,1303,0.861,57,211
76336,77850,1514,0,GE-Phrase,227,77639,79279,1640,211,0.139,-1303,-1429
76336,77850,1514,0,GE-Phase,preparation,76279,76512,233,176,0.116,57,1338
76336,77850,1514,0,GE-Phase,stroke,76512,76980,468,468,0.309,-176,870
76336,77850,1514,0,GE-Phase,hold,76980,77639,659,659,0.435,-644,211
76336,77850,1514,0,GE-Phase,preparation,77639,77999,360,211,0.139,-1303,-149
77850,79367,1517,0,GE-Phrase,227,77639,79279,1640,1429,0.942,211,88
77850,79367,1517,0,GE-Phrase,228,79279,80954,1675,88,0.058,-1429,-1587
77850,79367,1517,0,GE-Phase,preparation,77639,77999,360,149,0.098,211,1368
77850,79367,1517,0,GE-Phase,stroke,77999,78319,320,320,0.211,-149,1048
77850,79367,1517,0,GE-Phase,hold,78319,79039,720,720,0.475,-469,328
77850,79367,1517,0,GE-Phase,retraction,79039,79279,240,240,0.158,-1189,88
77850,79367,1517,0,GE-Phase,preparation,79279,79501,222,88,0.058,-1429,-134
79367,79692,325,0,GE-Phrase,228,79279,80954,1675,325,1.0,88,-1262
79367,79692,325,0,GE-Phase,preparation,79279,79501,222,134,0.412,88,191
79367,79692,325,0,GE-Phase,stroke,79501,79868,367,191,0.588,-134,-176
79692,81357,1665,0,GE-Phrase,228,79279,80954,1675,1262,0.758,413,403
79692,81357,1665,0,GE-Phrase,229,80954,82638,1684,403,0.242,-1262,-1281
79692,81357,1665,0,GE-Phase,stroke,79501,79868,367,176,0.106,191,1489
79692,81357,1665,0,GE-Phase,hold,79868,80508,640,640,0.384,-176,849
79692,81357,1665,0,GE-Phase,retraction,80508,80954,446,446,0.268,-816,403
79692,81357,1665,0,GE-Phase,preparation,80954,81451,497,403,0.242,-1262,-94
97800,98130,330,0,GE-Phrase,230,97846,98708,862,284,0.861,-46,-578
97800,98130,330,0,GE-Phase,preparation,97846,98286,440,284,0.861,-46,-156
98130,98848,718,0,GE-Phrase,230,97846,98708,862,578,0.805,284,140
98130,98848,718,0,GE-Phrase,231,98708,100412,1704,140,0.195,-578,-1564
98130,98848,718,0,GE-Phase,preparation,97846,98286,440,156,0.217,284,562
98130,98848,718,0,GE-Phase,stroke,98286,98526,240,240,0.334,-156,322
98130,98848,718,0,GE-Phase,retraction,98526,98708,182,182,0.253,-396,140
98130,98848,718,0,GE-Phase,stroke,98708,99217,509,140,0.195,-578,-369
98848,100935,2087,0,GE-Phrase,231,98708,100412,1704,1564,0.749,140,523
98848,100935,2087,0,GE-Phase,stroke,98708,99217,509,369,0.177,140,1718
98848,100935,2087,0,GE-Phase,retraction,99217,100412,1195,1195,0.573,-369,523
137060,138339,1279,0,GE-Phrase,235,136803,138001,1198,941,0.736,257,338
137060,138339,1279,0,GE-Phrase,236,138001,139371,1370,338,0.264,-941,-1032
137060,138339,1279,0,GE-Phase,stroke,136963,137483,520,423,0.331,97,856
137060,138339,1279,0,GE-Phase,hold,137483,138001,518,518,0.405,-423,338
137060,138339,1279,0,GE-Phase,preparation,138001,138475,474,338,0.264,-941,-136
138339,139647,1308,0,GE-Phrase,236,138001,139371,1370,1032,0.789,338,276
138339,139647,1308,0,GE-Phrase,237,139371,143181,3810,276,0.211,-1032,-3534
138339,139647,1308,0,GE-Phase,preparation,138001,138475,474,136,0.104,338,1172
138339,139647,1308,0,GE-Phase,stroke,138475,139096,621,621,0.475,-136,551
138339,139647,1308,0,GE-Phase,retraction,139096,139371,275,275,0.21,-757,276
138339,139647,1308,0,GE-Phase,preparation,139371,140340,969,276,0.211,-1032,-693
4370,5588,1218,0,GE-Phrase,201,2608,9088,6480,1218,1.0,1762,-3500
4370,5588,1218,0,GE-Phase,stroke,2772,9088,6316,1218,1.0,1598,-3500
5588,7444,1856,0,GE-Phrase,201,2608,9088,6480,1856,1.0,2980,-1644
5588,7444,1856,0,GE-Phase,stroke,2772,9088,6316,1856,1.0,2816,-1644
76336,77850,1514,0,GE-Phrase,226,76279,77639,1360,1303,0.861,57,211
76336,77850,1514,0,GE-Phrase,227,77639,79279,1640,211,0.139,-1303,-1429
76336,77850,1514,0,GE-Phase,preparation,76279,76512,233,176,0.116,57,1338
76336,77850,1514,0,GE-Phase,stroke,76512,76980,468,468,0.309,-176,870
76336,77850,1514,0,GE-Phase,hold,76980,77639,659,659,0.435,-644,211
76336,77850,1514,0,GE-Phase,preparation,77639,77999,360,211,0.139,-1303,-149
77850,79367,1517,0,GE-Phrase,227,77639,79279,1640,1429,0.942,211,88
77850,79367,1517,0,GE-Phrase,228,79279,80954,1675,88,0.058,-1429,-1587
77850,79367,1517,0,GE-Phase,preparation,77639,77999,360,149,0.098,211,1368
77850,79367,1517,0,GE-Phase,stroke,77999,78319,320,320,0.211,-149,1048
77850,79367,1517,0,GE-Phase,hold,78319,79039,720,720,0.475,-469,328
77850,79367,1517,0,GE-Phase,retraction,79039,79279,240,240,0.158,-1189,88
77850,79367,1517,0,GE-Phase,preparation,79279,79501,222,88,0.058,-1429,-134
79367,79692,325,0,GE-Phrase,228,79279,80954,1675,325,1.0,88,-1262
79367,79692,325,0,GE-Phase,preparation,79279,79501,222,134,0.412,88,191
79367,79692,325,0,GE-Phase,stroke,79501,79868,367,191,0.588,-134,-176
79692,81357,1665,0,GE-Phrase,228,79279,80954,1675,1262,0.758,413,403
79692,81357,1665,0,GE-Phrase,229,80954,82638,1684,403,0.242,-1262,-1281
79692,81357,1665,0,GE-Phase,stroke,79501,79868,367,176,0.106,191,1489
79692,81357,1665,0,GE-Phase,hold,79868,80508,640,640,0.384,-176,849
79692,81357,1665,0,GE-Phase,retraction,80508,80954,446,446,0.268,-816,403
79692,81357,1665,0,GE-Phase,preparation,80954,81451,497,403,0.242,-1262,-94
97800,98130,330,0,GE-Phrase,230,97846,98708,862,284,0.861,-46,-578
97800,98130,330,0,GE-Phase,preparation,97846,98286,440,284,0.861,-46,-156
98130,98848,718,0,GE-Phrase,230,97846,98708,862,578,0.805,284,140
98130,98848,718,0,GE-Phrase,231,98708,100412,1704,140,0.195,-578,-1564
98130,98848,718,0,GE-Phase,preparation,97846,98286,440,156,0.217,284,562
98130,98848,718,0,GE-Phase,stroke,98286,98526,240,240,0.334,-156,322
98130,98848,718,0,GE-Phase,retraction,98526,98708,182,182,0.253,-396,140
98130,98848,718,0,GE-Phase,stroke,98708,99217,509,140,0.195,-578,-369
98848,100935,2087,0,GE-Phrase,231,98708,100412,1704,1564,0.749,140,523
98848,100935,2087,0,GE-Phase,stroke,98708,99217,509,369,0.177,140,1718
98848,100935,2087,0,GE-Phase,retraction,99217,100412,1195,1195,0.573,-369,523
137060,138339,1279,0,GE-Phrase,235,136803,138001,1198,941,0.736,257,338
137060,138339,1279,0,GE-Phrase,236,138001,139371,1370,338,0.264,-941,-1032
137060,138339,1279,0,GE-Phase,stroke,136963,137483,520,423,0.331,97,856
137060,138339,1279,0,GE-Phase,hold,137483,138001,518,518,0.405,-423,338
137060,138339,1279,0,GE-Phase,preparation,138001,138475,474,338,0.264,-941,-136
138339,139647,1308,0,GE-Phrase,236,138001,139371,1370,1032,0.789,338,276
138339,139647,1308,0,GE-Phrase,237,139371,143181,3810,276,0.211,-1032,-3534
138339,139647,1308,0,GE-Phase,preparation,138001,138475,474,136,0.104,338,1172
138339,139647,1308,0,GE-Phase,stroke,138475,139096,621,621,0.475,-136,551
138339,139647,1308,0,GE-Phase,retraction,139096,139371,275,275,0.21,-757,276
138339,139647,1308,0,GE-Phase,preparation,139371,140340,969,276,0.211,-1032,-693
4370,5588,1218,0,GE-Phrase,201,2608,9088,6480,1218,1.0,1762,-3500
4370,5588,1218,0,GE-Phase,stroke,2772,9088,6316,1218,1.0,1598,-3500
5588,7444,1856,0,GE-Phrase,201,2608,9088,6480,1856,1.0,2980,-1644
5588,7444,1856,0,GE-Phase,stroke,2772,9088,6316,1856,1.0,2816,-1644
76336,77850,1514,0,GE-Phrase,226,76279,77639,1360,1303,0.861,57,211
76336,77850,1514,0,GE-Phrase,227,77639,79279,1640,211,0.139,-1303,-1429
76336,77850,1514,0,GE-Phase,preparation,76279,76512,233,176,0.116,57,1338
76336,77850,1514,0,GE-Phase,stroke,76512,76980,468,468,0.309,-176,870
76336,77850,1514,0,GE-Phase,hold,76980,77639,659,659,0.435,-644,211
76336,77850,1514,0,GE-Phase,preparation,77639,77999,360,211,0.139,-1303,-149
77850,79367,1517,0,GE-Phrase,227,77639,79279,1640,1429,0.942,211,88
77850,79367,1517,0,GE-Phrase,228,79279,80954,1675,88,0.058,-1429,-1587
77850,79367,1517,0,GE-Phase,preparation,77639,77999,360,149,0.098,211,1368
77850,79367,1517,0,GE-Phase,stroke,77999,78319,320,320,0.211,-149,1048
77850,79367,1517,0,GE-Phase,hold,78319,79039,720,720,0.475,-469,328
77850,79367,1517,0,GE-Phase,retraction,79039,79279,240,240,0.158,-1189,88
77850,79367,1517,0,GE-Phase,preparation,79279,79501,222,88,0.058,-1429,-134
79367,79692,325,0,GE-Phrase,228,79279,80954,1675,325,1.0,88,-1262
79367,79692,325,0,GE-Phase,preparation,79279,79501,222,134,0.412,88,191
79367,79692,325,0,GE-Phase,stroke,79501,79868,367,191,0.588,-134,-176
79692,81357,1665,0,GE-Phrase,228,79279,80954,1675,1262,0.758,413,403
79692,81357,1665,0,GE-Phrase,229,80954,82638,1684,403,0.242,-1262,-1281
79692,81357,1665,0,GE-Phase,stroke,79501,79868,367,176,0.106,191,1489
79692,81357,1665,0,GE-Phase,hold,79868,80508,640,640,0.384,-176,849
79692,81357,1665,0,GE-Phase,retraction,80508,80954,446,446,0.268,-816,403
79692,81357,1665,0,GE-Phase,preparation,80954,81451,497,403,0.242,-1262,-94
97800,98130,330,0,GE-Phrase,230,97846,98708,862,284,0.861,-46,-578
97800,98130,330,0,GE-Phase,preparation,97846,98286,440,284,0.861,-46,-156
98130,98848,718,0,GE-Phrase,230,97846,98708,862,578,0.805,284,140
98130,98848,718,0,GE-Phrase,231,98708,100412,1704,140,0.195,-578,-1564
98130,98848,718,0,GE-Phase,preparation,97846,98286,440,156,0.217,284,562
98130,98848,718,0,GE-Phase,stroke,98286,98526,240,240,0.334,-156,322
98130,98848,718,0,GE-Phase,retraction,98526,98708,182,182,0.253,-396,140
98130,98848,718,0,GE-Phase,stroke,98708,99217,509,140,0.195,-578,-369
98848,100935,2087,0,GE-Phrase,231,98708,100412,1704,1564,0.749,140,523
98848,100935,2087,0,GE-Phase,stroke,98708,99217,509,369,0.177,140,1718
98848,100935,2087,0,GE-Phase,retraction,99217,100412,1195,1195,0.573,-369,523
137060,138339,1279,0,GE-Phrase,235,136803,138001,1198,941,0.736,257,338
137060,138339,1279,0,GE-Phrase,236,138001,139371,1370,338,0.264,-941,-1032
137060,138339,1279,0,GE-Phase,stroke,136963,137483,520,423,0.331,97,856
137060,138339,1279,0,GE-Phase,hold,137483,138001,518,518,0.405,-423,338
137060,138339,1279,0,GE-Phase,preparation,138001,138475,474,338,0.264,-941,-136
138339,139647,1308,0,GE-Phrase,236,138001,139371,1370,1032,0.789,338,276
138339,139647,1308,0,GE-Phrase,237,139371,143181,3810,276,0.211,-1032,-3534
138339,139647,1308,0,GE-Phase,preparation,138001,138475,474,136,0.104,338,1172
138339,139647,1308,0,GE-Phase,stroke,138475,139096,621,621,0.475,-136,551
138339,139647,1308,0,GE-Phase,retraction,139096,139371,275,275,0.21,-757,276
138339,139647,1308,0,GE-Phase,preparation,139371,140340,969,276,0.211,-1032,-693
4370,5588,1218,0,GE-Phrase,201,2608,9088,6480,1218,1.0,1762,-3500
4370,5588,1218,0,GE-Phase,stroke,2772,9088,6316,1218,1.0,1598,-3500
5588,7444,1856,0,GE-Phrase,201,2608,9088,6480,1856,1.0,2980,-1644
5588,7444,1856,0,GE-Phase,stroke,2772,9088,6316,1856,1.0,2816,-1644
76336,77850,1514,0,GE-Phrase,226,76279,77639,1360,1303,0.861,57,211
76336,77850,1514,0,GE-Phrase,227,77639,79279,1640,211,0.139,-1303,-1429
76336,77850,1514,0,GE-Phase,preparation,76279,76512,233,176,0.116,57,1338
76336,77850,1514,0,GE-Phase,stroke,76512,76980,468,468,0.309,-176,870
76336,77850,1514,0,GE-Phase,hold,76980,77639,659,659,0.435,-644,211
76336,77850,1514,0,GE-Phase,preparation,77639,77999,360,211,0.139,-1303,-149
77850,79367,1517,0,GE-Phrase,227,77639,79279,1640,1429,0.942,211,88
77850,79367,1517,0,GE-Phrase,228,79279,80954,1675,88,0.058,-1429,-1587
77850,79367,1517,0,GE-Phase,preparation,77639,77999,360,149,0.098,211,1368
77850,79367,1517,0,GE-Phase,stroke,77999,78319,320,320,0.211,-149,1048
77850,79367,1517,0,GE-Phase,hold,78319,79039,720,720,0.475,-469,328
77850,79367,1517,0,GE-Phase,retraction,79039,79279,240,240,0.158,-1189,88
77850,79367,1517,0,GE-Phase,preparation,79279,79501,222,88,0.058,-1429,-134
79367,79692,325,0,GE-Phrase,228,79279,80954,1675,325,1.0,88,-1262
79367,79692,325,0,GE-Phase,preparation,79279,79501,222,134,0.412,88,191
79367,79692,325,0,GE-Phase,stroke,79501,79868,367,191,0.588,-134,-176
79692,81357,1665,0,GE-Phrase,228,79279,80954,1675,1262,0.758,413,403
79692,81357,1665,0,GE-Phrase,229,80954,82638,1684,403,0.242,-1262,-1281
79692,81357,1665,0,GE-Phase,stroke,79501,79868,367,176,0.106,191,1489
79692,81357,1665,0,GE-Phase,hold,79868,80508,640,640,0.384,-176,849
79692,81357,1665,0,GE-Phase,retraction,80508,80954,446,446,0.268,-816,403
79692,81357,1665,0,GE-Phase,preparation,80954,81451,497,403,0.242,-1262,-94
97800,98130,330,0,GE-Phrase,230,97846,98708,862,284,0.861,-46,-578
97800,98130,330,0,GE-Phase,preparation,97846,98286,440,284,0.861,-46,-156
98130,98848,718,0,GE-Phrase,230,97846,98708,862,578,0.805,284,140
98130,98848,718,0,GE-Phrase,231,98708,100412,1704,140,0.195,-578,-1564
98130,98848,718,0,GE-Phase,preparation,97846,98286,440,156,0.217,284,562
98130,98848,718,0,GE-Phase,stroke,98286,98526,240,240,0.334,-156,322
98130,98848,718,0,GE-Phase,retraction,98526,98708,182,182,0.253,-396,140
98130,98848,718,0,GE-Phase,stroke,98708,99217,509,140,0.195,-578,-369
98848,100935,2087,0,GE-Phrase,231,98708,100412,1704,1564,0.749,140,523
98848,100935,2087,0,GE-Phase,stroke,98708,99217,509,369,0.177,140,1718
98848,100935,2087,0,GE-Phase,retraction,99217,100412,1195,1195,0.573,-369,523
137060,138339,1279,0,GE-Phrase,235,136803,138001,1198,941,0.736,257,338
137060,138339,1279,0,GE-Phrase,236,138001,139371,1370,338,0.264,-941,-1032
137060,138339,1279,0,GE-Phase,stroke,136963,137483,520,423,0.331,97,856
137060,138339,1279,0,GE-Phase,hold,137483,138001,518,518,0.405,-423,338
137060,138339,1279,0,GE-Phase,preparation,138001,138475,474,338,0.264,-941,-136
138339,139647,1308,0,GE-Phrase,236,138001,139371,1370,1032,0.789,338,276
138339,139647,1308,0,GE-Phrase,237,139371,143181,3810,276,0.211,-1032,-3534
138339,139647,1308,0,GE-Phase,preparation,138001,138475,474,136,0.104,338,1172
138339,139647,1308,0,GE-Phase,stroke,138475,139096,621,621,0.475,-136,551
138339,139647,1308,0,GE-Phase,retraction,139096,139371,275,275,0.21,-757,276
138339,139647,1308,0,GE-Phase,preparation,139371,140340,969,276,0.211,-1032,-693
4370,5588,1218,0,GE-Phrase,201,2608,9088,6480,1218,1.0,1762,-3500
4370,5588,1218,0,GE-Phase,stroke,2772,9088,6316,1218,1.0,1598,-3500
5588,7444,1856,0,GE-Phrase,201,2608,9088,6480,1856,1.0,2980,-1644
5588,7444,1856,0,GE-Phase,stroke,2772,9088,6316,1856,1.0,2816,-1644
76336,77850,1514,0,GE-Phrase,226,76279,77639,1360,1303,0.861,57,211
76336,77850,1514,0,GE-Phrase,227,77639,79279,1640,211,0.139,-1303,-1429
76336,77850,1514,0,GE-Phase,preparation,76279,76512,233,176,0.116,57,1338
76336,77850,1514,0,GE-Phase,stroke,76512,76980,468,468,0.309,-176,870
76336,77850,1514,0,GE-Phase,hold,76980,77639,659,659,0.435,-644,211
76336,77850,1514,0,GE-Phase,preparation,77639,77999,360,211,0.139,-1303,-149
77850,79367,1517,0,GE-Phrase,227,77639,79279,1640,1429,0.942,211,88
77850,79367,1517,0,GE-Phrase,228,79279,80954,1675,88,0.058,-1429,-1587
77850,79367,1517,0,GE-Phase,preparation,77639,77999,360,149,0.098,211,1368
77850,79367,1517,0,GE-Phase,stroke,77999,78319,320,320,0.211,-149,1048
77850,79367,1517,0,GE-Phase,hold,78319,79039,720,720,0.475,-469,328
77850,79367,1517,0,GE-Phase,retraction,79039,79279,240,240,0.158,-1189,88
77850,79367,1517,0,GE-Phase,preparation,79279,79501,222,88,0.058,-1429,-134
79367,79692,325,0,GE-Phrase,228,79279,80954,1675,325,1.0,88,-1262
79367,79692,325,0,GE-Phase,preparation,79279,79501,222,134,0.412,88,191
79367,79692,325,0,GE-Phase,stroke,79501,79868,367,191,0.588,-134,-176
79692,81357,1665,0,GE-Phrase,228,79279,80954,1675,1262,0.758,413,403
79692,81357,1665,0,GE-Phrase,229,80954,82638,1684,403,0.242,-1262,-1281
79692,81357,1665,0,GE-Phase,stroke,79501,79868,367,176,0.106,191,1489
79692,81357,1665,0,GE-Phase,hold,79868,80508,640,640,0.384,-176,849
79692,81357,1665,0,GE-Phase,retraction,80508,80954,446,446,0.268,-816,403
79692,81357,1665,0,GE-Phase,preparation,80954,81451,497,403,0.242,-1262,-94
97800,98130,330,0,GE-Phrase,230,97846,98708,862,284,0.861,-46,-578
97800,98130,330,0,GE-Phase,preparation,97846,98286,440,284,0.861,-46,-156
98130,98848,718,0,GE-Phrase,230,97846,98708,862,578,0.805,284,140
98130,98848,718,0,GE-Phrase,231,98708,100412,1704,140,0.195,-578,-1564
98130,98848,718,0,GE-Phase,preparation,97846,98286,440,156,0.217,284,562
98130,98848,718,0,GE-Phase,stroke,98286,98526,240,240,0.334,-156,322
98130,98848,718,0,GE-Phase,retraction,98526,98708,182,182,0.253,-396,140
98130,98848,718,0,GE-Phase,stroke,98708,99217,509,140,0.195,-578,-369
98848,100935,2087,0,GE-Phrase,231,98708,100412,1704,1564,0.749,140,523
98848,100935,2087,0,GE-Phase,stroke,98708,99217,509,369,0.177,140,1718
98848,100935,2087,0,GE-Phase,retraction,99217,100412,1195,1195,0.573,-369,523
137060,138339,1279,0,GE-Phrase,235,136803,138001,1198,941,0.736,257,338
137060,138339,1279,0,GE-Phrase,236,138001,139371,1370,338,0.264,-941,-1032
137060,138339,1279,0,GE-Phase,stroke,136963,137483,520,423,0.331,97,856
137060,138339,1279,0,GE-Phase,hold,137483,138001,518,518,0.405,-423,338
137060,138339,1279,0,GE-Phase,preparation,138001,138475,474,338,0.264,-941,-136
138339,139647,1308,0,GE-Phrase,236,138001,139371,1370,1032,0.789,338,276
138339,139647,1308,0,GE-Phrase,237,139371,143181,3810,276,0.211,-1032,-3534
138339,139647,1308,0,GE-Phase,preparation,138001,138475,474,136,0.104,338,1172
138339,139647,1308,0,GE-Phase,stroke,138475,139096,621,621,0.475,-136,551
138339,139647,1308,0,GE-Phase,retraction,139096,139371,275,275,0.21,-757,276
138339,139647,1308,0,GE-Phase,preparation,139371,140340,969,276,0.211,-1032,-693
4370,5588,1218,0,GE-Phrase,201,2608,9088,6480,1218,1.0,1762,-3500
4370,5588,1218,0,GE-Phase,stroke,2772,9088,6316,1218,1.0,1598,-3500
5588,7444,1856,0,GE-Phrase,201,2608,9088,6480,1856,1.0,2980,-1644
5588,7444,1856,0,GE-Phase,stroke,2772,9088,6316,1856,1.0,2816,-1644
76336,77850,1514,0,GE-Phrase,226,76279,77639,1360,1303,0.861,57,211
76336,77850,1514,0,GE-Phrase,227,77639,79279,1640,211,0.139,-1303,-1429
76336,77850,1514,0,GE-Phase,preparation,76279,76512,233,176,0.116,57,1338
76336,77850,1514,0,GE-Phase,stroke,76512,76980,468,468,0.309,-176,870
76336,77850,1514,0,GE-Phase,hold,76980,77639,659,659,0.435,-644,211
76336,77850,1514,0,GE-Phase,preparation,77639,77999,360,211,0.139,-1303,-149
77850,79367,1517,0,GE-Phrase,227,77639,79279,1640,1429,0.942,211,88
77850,79367,1517,0,GE-Phrase,228,79279,80954,1675,88,0.058,-1429,-1587
77850,79367,1517,0,GE-Phase,preparation,77639,77999,360,149,0.098,211,1368
77850,79367,1517,0,GE-Phase,stroke,77999,78319,320,320,0.211,-149,1048
77850,79367,1517,0,GE-Phase,hold,78319,79039,720,720,0.475,-469,328
77850,79367,1517,0,GE-Phase,retraction,79039,79279,240,240,0.158,-1189,88
77850,79367,1517,0,GE-Phase,preparation,79279,79501,222,88,0.058,-1429,-134
79367,79692,325,0,GE-Phrase,228,79279,80954,1675,325,1.0,88,-1262
79367,79692,325,0,GE-Phase,preparation,79279,79501,222,134,0.412,88,191
79367,79692,325,0,GE-Phase,stroke,79501,79868,367,191,0.588,-134,-176
79692,81357,1665,0,GE-Phrase,228,79279,80954,1675,1262,0.758,413,403
79692,81357,1665,0,GE-Phrase,229,80954,82638,1684,403,0.242,-1262,-1281
79692,81357,1665,0,GE-Phase,stroke,79501,79868,367,176,0.106,191,1489
79692,81357,1665,0,GE-Phase,hold,79868,80508,640,640,0.384,-176,849
79692,81357,1665,0,GE-Phase,retraction,80508,80954,446,446,0.268,-816,403
79692,81357,1665,0,GE-Phase,preparation,80954,81451,497,403,0.242,-1262,-94
97800,98130,330,0,GE-Phrase,230,97846,98708,862,284,0.861,-46,-578
97800,98130,330,0,GE-Phase,preparation,97846,98286,440,284,0.861,-46,-156
98130,98848,718,0,GE-Phrase,230,97846,98708,862,578,0.805,284,140
98130,98848,718,0,GE-Phrase,231,98708,100412,1704,140,0.195,-578,-1564
98130,98848,718,0,GE-Phase,preparation,97846,98286,440,156,0.217,284,562
98130,98848,718,0,GE-Phase,stroke,98286,98526,240,240,0.334,-156,322
98130,98848,718,0,GE-Phase,retraction,98526,98708,182,182,0.253,-396,140
98130,98848,718,0,GE-Phase,stroke,98708,99217,509,140,0.195,-578,-369
98848,100935,2087,0,GE-Phrase,231,98708,100412,1704,1564,0.749,140,523
98848,100935,2087,0,GE-Phase,stroke,98708,99217,509,369,0.177,140,1718
98848,100935,2087,0,GE-Phase,retraction,99217,100412,1195,1195,0.573,-369,523
137060,138339,1279,0,GE-Phrase,235,136803,138001,1198,941,0.736,257,338
137060,138339,1279,0,GE-Phrase,236,138001,139371,1370,338,0.264,-941,-1032
137060,138339,1279,0,GE-Phase,stroke,136963,137483,520,423,0.331,97,856
137060,138339,1279,0,GE-Phase,hold,137483,138001,518,518,0.405,-423,338
137060,138339,1279,0,GE-Phase,preparation,138001,138475,474,338,0.264,-941,-136
138339,139647,1308,0,GE-Phrase,236,138001,139371,1370,1032,0.789,338,276
138339,139647,1308,0,GE-Phrase,237,139371,143181,3810,276,0.211,-1032,-3534
138339,139647,1308,0,GE-Phase,preparation,138001,138475,474,136,0.104,338,1172
138339,139647,1308,0,GE-Phase,stroke,138475,139096,621,621,0.475,-136,551
138339,139647,1308,0,GE-Phase,retraction,139096,139371,275,275,0.21,-757,276
138339,139647,1308,0,GE-Phase,preparation,139371,140340,969,276,0.211,-1032,-693
4370,5588,1218,0,GE-Phrase,201,2608,9088,6480,1218,1.0,1762,-3500
4370,5588,1218,0,GE-Phase,stroke,2772,9088,6316,1218,1.0,1598,-3500
5588,7444,1856,0,GE-Phrase,201,2608,9088,6480,1856,1.0,2980,-1644
5588,7444,1856,0,GE-Phase,stroke,2772,9088,6316,1856,1.0,2816,-1644
76336,77850,1514,0,GE-Phrase,226,76279,77639,1360,1303,0.861,57,211
76336,77850,1514,0,GE-Phrase,227,77639,79279,1640,211,0.139,-1303,-1429
76336,77850,1514,0,GE-Phase,preparation,76279,76512,233,176,0.116,57,1338
76336,77850,1514,0,GE-Phase,stroke,76512,76980,468,468,0.309,-176,870
76336,77850,1514,0,GE-Phase,hold,76980,77639,659,659,0.435,-644,211
76336,77850,1514,0,GE-Phase,preparation,77639,77999,360,211,0.139,-1303,-149
77850,79367,1517,0,GE-Phrase,227,77639,79279,1640,1429,0.942,211,88
77850,79367,1517,0,GE-Phrase,228,79279,80954,1675,88,0.058,-1429,-1587
77850,79367,1517,0,GE-Phase,preparation,77639,77999,360,149,0.098,211,1368
77850,79367,1517,0,GE-Phase,stroke,77999,78319,320,320,0.211,-149,1048
77850,79367,1517,0,GE-Phase,hold,78319,79039,720,720,0.475,-469,328
77850,79367,1517,0,GE-Phase,retraction,79039,79279,240,240,0.158,-1189,88
77850,79367,1517,0,GE-Phase,preparation,79279,79501,222,88,0.058,-1429,-134
79367,79692,325,0,GE-Phrase,228,79279,80954,1675,325,1.0,88,-1262
79367,79692,325,0,GE-Phase,preparation,79279,79501,222,134,0.412,88,191
79367,79692,325,0,GE-Phase,stroke,79501,79868,367,191,0.588,-134,-176
79692,81357,1665,0,GE-Phrase,228,79279,80954,1675,1262,0.758,413,403
79692,81357,1665,0,GE-Phrase,229,80954,82638,1684,403,0.242,-1262,-1281
79692,81357,1665,0,GE-Phase,stroke,79501,79868,367,176,0.106,191,1489
79692,81357,1665,0,GE-Phase,hold,79868,80508,640,640,0.384,-176,849
79692,81357,1665,0,GE-Phase,retraction,80508,80954,446,446,0.268,-816,403
79692,81357,1665,0,GE-Phase,preparation,80954,81451,497,403,0.242,-1262,-94
97800,98130,330,0,GE-Phrase,230,97846,98708,862,284,0.861,-46,-578
97800,98130,330,0,GE-Phase,preparation,97846,98286,440,284,0.861,-46,-156
98130,98848,718,0,GE-Phrase,230,97846,98708,862,578,0.805,284,140
98130,98848,718,0,GE-Phrase,231,98708,100412,1704,140,0.195,-578,-1564
98130,98848,718,0,GE-Phase,preparation,97846,98286,440,156,0.217,284,562
98130,98848,718,0,GE-Phase,stroke,98286,98526,240,240,0.334,-156,322
98130,98848,718,0,GE-Phase,retraction,98526,98708,182,182,0.253,-396,140
98130,98848,718,0,GE-Phase,stroke,98708,99217,509,140,0.195,-578,-369
98848,100935,2087,0,GE-Phrase,231,98708,100412,1704,1564,0.749,140,523
98848,100935,2087,0,GE-Phase,stroke,98708,99217,509,369,0.177,140,1718
98848,100935,2087,0,GE-Phase,retraction,99217,100412,1195,1195,0.573,-369,523
137060,138339,1279,0,GE-Phrase,235,136803,138001,1198,941,0.736,257,338
137060,138339,1279,0,GE-Phrase,236,138001,139371,1370,338,0.264,-941,-1032
137060,138339,1279,0,GE-Phase,stroke,136963,137483,520,423,0.331,97,856
137060,138339,1279,0,GE-Phase,hold,137483,138001,518,518,0.405,-423,338
137060,138339,1279,0,GE-Phase,preparation,138001,138475,474,338,0.264,-941,-136
138339,139647,1308,0,GE-Phrase,236,138001,139371,1370,1032,0.789,338,276
138339,139647,1308,0,GE-Phrase,237,139371,143181,3810,276,0.211,-1032,-3534
138339,139647,1308,0,GE-Phase,preparation,138001,138475,474,136,0.104,338,1172
138339,139647,1308,0,GE-Phase,stroke,138475,139096,621,621,0.475,-136,551
138339,139647,1308,0,GE-Phase,retraction,139096,139371,275,275,0.21,-757,276
138339,139647,1308,0,GE-Phase,preparation,139371,140340,969,276,0.211,-1032,-693
4370,5588,1218,0,GE-Phrase,201,2608,9088,6480,1218,1.0,1762,-3500
4370,5588,1218,0,GE-Phase,stroke,2772,9088,6316,1218,1.0,1598,-3500
5588,7444,1856,0,GE-Phrase,201,2608,9088,6480,1856,1.0,2980,-1644
5588,7444,1856,0,GE-Phase,stroke,2772,9088,6316,1856,1.0,2816,-1644
76336,77850,1514,0,GE-Phrase,226,76279,77639,1360,1303,0.861,57,211
76336,77850,1514,0,GE-Phrase,227,77639,79279,1640,211,0.139,-1303,-1429
76336,77850,1514,0,GE-Phase,preparation,76279,76512,233,176,0.116,57,1338
76336,77850,1514,0,GE-Phase,stroke,76512,76980,468,468,0.309,-176,870
76336,77850,1514,0,GE-Phase,hold,76980,77639,659,659,0.435,-644,211
76336,77850,1514,0,GE-Phase,preparation,77639,77999,360,211,0.139,-1303,-149
77850,79367,1517,0,GE-Phrase,227,77639,79279,1640,1429,0.942,211,88
77850,79367,1517,0,GE-Phrase,228,79279,80954,1675,88,0.058,-1429,-1587
77850,79367,1517,0,GE-Phase,preparation,77639,77999,360,149,0.098,211,1368
77850,79367,1517,0,GE-Phase,stroke,77999,78319,320,320,0.211,-149,1048
77850,79367,1517,0,GE-Phase,hold,78319,79039,720,720,0.475,-469,328
77850,79367,1517,0,GE-Phase,retraction,79039,79279,240,240,0.158,-1189,88
77850,79367,1517,0,GE-Phase,preparation,79279,79501,222,88,0.058,-1429,-134
79367,79692,325,0,GE-Phrase,228,79279,80954,1675,325,1.0,88,-1262
79367,79692,325,0,GE-Phase,preparation,79279,79501,222,134,0.412,88,191
79367,79692,325,0,GE-Phase,stroke,79501,79868,367,191,0.588,-134,-176
79692,81357,1665,0,GE-Phrase,228,79279,80954,1675,1262,0.758,413,403
79692,81357,1665,0,GE-Phrase,229,80954,82638,1684,403,0.242,-1262,-1281
79692,81357,1665,0,GE-Phase,stroke,79501,79868,367,176,0.106,191,1489
79692,81357,1665,0,GE-Phase,hold,79868,80508,640,640,0.384,-176,849
79692,81357,1665,0,GE-Phase,retraction,80508,80954,446,446,0.268,-816,403
79692,81357,1665,0,GE-Phase,preparation,80954,81451,497,403,0.242,-1262,-94
97800,98130,330,0,GE-Phrase,230,97846,98708,862,284,0.861,-46,-578
97800,98130,330,0,GE-Phase,preparation,97846,98286,440,284,0.861,-46,-156
98130,98848,718,0,GE-Phrase,230,97846,98708,862,578,0.805,284,140
98130,98848,718,0,GE-Phrase,231,98708,100412,1704,140,0.195,-578,-1564
98130,98848,718,0,GE-Phase,preparation,97846,98286,440,156,0.217,284,562
98130,98848,718,0,GE-Phase,stroke,98286,98526,240,240,0.334,-156,322
98130,98848,718,0,GE-Phase,retraction,98526,98708,182,182,0.253,-396,140
98130,98848,718,0,GE-Phase,stroke,98708,99217,509,140,0.195,-578,-369
98848,100935,2087,0,GE-Phrase,231,98708,100412,1704,1564,0.749,140,523
98848,100935,2087,0,GE-Phase,stroke,98708,99217,509,369,0.177,140,1718
98848,100935,2087,0,GE-Phase,retraction,99217,100412,1195,1195,0.573,-369,523
137060,138339,1279,0,GE-Phrase,235,136803,138001,1198,941,0.736,257,338
137060,138339,1279,0,GE-Phrase,236,138001,139371,1370,338,0.264,-941,-1032
137060,138339,1279,0,GE-Phase,stroke,136963,137483,520,423,0.331,97,856
137060,138339,1279,0,GE-Phase,hold,137483,138001,518,518,0.405,-423,338
137060,138339,1279,0,GE-Phase,preparation,138001,138475,474,338,0.264,-941,-136
138339,139647,1308,0,GE-Phrase,236,138001,139371,1370,1032,0.789,338,276
138339,139647,1308,0,GE-Phrase,237,139371,143181,3810,276,0.211,-1032,-3534
138339,139647,1308,0,GE-Phase,preparation,138001,138475,474,136,0.104,338,1172
138339,139647,1308,0,GE-Phase,stroke,138475,139096,621,621,0.475,-136,551
138339,139647,1308,0,GE-Phase,retraction,139096,139371,275,275,0.21,-757,276
138339,139647,1308,0,GE-Phase,preparation,139371,140340,969,276,0.211,-1032,-693
4370,5588,1218,0,GE-Phrase,201,2608,9088,6480,1218,1.0,1762,-3500
4370,5588,1218,0,GE-Phase,stroke,2772,9088,6316,1218,1.0,1598,-3500
5588,7444,1856,0,GE-Phrase,201,2608,9088,6480,1856,1.0,2980,-1644
5588,7444,1856,0,GE-Phase,stroke,2772,9088,6316,1856,1.0,2816,-1644
76336,77850,1514,0,GE-Phrase,226,76279,77639,1360,1303,0.861,57,211
76336,77850,1514,0,GE-Phrase,227,77639,79279,1640,211,0.139,-1303,-1429
76336,77850,1514,0,GE-Phase,preparation,76279,76512,233,176,0.116,57,1338
76336,77850,1514,0,GE-Phase,stroke,76512,76980,468,468,0.309,-176,870
76336,77850,1514,0,GE-Phase,hold,76980,77639,659,659,0.435,-644,211
76336,77850,1514,0,GE-Phase,preparation,77639,77999,360,211,0.139,-1303,-149
77850,79367,1517,0,GE-Phrase,227,77639,79279,1640,1429,0.942,211,88
77850,79367,1517,0,GE-Phrase,228,79279,80954,1675,88,0.058,-1429,-1587
77850,79367,1517,0,GE-Phase,preparation,77639,77999,360,149,0.098,211,1368
77850,79367,1517,0,GE-Phase,stroke,77999,78319,320,320,0.211,-149,1048
77850,79367,1517,0,GE-Phase,hold,78319,79039,720,720,0.475,-469,328
77850,79367,1517,0,GE-Phase,retraction,79039,79279,240,240,0.158,-1189,88
77850,79367,1517,0,GE-Phase,preparation,79279,79501,222,88,0.058,-1429,-134
79367,79692,325,0,GE-Phrase,228,79279,80954,1675,325,1.0,88,-1262
79367,79692,325,0,GE-Phase,preparation,79279,79501,222,134,0.412,88,191
79367,79692,325,0,GE-Phase,stroke,79501,79868,367,191,0.588,-134,-176
79692,81357,1665,0,GE-Phrase,228,79279,80954,1675,1262,0.758,413,403
79692,81357,1665,0,GE-Phrase,229,80954,82638,1684,403,0.242,-1262,-1281
79692,81357,1665,0,GE-Phase,stroke,79501,79868,367,176,0.106,191,1489
79692,81357,1665,0,GE-Phase,hold,79868,80508,640,640,0.384,-176,849
79692,81357,1665,0,GE-Phase,retraction,80508,80954,446,446,0.268,-816,403
79692,81357,1665,0,GE-Phase,preparation,80954,81451,497,403,0.242,-1262,-94
97800,98130,330,0,GE-Phrase,230,97846,98708,862,284,0.861,-46,-578
97800,98130,330,0,GE-Phase,preparation,97846,98286,440,284,0.861,-46,-156
98130,98848,718,0,GE-Phrase,230,97846,98708,862,578,0.805,284,140
98130,98848,718,0,GE-Phrase,231,98708,100412,1704,140,0.195,-578,-1564
98130,98848,718,0,GE-Phase,preparation,97846,98286,440,156,0.217,284,562
98130,98848,718,0,GE-Phase,stroke,98286,98526,240,240,0.334,-156,322
98130,98848,718,0,GE-Phase,retraction,98526,98708,182,182,0.253,-396,140
98130,98848,718,0,GE-Phase,stroke,98708,99217,509,140,0.195,-578,-369
98848,100935,2087,0,GE-Phrase,231,98708,100412,1704,1564,0.749,140,523
98848,100935,2087,0,GE-Phase,stroke,98708,99217,509,369,0.177,140,1718
98848,100935,2087,0,GE-Phase,retraction,99217,100412,1195,1195,0.573,-369,523
137060,138339,1279,0,GE-Phrase,235,136803,138001,1198,941,0.736,257,338
137060,138339,1279,0,GE-Phrase,236,138001,139371,1370,338,0.264,-941,-1032
137060,138339,1279,0,GE-Phase,stroke,136963,137483,520,423,0.331,97,856
137060,138339,1279,0,GE-Phase,hold,137483,138001,518,518,0.405,-423,338
137060,138339,1279,0,GE-Phase,preparation,138001,138475,474,338,0.264,-941,-136
138339,139647,1308,0,GE-Phrase,236,138001,139371,1370,1032,0.789,338,276
138339,139647,1308,0,GE-Phrase,237,139371,143181,3810,276,0.211,-1032,-3534
138339,139647,1308,0,GE-Phase,preparation,138001,138475,474,136,0.104,338,1172
138339,139647,1308,0,GE-Phase,stroke,138475,139096,621,621,0.475,-136,551
138339,139647,1308,0,GE-Phase,retraction,139096,139371,275,275,0.21,-757,276
138339,139647,1308,0,GE-Phase,preparation,139371,140340,969,276,0.211,-1032,-693
4370,5588,1218,0,GE-Phrase,201,2608,9088,6480,1218,1.0,1762,-3500
4370,5588,1218,0,GE-Phase,stroke,2772,9088,6316,1218,1.0,1598,-3500
5588,7444,1856,0,GE-Phrase,201,2608,9088,6480,1856,1.0,2980,-1644
5588,7444,1856,0,GE-Phase,stroke,2772,9088,6316,1856,1.0,2816,-1644
76336,77850,1514,0,GE-Phrase,226,76279,77639,1360,1303,0.861,57,211
76336,77850,1514,0,GE-Phrase,227,77639,79279,1640,211,0.139,-1303,-1429
76336,77850,1514,0,GE-Phase,preparation,76279,76512,233,176,0.116,57,1338
76336,77850,1514,0,GE-Phase,stroke,76512,76980,468,468,0.309,-176,870
76336,77850,1514,0,GE-Phase,hold,76980,77639,659,659,0.435,-644,211
76336,77850,1514,0,GE-Phase,preparation,77639,77999,360,211,0.139,-1303,-149
77850,79367,1517,0,GE-Phrase,227,77639,79279,1640,1429,0.942,211,88
77850,79367,1517,0,GE-Phrase,228,79279,80954,1675,88,0.058,-1429,-1587
77850,79367,1517,0,GE-Phase,preparation,77639,77999,360,149,0.098,211,1368
77850,79367,1517,0,GE-Phase,stroke,77999,78319,320,320,0.211,-149,1048
77850,79367,1517,0,GE-Phase,hold,78319,79039,720,720,0.475,-469,328
77850,79367,1517,0,GE-Phase,retraction,79039,79279,240,240,0.158,-1189,88
77850,79367,1517,0,GE-Phase,preparation,79279,79501,222,88,0.058,-1429,-134
79367,79692,325,0,GE-Phrase,228,79279,80954,1675,325,1.0,88,-1262
79367,79692,325,0,GE-Phase,preparation,79279,79501,222,134,0.412,88,191
79367,79692,325,0,GE-Phase,stroke,79501,79868,367,191,0.588,-134,-176
79692,81357,1665,0,GE-Phrase,228,79279,80954,1675,1262,0.758,413,403
79692,81357,1665,0,GE-Phrase,229,80954,82638,1684,403,0.242,-1262,-1281
79692,81357,1665,0,GE-Phase,stroke,79501,79868,367,176,0.106,191,1489
79692,81357,1665,0,GE-Phase,hold,79868,80508,640,640,0.384,-176,849
79692,81357,1665,0,GE-Phase,retraction,80508,80954,446,446,0.268,-816,403
79692,81357,1665,0,GE-Phase,preparation,80954,81451,497,403,0.242,-1262,-94
97800,98130,330,0,GE-Phrase,230,97846,98708,862,284,0.861,-46,-578
97800,98130,330,0,GE-Phase,preparation,97846,98286,440,284,0.861,-46,-156
98130,98848,718,0,GE-Phrase,230,97846,98708,862,578,0.805,284,140
98130,98848,718,0,GE-Phrase,231,98708,100412,1704,140,0.195,-578,-1564
98130,98848,718,0,GE-Phase,preparation,97846,98286,440,156,0.217,284,562
98130,98848,718,0,GE-Phase,stroke,98286,98526,240,240,0.334,-156,322
98130,98848,718,0,GE-Phase,retraction,98526,98708,182,182,0.253,-396,140
98130,98848,718,0,GE-Phase,stroke,98708,99217,509,140,0.195,-578,-369
98848,100935,2087,0,GE-Phrase,231,98708,100412,1704,1564,0.749,140,523
98848,100935,2087,0,GE-Phase,stroke,98708,99217,509,369,0.177,140,1718
98848,100935,2087,0,GE-Phase,retraction,99217,100412,1195,1195,0.573,-369,523
137060,138339,1279,0,GE-Phrase,235,136803,138001,1198,941,0.736,257,338
137060,138339,1279,0,GE-Phrase,236,138001,139371,1370,338,0.264,-941,-1032
137060,138339,1279,0,GE-Phase,stroke,136963,137483,520,423,0.331,97,856
137060,138339,1279,0,GE-Phase,hold,137483,138001,518,518,0.405,-423,338
137060,138339,1279,0,GE-Phase,preparation,138001,138475,474,338,0.264,-941,-136
138339,139647,1308,0,GE-Phrase,236,138001,139371,1370,1032,0.789,338,276
138339,139647,1308,0,GE-Phrase,237,139371,143181,3810,276,0.211,-1032,-3534
138339,139647,1308,0,GE-Phase,preparation,138001,138475,474,136,0.104,338,1172
138339,139647,1308,0,GE-Phase,stroke,138475,139096,621,621,0.475,-136,551
138339,139647,1308,0,GE-Phase,retraction,139096,139371,275,275,0.21,-757,276
138339,139647,1308,0,GE-Phase,preparation,139371,140340,969,276,0.211,-1032,-693
4370,5588,1218,0,GE-Phrase,201,2608,9088,6480,1218,1.0,1762,-3500
4370,5588,1218,0,GE-Phase,stroke,2772,9088,6316,1218,1.0,1598,-3500
5588,7444,1856,0,GE-Phrase,201,2608,9088,6480,1856,1.0,2980,-1644
5588,7444,1856,0,GE-Phase,stroke,2772,9088,6316,1856,1.0,2816,-1644
76336,77850,1514,0,GE-Phrase,226,76279,77639,1360,1303,0.861,57,211
76336,77850,1514,0,GE-Phrase,227,77639,79279,1640,211,0.139,-1303,-1429
76336,77850,1514,0,GE-Phase,preparation,76279,76512,233,176,0.116,57,1338
76336,77850,1514,0,GE-Phase,stroke,76512,76980,468,468,0.309,-176,870
76336,77850,1514,0,GE-Phase,hold,76980,77639,659,659,0.435,-644,211
76336,77850,1514,0,GE-Phase,preparation,77639,77999,360,211,0.139,-1303,-149
77850,79367,1517,0,GE-Phrase,227,77639,79279,1640,1429,0.942,211,88
77850,79367,1517,0,GE-Phrase,228,79279,80954,1675,88,0.058,-1429,-1587
77850,79367,1517,0,GE-Phase,preparation,77639,77999,360,149,0.098,211,1368
77850,79367,1517,0,GE-Phase,stroke,77999,78319,320,320,0.211,-149,1048
77850,79367,1517,0,GE-Phase,hold,78319,79039,720,720,0.475,-469,328
77850,79367,1517,0,GE-Phase,retraction,79039,79279,240,240,0.158,-1189,88
77850,79367,1517,0,GE-Phase,preparation,79279,79501,222,88,0.058,-1429,-134
79367,79692,325,0,GE-Phrase,228,79279,80954,1675,325,1.0,88,-1262
79367,79692,325,0,GE-Phase,preparation,79279,79501,222,134,0.412,88,191
79367,79692,325,0,GE-Phase,stroke,79501,79868,367,191,0.588,-134,-176
79692,81357,1665,0,GE-Phrase,228,79279,80954,1675,1262,0.758,413,403
79692,81357,1665,0,GE-Phrase,229,80954,82638,1684,403,0.242,-1262,-1281
79692,81357,1665,0,GE-Phase,stroke,79501,79868,367,176,0.106,191,1489
79692,81357,1665,0,GE-Phase,hold,79868,80508,640,640,0.384,-176,849
79692,81357,1665,0,GE-Phase,retraction,80508,80954,446,446,0.268,-816,403
79692,81357,1665,0,GE-Phase,preparation,80954,81451,497,403,0.242,-1262,-94
97800,98130,330,0,GE-Phrase,230,97846,98708,862,284,0.861,-46,-578
97800,98130,330,0,GE-Phase,preparation,97846,98286,440,284,0.861,-46,-156
98130,98848,718,0,GE-Phrase,230,97846,98708,862,578,0.805,284,140
98130,98848,718,0,GE-Phrase,231,98708,100412,1704,140,0.195,-578,-1564
98130,98848,718,0,GE-Phase,preparation,97846,98286,440,156,0.217,284,562
98130,98848,718,0,GE-Phase,stroke,98286,98526,240,240,0.334,-156,322
98130,98848,718,0,GE-Phase,retraction,98526,98708,182,182,0.253,-396,140
98130,98848,718,0,GE-Phase,stroke,98708,99217,509,140,0.195,-578,-369
98848,100935,2087,0,GE-Phrase,231,98708,100412,1704,1564,0.749,140,523
98848,100935,2087,0,GE-Phase,stroke,98708,99217,509,369,0.177,140,1718
98848,100935,2087,0,GE-Phase,retraction,99217,100412,1195,1195,0.573,-369,523
137060,138339,1279,0,GE-Phrase,235,136803,138001,1198,941,0.736,257,338
137060,138339,1279,0,GE-Phrase,236,138001,139371,1370,338,0.264,-941,-1032
137060,138339,1279,0,GE-Phase,stroke,136963,137483,520,423,0.331,97,856
137060,138339,1279,0,GE-Phase,hold,137483,138001,518,518,0.405,-423,338
137060,138339,1279,0,GE-Phase,preparation,138001,138475,474,338,0.264,-941,-136
138339,139647,1308,0,GE-Phrase,236,138001,139371,1370,1032,0.789,338,276
138339,139647,1308,0,GE-Phrase,237,139371,143181,3810,276,0.211,-1032,-3534
138339,139647,1308,0,GE-Phase,preparation,138001,138475,474,136,0.104,338,1172
138339,139647,1308,0,GE-Phase,stroke,138475,139096,621,621,0.475,-136,551
138339,139647,1308,0,GE-Phase,retraction,139096,139371,275,275,0.21,-757,276
138339,139647,1308,0,GE-Phase,preparation,139371,140340,969,276,0.211,-1032,-693
4370,5588,1218,0,GE-Phrase,201,2608,9088,6480,1218,1.0,1762,-3500
4370,5588,1218,0,GE-Phase,stroke,2772,9088,6316,1218,1.0,1598,-3500
5588,7444,1856,0,GE-Phrase,201,2608,9088,6480,1856,1.0,2980,-1644
5588,7444,1856,0,GE-Phase,stroke,2772,9088,6316,1856,1.0,2816,-1644
76336,77850,1514,0,GE-Phrase,226,76279,77639,1360,1303,0.861,57,211
76336,77850,1514,0,GE-Phrase,227,77639,79279,1640,211,0.139,-1303,-1429
76336,77850,1514,0,GE-Phase,preparation,76279,76512,233,176,0.116,57,1338
76336,77850,1514,0,GE-Phase,stroke,76512,76980,468,468,0.309,-176,870
76336,77850,1514,0,GE-Phase,hold,76980,77639,659,659,0.435,-644,211
76336,77850,1514,0,GE-Phase,preparation,77639,77999,360,211,0.139,-1303,-149
77850,79367,1517,0,GE-Phrase,227,77639,79279,1640,1429,0.942,211,88
77850,79367,1517,0,GE-Phrase,228,79279,80954,1675,88,0.058,-1429,-1587
77850,79367,1517,0,GE-Phase,preparation,77639,77999,360,149,0.098,211,1368
77850,79367,1517,0,GE-Phase,stroke,77999,78319,320,320,0.211,-149,1048
77850,79367,1517,0,GE-Phase,hold,78319,79039,720,720,0.475,-469,328
77850,79367,1517,0,GE-Phase,retraction,79039,79279,240,240,0.158,-1189,88
77850,79367,1517,0,GE-Phase,preparation,79279,79501,222,88,0.058,-1429,-134
79367,79692,325,0,GE-Phrase,228,79279,80954,1675,325,1.0,88,-1262
79367,79692,325,0,GE-Phase,preparation,79279,79501,222,134,0.412,88,191
79367,79692,325,0,GE-Phase,stroke,79501,79868,367,191,0.588,-134,-176
79692,81357,1665,0,GE-Phrase,228,79279,80954,1675,1262,0.758,413,403
79692,81357,1665,0,GE-Phrase,229,80954,82638,1684,403,0.242,-1262,-1281
79692,81357,1665,0,GE-Phase,stroke,79501,79868,367,176,0.106,191,1489
79692,81357,1665,0,GE-Phase,hold,79868,80508,640,640,0.384,-176,849
79692,81357,1665,0,GE-Phase,retraction,80508,80954,446,446,0.268,-816,403
79692,81357,1665,0,GE-Phase,preparation,80954,81451,497,403,0.242,-1262,-94
97800,98130,330,0,GE-Phrase,230,97846,98708,862,284,0.861,-46,-578
97800,98130,330,0,GE-Phase,preparation,97846,98286,440,284,0.861,-46,-156
98130,98848,718,0,GE-Phrase,230,97846,98708,862,578,0.805,284,140
98130,98848,718,0,GE-Phrase,231,98708,100412,1704,140,0.195,-578,-1564
98130,98848,718,0,GE-Phase,preparation,97846,98286,440,156,0.217,284,562
98130,98848,718,0,GE-Phase,stroke,98286,98526,240,240,0.334,-156,322
98130,98848,718,0,GE-Phase,retraction,98526,98708,182,182,0.253,-396,140
98130,98848,718,0,GE-Phase,stroke,98708,99217,509,140,0.195,-578,-369
98848,100935,2087,0,GE-Phrase,231,98708,100412,1704,1564,0.749,140,523
98848,100935,2087,0,GE-Phase,stroke,98708,99217,509,369,0.177,140,1718
98848,100935,2087,0,GE-Phase,retraction,99217,100412,1195,1195,0.573,-369,523
137060,138339,1279,0,GE-Phrase,235,136803,138001,1198,941,0.736,257,338
137060,138339,1279,0,GE-Phrase,236,138001,139371,1370,338,0.264,-941,-1032
137060,138339,1279,0,GE-Phase,stroke,136963,137483,520,423,0.331,97,856
137060,138339,1279,0,GE-Phase,hold,137483,138001,518,518,0.405,-423,338
137060,138339,1279,0,GE-Phase,preparation,138001,138475,474,338,0.264,-941,-136
138339,139647,1308,0,GE-Phrase,236,138001,139371,1370,1032,0.789,338,276
138339,139647,1308,0,GE-Phrase,237,139371,143181,3810,276,0.211,-1032,-3534
138339,139647,1308,0,GE-Phase,preparation,138001,138475,474,136,0.104,338,1172
138339,139647,1308,0,GE-Phase,stroke,138475,139096,621,621,0.475,-136,551
138339,139647,1308,0,GE-Phase,retraction,139096,139371,275,275,0.21,-757,276
138339,139647,1308,0,GE-Phase,preparation,139371,140340,969,276,0.211,-1032,-693
4370,5588,1218,0,GE-Phrase,201,2608,9088,6480,1218,1.0,1762,-3500
4370,5588,1218,0,GE-Phase,stroke,2772,9088,6316,1218,1.0,1598,-3500
5588,7444,1856,0,GE-Phrase,201,2608,9088,6480,1856,1.0,2980,-1644
5588,7444,1856,0,GE-Phase,stroke,2772,9088,6316,1856,1.0,2816,-1644
76336,77850,1514,0,GE-Phrase,226,76279,77639,1360,1303,0.861,57,211
76336,77850,1514,0,GE-Phrase,227,77639,79279,1640,211,0.139,-1303,-1429
76336,77850,1514,0,GE-Phase,preparation,76279,76512,233,176,0.116,57,1338
76336,77850,1514,0,GE-Phase,stroke,76512,76980,468,468,0.309,-176,870
76336,77850,1514,0,GE-Phase,hold,76980,77639,659,659,0.435,-644,211
76336,77850,1514,0,GE-Phase,preparation,77639,77999,360,211,0.139,-1303,-149
77850,79367,1517,0,GE-Phrase,227,77639,79279,1640,1429,0.942,211,88
77850,79367,1517,0,GE-Phrase,228,79279,80954,1675,88,0.058,-1429,-1587
77850,79367,1517,0,GE-Phase,preparation,77639,77999,360,149,0.098,211,1368
77850,79367,1517,0,GE-Phase,stroke,77999,78319,320,320,0.211,-149,1048
77850,79367,1517,0,GE-Phase,hold,78319,79039,720,720,0.475,-469,328
77850,79367,1517,0,GE-Phase,retraction,79039,79279,240,240,0.158,-1189,88
77850,79367,1517,0,GE-Phase,preparation,79279,79501,222,88,0.058,-1429,-134
79367,79692,325,0,GE-Phrase,228,79279,80954,1675,325,1.0,88,-1262
79367,79692,325,0,GE-Phase,preparation,79279,79501,222,134,0.412,88,191
79367,79692,325,0,GE-Phase,stroke,79501,79868,367,191,0.588,-134,-176
79692,81357,1665,0,GE-Phrase,228,79279,80954,1675,1262,0.758,413,403
79692,81357,1665,0,GE-Phrase,229,80954,82638,1684,403,0.242,-1262,-1281
79692,81357,1665,0,GE-Phase,stroke,79501,79868,367,176,0.106,191,1489
79692,81357,1665,0,GE-Phase,hold,79868,80508,640,640,0.384,-176,849
79692,81357,1665,0,GE-Phase,retraction,80508,80954,446,446,0.268,-816,403
79692,81357,1665,0,GE-Phase,preparation,80954,81451,497,403,0.242,-1262,-94
97800,98130,330,0,GE-Phrase,230,97846,98708,862,284,0.861,-46,-578
97800,98130,330,0,GE-Phase,preparation,97846,98286,440,284,0.861,-46,-156
98130,98848,718,0,GE-Phrase,230,97846,98708,862,578,0.805,284,140
98130,98848,718,0,GE-Phrase,231,98708,100412,1704,140,0.195,-578,-1564
98130,98848,718,0,GE-Phase,preparation,97846,98286,440,156,0.217,284,562
98130,98848,718,0,GE-Phase,stroke,98286,98526,240,240,0.334,-156,322
98130,98848,718,0,GE-Phase,retraction,98526,98708,182,182,0.253,-396,140
98130,98848,718,0,GE-Phase,stroke,98708,99217,509,140,0.195,-578,-369
98848,100935,2087,0,GE-Phrase,231,98708,100412,1704,1564,0.749,140,523
98848,100935,2087,0,GE-Phase,stroke,98708,99217,509,369,0.177,140,1718
98848,100935,2087,0,GE-Phase,retraction,99217,100412,1195,1195,0.573,-369,523
137060,138339,1279,0,GE-Phrase,235,136803,138001,1198,941,0.736,257,338
137060,138339,1279,0,GE-Phrase,236,138001,139371,1370,338,0.264,-941,-1032
137060,138339,1279,0,GE-Phase,stroke,136963,137483,520,423,0.331,97,856
137060,138339,1279,0,GE-Phase,hold,137483,138001,518,518,0.405,-423,338
137060,138339,1279,0,GE-Phase,preparation,138001,138475,474,338,0.264,-941,-136
138339,139647,1308,0,GE-Phrase,236,138001,139371,1370,1032,0.789,338,276
138339,139647,1308,0,GE-Phrase,237,139371,143181,3810,276,0.211,-1032,-3534
138339,139647,1308,0,GE-Phase,preparation,138001,138475,474,136,0.104,338,1172
138339,139647,1308,0,GE-Phase,stroke,138475,139096,621,621,0.475,-136,551
138339,139647,1308,0,GE-Phase,retraction,139096,139371,275,275,0.21,-757,276
138339,139647,1308,0,GE-Phase,preparation,139371,140340,969,276,0.211,-1032,-693
4370,5588,1218,0,GE-Phrase,201,2608,9088,6480,1218,1.0,1762,-3500
4370,5588,1218,0,GE-Phase,stroke,2772,9088,6316,1218,1.0,1598,-3500
5588,7444,1856,0,GE-Phrase,201,2608,9088,6480,1856,1.0,2980,-1644
5588,7444,1856,0,GE-Phase,stroke,2772,9088,6316,1856,1.0,2816,-1644
76336,77850,1514,0,GE-Phrase,226,76279,77639,1360,1303,0.861,57,211
76336,77850,1514,0,GE-Phrase,227,77639,79279,1640,211,0.139,-1303,-1429
76336,77850,1514,0,GE-Phase,preparation,76279,76512,233,176,0.116,57,1338
76336,77850,1514,0,GE-Phase,stroke,76512,76980,468,468,0.309,-176,870
76336,77850,1514,0,GE-Phase,hold,76980,77639,659,659,0.435,-644,211
76336,77850,1514,0,GE-Phase,preparation,77639,77999,360,211,0.139,-1303,-149
77850,79367,1517,0,GE-Phrase,227,77639,79279,1640,1429,0.942,211,88
77850,79367,1517,0,GE-Phrase,228,79279,80954,1675,88,0.058,-1429,-1587
77850,79367,1517,0,GE-Phase,preparation,77639,77999,360,149,0.098,211,1368
77850,79367,1517,0,GE-Phase,stroke,77999,78319,320,320,0.211,-149,1048
77850,79367,1517,0,GE-Phase,hold,78319,79039,720,720,0.475,-469,328
77850,79367,1517,0,GE-Phase,retraction,79039,79279,240,240,0.158,-1189,88
77850,79367,1517,0,GE-Phase,preparation,79279,79501,222,88,0.058,-1429,-134
79367,79692,325,0,GE-Phrase,228,79279,80954,1675,325,1.0,88,-1262
79367,79692,325,0,GE-Phase,preparation,79279,79501,222,134,0.412,88,191
79367,79692,325,0,GE-Phase,stroke,79501,79868,367,191,0.588,-134,-176
79692,81357,1665,0,GE-Phrase,228,79279,80954,1675,1262,0.758,413,403
79692,81357,1665,0,GE-Phrase,229,80954,82638,1684,403,0.242,-1262,-1281
79692,81357,1665,0,GE-Phase,stroke,79501,79868,367,176,0.106,191,1489
79692,81357,1665,0,GE-Phase,hold,79868,80508,640,640,0.384,-176,849
79692,81357,1665,0,GE-Phase,retraction,80508,80954,446,446,0.268,-816,403
79692,81357,1665,0,GE-Phase,preparation,80954,81451,497,403,0.242,-1262,-94
97800,98130,330,0,GE-Phrase,230,97846,98708,862,284,0.861,-46,-578
97800,98130,330,0,GE-Phase,preparation,97846,98286,440,284,0.861,-46,-156
98130,98848,718,0,GE-Phrase,230,97846,98708,862,578,0.805,284,140
98130,98848,718,0,GE-Phrase,231,98708,100412,1704,140,0.195,-578,-1564
98130,98848,718,0,GE-Phase,preparation,97846,98286,440,156,0.217,284,562
98130,98848,718,0,GE-Phase,stroke,98286,98526,240,240,0.334,-156,322
98130,98848,718,0,GE-Phase,retraction,98526,98708,182,182,0.253,-396,140
98130,98848,718,0,GE-Phase,stroke,98708,99217,509,140,0.195,-578,-369
98848,100935,2087,0,GE-Phrase,231,98708,100412,1704,1564,0.749,140,523
98848,100935,2087,0,GE-Phase,stroke,98708,99217,509,369,0.177,140,1718
98848,100935,2087,0,GE-Phase,retraction,99217,100412,1195,1195,0.573,-369,523
137060,138339,1279,0,GE-Phrase,235,136803,138001,1198,941,0.736,257,338
137060,138339,1279,0,GE-Phrase,236,138001,139371,1370,338,0.264,-941,-1032
137060,138339,1279,0,GE-Phase,stroke,136963,137483,520,423,0.331,97,856
137060,138339,1279,0,GE-Phase,hold,137483,138001,518,518,0.405,-423,338
137060,138339,1279,0,GE-Phase,preparation,138001,138475,474,338,0.264,-941,-136
138339,139647,1308,0,GE-Phrase,236,138001,139371,1370,1032,0.789,338,276
138339,139647,1308,0,GE-Phrase,237,139371,143181,3810,276,0.211,-1032,-3534
138339,139647,1308,0,GE-Phase,preparation,138001,138475,474,136,0.104,338,1172
138339,139647,1308,0,GE-Phase,stroke,138475,139096,621,621,0.475,-136,551
138339,139647,1308,0,GE-Phase,retraction,139096,139371,275,275,0.21,-757,276
138339,139647,1308,0,GE-Phase,preparation,139371,140340,969,276,0.211,-1032,-693
4370,5588,1218,0,GE-Phrase,201,2608,9088,6480,1218,1.0,1762,-3500
4370,5588,1218,0,GE-Phase,stroke,2772,9088,6316,1218,1.0,1598,-3500
5588,7444,1856,0,GE-Phrase,201,2608,9088,6480,1856,1.0,2980,-1644
5588,7444,1856,0,GE-Phase,stroke,2772,9088,6316,1856,1.0,2816,-1644
76336,77850,1514,0,GE-Phrase,226,76279,77639,1360,1303,0.861,57,211
76336,77850,1514,0,GE-Phrase,227,77639,79279,1640,211,0.139,-1303,-1429
76336,77850,1514,0,GE-Phase,preparation,76279,76512,233,176,0.116,57,1338
76336,77850,1514,0,GE-Phase,stroke,76512,76980,468,468,0.309,-176,870
76336,77850,1514,0,GE-Phase,hold,76980,77639,659,659,0.435,-644,211
76336,77850,1514,0,GE-Phase,preparation,77639,77999,360,211,0.139,-1303,-149
77850,79367,1517,0,GE-Phrase,227,77639,79279,1640,1429,0.942,211,88
77850,79367,1517,0,GE-Phrase,228,79279,80954,1675,88,0.058,-1429,-1587
77850,79367,1517,0,GE-Phase,preparation,77639,77999,360,149,0.098,211,1368
77850,79367,1517,0,GE-Phase,stroke,77999,78319,320,320,0.211,-149,1048
77850,79367,1517,0,GE-Phase,hold,78319,79039,720,720,0.475,-469,328
77850,79367,1517,0,GE-Phase,retraction,79039,79279,240,240,0.158,-1189,88
77850,79367,1517,0,GE-Phase,preparation,79279,79501,222,88,0.058,-1429,-134
79367,79692,325,0,GE-Phrase,228,79279,80954,1675,325,1.0,88,-1262
79367,79692,325,0,GE-Phase,preparation,79279,79501,222,134,0.412,88,191
79367,79692,325,0,GE-Phase,stroke,79501,79868,367,191,0.588,-134,-176
79692,81357,1665,0,GE-Phrase,228,79279,80954,1675,1262,0.758,413,403
79692,81357,1665,0,GE-Phrase,229,80954,82638,1684,403,0.242,-1262,-1281
79692,81357,1665,0,GE-Phase,stroke,79501,79868,367,176,0.106,191,1489
79692,81357,1665,0,GE-Phase,hold,79868,80508,640,640,0.384,-176,849
79692,81357,1665,0,GE-Phase,retraction,80508,80954,446,446,0.268,-816,403
79692,81357,1665,0,GE-Phase,preparation,80954,81451,497,403,0.242,-1262,-94
97800,98130,330,0,GE-Phrase,230,97846,98708,862,284,0.861,-46,-578
97800,98130,330,0,GE-Phase,preparation,97846,98286,440,284,0.861,-46,-156
98130,98848,718,0,GE-Phrase,230,97846,98708,862,578,0.805,284,140
98130,98848,718,0,GE-Phrase,231,98708,100412,1704,140,0.195,-578,-1564
98130,98848,718,0,GE-Phase,preparation,97846,98286,440,156,0.217,284,562
98130,98848,718,0,GE-Phase,stroke,98286,98526,240,240,0.334,-156,322
98130,98848,718,0,GE-Phase,retraction,98526,98708,182,182,0.253,-396,140
98130,98848,718,0,GE-Phase,stroke,98708,99217,509,140,0.195,-578,-369
98848,100935,2087,0,GE-Phrase,231,98708,100412,1704,1564,0.749,140,523
98848,100935,2087,0,GE-Phase,stroke,98708,99217,509,369,0.177,140,1718
98848,100935,2087,0,GE-Phase,retraction,99217,100412,1195,1195,0.573,-369,523
137060,138339,1279,0,GE-Phrase,235,136803,138001,1198,941,0.736,257,338
137060,138339,1279,0,GE-Phrase,236,138001,139371,1370,338,0.264,-941,-1032
137060,138339,1279,0,GE-Phase,stroke,136963,137483,520,423,0.331,97,856
137060,138339,1279,0,GE-Phase,hold,137483,138001,518,518,0.405,-423,338
137060,138339,1279,0,GE-Phase,preparation,138001,138475,474,338,0.264,-941,-136
138339,139647,1308,0,GE-Phrase,236,138001,139371,1370,1032,0.789,338,276
138339,139647,1308,0,GE-Phrase,237,139371,143181,3810,276,0.211,-1032,-3534
138339,139647,1308,0,GE-Phase,preparation,138001,138475,474,136,0.104,338,1172
138339,139647,1308,0,GE-Phase,stroke,138475,139096,621,621,0.475,-136,551
138339,139647,1308,0,GE-Phase,retraction,139096,139371,275,275,0.21,-757,276
138339,139647,1308,0,GE-Phase,preparation,139371,140340,969,276,0.211,-1032,-693
4370,5588,1218,0,GE-Phrase,201,2608,9088,6480,1218,1.0,1762,-3500
4370,5588,1218,0,GE-Phase,stroke,2772,9088,6316,1218,1.0,1598,-3500
5588,7444,1856,0,GE-Phrase,201,2608,9088,6480,1856,1.0,2980,-1644
5588,7444,1856,0,GE-Phase,stroke,2772,9088,6316,1856,1.0,2816,-1644
76336,77850,1514,0,GE-Phrase,226,76279,77639,1360,1303,0.861,57,211
76336,77850,1514,0,GE-Phrase,227,77639,79279,1640,211,0.139,-1303,-1429
76336,77850,1514,0,GE-Phase,preparation,76279,76512,233,176,0.116,57,1338
76336,77850,1514,0,GE-Phase,stroke,76512,76980,468,468,0.309,-176,870
76336,77850,1514,0,GE-Phase,hold,76980,77639,659,659,0.435,-644,211
76336,77850,1514,0,GE-Phase,preparation,77639,77999,360,211,0.139,-1303,-149
77850,79367,1517,0,GE-Phrase,227,77639,79279,1640,1429,0.942,211,88
77850,79367,1517,0,GE-Phrase,228,79279,80954,1675,88,0.058,-1429,-1587
77850,79367,1517,0,GE-Phase,preparation,77639,77999,360,149,0.098,211,1368
77850,79367,1517,0,GE-Phase,stroke,77999,78319,320,320,0.211,-149,1048
77850,79367,1517,0,GE-Phase,hold,78319,79039,720,720,0.475,-469,328
77850,79367,1517,0,GE-Phase,retraction,79039,79279,240,240,0.158,-1189,88
77850,79367,1517,0,GE-Phase,preparation,79279,79501,222,88,0.058,-1429,-134
79367,79692,325,0,GE-Phrase,228,79279,80954,1675,325,1.0,88,-1262
79367,79692,325,0,GE-Phase,preparation,79279,79501,222,134,0.412,88,191
79367,79692,325,0,GE-Phase,stroke,79501,79868,367,191,0.588,-134,-176
79692,81357,1665,0,GE-Phrase,228,79279,80954,1675,1262,0.758,413,403
79692,81357,1665,0,GE-Phrase,229,80954,82638,1684,403,0.242,-1262,-1281
79692,81357,1665,0,GE-Phase,stroke,79501,79868,367,176,0.106,191,1489
79692,81357,1665,0,GE-Phase,hold,79868,80508,640,640,0.384,-176,849
79692,81357,1665,0,GE-Phase,retraction,80508,80954,446,446,0.268,-816,403
79692,81357,1665,0,GE-Phase,preparation,80954,81451,497,403,0.242,-1262,-94
97800,98130,330,0,GE-Phrase,230,97846,98708,862,284,0.861,-46,-578
97800,98130,330,0,GE-Phase,preparation,97846,98286,440,284,0.861,-46,-156
98130,98848,718,0,GE-Phrase,230,97846,98708,862,578,0.805,284,140
98130,98848,718,0,GE-Phrase,231,98708,100412,1704,140,0.195,-578,-1564
98130,98848,718,0,GE-Phase,preparation,97846,98286,440,156,0.217,284,562
98130,98848,718,0,GE-Phase,stroke,98286,98526,240,240,0.334,-156,322
98130,98848,718,0,GE-Phase,retraction,98526,98708,182,182,0.253,-396,140
98130,98848,718,0,GE-Phase,stroke,98708,99217,509,140,0.195,-578,-369
98848,100935,2087,0,GE-Phrase,231,98708,100412,1704,1564,0.749,140,523
98848,100935,2087,0,GE-Phase,stroke,98708,99217,509,369,0.177,140,1718
98848,100935,2087,0,GE-Phase,retraction,99217,100412,1195,1195,0.573,-369,523
137060,138339,1279,0,GE-Phrase,235,136803,138001,1198,941,0.736,257,338
137060,138339,1279,0,GE-Phrase,236,138001,139371,1370,338,0.264,-941,-1032
137060,138339,1279,0,GE-Phase,stroke,136963,137483,520,423,0.331,97,856
137060,138339,1279,0,GE-Phase,hold,137483,138001,518,518,0.405,-423,338
137060,138339,1279,0,GE-Phase,preparation,138001,138475,474,338,0.264,-941,-136
138339,139647,1308,0,GE-Phrase,236,138001,139371,1370,1032,0.789,338,276
138339,139647,1308,0,GE-Phrase,237,139371,143181,3810,276,0.211,-1032,-3534
138339,139647,1308,0,GE-Phase,preparation,138001,138475,474,136,0.104,338,1172
138339,139647,1308,0,GE-Phase,stroke,138475,139096,621,621,0.475,-136,551
138339,139647,1308,0,GE-Phase,retraction,139096,139371,275,275,0.21,-757,276
138339,139647,1308,0,GE-Phase,preparation,139371,140340,969,276,0.211,-1032,-693
4370,5588,1218,0,GE-Phrase,201,2608,9088,6480,1218,1.0,1762,-3500
4370,5588,1218,0,GE-Phase,stroke,2772,9088,6316,1218,1.0,1598,-3500
5588,7444,1856,0,GE-Phrase,201,2608,9088,6480,1856,1.0,2980,-1644
5588,7444,1856,0,GE-Phase,stroke,2772,9088,6316,1856,1.0,2816,-1644
76336,77850,1514,0,GE-Phrase,226,76279,77639,1360,1303,0.861,57,211
76336,77850,1514,0,GE-Phrase,227,77639,79279,1640,211,0.139,-1303,-1429
76336,77850,1514,0,GE-Phase,preparation,76279,76512,233,176,0.116,57,1338
76336,77850,1514,0,GE-Phase,stroke,76512,76980,468,468,0.309,-176,870
76336,77850,1514,0,GE-Phase,hold,76980,77639,659,659,0.435,-644,211
76336,77850,1514,0,GE-Phase,preparation,77639,77999,360,211,0.139,-1303,-149
77850,79367,1517,0,GE-Phrase,227,77639,79279,1640,1429,0.942,211,88
77850,79367,1517,0,GE-Phrase,228,79279,80954,1675,88,0.058,-1429,-1587
77850,79367,1517,0,GE-Phase,preparation,77639,77999,360,149,0.098,211,1368
77850,79367,1517,0,GE-Phase,stroke,77999,78319,320,320,0.211,-149,1048
77850,79367,1517,0,GE-Phase,hold,78319,79039,720,720,0.475,-469,328
77850,79367,1517,0,GE-Phase,retraction,79039,79279,240,240,0.158,-1189,88
77850,79367,1517,0,GE-Phase,preparation,79279,79501,222,88,0.058,-1429,-134
79367,79692,325,0,GE-Phrase,228,79279,80954,1675,325,1.0,88,-1262
79367,79692,325,0,GE-Phase,preparation,79279,79501,222,134,0.412,88,191
79367,79692,325,0,GE-Phase,stroke,79501,79868,367,191,0.588,-134,-176
79692,81357,1665,0,GE-Phrase,228,79279,80954,1675,1262,0.758,413,403
79692,81357,1665,0,GE-Phrase,229,80954,82638,1684,403,0.242,-1262,-1281
79692,81357,1665,0,GE-Phase,stroke,79501,79868,367,176,0.106,191,1489
79692,81357,1665,0,GE-Phase,hold,79868,80508,640,640,0.384,-176,849
79692,81357,1665,0,GE-Phase,retraction,80508,80954,446,446,0.268,-816,403
79692,81357,1665,0,GE-Phase,preparation,80954,81451,497,403,0.242,-1262,-94
97800,98130,330,0,GE-Phrase,230,97846,98708,862,284,0.861,-46,-578
97800,98130,330,0,GE-Phase,preparation,97846,98286,440,284,0.861,-46,-156
98130,98848,718,0,GE-Phrase,230,97846,98708,862,578,0.805,284,140
98130,98848,718,0,GE-Phrase,231,98708,100412,1704,140,0.195,-578,-1564
98130,98848,718,0,GE-Phase,preparation,97846,98286,440,156,0.217,284,562
98130,98848,718,0,GE-Phase,stroke,98286,98526,240,240,0.334,-156,322
98130,98848,718,0,GE-Phase,retraction,98526,98708,182,182,0.253,-396,140
98130,98848,718,0,GE-Phase,stroke,98708,99217,509,140,0.195,-578,-369
98848,100935,2087,0,GE-Phrase,231,98708,100412,1704,1564,0.749,140,523
98848,100935,2087,0,GE-Phase,stroke,98708,99217,509,369,0.177,140,1718
98848,100935,2087,0,GE-Phase,retraction,99217,100412,1195,1195,0.573,-369,523
137060,138339,1279,0,GE-Phrase,235,136803,138001,1198,941,0.736,257,338
137060,138339,1279,0,GE-Phrase,236,138001,139371,1370,338,0.264,-941,-1032
137060,138339,1279,0,GE-Phase,stroke,136963,137483,520,423,0.331,97,856
137060,138339,1279,0,GE-Phase,hold,137483,138001,518,518,0.405,-423,338
137060,138339,1279,0,GE-Phase,preparation,138001,138475,474,338,0.264,-941,-136
138339,139647,1308,0,GE-Phrase,236,138001,139371,1370,1032,0.789,338,276
138339,139647,1308,0,GE-Phrase,237,139371,143181,3810,276,0.211,-1032,-3534
138339,139647,1308,0,GE-Phase,preparation,138001,138475,474,136,0.104,338,1172
138339,139647,1308,0,GE-Phase,stroke,138475,139096,621,621,0.475,-136,551
138339,139647,1308,0,GE-Phase,retraction,139096,139371,275,275,0.21,-757,276
138339,139647,1308,0,GE-Phase,preparation,139371,140340,969,276,0.211,-1032,-693
4370,5588,1218,0,GE-Phrase,201,2608,9088,6480,1218,1.0,1762,-3500
4370,5588,1218,0,GE-Phase,stroke,2772,9088,6316,1218,1.0,1598,-3500
5588,7444,1856,0,GE-Phrase,201,2608,9088,6480,1856,1.0,2980,-1644
5588,7444,1856,0,GE-Phase,stroke,2772,9088,6316,1856,1.0,2816,-1644
76336,77850,1514,0,GE-Phrase,226,76279,77639,1360,1303,0.861,57,211
76336,77850,1514,0,GE-Phrase,227,77639,79279,1640,211,0.139,-1303,-1429
76336,77850,1514,0,GE-Phase,preparation,76279,76512,233,176,0.116,57,1338
76336,77850,1514,0,GE-Phase,stroke,76512,76980,468,468,0.309,-176,870
76336,77850,1514,0,GE-Phase,hold,76980,77639,659,659,0.435,-644,211
76336,77850,1514,0,GE-Phase,preparation,77639,77999,360,211,0.139,-1303,-149
77850,79367,1517,0,GE-Phrase,227,77639,79279,1640,1429,0.942,211,88
77850,79367,1517,0,GE-Phrase,228,79279,80954,1675,88,0.058,-1429,-1587
77850,79367,1517,0,GE-Phase,preparation,77639,77999,360,149,0.098,211,1368
77850,79367,1517,0,GE-Phase,stroke,77999,78319,320,320,0.211,-149,1048
77850,79367,1517,0,GE-Phase,hold,78319,79039,720,720,0.475,-469,328
77850,79367,1517,0,GE-Phase,retraction,79039,79279,240,240,0.158,-1189,88
77850,79367,1517,0,GE-Phase,preparation,79279,79501,222,88,0.058,-1429,-134
79367,79692,325,0,GE-Phrase,228,79279,80954,1675,325,1.0,88,-1262
79367,79692,325,0,GE-Phase,preparation,79279,79501,222,134,0.412,88,191
79367,79692,325,0,GE-Phase,stroke,79501,79868,367,191,0.588,-134,-176
79692,81357,1665,0,GE-Phrase,228,79279,80954,1675,1262,0.758,413,403
79692,81357,1665,0,GE-Phrase,229,80954,82638,1684,403,0.242,-1262,-1281
79692,81357,1665,0,GE-Phase,stroke,79501,79868,367,176,0.106,191,1489
79692,81357,1665,0,GE-Phase,hold,79868,80508,640,640,0.384,-176,849
79692,81357,1665,0,GE-Phase,retraction,80508,80954,446,446,0.268,-816,403
79692,81357,1665,0,GE-Phase,preparation,80954,81451,497,403,0.242,-1262,-94
97800,98130,330,0,GE-Phrase,230,97846,98708,862,284,0.861,-46,-578
97800,98130,330,0,GE-Phase,preparation,97846,98286,440,284,0.861,-46,-156
98130,98848,718,0,GE-Phrase,230,97846,98708,862,578,0.805,284,140
98130,98848,718,0,GE-Phrase,231,98708,100412,1704,140,0.195,-578,-1564
98130,98848,718,0,GE-Phase,preparation,97846,98286,440,156,0.217,284,562
98130,98848,718,0,GE-Phase,stroke,98286,98526,240,240,0.334,-156,322
98130,98848,718,0,GE-Phase,retraction,98526,98708,182,182,0.253,-396,140
98130,98848,718,0,GE-Phase,stroke,98708,99217,509,140,0.195,-578,-369
98848,100935,2087,0,GE-Phrase,231,98708,100412,1704,1564,0.749,140,523
98848,100935,2087,0,GE-Phase,stroke,98708,99217,509,369,0.177,140,1718
98848,100935,2087,0,GE-Phase,retraction,99217,100412,1195,1195,0.573,-369,523
137060,138339,1279,0,GE-Phrase,235,136803,138001,1198,941,0.736,257,338
137060,138339,1279,0,GE-Phrase,236,138001,139371,1370,338,0.264,-941,-1032
137060,138339,1279,0,GE-Phase,stroke,136963,137483,520,423,0.331,97,856
137060,138339,1279,0,GE-Phase,hold,137483,138001,518,518,0.405,-423,338
137060,138339,1279,0,GE-Phase,preparation,138001,138475,474,338,0.264,-941,-136
138339,139647,1308,0,GE-Phrase,236,138001,139371,1370,1032,0.789,338,276
138339,139647,1308,0,GE-Phrase,237,139371,143181,3810,276,0.211,-1032,-3534
138339,139647,1308,0,GE-Phase,preparation,138001,138475,474,136,0.104,338,1172
138339,139647,1308,0,GE-Phase,stroke,138475,139096,621,621,0.475,-136,551
138339,139647,1308,0,GE-Phase,retraction,139096,139371,275,275,0.21,-757,276
138339,139647,1308,0,GE-Phase,preparation,139371,140340,969,276,0.211,-1032,-693
4370,5588,1218,0,GE-Phrase,201,2608,9088,6480,1218,1.0,1762,-3500
4370,5588,1218,0,GE-Phase,stroke,2772,9088,6316,1218,1.0,1598,-3500
5588,7444,1856,0,GE-Phrase,201,2608,9088,6480,1856,1.0,2980,-1644
5588,7444,1856,0,GE-Phase,stroke,2772,9088,6316,1856,1.0,2816,-1644
76336,77850,1514,0,GE-Phrase,226,76279,77639,1360,1303,0.861,57,211
76336,77850,1514,0,GE-Phrase,227,77639,79279,1640,211,0.139,-1303,-1429
76336,77850,1514,0,GE-Phase,preparation,76279,76512,233,176,0.116,57,1338
76336,77850,1514,0,GE-Phase,stroke,76512,76980,468,468,0.309,-176,870
76336,77850,1514,0,GE-Phase,hold,76980,77639,659,659,0.435,-644,211
76336,77850,1514,0,GE-Phase,preparation,77639,77999,360,211,0.139,-1303,-149
77850,79367,1517,0,GE-Phrase,227,77639,79279,1640,1429,0.942,211,88
77850,79367,1517,0,GE-Phrase,228,79279,80954,1675,88,0.058,-1429,-1587
77850,79367,1517,0,GE-Phase,preparation,77639,77999,360,149,0.098,211,1368
77850,79367,1517,0,GE-Phase,stroke,77999,78319,320,320,0.211,-149,1048
77850,79367,1517,0,GE-Phase,hold,78319,79039,720,720,0.475,-469,328
77850,79367,1517,0,GE-Phase,retraction,79039,79279,240,240,0.158,-1189,88
77850,79367,1517,0,GE-Phase,preparation,79279,79501,222,88,0.058,-1429,-134
79367,79692,325,0,GE-Phrase,228,79279,80954,1675,325,1.0,88,-1262
79367,79692,325,0,GE-Phase,preparation,79279,79501,222,134,0.412,88,191
79367,79692,325,0,GE-Phase,stroke,79501,79868,367,191,0.588,-134,-176
79692,81357,1665,0,GE-Phrase,228,79279,80954,1675,1262,0.758,413,403
79692,81357,1665,0,GE-Phrase,229,80954,82638,1684,403,0.242,-1262,-1281
79692,81357,1665,0,GE-Phase,stroke,79501,79868,367,176,0.106,191,1489
79692,81357,1665,0,GE-Phase,hold,79868,80508,640,640,0.384,-176,849
79692,81357,1665,0,GE-Phase,retraction,80508,80954,446,446,0.268,-816,403
79692,81357,1665,0,GE-Phase,preparation,80954,81451,497,403,0.242,-1262,-94
97800,98130,330,0,GE-Phrase,230,97846,98708,862,284,0.861,-46,-578
97800,98130,330,0,GE-Phase,preparation,97846,98286,440,284,0.861,-46,-156
98130,98848,718,0,GE-Phrase,230,97846,98708,862,578,0.805,284,140
98130,98848,718,0,GE-Phrase,231,98708,100412,1704,140,0.195,-578,-1564
98130,98848,718,0,GE-Phase,preparation,97846,98286,440,156,0.217,284,562
98130,98848,718,0,GE-Phase,stroke,98286,98526,240,240,0.334,-156,322
98130,98848,718,0,GE-Phase,retraction,98526,98708,182,182,0.253,-396,140
98130,98848,718,0,GE-Phase,stroke,98708,99217,509,140,0.195,-578,-369
98848,100935,2087,0,GE-Phrase,231,98708,100412,1704,1564,0.749,140,523
98848,100935,2087,0,GE-Phase,stroke,98708,99217,509,369,0.177,140,1718
98848,100935,2087,0,GE-Phase,retraction,99217,100412,1195,1195,0.573,-369,523
137060,138339,1279,0,GE-Phrase,235,136803,138001,1198,941,0.736,257,338
137060,138339,1279,0,GE-Phrase,236,138001,139371,1370,338,0.264,-941,-1032
137060,138339,1279,0,GE-Phase,stroke,136963,137483,520,423,0.331,97,856
137060,138339,1279,0,GE-Phase,hold,137483,138001,518,518,0.405,-423,338
137060,138339,1279,0,GE-Phase,preparation,138001,138475,474,338,0.264,-941,-136
138339,139647,1308,0,GE-Phrase,236,138001,139371,1370,1032,0.789,338,276
138339,139647,1308,0,GE-Phrase,237,139371,143181,3810,276,0.211,-1032,-3534
138339,139647,1308,0,GE-Phase,preparation,138001,138475,474,136,0.104,338,1172
138339,139647,1308,0,GE-Phase,stroke,138475,139096,621,621,0.475,-136,551
138339,139647,1308,0,GE-Phase,retraction,139096,139371,275,275,0.21,-757,276
138339,139647,1308,0,GE-Phase,preparation,139371,140340,969,276,0.211,-1032,-693
4370,5588,1218,0,GE-Phrase,201,2608,9088,6480,1218,1.0,1762,-3500
4370,5588,1218,0,GE-Phase,stroke,2772,9088,6316,1218,1.0,1598,-3500
5588,7444,1856,0,GE-Phrase,201,2608,9088,6480,1856,1.0,2980,-1644
5588,7444,1856,0,GE-Phase,stroke,2772,9088,6316,1856,1.0,2816,-1644
76336,77850,1514,0,GE-Phrase,226,76279,77639,1360,1303,0.861,57,211
76336,77850,1514,0,GE-Phrase,227,77639,79279,1640,211,0.139,-1303,-1429
76336,77850,1514,0,GE-Phase,preparation,76279,76512,233,176,0.116,57,1338
76336,77850,1514,0,GE-Phase,stroke,76512,76980,468,468,0.309,-176,870
76336,77850,1514,0,GE-Phase,hold,76980,77639,659,659,0.435,-644,211
76336,77850,1514,0,GE-Phase,preparation,77639,77999,360,211,0.139,-1303,-149
77850,79367,1517,0,GE-Phrase,227,77639,79279,1640,1429,0.942,211,88
77850,79367,1517,0,GE-Phrase,228,79279,80954,1675,88,0.058,-1429,-1587
77850,79367,1517,0,GE-Phase,preparation,77639,77999,360,149,0.098,211,1368
77850,79367,1517,0,GE-Phase,stroke,77999,78319,320,320,0.211,-149,1048
77850,79367,1517,0,GE-Phase,hold,78319,79039,720,720,0.475,-469,328
77850,79367,1517,0,GE-Phase,retraction,79039,79279,240,240,0.158,-1189,88
77850,79367,1517,0,GE-Phase,preparation,79279,79501,222,88,0.058,-1429,-134
79367,79692,325,0,GE-Phrase,228,79279,80954,1675,325,1.0,88,-1262
79367,79692,325,0,GE-Phase,preparation,79279,79501,222,134,0.412,88,191
79367,79692,325,0,GE-Phase,stroke,79501,79868,367,191,0.588,-134,-176
79692,81357,1665,0,GE-Phrase,228,79279,80954,1675,1262,0.758,413,403
79692,81357,1665,0,GE-Phrase,229,80954,82638,1684,403,0.242,-1262,-1281
79692,81357,1665,0,GE-Phase,stroke,79501,79868,367,176,0.106,191,1489
79692,81357,1665,0,GE-Phase,hold,79868,80508,640,640,0.384,-176,849
79692,81357,1665,0,GE-Phase,retraction,80508,80954,446,446,0.268,-816,403
79692,81357,1665,0,GE-Phase,preparation,80954,81451,497,403,0.242,-1262,-94
97800,98130,330,0,GE-Phrase,230,97846,98708,862,284,0.861,-46,-578
97800,98130,330,0,GE-Phase,preparation,97846,98286,440,284,0.861,-46,-156
98130,98848,718,0,GE-Phrase,230,97846,98708,862,578,0.805,284,140
98130,98848,718,0,GE-Phrase,231,98708,100412,1704,140,0.195,-578,-1564
98130,98848,718,0,GE-Phase,preparation,97846,98286,440,156,0.217,284,562
98130,98848,718,0,GE-Phase,stroke,98286,98526,240,240,0.334,-156,322
98130,98848,718,0,GE-Phase,retraction,98526,98708,182,182,0.253,-396,140
98130,98848,718,0,GE-Phase,stroke,98708,99217,509,140,0.195,-578,-369
98848,100935,2087,0,GE-Phrase,231,98708,100412,1704,1564,0.749,140,523
98848,100935,2087,0,GE-Phase,stroke,98708,99217,509,369,0.177,140,1718
98848,100935,2087,0,GE-Phase,retraction,99217,100412,1195,1195,0.573,-369,523
137060,138339,1279,0,GE-Phrase,235,136803,138001,1198,941,0.736,257,338
137060,138339,1279,0,GE-Phrase,236,138001,139371,1370,338,0.264,-941,-1032
137060,138339,1279,0,GE-Phase,stroke,136963,137483,520,423,0.331,97,856
137060,138339,1279,0,GE-Phase,hold,137483,138001,518,518,0.405,-423,338
137060,138339,1279,0,GE-Phase,preparation,138001,138475,474,338,0.264,-941,-136
138339,139647,1308,0,GE-Phrase,236,138001,139371,1370,1032,0.789,338,276
138339,139647,1308,0,GE-Phrase,237,139371,143181,3810,276,0.211,-1032,-3534
138339,139647,1308,0,GE-Phase,preparation,138001,138475,474,136,0.104,338,1172
138339,139647,1308,0,GE-Phase,stroke,138475,139096,621,621,0.475,-136,551
138339,139647,1308,0,GE-Phase,retraction,139096,139371,275,275,0.21,-757,276
138339,139647,1308,0,GE-Phase,preparation,139371,140340,969,276,0.211,-1032,-693
4370,5588,1218,0,GE-Phrase,201,2608,9088,6480,1218,1.0,1762,-3500
4370,5588,1218,0,GE-Phase,stroke,2772,9088,6316,1218,1.0,1598,-3500
5588,7444,1856,0,GE-Phrase,201,2608,9088,6480,1856,1.0,2980,-1644
5588,7444,1856,0,GE-Phase,stroke,2772,9088,6316,1856,1.0,2816,-1644
76336,77850,1514,0,GE-Phrase,226,76279,77639,1360,1303,0.861,57,211
76336,77850,1514,0,GE-Phrase,227,77639,79279,1640,211,0.139,-1303,-1429
76336,77850,1514,0,GE-Phase,preparation,76279,76512,233,176,0.116,57,1338
76336,77850,1514,0,GE-Phase,stroke,76512,76980,468,468,0.309,-176,870
76336,77850,1514,0,GE-Phase,hold,76980,77639,659,659,0.435,-644,211
76336,77850,1514,0,GE-Phase,preparation,77639,77999,360,211,0.139,-1303,-149
77850,79367,1517,0,GE-Phrase,227,77639,79279,1640,1429,0.942,211,88
77850,79367,1517,0,GE-Phrase,228,79279,80954,1675,88,0.058,-1429,-1587
77850,79367,1517,0,GE-Phase,preparation,77639,77999,360,149,0.098,211,1368
77850,79367,1517,0,GE-Phase,stroke,77999,78319,320,320,0.211,-149,1048
77850,79367,1517,0,GE-Phase,hold,78319,79039,720,720,0.475,-469,328
77850,79367,1517,0,GE-Phase,retraction,79039,79279,240,240,0.158,-1189,88
77850,79367,1517,0,GE-Phase,preparation,79279,79501,222,88,0.058,-1429,-134
79367,79692,325,0,GE-Phrase,228,79279,80954,1675,325,1.0,88,-1262
79367,79692,325,0,GE-Phase,preparation,79279,79501,222,134,0.412,88,191
79367,79692,325,0,GE-Phase,stroke,79501,79868,367,191,0.588,-134,-176
79692,81357,1665,0,GE-Phrase,228,79279,80954,1675,1262,0.758,413,403
79692,81357,1665,0,GE-Phrase,229,80954,82638,1684,403,0.242,-1262,-1281
79692,81357,1665,0,GE-Phase,stroke,79501,79868,367,176,0.106,191,1489
79692,81357,1665,0,GE-Phase,hold,79868,80508,640,640,0.384,-176,849
79692,81357,1665,0,GE-Phase,retraction,80508,80954,446,446,0.268,-816,403
79692,81357,1665,0,GE-Phase,preparation,80954,81451,497,403,0.242,-1262,-94
97800,98130,330,0,GE-Phrase,230,97846,98708,862,284,0.861,-46,-578
97800,98130,330,0,GE-Phase,preparation,97846,98286,440,284,0.861,-46,-156
98130,98848,718,0,GE-Phrase,230,97846,98708,862,578,0.805,284,140
98130,98848,718,0,GE-Phrase,231,98708,100412,1704,140,0.195,-578,-1564
98130,98848,718,0,GE-Phase,preparation,97846,98286,440,156,0.217,284,562
98130,98848,718,0,GE-Phase,stroke,98286,98526,240,240,0.334,-156,322
98130,98848,718,0,GE-Phase,retraction,98526,98708,182,182,0.253,-396,140
98130,98848,718,0,GE-Phase,stroke,98708,99217,509,140,0.195,-578,-369
98848,100935,2087,0,GE-Phrase,231,98708,100412,1704,1564,0.749,140,523
98848,100935,2087,0,GE-Phase,stroke,98708,99217,509,369,0.177,140,1718
98848,100935,2087,0,GE-Phase,retraction,99217,100412,1195,1195,0.573,-369,523
137060,138339,1279,0,GE-Phrase,235,136803,138001,1198,941,0.736,257,338
137060,138339,1279,0,GE-Phrase,236,138001,139371,1370,338,0.264,-941,-1032
137060,138339,1279,0,GE-Phase,stroke,136963,137483,520,423,0.331,97,856
137060,138339,1279,0,GE-Phase,hold,137483,138001,518,518,0.405,-423,338
137060,138339,1279,0,GE-Phase,preparation,138001,138475,474,338,0.264,-941,-136
138339,139647,1308,0,GE-Phrase,236,138001,139371,1370,1032,0.789,338,276
138339,139647,1308,0,GE-Phrase,237,139371,143181,3810,276,0.211,-1032,-3534
138339,139647,1308,0,GE-Phase,preparation,138001,138475,474,136,0.104,338,1172
138339,139647,1308,0,GE-Phase,stroke,138475,139096,621,621,0.475,-136,551
138339,139647,1308,0,GE-Phase,retraction,139096,139371,275,275,0.21,-757,276
138339,139647,1308,0,GE-Phase,preparation,139371,140340,969,276,0.211,-1032,-693
4370,5588,1218,0,GE-Phrase,201,2608,9088,6480,1218,1.0,1762,-3500
4370,5588,1218,0,GE-Phase,stroke,2772,9088,6316,1218,1.0,1598,-3500
5588,7444,1856,0,GE-Phrase,201,2608,9088,6480,1856,1.0,2980,-1644
5588,7444,1856,0,GE-Phase,stroke,2772,9088,6316,1856,1.0,2816,-1644
76336,77850,1514,0,GE-Phrase,226,76279,77639,1360,1303,0.861,57,211
76336,77850,1514,0,GE-Phrase,227,77639,79279,1640,211,0.139,-1303,-1429
76336,77850,1514,0,GE-Phase,preparation,76279,76512,233,176,0.116,57,1338
76336,77850,1514,0,GE-Phase,stroke,76512,76980,468,468,0.309,-176,870
76336,77850,1514,0,GE-Phase,hold,76980,77639,659,659,0.435,-644,211
76336,77850,1514,0,GE-Phase,preparation,77639,77999,360,211,0.139,-1303,-149
77850,79367,1517,0,GE-Phrase,227,77639,79279,1640,1429,0.942,211,88
77850,79367,1517,0,GE-Phrase,228,79279,80954,1675,88,0.058,-1429,-1587
77850,79367,1517,0,GE-Phase,preparation,77639,77999,360,149,0.098,211,1368
77850,79367,1517,0,GE-Phase,stroke,77999,78319,320,320,0.211,-149,1048
77850,79367,1517,0,GE-Phase,hold,78319,79039,720,720,0.475,-469,328
77850,79367,1517,0,GE-Phase,retraction,79039,79279,240,240,0.158,-1189,88
77850,79367,1517,0,GE-Phase,preparation,79279,79501,222,88,0.058,-1429,-134
79367,79692,325,0,GE-Phrase,228,79279,80954,1675,325,1.0,88,-1262
79367,79692,325,0,GE-Phase,preparation,79279,79501,222,134,0.412,88,191
79367,79692,325,0,GE-Phase,stroke,79501,79868,367,191,0.588,-134,-176
79692,81357,1665,0,GE-Phrase,228,79279,80954,1675,1262,0.758,413,403
79692,81357,1665,0,GE-Phrase,229,80954,82638,1684,403,0.242,-1262,-1281
79692,81357,1665,0,GE-Phase,stroke,79501,79868,367,176,0.106,191,1489
79692,81357,1665,0,GE-Phase,hold,79868,80508,640,640,0.384,-176,849
79692,81357,1665,0,GE-Phase,retraction,80508,80954,446,446,0.268,-816,403
79692,81357,1665,0,GE-Phase,preparation,80954,81451,497,403,0.242,-1262,-94
97800,98130,330,0,GE-Phrase,230,97846,98708,862,284,0.861,-46,-578
97800,98130,330,0,GE-Phase,preparation,97846,98286,440,284,0.861,-46,-156
98130,98848,718,0,GE-Phrase,230,97846,98708,862,578,0.805,284,140
98130,98848,718,0,GE-Phrase,231,98708,100412,1704,140,0.195,-578,-1564
98130,98848,718,0,GE-Phase,preparation,97846,98286,440,156,0.217,284,562
98130,98848,718,0,GE-Phase,stroke,98286,98526,240,240,0.334,-156,322
98130,98848,718,0,GE-Phase,retraction,98526,98708,182,182,0.253,-396,140
98130,98848,718,0,GE-Phase,stroke,98708,99217,509,140,0.195,-578,-369
98848,100935,2087,0,GE-Phrase,231,98708,100412,1704,1564,0.749,140,523
98848,100935,2087,0,GE-Phase,stroke,98708,99217,509,369,0.177,140,1718
98848,100935,2087,0,GE-Phase,retraction,99217,100412,1195,1195,0.573,-369,523
137060,138339,1279,0,GE-Phrase,235,136803,138001,1198,941,0.736,257,338
137060,138339,1279,0,GE-Phrase,236,138001,139371,1370,338,0.264,-941,-1032
137060,138339,1279,0,GE-Phase,stroke,136963,137483,520,423,0.331,97,856
137060,138339,1279,0,GE-Phase,hold,137483,138001,518,518,0.405,-423,338
137060,138339,1279,0,GE-Phase,preparation,138001,138475,474,338,0.264,-941,-136
138339,139647,1308,0,GE-Phrase,236,138001,139371,1370,1032,0.789,338,276
138339,139647,1308,0,GE-Phrase,237,139371,143181,3810,276,0.211,-1032,-3534
138339,139647,1308,0,GE-Phase,preparation,138001,138475,474,136,0.104,338,1172
138339,139647,1308,0,GE-Phase,stroke,138475,139096,621,621,0.475,-136,551
138339,139647,1308,0,GE-Phase,retraction,139096,139371,275,275,0.21,-757,276
138339,139647,1308,0,GE-Phase,preparation,139371,140340,969,276,0.211,-1032,-693
4370,5588,1218,0,GE-Phrase,201,2608,9088,6480,1218,1.0,1762,-3500
4370,5588,1218,0,GE-Phase,stroke,2772,9088,6316,1218,1.0,1598,-3500
5588,7444,1856,0,GE-Phrase,201,2608,9088,6480,1856,1.0,2980,-1644
5588,7444,1856,0,GE-Phase,stroke,2772,9088,6316,1856,1.0,2816,-1644
76336,77850,1514,0,GE-Phrase,226,76279,77639,1360,1303,0.861,57,211
76336,77850,1514,0,GE-Phrase,227,77639,79279,1640,211,0.139,-1303,-1429
76336,77850,1514,0,GE-Phase,preparation,76279,76512,233,176,0.116,57,1338
76336,77850,1514,0,GE-Phase,stroke,76512,76980,468,468,0.309,-176,870
76336,77850,1514,0,GE-Phase,hold,76980,77639,659,659,0.435,-644,211
76336,77850,1514,0,GE-Phase,preparation,77639,77999,360,211,0.139,-1303,-149
77850,79367,1517,0,GE-Phrase,227,77639,79279,1640,1429,0.942,211,88
77850,79367,1517,0,GE-Phrase,228,79279,80954,1675,88,0.058,-1429,-1587
77850,79367,1517,0,GE-Phase,preparation,77639,77999,360,149,0.098,211,1368
77850,79367,1517,0,GE-Phase,stroke,77999,78319,320,320,0.211,-149,1048
77850,79367,1517,0,GE-Phase,hold,78319,79039,720,720,0.475,-469,328
77850,79367,1517,0,GE-Phase,retraction,79039,79279,240,240,0.158,-1189,88
77850,79367,1517,0,GE-Phase,preparation,79279,79501,222,88,0.058,-1429,-134
79367,79692,325,0,GE-Phrase,228,79279,80954,1675,325,1.0,88,-1262
79367,79692,325,0,GE-Phase,preparation,79279,79501,222,134,0.412,88,191
79367,79692,325,0,GE-Phase,stroke,79501,79868,367,191,0.588,-134,-176
79692,81357,1665,0,GE-Phrase,228,79279,80954,1675,1262,0.758,413,403
79692,81357,1665,0,GE-Phrase,229,80954,82638,1684,403,0.242,-1262,-1281
79692,81357,1665,0,GE-Phase,stroke,79501,79868,367,176,0.106,191,1489
79692,81357,1665,0,GE-Phase,hold,79868,80508,640,640,0.384,-176,849
79692,81357,1665,0,GE-Phase,retraction,80508,80954,446,446,0.268,-816,403
79692,81357,1665,0,GE-Phase,preparation,80954,81451,497,403,0.242,-1262,-94
97800,98130,330,0,GE-Phrase,230,97846,98708,862,284,0.861,-46,-578
97800,98130,330,0,GE-Phase,preparation,97846,98286,440,284,0.861,-46,-156
98130,98848,718,0,GE-Phrase,230,97846,98708,862,578,0.805,284,140
98130,98848,718,0,GE-Phrase,231,98708,100412,1704,140,0.195,-578,-1564
98130,98848,718,0,GE-Phase,preparation,97846,98286,440,156,0.217,284,562
98130,98848,718,0,GE-Phase,stroke,98286,98526,240,240,0.334,-156,322
98130,98848,718,0,GE-Phase,retraction,98526,98708,182,182,0.253,-396,140
98130,98848,718,0,GE-Phase,stroke,98708,99217,509,140,0.195,-578,-369
98848,100935,2087,0,GE-Phrase,231,98708,100412,1704,1564,0.749,140,523
98848,100935,2087,0,GE-Phase,stroke,98708,99217,509,369,0.177,140,1718
98848,100935,2087,0,GE-Phase,retraction,99217,100412,1195,1195,0.573,-369,523
137060,138339,1279,0,GE-Phrase,235,136803,138001,1198,941,0.736,257,338
137060,138339,1279,0,GE-Phrase,236,138001,139371,1370,338,0.264,-941,-1032
137060,138339,1279,0,GE-Phase,stroke,136963,137483,520,423,0.331,97,856
137060,138339,1279,0,GE-Phase,hold,137483,138001,518,518,0.405,-423,338
137060,138339,1279,0,GE-Phase,preparation,138001,138475,474,338,0.264,-941,-136
138339,139647,1308,0,GE-Phrase,236,138001,139371,1370,1032,0.789,338,276
138339,139647,1308,0,GE-Phrase,237,139371,143181,3810,276,0.211,-1032,-3534
138339,139647,1308,0,GE-Phase,preparation,138001,138475,474,136,0.104,338,1172
138339,139647,1308,0,GE-Phase,stroke,138475,139096,621,621,0.475,-136,551
138339,139647,1308,0,GE-Phase,retraction,139096,139371,275,275,0.21,-757,276
138339,139647,1308,0,GE-Phase,preparation,139371,140340,969,276,0.211,-1032,-693
4370,5588,1218,0,GE-Phrase,201,2608,9088,6480,1218,1.0,1762,-3500
4370,5588,1218,0,GE-Phase,stroke,2772,9088,6316,1218,1.0,1598,-3500
5588,7444,1856,0,GE-Phrase,201,2608,9088,6480,1856,1.0,2980,-1644
5588,7444,1856,0,GE-Phase,stroke,2772,9088,6316,1856,1.0,2816,-1644
76336,77850,1514,0,GE-Phrase,226,76279,77639,1360,1303,0.861,57,211
76336,77850,1514,0,GE-Phrase,227,77639,79279,1640,211,0.139,-1303,-1429
76336,77850,1514,0,GE-Phase,preparation,76279,76512,233,176,0.116,57,1338
76336,77850,1514,0,GE-Phase,stroke,76512,76980,468,468,0.309,-176,870
76336,77850,1514,0,GE-Phase,hold,76980,77639,659,659,0.435,-644,211
76336,77850,1514,0,GE-Phase,preparation,77639,77999,360,211,0.139,-1303,-149
77850,79367,1517,0,GE-Phrase,227,77639,79279,1640,1429,0.942,211,88
77850,79367,1517,0,GE-Phrase,228,79279,80954,1675,88,0.058,-1429,-1587
77850,79367,1517,0,GE-Phase,preparation,77639,77999,360,149,0.098,211,1368
77850,79367,1517,0,GE-Phase,stroke,77999,78319,320,320,0.211,-149,1048
77850,79367,1517,0,GE-Phase,hold,78319,79039,720,720,0.475,-469,328
77850,79367,1517,0,GE-Phase,retraction,79039,79279,240,240,0.158,-1189,88
77850,79367,1517,0,GE-Phase,preparation,79279,79501,222,88,0.058,-1429,-134
79367,79692,325,0,GE-Phrase,228,79279,80954,1675,325,1.0,88,-1262
79367,79692,325,0,GE-Phase,preparation,79279,79501,222,134,0.412,88,191
79367,79692,325,0,GE-Phase,stroke,79501,79868,367,191,0.588,-134,-176
79692,81357,1665,0,GE-Phrase,228,79279,80954,1675,1262,0.758,413,403
79692,81357,1665,0,GE-Phrase,229,80954,82638,1684,403,0.242,-1262,-1281
79692,81357,1665,0,GE-Phase,stroke,79501,79868,367,176,0.106,191,1489
79692,81357,1665,0,GE-Phase,hold,79868,80508,640,640,0.384,-176,849
79692,81357,1665,0,GE-Phase,retraction,80508,80954,446,446,0.268,-816,403
79692,81357,1665,0,GE-Phase,preparation,80954,81451,497,403,0.242,-1262,-94
97800,98130,330,0,GE-Phrase,230,97846,98708,862,284,0.861,-46,-578
97800,98130,330,0,GE-Phase,preparation,97846,98286,440,284,0.861,-46,-156
98130,98848,718,0,GE-Phrase,230,97846,98708,862,578,0.805,284,140
98130,98848,718,0,GE-Phrase,231,98708,100412,1704,140,0.195,-578,-1564
98130,98848,718,0,GE-Phase,preparation,97846,98286,440,156,0.217,284,562
98130,98848,718,0,GE-Phase,stroke,98286,98526,240,240,0.334,-156,322
98130,98848,718,0,GE-Phase,retraction,98526,98708,182,182,0.253,-396,140
98130,98848,718,0,GE-Phase,stroke,98708,99217,509,140,0.195,-578,-369
98848,100935,2087,0,GE-Phrase,231,98708,100412,1704,1564,0.749,140,523
98848,100935,2087,0,GE-Phase,stroke,98708,99217,509,369,0.177,140,1718
98848,100935,2087,0,GE-Phase,retraction,99217,100412,1195,1195,0.573,-369,523
137060,138339,1279,0,GE-Phrase,235,136803,138001,1198,941,0.736,257,338
137060,138339,1279,0,GE-Phrase,236,138001,139371,1370,338,0.264,-941,-1032
137060,138339,1279,0,GE-Phase,stroke,136963,137483,520,423,0.331,97,856
137060,138339,1279,0,GE-Phase,hold,137483,138001,518,518,0.405,-423,338
137060,138339,1279,0,GE-Phase,preparation,138001,138475,474,338,0.264,-941,-136
138339,139647,1308,0,GE-Phrase,236,138001,139371,1370,1032,0.789,338,276
138339,139647,1308,0,GE-Phrase,237,139371,143181,3810,276,0.211,-1032,-3534
138339,139647,1308,0,GE-Phase,preparation,138001,138475,474,136,0.104,338,1172
138339,139647,1308,0,GE-Phase,stroke,138475,139096,621,621,0.475,-136,551
138339,139647,1308,0,GE-Phase,retraction,139096,139371,275,275,0.21,-757,276
138339,139647,1308,0,GE-Phase,preparation,139371,140340,969,276,0.211,-1032,-693
4370,5588,1218,0,GE-Phrase,201,2608,9088,6480,1218,1.0,1762,-3500
4370,5588,1218,0,GE-Phase,stroke,2772,9088,6316,1218,1.0,1598,-3500
5588,7444,1856,0,GE-Phrase,201,2608,9088,6480,1856,1.0,2980,-1644
5588,7444,1856,0,GE-Phase,stroke,2772,9088,6316,1856,1.0,2816,-1644
76336,77850,1514,0,GE-Phrase,226,76279,77639,1360,1303,0.861,57,211
76336,77850,1514,0,GE-Phrase,227,77639,79279,1640,211,0.139,-1303,-1429
76336,77850,1514,0,GE-Phase,preparation,76279,76512,233,176,0.116,57,1338
76336,77850,1514,0,GE-Phase,stroke,76512,76980,468,468,0.309,-176,870
76336,77850,1514,0,GE-Phase,hold,76980,77639,659,659,0.435,-644,211
76336,77850,1514,0,GE-Phase,preparation,77639,77999,360,211,0.139,-1303,-149
77850,79367,1517,0,GE-Phrase,227,77639,79279,1640,1429,0.942,211,88
77850,79367,1517,0,GE-Phrase,228,79279,80954,1675,88,0.058,-1429,-1587
77850,79367,1517,0,GE-Phase,preparation,77639,77999,360,149,0.098,211,1368
77850,79367,1517,0,GE-Phase,stroke,77999,78319,320,320,0.211,-149,1048
77850,79367,1517,0,GE-Phase,hold,78319,79039,720,720,0.475,-469,328
77850,79367,1517,0,GE-Phase,retraction,79039,79279,240,240,0.158,-1189,88
77850,79367,1517,0,GE-Phase,preparation,79279,79501,222,88,0.058,-1429,-134
79367,79692,325,0,GE-Phrase,228,79279,80954,1675,325,1.0,88,-1262
79367,79692,325,0,GE-Phase,preparation,79279,79501,222,134,0.412,88,191
79367,79692,325,0,GE-Phase,stroke,79501,79868,367,191,0.588,-134,-176
79692,81357,1665,0,GE-Phrase,228,79279,80954,1675,1262,0.758,413,403
79692,81357,1665,0,GE-Phrase,229,80954,82638,1684,403,0.242,-1262,-1281
79692,81357,1665,0,GE-Phase,stroke,79501,79868,367,176,0.106,191,1489
79692,81357,1665,0,GE-Phase,hold,79868,80508,640,640,0.384,-176,849
79692,81357,1665,0,GE-Phase,retraction,80508,80954,446,446,0.268,-816,403
79692,81357,1665,0,GE-Phase,preparation,80954,81451,497,403,0.242,-1262,-94
97800,98130,330,0,GE-Phrase,230,97846,98708,862,284,0.861,-46,-578
97800,98130,330,0,GE-Phase,preparation,97846,98286,440,284,0.861,-46,-156
98130,98848,718,0,GE-Phrase,230,97846,98708,862,578,0.805,284,140
98130,98848,718,0,GE-Phrase,231,98708,100412,1704,140,0.195,-578,-1564
98130,98848,718,0,GE-Phase,preparation,97846,98286,440,156,0.217,284,562
98130,98848,718,0,GE-Phase,stroke,98286,98526,240,240,0.334,-156,322
98130,98848,718,0,GE-Phase,retraction,98526,98708,182,182,0.253,-396,140
98130,98848,718,0,GE-Phase,stroke,98708,99217,509,140,0.195,-578,-369
98848,100935,2087,0,GE-Phrase,231,98708,100412,1704,1564,0.749,140,523
98848,100935,2087,0,GE-Phase,stroke,98708,99217,509,369,0.177,140,1718
98848,100935,2087,0,GE-Phase,retraction,99217,100412,1195,1195,0.573,-369,523
137060,138339,1279,0,GE-Phrase,235,136803,138001,1198,941,0.736,257,338
137060,138339,1279,0,GE-Phrase,236,138001,139371,1370,338,0.264,-941,-1032
137060,138339,1279,0,GE-Phase,stroke,136963,137483,520,423,0.331,97,856
137060,138339,1279,0,GE-Phase,hold,137483,138001,518,518,0.405,-423,338
137060,138339,1279,0,GE-Phase,preparation,138001,138475,474,338,0.264,-941,-136
138339,139647,1308,0,GE-Phrase,236,138001,139371,1370,1032,0.789,338,276
138339,139647,1308,0,GE-Phrase,237,139371,143181,3810,276,0.211,-1032,-3534
138339,139647,1308,0,GE-Phase,preparation,138001,138475,474,136,0.104,338,1172
138339,139647,1308,0,GE-Phase,stroke,138475,139096,621,621,0.475,-136,551
138339,139647,1308,0,GE-Phase,retraction,139096,139371,275,275,0.21,-757,276
138339,139647,1308,0,GE-Phase,preparation,139371,140340,969,276,0.211,-1032,-693
4370,5588,1218,0,GE-Phrase,201,2608,9088,6480,1218,1.0,1762,-3500
4370,5588,1218,0,GE-Phase,stroke,2772,9088,6316,1218,1.0,1598,-3500
5588,7444,1856,0,GE-Phrase,201,2608,9088,6480,1856,1.0,2980,-1644
5588,7444,1856,0,GE-Phase,stroke,2772,9088,6316,1856,1.0,2816,-1644
76336,77850,1514,0,GE-Phrase,226,76279,77639,1360,1303,0.861,57,211
76336,77850,1514,0,GE-Phrase,227,77639,79279,1640,211,0.139,-1303,-1429
76336,77850,1514,0,GE-Phase,preparation,76279,76512,233,176,0.116,57,1338
76336,77850,1514,0,GE-Phase,stroke,76512,76980,468,468,0.309,-176,870
76336,77850,1514,0,GE-Phase,hold,76980,77639,659,659,0.435,-644,211
76336,77850,1514,0,GE-Phase,preparation,77639,77999,360,211,0.139,-1303,-149
77850,79367,1517,0,GE-Phrase,227,77639,79279,1640,1429,0.942,211,88
77850,79367,1517,0,GE-Phrase,228,79279,80954,1675,88,0.058,-1429,-1587
77850,79367,1517,0,GE-Phase,preparation,77639,77999,360,149,0.098,211,1368
77850,79367,1517,0,GE-Phase,stroke,77999,78319,320,320,0.211,-149,1048
77850,79367,1517,0,GE-Phase,hold,78319,79039,720,720,0.475,-469,328
77850,79367,1517,0,GE-Phase,retraction,79039,79279,240,240,0.158,-1189,88
77850,79367,1517,0,GE-Phase,preparation,79279,79501,222,88,0.058,-1429,-134
79367,79692,325,0,GE-Phrase,228,79279,80954,1675,325,1.0,88,-1262
79367,79692,325,0,GE-Phase,preparation,79279,79501,222,134,0.412,88,191
79367,79692,325,0,GE-Phase,stroke,79501,79868,367,191,0.588,-134,-176
79692,81357,1665,0,GE-Phrase,228,79279,80954,1675,1262,0.758,413,403
79692,81357,1665,0,GE-Phrase,229,80954,82638,1684,403,0.242,-1262,-1281
79692,81357,1665,0,GE-Phase,stroke,79501,79868,367,176,0.106,191,1489
79692,81357,1665,0,GE-Phase,hold,79868,80508,640,640,0.384,-176,849
79692,81357,1665,0,GE-Phase,retraction,80508,80954,446,446,0.268,-816,403
79692,81357,1665,0,GE-Phase,preparation,80954,81451,497,403,0.242,-1262,-94
97800,98130,330,0,GE-Phrase,230,97846,98708,862,284,0.861,-46,-578
97800,98130,330,0,GE-Phase,preparation,97846,98286,440,284,0.861,-46,-156
98130,98848,718,0,GE-Phrase,230,97846,98708,862,578,0.805,284,140
98130,98848,718,0,GE-Phrase,231,98708,100412,1704,140,0.195,-578,-1564
98130,98848,718,0,GE-Phase,preparation,97846,98286,440,156,0.217,284,562
98130,98848,718,0,GE-Phase,stroke,98286,98526,240,240,0.334,-156,322
98130,98848,718,0,GE-Phase,retraction,98526,98708,182,182,0.253,-396,140
98130,98848,718,0,GE-Phase,stroke,98708,99217,509,140,0.195,-578,-369
98848,100935,2087,0,GE-Phrase,231,98708,100412,1704,1564,0.749,140,523
98848,100935,2087,0,GE-Phase,stroke,98708,99217,509,369,0.177,140,1718
98848,100935,2087,0,GE-Phase,retraction,99217,100412,1195,1195,0.573,-369,523
137060,138339,1279,0,GE-Phrase,235,136803,138001,1198,941,0.736,257,338
137060,138339,1279,0,GE-Phrase,236,138001,139371,1370,338,0.264,-941,-1032
137060,138339,1279,0,GE-Phase,stroke,136963,137483,520,423,0.331,97,856
137060,138339,1279,0,GE-Phase,hold,137483,138001,518,518,0.405,-423,338
137060,138339,1279,0,GE-Phase,preparation,138001,138475,474,338,0.264,-941,-136
138339,139647,1308,0,GE-Phrase,236,138001,139371,1370,1032,0.789,338,276
138339,139647,1308,0,GE-Phrase,237,139371,143181,3810,276,0.211,-1032,-3534
138339,139647,1308,0,GE-Phase,preparation,138001,138475,474,136,0.104,338,1172
138339,139647,1308,0,GE-Phase,stroke,138475,139096,621,621,0.475,-136,551
138339,139647,1308,0,GE-Phase,retraction,139096,139371,275,275,0.21,-757,276
138339,139647,1308,0,GE-Phase,preparation,139371,140340,969,276,0.211,-1032,-693
4370,5588,1218,0,GE-Phrase,201,2608,9088,6480,1218,1.0,1762,-3500
4370,5588,1218,0,GE-Phase,stroke,2772,9088,6316,1218,1.0,1598,-3500
5588,7444,1856,0,GE-Phrase,201,2608,9088,6480,1856,1.0,2980,-1644
5588,7444,1856,0,GE-Phase,stroke,2772,9088,6316,1856,1.0,2816,-1644
76336,77850,1514,0,GE-Phrase,226,76279,77639,1360,1303,0.861,57,211
76336,77850,1514,0,GE-Phrase,227,77639,79279,1640,211,0.139,-1303,-1429
76336,77850,1514,0,GE-Phase,preparation,76279,76512,233,176,0.116,57,1338
76336,77850,1514,0,GE-Phase,stroke,76512,76980,468,468,0.309,-176,870
76336,77850,1514,0,GE-Phase,hold,76980,77639,659,659,0.435,-644,211
76336,77850,1514,0,GE-Phase,preparation,77639,77999,360,211,0.139,-1303,-149
77850,79367,1517,0,GE-Phrase,227,77639,79279,1640,1429,0.942,211,88
77850,79367,1517,0,GE-Phrase,228,79279,80954,1675,88,0.058,-1429,-1587
77850,79367,1517,0,GE-Phase,preparation,77639,77999,360,149,0.098,211,1368
77850,79367,1517,0,GE-Phase,stroke,77999,78319,320,320,0.211,-149,1048
77850,79367,1517,0,GE-Phase,hold,78319,79039,720,720,0.475,-469,328
77850,79367,1517,0,GE-Phase,retraction,79039,79279,240,240,0.158,-1189,88
77850,79367,1517,0,GE-Phase,preparation,79279,79501,222,88,0.058,-1429,-134
79367,79692,325,0,GE-Phrase,228,79279,80954,1675,325,1.0,88,-1262
79367,79692,325,0,GE-Phase,preparation,79279,79501,222,134,0.412,88,191
79367,79692,325,0,GE-Phase,stroke,79501,79868,367,191,0.588,-134,-176
79692,81357,1665,0,GE-Phrase,228,79279,80954,1675,1262,0.758,413,403
79692,81357,1665,0,GE-Phrase,229,80954,82638,1684,403,0.242,-1262,-1281
79692,81357,1665,0,GE-Phase,stroke,79501,79868,367,176,0.106,191,1489
79692,81357,1665,0,GE-Phase,hold,79868,80508,640,640,0.384,-176,849
79692,81357,1665,0,GE-Phase,retraction,80508,80954,446,446,0.268,-816,403
79692,81357,1665,0,GE-Phase,preparation,80954,81451,497,403,0.242,-1262,-94
97800,98130,330,0,GE-Phrase,230,97846,98708,862,284,0.861,-46,-578
97800,98130,330,0,GE-Phase,preparation,97846,98286,440,284,0.861,-46,-156
98130,98848,718,0,GE-Phrase,230,97846,98708,862,578,0.805,284,140
98130,98848,718,0,GE-Phrase,231,98708,100412,1704,140,0.195,-578,-1564
98130,98848,718,0,GE-Phase,preparation,97846,98286,440,156,0.217,284,562
98130,98848,718,0,GE-Phase,stroke,98286,98526,240,240,0.334,-156,322
98130,98848,718,0,GE-Phase,retraction,98526,98708,182,182,0.253,-396,140
98130,98848,718,0,GE-Phase,stroke,98708,99217,509,140,0.195,-578,-369
98848,100935,2087,0,GE-Phrase,231,98708,100412,1704,1564,0.749,140,523
98848,100935,2087,0,GE-Phase,stroke,98708,99217,509,369,0.177,140,1718
98848,100935,2087,0,GE-Phase,retraction,99217,100412,1195,1195,0.573,-369,523
137060,138339,1279,0,GE-Phrase,235,136803,138001,1198,941,0.736,257,338
137060,138339,1279,0,GE-Phrase,236,138001,139371,1370,338,0.264,-941,-1032
137060,138339,1279,0,GE-Phase,stroke,136963,137483,520,423,0.331,97,856
137060,138339,1279,0,GE-Phase,hold,137483,138001,518,518,0.405,-423,338
137060,138339,1279,0,GE-Phase,preparation,138001,138475,474,338,0.264,-941,-136
138339,139647,1308,0,GE-Phrase,236,138001,139371,1370,1032,0.789,338,276
138339,139647,1308,0,GE-Phrase,237,139371,143181,3810,276,0.211,-1032,-3534
138339,139647,1308,0,GE-Phase,preparation,138001,138475,474,136,0.104,338,1172
138339,139647,1308,0,GE-Phase,stroke,138475,139096,621,621,0.475,-136,551
138339,139647,1308,0,GE-Phase,retraction,139096,139371,275,275,0.21,-757,276
138339,139647,1308,0,GE-Phase,preparation,139371,140340,969,276,0.211,-1032,-693
4370,5588,1218,0,GE-Phrase,201,2608,9088,6480,1218,1.0,1762,-3500
4370,5588,1218,0,GE-Phase,stroke,2772,9088,6316,1218,1.0,1598,-3500
5588,7444,1856,0,GE-Phrase,201,2608,9088,6480,1856,1.0,2980,-1644
5588,7444,1856,0,GE-Phase,stroke,2772,9088,6316,1856,1.0,2816,-1644
76336,77850,1514,0,GE-Phrase,226,76279,77639,1360,1303,0.861,57,211
76336,77850,1514,0,GE-Phrase,227,77639,79279,1640,211,0.139,-1303,-1429
76336,77850,1514,0,GE-Phase,preparation,76279,76512,233,176,0.116,57,1338
76336,77850,1514,0,GE-Phase,stroke,76512,76980,468,468,0.309,-176,870
76336,77850,1514,0,GE-Phase,hold,76980,77639,659,659,0.435,-644,211
76336,77850,1514,0,GE-Phase,preparation,77639,77999,360,211,0.139,-1303,-149
77850,79367,1517,0,GE-Phrase,227,77639,79279,1640,1429,0.942,211,88
77850,79367,1517,0,GE-Phrase,228,79279,80954,1675,88,0.058,-1429,-1587
77850,79367,1517,0,GE-Phase,preparation,77639,77999,360,149,0.098,211,1368
77850,79367,1517,0,GE-Phase,stroke,77999,78319,320,320,0.211,-149,1048
77850,79367,1517,0,GE-Phase,hold,78319,79039,720,720,0.475,-469,328
77850,79367,1517,0,GE-Phase,retraction,79039,79279,240,240,0.158,-1189,88
77850,79367,1517,0,GE-Phase,preparation,79279,79501,222,88,0.058,-1429,-134
79367,79692,325,0,GE-Phrase,228,79279,80954,1675,325,1.0,88,-1262
79367,79692,325,0,GE-Phase,preparation,79279,79501,222,134,0.412,88,191
79367,79692,325,0,GE-Phase,stroke,79501,79868,367,191,0.588,-134,-176
79692,81357,1665,0,GE-Phrase,228,79279,80954,1675,1262,0.758,413,403
79692,81357,1665,0,GE-Phrase,229,80954,82638,1684,403,0.242,-1262,-1281
79692,81357,1665,0,GE-Phase,stroke,79501,79868,367,176,0.106,191,1489
79692,81357,1665,0,GE-Phase,hold,79868,80508,640,640,0.384,-176,849
79692,81357,1665,0,GE-Phase,retraction,80508,80954,446,446,0.268,-816,403
79692,81357,1665,0,GE-Phase,preparation,80954,81451,497,403,0.242,-1262,-94
97800,98130,330,0,GE-Phrase,230,97846,98708,862,284,0.861,-46,-578
97800,98130,330,0,GE-Phase,preparation,97846,98286,440,284,0.861,-46,-156
98130,98848,718,0,GE-Phrase,230,97846,98708,862,578,0.805,284,140
98130,98848,718,0,GE-Phrase,231,98708,100412,1704,140,0.195,-578,-1564
98130,98848,718,0,GE-Phase,preparation,97846,98286,440,156,0.217,284,562
98130,98848,718,0,GE-Phase,stroke,98286,98526,240,240,0.334,-156,322
98130,98848,718,0,GE-Phase,retraction,98526,98708,182,182,0.253,-396,140
98130,98848,718,0,GE-Phase,stroke,98708,99217,509,140,0.195,-578,-369
98848,100935,2087,0,GE-Phrase,231,98708,100412,1704,1564,0.749,140,523
98848,100935,2087,0,GE-Phase,stroke,98708,99217,509,369,0.177,140,1718
98848,100935,2087,0,GE-Phase,retraction,99217,100412,1195,1195,0.573,-369,523
137060,138339,1279,0,GE-Phrase,235,136803,138001,1198,941,0.736,257,338
137060,138339,1279,0,GE-Phrase,236,138001,139371,1370,338,0.264,-941,-1032
137060,138339,1279,0,GE-Phase,stroke,136963,137483,520,423,0.331,97,856
137060,138339,1279,0,GE-Phase,hold,137483,138001,518,518,0.405,-423,338
137060,138339,1279,0,GE-Phase,preparation,138001,138475,474,338,0.264,-941,-136
138339,139647,1308,0,GE-Phrase,236,138001,139371,1370,1032,0.789,338,276
138339,139647,1308,0,GE-Phrase,237,139371,143181,3810,276,0.211,-1032,-3534
138339,139647,1308,0,GE-Phase,preparation,138001,138475,474,136,0.104,338,1172
138339,139647,1308,0,GE-Phase,stroke,138475,139096,621,621,0.475,-136,551
138339,139647,1308,0,GE-Phase,retraction,139096,139371,275,275,0.21,-757,276
138339,139647,1308,0,GE-Phase,preparation,139371,140340,969,276,0.211,-1032,-693
4370,5588,1218,0,GE-Phrase,201,2608,9088,6480,1218,1.0,1762,-3500
4370,5588,1218,0,GE-Phase,stroke,2772,9088,6316,1218,1.0,1598,-3500
5588,7444,1856,0,GE-Phrase,201,2608,9088,6480,1856,1.0,2980,-1644
5588,7444,1856,0,GE-Phase,stroke,2772,9088,6316,1856,1.0,2816,-1644
76336,77850,1514,0,GE-Phrase,226,76279,77639,1360,1303,0.861,57,211
76336,77850,1514,0,GE-Phrase,227,77639,79279,1640,211,0.139,-1303,-1429
76336,77850,1514,0,GE-Phase,preparation,76279,76512,233,176,0.116,57,1338
76336,77850,1514,0,GE-Phase,stroke,76512,76980,468,468,0.309,-176,870
76336,77850,1514,0,GE-Phase,hold,76980,77639,659,659,0.435,-644,211
76336,77850,1514,0,GE-Phase,preparation,77639,77999,360,211,0.139,-1303,-149
77850,79367,1517,0,GE-Phrase,227,77639,79279,1640,1429,0.942,211,88
77850,79367,1517,0,GE-Phrase,228,79279,80954,1675,88,0.058,-1429,-1587
77850,79367,1517,0,GE-Phase,preparation,77639,77999,360,149,0.098,211,1368
77850,79367,1517,0,GE-Phase,stroke,77999,78319,320,320,0.211,-149,1048
77850,79367,1517,0,GE-Phase,hold,78319,79039,720,720,0.475,-469,328
77850,79367,1517,0,GE-Phase,retraction,79039,79279,240,240,0.158,-1189,88
77850,79367,1517,0,GE-Phase,preparation,79279,79501,222,88,0.058,-1429,-134
79367,79692,325,0,GE-Phrase,228,79279,80954,1675,325,1.0,88,-1262
79367,79692,325,0,GE-Phase,preparation,79279,79501,222,134,0.412,88,191
79367,79692,325,0,GE-Phase,stroke,79501,79868,367,191,0.588,-134,-176
79692,81357,1665,0,GE-Phrase,228,79279,80954,1675,1262,0.758,413,403
79692,81357,1665,0,GE-Phrase,229,80954,82638,1684,403,0.242,-1262,-1281
79692,81357,1665,0,GE-Phase,stroke,79501,79868,367,176,0.106,191,1489
79692,81357,1665,0,GE-Phase,hold,79868,80508,640,640,0.384,-176,849
79692,81357,1665,0,GE-Phase,retraction,80508,80954,446,446,0.268,-816,403
79692,81357,1665,0,GE-Phase,preparation,80954,81451,497,403,0.242,-1262,-94
97800,98130,330,0,GE-Phrase,230,97846,98708,862,284,0.861,-46,-578
97800,98130,330,0,GE-Phase,preparation,97846,98286,440,284,0.861,-46,-156
98130,98848,718,0,GE-Phrase,230,97846,98708,862,578,0.805,284,140
98130,98848,718,0,GE-Phrase,231,98708,100412,1704,140,0.195,-578,-1564
98130,98848,718,0,GE-Phase,preparation,97846,98286,440,156,0.217,284,562
98130,98848,718,0,GE-Phase,stroke,98286,98526,240,240,0.334,-156,322
98130,98848,718,0,GE-Phase,retraction,98526,98708,182,182,0.253,-396,140
98130,98848,718,0,GE-Phase,stroke,98708,99217,509,140,0.195,-578,-369
98848,100935,2087,0,GE-Phrase,231,98708,100412,1704,1564,0.749,140,523
98848,100935,2087,0,GE-Phase,stroke,98708,99217,509,369,0.177,140,1718
98848,100935,2087,0,GE-Phase,retraction,99217,100412,1195,1195,0.573,-369,523
137060,138339,1279,0,GE-Phrase,235,136803,138001,1198,941,0.736,257,338
137060,138339,1279,0,GE-Phrase,236,138001,139371,1370,338,0.264,-941,-1032
137060,138339,1279,0,GE-Phase,stroke,136963,137483,520,423,0.331,97,856
137060,138339,1279,0,GE-Phase,hold,137483,138001,518,518,0.405,-423,338
137060,138339,1279,0,GE-Phase,preparation,138001,138475,474,338,0.264,-941,-136
138339,139647,1308,0,GE-Phrase,236,138001,139371,1370,1032,0.789,338,276
138339,139647,1308,0,GE-Phrase,237,139371,143181,3810,276,0.211,-1032,-3534
138339,139647,1308,0,GE-Phase,preparation,138001,138475,474,136,0.104,338,1172
138339,139647,1308,0,GE-Phase,stroke,138475,139096,621,621,0.475,-136,551
138339,139647,1308,0,GE-Phase,retraction,139096,139371,275,275,0.21,-757,276
138339,139647,1308,0,GE-Phase,preparation,139371,140340,969,276,0.211,-1032,-693
4370,5588,1218,0,GE-Phrase,201,2608,9088,6480,1218,1.0,1762,-3500
4370,5588,1218,0,GE-Phase,stroke,2772,9088,6316,1218,1.0,1598,-3500
5588,7444,1856,0,GE-Phrase,201,2608,9088,6480,1856,1.0,2980,-1644
5588,7444,1856,0,GE-Phase,stroke,2772,9088,6316,1856,1.0,2816,-1644
76336,77850,1514,0,GE-Phrase,226,76279,77639,1360,1303,0.861,57,211
76336,77850,1514,0,GE-Phrase,227,77639,79279,1640,211,0.139,-1303,-1429
76336,77850,1514,0,GE-Phase,preparation,76279,76512,233,176,0.116,57,1338
76336,77850,1514,0,GE-Phase,stroke,76512,76980,468,468,0.309,-176,870
76336,77850,1514,0,GE-Phase,hold,76980,77639,659,659,0.435,-644,211
76336,77850,1514,0,GE-Phase,preparation,77639,77999,360,211,0.139,-1303,-149
77850,79367,1517,0,GE-Phrase,227,77639,79279,1640,1429,0.942,211,88
77850,79367,1517,0,GE-Phrase,228,79279,80954,1675,88,0.058,-1429,-1587
77850,79367,1517,0,GE-Phase,preparation,77639,77999,360,149,0.098,211,1368
77850,79367,1517,0,GE-Phase,stroke,77999,78319,320,320,0.211,-149,1048
77850,79367,1517,0,GE-Phase,hold,78319,79039,720,720,0.475,-469,328
77850,79367,1517,0,GE-Phase,retraction,79039,79279,240,240,0.158,-1189,88
77850,79367,1517,0,GE-Phase,preparation,79279,79501,222,88,0.058,-1429,-134
79367,79692,325,0,GE-Phrase,228,79279,80954,1675,325,1.0,88,-1262
79367,79692,325,0,GE-Phase,preparation,79279,79501,222,134,0.412,88,191
79367,79692,325,0,GE-Phase,stroke,79501,79868,367,191,0.588,-134,-176
79692,81357,1665,0,GE-Phrase,228,79279,80954,1675,1262,0.758,413,403
79692,81357,1665,0,GE-Phrase,229,80954,82638,1684,403,0.242,-1262,-1281
79692,81357,1665,0,GE-Phase,stroke,79501,79868,367,176,0.106,191,1489
79692,81357,1665,0,GE-Phase,hold,79868,80508,640,640,0.384,-176,849
79692,81357,1665,0,GE-Phase,retraction,80508,80954,446,446,0.268,-816,403
79692,81357,1665,0,GE-Phase,preparation,80954,81451,497,403,0.242,-1262,-94
97800,98130,330,0,GE-Phrase,230,97846,98708,862,284,0.861,-46,-578
97800,98130,330,0,GE-Phase,preparation,97846,98286,440,284,0.861,-46,-156
98130,98848,718,0,GE-Phrase,230,97846,98708,862,578,0.805,284,140
98130,98848,718,0,GE-Phrase,231,98708,100412,1704,140,0.195,-578,-1564
98130,98848,718,0,GE-Phase,preparation,97846,98286,440,156,0.217,284,562
98130,98848,718,0,GE-Phase,stroke,98286,98526,240,240,0.334,-156,322
98130,98848,718,0,GE-Phase,retraction,98526,98708,182,182,0.253,-396,140
98130,98848,718,0,GE-Phase,stroke,98708,99217,509,140,0.195,-578,-369
98848,100935,2087,0,GE-Phrase,231,98708,100412,1704,1564,0.749,140,523
98848,100935,2087,0,GE-Phase,stroke,98708,99217,509,369,0.177,140,1718
98848,100935,2087,0,GE-Phase,retraction,99217,100412,1195,1195,0.573,-369,523
137060,138339,1279,0,GE-Phrase,235,136803,138001,1198,941,0.736,257,338
137060,138339,1279,0,GE-Phrase,236,138001,139371,1370,338,0.264,-941,-1032
137060,138339,1279,0,GE-Phase,stroke,136963,137483,520,423,0.331,97,856
137060,138339,1279,0,GE-Phase,hold,137483,138001,518,518,0.405,-423,338
137060,138339,1279,0,GE-Phase,preparation,138001,138475,474,338,0.264,-941,-136
138339,139647,1308,0,GE-Phrase,236,138001,139371,1370,1032,0.789,338,276
138339,139647,1308,0,GE-Phrase,237,139371,143181,3810,276,0.211,-1032,-3534
138339,139647,1308,0,GE-Phase,preparation,138001,138475,474,136,0.104,338,1172
138339,139647,1308,0,GE-Phase,stroke,138475,139096,621,621,0.475,-136,551
138339,139647,1308,0,GE-Phase,retraction,139096,139371,275,275,0.21,-757,276
138339,139647,1308,0,GE-Phase,preparation,139371,140340,969,276,0.211,-1032,-693
4370,5588,1218,0,GE-Phrase,201,2608,9088,6480,1218,1.0,1762,-3500
4370,5588,1218,0,GE-Phase,stroke,2772,9088,6316,1218,1.0,1598,-3500
5588,7444,1856,0,GE-Phrase,201,2608,9088,6480,1856,1.0,2980,-1644
5588,7444,1856,0,GE-Phase,stroke,2772,9088,6316,1856,1.0,2816,-1644
76336,77850,1514,0,GE-Phrase,226,76279,77639,1360,1303,0.861,57,211
76336,77850,1514,0,GE-Phrase,227,77639,79279,1640,211,0.139,-1303,-1429
76336,77850,1514,0,GE-Phase,preparation,76279,76512,233,176,0.116,57,1338
76336,77850,1514,0,GE-Phase,stroke,76512,76980,468,468,0.309,-176,870
76336,77850,1514,0,GE-Phase,hold,76980,77639,659,659,0.435,-644,211
76336,77850,1514,0,GE-Phase,preparation,77639,77999,360,211,0.139,-1303,-149
77850,79367,1517,0,GE-Phrase,227,77639,79279,1640,1429,0.942,211,88
77850,79367,1517,0,GE-Phrase,228,79279,80954,1675,88,0.058,-1429,-1587
77850,79367,1517,0,GE-Phase,preparation,77639,77999,360,149,0.098,211,1368
77850,79367,1517,0,GE-Phase,stroke,77999,78319,320,320,0.211,-149,1048
77850,79367,1517,0,GE-Phase,hold,78319,79039,720,720,0.475,-469,328
77850,79367,1517,0,GE-Phase,retraction,79039,79279,240,240,0.158,-1189,88
77850,79367,1517,0,GE-Phase,preparation,79279,79501,222,88,0.058,-1429,-134
79367,79692,325,0,GE-Phrase,228,79279,80954,1675,325,1.0,88,-1262
79367,79692,325,0,GE-Phase,preparation,79279,79501,222,134,0.412,88,191
79367,79692,325,0,GE-Phase,stroke,79501,79868,367,191,0.588,-134,-176
79692,81357,1665,0,GE-Phrase,228,79279,80954,1675,1262,0.758,413,403
79692,81357,1665,0,GE-Phrase,229,80954,82638,1684,403,0.242,-1262,-1281
79692,81357,1665,0,GE-Phase,stroke,79501,79868,367,176,0.106,191,1489
79692,81357,1665,0,GE-Phase,hold,79868,80508,640,640,0.384,-176,849
79692,81357,1665,0,GE-Phase,retraction,80508,80954,446,446,0.268,-816,403
79692,81357,1665,0,GE-Phase,preparation,80954,81451,497,403,0.242,-1262,-94
97800,98130,330,0,GE-Phrase,230,97846,98708,862,284,0.861,-46,-578
97800,98130,330,0,GE-Phase,preparation,97846,98286,440,284,0.861,-46,-156
98130,98848,718,0,GE-Phrase,230,97846,98708,862,578,0.805,284,140
98130,98848,718,0,GE-Phrase,231,98708,100412,1704,140,0.195,-578,-1564
98130,98848,718,0,GE-Phase,preparation,97846,98286,440,156,0.217,284,562
98130,98848,718,0,GE-Phase,stroke,98286,98526,240,240,0.334,-156,322
98130,98848,718,0,GE-Phase,retraction,98526,98708,182,182,0.253,-396,140
98130,98848,718,0,GE-Phase,stroke,98708,99217,509,140,0.195,-578,-369
98848,100935,2087,0,GE-Phrase,231,98708,100412,1704,1564,0.749,140,523
98848,100935,2087,0,GE-Phase,stroke,98708,99217,509,369,0.177,140,1718
98848,100935,2087,0,GE-Phase,retraction,99217,100412,1195,1195,0.573,-369,523
137060,138339,1279,0,GE-Phrase,235,136803,138001,1198,941,0.736,257,338
137060,138339,1279,0,GE-Phrase,236,138001,139371,1370,338,0.264,-941,-1032
137060,138339,1279,0,GE-Phase,stroke,136963,137483,520,423,0.331,97,856
137060,138339,1279,0,GE-Phase,hold,137483,138001,518,518,0.405,-423,338
137060,138339,1279,0,GE-Phase,preparation,138001,138475,474,338,0.264,-941,-136
138339,139647,1308,0,GE-Phrase,236,138001,139371,1370,1032,0.789,338,276
138339,139647,1308,0,GE-Phrase,237,139371,143181,3810,276,0.211,-1032,-3534
138339,139647,1308,0,GE-Phase,preparation,138001,138475,474,136,0.104,338,1172
138339,139647,1308,0,GE-Phase,stroke,138475,139096,621,621,0.475,-136,551
138339,139647,1308,0,GE-Phase,retraction,139096,139371,275,275,0.21,-757,276
138339,139647,1308,0,GE-Phase,preparation,139371,140340,969,276,0.211,-1032,-693
4370,5588,1218,0,GE-Phrase,201,2608,9088,6480,1218,1.0,1762,-3500
4370,5588,1218,0,GE-Phase,stroke,2772,9088,6316,1218,1.0,1598,-3500
5588,7444,1856,0,GE-Phrase,201,2608,9088,6480,1856,1.0,2980,-1644
5588,7444,1856,0,GE-Phase,stroke,2772,9088,6316,1856,1.0,2816,-1644
76336,77850,1514,0,GE-Phrase,226,76279,77639,1360,1303,0.861,57,211
76336,77850,1514,0,GE-Phrase,227,77639,79279,1640,211,0.139,-1303,-1429
76336,77850,1514,0,GE-Phase,preparation,76279,76512,233,176,0.116,57,1338
76336,77850,1514,0,GE-Phase,stroke,76512,76980,468,468,0.309,-176,870
76336,77850,1514,0,GE-Phase,hold,76980,77639,659,659,0.435,-644,211
76336,77850,1514,0,GE-Phase,preparation,77639,77999,360,211,0.139,-1303,-149
77850,79367,1517,0,GE-Phrase,227,77639,79279,1640,1429,0.942,211,88
77850,79367,1517,0,GE-Phrase,228,79279,80954,1675,88,0.058,-1429,-1587
77850,79367,1517,0,GE-Phase,preparation,77639,77999,360,149,0.098,211,1368
77850,79367,1517,0,GE-Phase,stroke,77999,78319,320,320,0.211,-149,1048
77850,79367,1517,0,GE-Phase,hold,78319,79039,720,720,0.475,-469,328
77850,79367,1517,0,GE-Phase,retraction,79039,79279,240,240,0.158,-1189,88
77850,79367,1517,0,GE-Phase,preparation,79279,79501,222,88,0.058,-1429,-134
79367,79692,325,0,GE-Phrase,228,79279,80954,1675,325,1.0,88,-1262
79367,79692,325,0,GE-Phase,preparation,79279,79501,222,134,0.412,88,191
79367,79692,325,0,GE-Phase,stroke,79501,79868,367,191,0.588,-134,-176
79692,81357,1665,0,GE-Phrase,228,79279,80954,1675,1262,0.758,413,403
79692,81357,1665,0,GE-Phrase,229,80954,82638,1684,403,0.242,-1262,-1281
79692,81357,1665,0,GE-Phase,stroke,79501,79868,367,176,0.106,191,1489
79692,81357,1665,0,GE-Phase,hold,79868,80508,640,640,0.384,-176,849
79692,81357,1665,0,GE-Phase,retraction,80508,80954,446,446,0.268,-816,403
79692,81357,1665,0,GE-Phase,preparation,80954,81451,497,403,0.242,-1262,-94
97800,98130,330,0,GE-Phrase,230,97846,98708,862,284,0.861,-46,-578
97800,98130,330,0,GE-Phase,preparation,97846,98286,440,284,0.861,-46,-156
98130,98848,718,0,GE-Phrase,230,97846,98708,862,578,0.805,284,140
98130,98848,718,0,GE-Phrase,231,98708,100412,1704,140,0.195,-578,-1564
98130,98848,718,0,GE-Phase,preparation,97846,98286,440,156,0.217,284,562
98130,98848,718,0,GE-Phase,stroke,98286,98526,240,240,0.334,-156,322
98130,98848,718,0,GE-Phase,retraction,98526,98708,182,182,0.253,-396,140
98130,98848,718,0,GE-Phase,stroke,98708,99217,509,140,0.195,-578,-369
98848,100935,2087,0,GE-Phrase,231,98708,100412,1704,1564,0.749,140,523
98848,100935,2087,0,GE-Phase,stroke,98708,99217,509,369,0.177,140,1718
98848,100935,2087,0,GE-Phase,retraction,99217,100412,1195,1195,0.573,-369,523
137060,138339,1279,0,GE-Phrase,235,136803,138001,1198,941,0.736,257,338
137060,138339,1279,0,GE-Phrase,236,138001,139371,1370,338,0.264,-941,-1032
137060,138339,1279,0,GE-Phase,stroke,136963,137483,520,423,0.331,97,856
137060,138339,1279,0,GE-Phase,hold,137483,138001,518,518,0.405,-423,338
137060,138339,1279,0,GE-Phase,preparation,138001,138475,474,338,0.264,-941,-136
138339,139647,1308,0,GE-Phrase,236,138001,139371,1370,1032,0.789,338,276
138339,139647,1308,0,GE-Phrase,237,139371,143181,3810,276,0.211,-1032,-3534
138339,139647,1308,0,GE-Phase,preparation,138001,138475,474,136,0.104,338,1172
138339,139647,1308,0,GE-Phase,stroke,138475,139096,621,621,0.475,-136,551
138339,139647,1308,0,GE-Phase,retraction,139096,139371,275,275,0.21,-757,276
138339,139647,1308,0,GE-Phase,preparation,139371,140340,969,276,0.211,-1032,-693
4370,5588,1218,0,GE-Phrase,201,2608,9088,6480,1218,1.0,1762,-3500
4370,5588,1218,0,GE-Phase,stroke,2772,9088,6316,1218,1.0,1598,-3500
5588,7444,1856,0,GE-Phrase,201,2608,9088,6480,1856,1.0,2980,-1644
5588,7444,1856,0,GE-Phase,stroke,2772,9088,6316,1856,1.0,2816,-1644
76336,77850,1514,0,GE-Phrase,226,76279,77639,1360,1303,0.861,57,211
76336,77850,1514,0,GE-Phrase,227,77639,79279,1640,211,0.139,-1303,-1429
76336,77850,1514,0,GE-Phase,preparation,76279,76512,233,176,0.116,57,1338
76336,77850,1514,0,GE-Phase,stroke,76512,76980,468,468,0.309,-176,870
76336,77850,1514,0,GE-Phase,hold,76980,77639,659,659,0.435,-644,211
76336,77850,1514,0,GE-Phase,preparation,77639,77999,360,211,0.139,-1303,-149
77850,79367,1517,0,GE-Phrase,227,77639,79279,1640,1429,0.942,211,88
77850,79367,1517,0,GE-Phrase,228,79279,80954,1675,88,0.058,-1429,-1587
77850,79367,1517,0,GE-Phase,preparation,77639,77999,360,149,0.098,211,1368
77850,79367,1517,0,GE-Phase,stroke,77999,78319,320,320,0.211,-149,1048
77850,79367,1517,0,GE-Phase,hold,78319,79039,720,720,0.475,-469,328
77850,79367,1517,0,GE-Phase,retraction,79039,79279,240,240,0.158,-1189,88
77850,79367,1517,0,GE-Phase,preparation,79279,79501,222,88,0.058,-1429,-134
79367,79692,325,0,GE-Phrase,228,79279,80954,1675,325,1.0,88,-1262
79367,79692,325,0,GE-Phase,preparation,79279,79501,222,134,0.412,88,191
79367,79692,325,0,GE-Phase,stroke,79501,79868,367,191,0.588,-134,-176
79692,81357,1665,0,GE-Phrase,228,79279,80954,1675,1262,0.758,413,403
79692,81357,1665,0,GE-Phrase,229,80954,82638,1684,403,0.242,-1262,-1281
79692,81357,1665,0,GE-Phase,stroke,79501,79868,367,176,0.106,191,1489
79692,81357,1665,0,GE-Phase,hold,79868,80508,640,640,0.384,-176,849
79692,81357,1665,0,GE-Phase,retraction,80508,80954,446,446,0.268,-816,403
79692,81357,1665,0,GE-Phase,preparation,80954,81451,497,403,0.242,-1262,-94
97800,98130,330,0,GE-Phrase,230,97846,98708,862,284,0.861,-46,-578
97800,98130,330,0,GE-Phase,preparation,97846,98286,440,284,0.861,-46,-156
98130,98848,718,0,GE-Phrase,230,97846,98708,862,578,0.805,284,140
98130,98848,718,0,GE-Phrase,231,98708,100412,1704,140,0.195,-578,-1564
98130,98848,718,0,GE-Phase,preparation,97846,98286,440,156,0.217,284,562
98130,98848,718,0,GE-Phase,stroke,98286,98526,240,240,0.334,-156,322
98130,98848,718,0,GE-Phase,retraction,98526,98708,182,182,0.253,-396,140
98130,98848,718,0,GE-Phase,stroke,98708,99217,509,140,0.195,-578,-369
98848,100935,2087,0,GE-Phrase,231,98708,100412,1704,1564,0.749,140,523
98848,100935,2087,0,GE-Phase,stroke,98708,99217,509,369,0.177,140,1718
98848,100935,2087,0,GE-Phase,retraction,99217,100412,1195,1195,0.573,-369,523
137060,138339,1279,0,GE-Phrase,235,136803,138001,1198,941,0.736,257,338
137060,138339,1279,0,GE-Phrase,236,138001,139371,1370,338,0.264,-941,-1032
137060,138339,1279,0,GE-Phase,stroke,136963,137483,520,423,0.331,97,856
137060,138339,1279,0,GE-Phase,hold,137483,138001,518,518,0.405,-423,338
137060,138339,1279,0,GE-Phase,preparation,138001,138475,474,338,0.264,-941,-136
138339,139647,1308,0,GE-Phrase,236,138001,139371,1370,1032,0.789,338,276
138339,139647,1308,0,GE-Phrase,237,139371,143181,3810,276,0.211,-1032,-3534
138339,139647,1308,0,GE-Phase,preparation,138001,138475,474,136,0.104,338,1172
138339,139647,1308,0,GE-Phase,stroke,138475,139096,621,621,0.475,-136,551
138339,139647,1308,0,GE-Phase,retraction,139096,139371,275,275,0.21,-757,276
138339,139647,1308,0,GE-Phase,preparation,139371,140340,969,276,0.211,-1032,-693
4370,5588,1218,0,GE-Phrase,201,2608,9088,6480,1218,1.0,1762,-3500
4370,5588,1218,0,GE-Phase,stroke,2772,9088,6316,1218,1.0,1598,-3500
5588,7444,1856,0,GE-Phrase,201,2608,9088,6480,1856,1.0,2980,-1644
5588,7444,1856,0,GE-Phase,stroke,2772,9088,6316,1856,1.0,2816,-1644
76336,77850,1514,0,GE-Phrase,226,76279,77639,1360,1303,0.861,57,211
76336,77850,1514,0,GE-Phrase,227,77639,79279,1640,211,0.139,-1303,-1429
76336,77850,1514,0,GE-Phase,preparation,76279,76512,233,176,0.116,57,1338
76336,77850,1514,0,GE-Phase,stroke,76512,76980,468,468,0.309,-176,870
76336,77850,1514,0,GE-Phase,hold,76980,77639,659,659,0.435,-644,211
76336,77850,1514,0,GE-Phase,preparation,77639,77999,360,211,0.139,-1303,-149
77850,79367,1517,0,GE-Phrase,227,77639,79279,1640,1429,0.942,211,88
77850,79367,1517,0,GE-Phrase,228,79279,80954,1675,88,0.058,-1429,-1587
77850,79367,1517,0,GE-Phase,preparation,77639,77999,360,149,0.098,211,1368
77850,79367,1517,0,GE-Phase,stroke,77999,78319,320,320,0.211,-149,1048
77850,79367,1517,0,GE-Phase,hold,78319,79039,720,720,0.475,-469,328
77850,79367,1517,0,GE-Phase,retraction,79039,79279,240,240,0.158,-1189,88
77850,79367,1517,0,GE-Phase,preparation,79279,79501,222,88,0.058,-1429,-134
79367,79692,325,0,GE-Phrase,228,79279,80954,1675,325,1.0,88,-1262
79367,79692,325,0,GE-Phase,preparation,79279,79501,222,134,0.412,88,191
79367,79692,325,0,GE-Phase,stroke,79501,79868,367,191,0.588,-134,-176
79692,81357,1665,0,GE-Phrase,228,79279,80954,1675,1262,0.758,413,403
79692,81357,1665,0,GE-Phrase,229,80954,82638,1684,403,0.242,-1262,-1281
79692,81357,1665,0,GE-Phase,stroke,79501,79868,367,176,0.106,191,1489
79692,81357,1665,0,GE-Phase,hold,79868,80508,640,640,0.384,-176,849
79692,81357,1665,0,GE-Phase,retraction,80508,80954,446,446,0.268,-816,403
79692,81357,1665,0,GE-Phase,preparation,80954,81451,497,403,0.242,-1262,-94
97800,98130,330,0,GE-Phrase,230,97846,98708,862,284,0.861,-46,-578
97800,98130,330,0,GE-Phase,preparation,97846,98286,440,284,0.861,-46,-156
98130,98848,718,0,GE-Phrase,230,97846,98708,862,578,0.805,284,140
98130,98848,718,0,GE-Phrase,231,98708,100412,1704,140,0.195,-578,-1564
98130,98848,718,0,GE-Phase,preparation,97846,98286,440,156,0.217,284,562
98130,98848,718,0,GE-Phase,stroke,98286,98526,240,240,0.334,-156,322
98130,98848,718,0,GE-Phase,retraction,98526,98708,182,182,0.253,-396,140
98130,98848,718,0,GE-Phase,stroke,98708,99217,509,140,0.195,-578,-369
98848,100935,2087,0,GE-Phrase,231,98708,100412,1704,1564,0.749,140,523
98848,100935,2087,0,GE-Phase,stroke,98708,99217,509,369,0.177,140,1718
98848,100935,2087,0,GE-Phase,retraction,99217,100412,1195,1195,0.573,-369,523
137060,138339,1279,0,GE-Phrase,235,136803,138001,1198,941,0.736,257,338
137060,138339,1279,0,GE-Phrase,236,138001,139371,1370,338,0.264,-941,-1032
137060,138339,1279,0,GE-Phase,stroke,136963,137483,520,423,0.331,97,856
137060,138339,1279,0,GE-Phase,hold,137483,138001,518,518,0.405,-423,338
137060,138339,1279,0,GE-Phase,preparation,138001,138475,474,338,0.264,-941,-136
138339,139647,1308,0,GE-Phrase,236,138001,139371,1370,1032,0.789,338,276
138339,139647,1308,0,GE-Phrase,237,139371,143181,3810,276,0.211,-1032,-3534
138339,139647,1308,0,GE-Phase,preparation,138001,138475,474,136,0.104,338,1172
138339,139647,1308,0,GE-Phase,stroke,138475,139096,621,621,0.475,-136,551
138339,139647,1308,0,GE-Phase,retraction,139096,139371,275,275,0.21,-757,276
138339,139647,1308,0,GE-Phase,preparation,139371,140340,969,276,0.211,-1032,-693
4370,5588,1218,0,GE-Phrase,201,2608,9088,6480,1218,1.0,1762,-3500
4370,5588,1218,0,GE-Phase,stroke,2772,9088,6316,1218,1.0,1598,-3500
5588,7444,1856,0,GE-Phrase,201,2608,9088,6480,1856,1.0,2980,-1644
5588,7444,1856,0,GE-Phase,stroke,2772,9088,6316,1856,1.0,2816,-1644
76336,77850,1514,0,GE-Phrase,226,76279,77639,1360,1303,0.861,57,211
76336,77850,1514,0,GE-Phrase,227,77639,79279,1640,211,0.139,-1303,-1429
76336,77850,1514,0,GE-Phase,preparation,76279,76512,233,176,0.116,57,1338
76336,77850,1514,0,GE-Phase,stroke,76512,76980,468,468,0.309,-176,870
76336,77850,1514,0,GE-Phase,hold,76980,77639,659,659,0.435,-644,211
76336,77850,1514,0,GE-Phase,preparation,77639,77999,360,211,0.139,-1303,-149
77850,79367,1517,0,GE-Phrase,227,77639,79279,1640,1429,0.942,211,88
77850,79367,1517,0,GE-Phrase,228,79279,80954,1675,88,0.058,-1429,-1587
77850,79367,1517,0,GE-Phase,preparation,77639,77999,360,149,0.098,211,1368
77850,79367,1517,0,GE-Phase,stroke,77999,78319,320,320,0.211,-149,1048
77850,79367,1517,0,GE-Phase,hold,78319,79039,720,720,0.475,-469,328
77850,79367,1517,0,GE-Phase,retraction,79039,79279,240,240,0.158,-1189,88
77850,79367,1517,0,GE-Phase,preparation,79279,79501,222,88,0.058,-1429,-134
79367,79692,325,0,GE-Phrase,228,79279,80954,1675,325,1.0,88,-1262
79367,79692,325,0,GE-Phase,preparation,79279,79501,222,134,0.412,88,191
79367,79692,325,0,GE-Phase,stroke,79501,79868,367,191,0.588,-134,-176
79692,81357,1665,0,GE-Phrase,228,79279,80954,1675,1262,0.758,413,403
79692,81357,1665,0,GE-Phrase,229,80954,82638,1684,403,0.242,-1262,-1281
79692,81357,1665,0,GE-Phase,stroke,79501,79868,367,176,0.106,191,1489
79692,81357,1665,0,GE-Phase,hold,79868,80508,640,640,0.384,-176,849
79692,81357,1665,0,GE-Phase,retraction,80508,80954,446,446,0.268,-816,403
79692,81357,1665,0,GE-Phase,preparation,80954,81451,497,403,0.242,-1262,-94
97800,98130,330,0,GE-Phrase,230,97846,98708,862,284,0.861,-46,-578
97800,98130,330,0,GE-Phase,preparation,97846,98286,440,284,0.861,-46,-156
98130,98848,718,0,GE-Phrase,230,97846,98708,862,578,0.805,284,140
98130,98848,718,0,GE-Phrase,231,98708,100412,1704,140,0.195,-578,-1564
98130,98848,718,0,GE-Phase,preparation,97846,98286,440,156,0.217,284,562
98130,98848,718,0,GE-Phase,stroke,98286,98526,240,240,0.334,-156,322
98130,98848,718,0,GE-Phase,retraction,98526,98708,182,182,0.253,-396,140
98130,98848,718,0,GE-Phase,stroke,98708,99217,509,140,0.195,-578,-369
98848,100935,2087,0,GE-Phrase,231,98708,100412,1704,1564,0.749,140,523
98848,100935,2087,0,GE-Phase,stroke,98708,99217,509,369,0.177,140,1718
98848,100935,2087,0,GE-Phase,retraction,99217,100412,1195,1195,0.573,-369,523
137060,138339,1279,0,GE-Phrase,235,136803,138001,1198,941,0.736,257,338
137060,138339,1279,0,GE-Phrase,236,138001,139371,1370,338,0.264,-941,-1032
137060,138339,1279,0,GE-Phase,stroke,136963,137483,520,423,0.331,97,856
137060,138339,1279,0,GE-Phase,hold,137483,138001,518,518,0.405,-423,338
137060,138339,1279,0,GE-Phase,preparation,138001,138475,474,338,0.264,-941,-136
138339,139647,1308,0,GE-Phrase,236,138001,139371,1370,1032,0.789,338,276
138339,139647,1308,0,GE-Phrase,237,139371,143181,3810,276,0.211,-1032,-3534
138339,139647,1308,0,GE-Phase,preparation,138001,138475,474,136,0.104,338,1172
138339,139647,1308,0,GE-Phase,stroke,138475,139096,621,621,0.475,-136,551
138339,139647,1308,0,GE-Phase,retraction,139096,139371,275,275,0.21,-757,276
138339,139647,1308,0,GE-Phase,preparation,139371,140340,969,276,0.211,-1032,-693
4370,5588,1218,0,GE-Phrase,201,2608,9088,6480,1218,1.0,1762,-3500
4370,5588,1218,0,GE-Phase,stroke,2772,9088,6316,1218,1.0,1598,-3500
5588,7444,1856,0,GE-Phrase,201,2608,9088,6480,1856,1.0,2980,-1644
5588,7444,1856,0,GE-Phase,stroke,2772,9088,6316,1856,1.0,2816,-1644
76336,77850,1514,0,GE-Phrase,226,76279,77639,1360,1303,0.861,57,211
76336,77850,1514,0,GE-Phrase,227,77639,79279,1640,211,0.139,-1303,-1429
76336,77850,1514,0,GE-Phase,preparation,76279,76512,233,176,0.116,57,1338
76336,77850,1514,0,GE-Phase,stroke,76512,76980,468,468,0.309,-176,870
76336,77850,1514,0,GE-Phase,hold,76980,77639,659,659,0.435,-644,211
76336,77850,1514,0,GE-Phase,preparation,77639,77999,360,211,0.139,-1303,-149
77850,79367,1517,0,GE-Phrase,227,77639,79279,1640,1429,0.942,211,88
77850,79367,1517,0,GE-Phrase,228,79279,80954,1675,88,0.058,-1429,-1587
77850,79367,1517,0,GE-Phase,preparation,77639,77999,360,149,0.098,211,1368
77850,79367,1517,0,GE-Phase,stroke,77999,78319,320,320,0.211,-149,1048
77850,79367,1517,0,GE-Phase,hold,78319,79039,720,720,0.475,-469,328
77850,79367,1517,0,GE-Phase,retraction,79039,79279,240,240,0.158,-1189,88
77850,79367,1517,0,GE-Phase,preparation,79279,79501,222,88,0.058,-1429,-134
79367,79692,325,0,GE-Phrase,228,79279,80954,1675,325,1.0,88,-1262
79367,79692,325,0,GE-Phase,preparation,79279,79501,222,134,0.412,88,191
79367,79692,325,0,GE-Phase,stroke,79501,79868,367,191,0.588,-134,-176
79692,81357,1665,0,GE-Phrase,228,79279,80954,1675,1262,0.758,413,403
79692,81357,1665,0,GE-Phrase,229,80954,82638,1684,403,0.242,-1262,-1281
79692,81357,1665,0,GE-Phase,stroke,79501,79868,367,176,0.106,191,1489
79692,81357,1665,0,GE-Phase,hold,79868,80508,640,640,0.384,-176,849
79692,81357,1665,0,GE-Phase,retraction,80508,80954,446,446,0.268,-816,403
79692,81357,1665,0,GE-Phase,preparation,80954,81451,497,403,0.242,-1262,-94
97800,98130,330,0,GE-Phrase,230,97846,98708,862,284,0.861,-46,-578
97800,98130,330,0,GE-Phase,preparation,97846,98286,440,284,0.861,-46,-156
98130,98848,718,0,GE-Phrase,230,97846,98708,862,578,0.805,284,140
98130,98848,718,0,GE-Phrase,231,98708,100412,1704,140,0.195,-578,-1564
98130,98848,718,0,GE-Phase,preparation,97846,98286,440,156,0.217,284,562
98130,98848,718,0,GE-Phase,stroke,98286,98526,240,240,0.334,-156,322
98130,98848,718,0,GE-Phase,retraction,98526,98708,182,182,0.253,-396,140
98130,98848,718,0,GE-Phase,stroke,98708,99217,509,140,0.195,-578,-369
98848,100935,2087,0,GE-Phrase,231,98708,100412,1704,1564,0.749,140,523
98848,100935,2087,0,GE-Phase,stroke,98708,99217,509,369,0.177,140,1718
98848,100935,2087,0,GE-Phase,retraction,99217,100412,1195,1195,0.573,-369,523
137060,138339,1279,0,GE-Phrase,235,136803,138001,1198,941,0.736,257,338
137060,138339,1279,0,GE-Phrase,236,138001,139371,1370,338,0.264,-941,-1032
137060,138339,1279,0,GE-Phase,stroke,136963,137483,520,423,0.331,97,856
137060,138339,1279,0,GE-Phase,hold,137483,138001,518,518,0.405,-423,338
137060,138339,1279,0,GE-Phase,preparation,138001,138475,474,338,0.264,-941,-136
138339,139647,1308,0,GE-Phrase,236,138001,139371,1370,1032,0.789,338,276
138339,139647,1308,0,GE-Phrase,237,139371,143181,3810,276,0.211,-1032,-3534
138339,139647,1308,0,GE-Phase,preparation,138001,138475,474,136,0.104,338,1172
138339,139647,1308,0,GE-Phase,stroke,138475,139096,621,621,0.475,-136,551
138339,139647,1308,0,GE-Phase,retraction,139096,139371,275,275,0.21,-757,276
138339,139647,1308,0,GE-Phase,preparation,139371,140340,969,276,0.211,-1032,-693
4370,5588,1218,0,GE-Phrase,201,2608,9088,6480,1218,1.0,1762,-3500
4370,5588,1218,0,GE-Phase,stroke,2772,9088,6316,1218,1.0,1598,-3500
5588,7444,1856,0,GE-Phrase,201,2608,9088,6480,1856,1.0,2980,-1644
5588,7444,1856,0,GE-Phase,stroke,2772,9088,6316,1856,1.0,2816,-1644
76336,77850,1514,0,GE-Phrase,226,76279,77639,1360,1303,0.861,57,211
76336,77850,1514,0,GE-Phrase,227,77639,79279,1640,211,0.139,-1303,-1429
76336,77850,1514,0,GE-Phase,preparation,76279,76512,233,176,0.116,57,1338
76336,77850,1514,0,GE-Phase,stroke,76512,76980,468,468,0.309,-176,870
76336,77850,1514,0,GE-Phase,hold,76980,77639,659,659,0.435,-644,211
76336,77850,1514,0,GE-Phase,preparation,77639,77999,360,211,0.139,-1303,-149
77850,79367,1517,0,GE-Phrase,227,77639,79279,1640,1429,0.942,211,88
77850,79367,1517,0,GE-Phrase,228,79279,80954,1675,88,0.058,-1429,-1587
77850,79367,1517,0,GE-Phase,preparation,77639,77999,360,149,0.098,211,1368
77850,79367,1517,0,GE-Phase,stroke,77999,78319,320,320,0.211,-149,1048
77850,79367,1517,0,GE-Phase,hold,78319,79039,720,720,0.475,-469,328
77850,79367,1517,0,GE-Phase,retraction,79039,79279,240,240,0.158,-1189,88
77850,79367,1517,0,GE-Phase,preparation,79279,79501,222,88,0.058,-1429,-134
79367,79692,325,0,GE-Phrase,228,79279,80954,1675,325,1.0,88,-1262
79367,79692,325,0,GE-Phase,preparation,79279,79501,222,134,0.412,88,191
79367,79692,325,0,GE-Phase,stroke,79501,79868,367,191,0.588,-134,-176
79692,81357,1665,0,GE-Phrase,228,79279,80954,1675,1262,0.758,413,403
79692,81357,1665,0,GE-Phrase,229,80954,82638,1684,403,0.242,-1262,-1281
79692,81357,1665,0,GE-Phase,stroke,79501,79868,367,176,0.106,191,1489
79692,81357,1665,0,GE-Phase,hold,79868,80508,640,640,0.384,-176,849
79692,81357,1665,0,GE-Phase,retraction,80508,80954,446,446,0.268,-816,403
79692,81357,1665,0,GE-Phase,preparation,80954,81451,497,403,0.242,-1262,-94
97800,98130,330,0,GE-Phrase,230,97846,98708,862,284,0.861,-46,-578
97800,98130,330,0,GE-Phase,preparation,97846,98286,440,284,0.861,-46,-156
98130,98848,718,0,GE-Phrase,230,97846,98708,862,578,0.805,284,140
98130,98848,718,0,GE-Phrase,231,98708,100412,1704,140,0.195,-578,-1564
98130,98848,718,0,GE-Phase,preparation,97846,98286,440,156,0.217,284,562
98130,98848,718,0,GE-Phase,stroke,98286,98526,240,240,0.334,-156,322
98130,98848,718,0,GE-Phase,retraction,98526,98708,182,182,0.253,-396,140
98130,98848,718,0,GE-Phase,stroke,98708,99217,509,140,0.195,-578,-369
98848,100935,2087,0,GE-Phrase,231,98708,100412,1704,1564,0.749,140,523
98848,100935,2087,0,GE-Phase,stroke,98708,99217,509,369,0.177,140,1718
98848,100935,2087,0,GE-Phase,retraction,99217,100412,1195,1195,0.573,-369,523
137060,138339,1279,0,GE-Phrase,235,136803,138001,1198,941,0.736,257,338
137060,138339,1279,0,GE-Phrase,236,138001,139371,1370,338,0.264,-941,-1032
137060,138339,1279,0,GE-Phase,stroke,136963,137483,520,423,0.331,97,856
137060,138339,1279,0,GE-Phase,hold,137483,138001,518,518,0.405,-423,338
137060,138339,1279,0,GE-Phase,preparation,138001,138475,474,338,0.264,-941,-136
138339,139647,1308,0,GE-Phrase,236,138001,139371,1370,1032,0.789,338,276
138339,139647,1308,0,GE-Phrase,237,139371,143181,3810,276,0.211,-1032,-3534
138339,139647,1308,0,GE-Phase,preparation,138001,138475,474,136,0.104,338,1172
138339,139647,1308,0,GE-Phase,stroke,138475,139096,621,621,0.475,-136,551
138339,139647,1308,0,GE-Phase,retraction,139096,139371,275,275,0.21,-757,276
138339,139647,1308,0,GE-Phase,preparation,139371,140340,969,276,0.211,-1032,-693
4370,5588,1218,0,GE-Phrase,201,2608,9088,6480,1218,1.0,1762,-3500
4370,5588,1218,0,GE-Phase,stroke,2772,9088,6316,1218,1.0,1598,-3500
5588,7444,1856,0,GE-Phrase,201,2608,9088,6480,1856,1.0,2980,-1644
5588,7444,1856,0,GE-Phase,stroke,2772,9088,6316,1856,1.0,2816,-1644
76336,77850,1514,0,GE-Phrase,226,76279,77639,1360,1303,0.861,57,211
76336,77850,1514,0,GE-Phrase,227,77639,79279,1640,211,0.139,-1303,-1429
76336,77850,1514,0,GE-Phase,preparation,76279,76512,233,176,0.116,57,1338
76336,77850,1514,0,GE-Phase,stroke,76512,76980,468,468,0.309,-176,870
76336,77850,1514,0,GE-Phase,hold,76980,77639,659,659,0.435,-644,211
76336,77850,1514,0,GE-Phase,preparation,77639,77999,360,211,0.139,-1303,-149
77850,79367,1517,0,GE-Phrase,227,77639,79279,1640,1429,0.942,211,88
77850,79367,1517,0,GE-Phrase,228,79279,80954,1675,88,0.058,-1429,-1587
77850,79367,1517,0,GE-Phase,preparation,77639,77999,360,149,0.098,211,1368
77850,79367,1517,0,GE-Phase,stroke,77999,78319,320,320,0.211,-149,1048
77850,79367,1517,0,GE-Phase,hold,78319,79039,720,720,0.475,-469,328
77850,79367,1517,0,GE-Phase,retraction,79039,79279,240,240,0.158,-1189,88
77850,79367,1517,0,GE-Phase,preparation,79279,79501,222,88,0.058,-1429,-134
79367,79692,325,0,GE-Phrase,228,79279,80954,1675,325,1.0,88,-1262
79367,79692,325,0,GE-Phase,preparation,79279,79501,222,134,0.412,88,191
79367,79692,325,0,GE-Phase,stroke,79501,79868,367,191,0.588,-134,-176
79692,81357,1665,0,GE-Phrase,228,79279,80954,1675,1262,0.758,413,403
79692,81357,1665,0,GE-Phrase,229,80954,82638,1684,403,0.242,-1262,-1281
79692,81357,1665,0,GE-Phase,stroke,79501,79868,367,176,0.106,191,1489
79692,81357,1665,0,GE-Phase,hold,79868,80508,640,640,0.384,-176,849
79692,81357,1665,0,GE-Phase,retraction,80508,80954,446,446,0.268,-816,403
79692,81357,1665,0,GE-Phase,preparation,80954,81451,497,403,0.242,-1262,-94
97800,98130,330,0,GE-Phrase,230,97846,98708,862,284,0.861,-46,-578
97800,98130,330,0,GE-Phase,preparation,97846,98286,440,284,0.861,-46,-156
98130,98848,718,0,GE-Phrase,230,97846,98708,862,578,0.805,284,140
98130,98848,718,0,GE-Phrase,231,98708,100412,1704,140,0.195,-578,-1564
98130,98848,718,0,GE-Phase,preparation,97846,98286,440,156,0.217,284,562
98130,98848,718,0,GE-Phase,stroke,98286,98526,240,240,0.334,-156,322
98130,98848,718,0,GE-Phase,retraction,98526,98708,182,182,0.253,-396,140
98130,98848,718,0,GE-Phase,stroke,98708,99217,509,140,0.195,-578,-369
98848,100935,2087,0,GE-Phrase,231,98708,100412,1704,1564,0.749,140,523
98848,100935,2087,0,GE-Phase,stroke,98708,99217,509,369,0.177,140,1718
98848,100935,2087,0,GE-Phase,retraction,99217,100412,1195,1195,0.573,-369,523
137060,138339,1279,0,GE-Phrase,235,136803,138001,1198,941,0.736,257,338
137060,138339,1279,0,GE-Phrase,236,138001,139371,1370,338,0.264,-941,-1032
137060,138339,1279,0,GE-Phase,stroke,136963,137483,520,423,0.331,97,856
137060,138339,1279,0,GE-Phase,hold,137483,138001,518,518,0.405,-423,338
137060,138339,1279,0,GE-Phase,preparation,138001,138475,474,338,0.264,-941,-136
138339,139647,1308,0,GE-Phrase,236,138001,139371,1370,1032,0.789,338,276
138339,139647,1308,0,GE-Phrase,237,139371,143181,3810,276,0.211,-1032,-3534
138339,139647,1308,0,GE-Phase,preparation,138001,138475,474,136,0.104,338,1172
138339,139647,1308,0,GE-Phase,stroke,138475,139096,621,621,0.475,-136,551
138339,139647,1308,0,GE-Phase,retraction,139096,139371,275,275,0.21,-757,276
138339,139647,1308,0,GE-Phase,preparation,139371,140340,969,276,0.211,-1032,-693
4370,5588,1218,0,GE-Phrase,201,2608,9088,6480,1218,1.0,1762,-3500
4370,5588,1218,0,GE-Phase,stroke,2772,9088,6316,1218,1.0,1598,-3500
5588,7444,1856,0,GE-Phrase,201,2608,9088,6480,1856,1.0,2980,-1644
5588,7444,1856,0,GE-Phase,stroke,2772,9088,6316,1856,1.0,2816,-1644
76336,77850,1514,0,GE-Phrase,226,76279,77639,1360,1303,0.861,57,211
76336,77850,1514,0,GE-Phrase,227,77639,79279,1640,211,0.139,-1303,-1429
76336,77850,1514,0,GE-Phase,preparation,76279,76512,233,176,0.116,57,1338
76336,77850,1514,0,GE-Phase,stroke,76512,76980,468,468,0.309,-176,870
76336,77850,1514,0,GE-Phase,hold,76980,77639,659,659,0.435,-644,211
76336,77850,1514,0,GE-Phase,preparation,77639,77999,360,211,0.139,-1303,-149
77850,79367,1517,0,GE-Phrase,227,77639,79279,1640,1429,0.942,211,88
77850,79367,1517,0,GE-Phrase,228,79279,80954,1675,88,0.058,-1429,-1587
77850,79367,1517,0,GE-Phase,preparation,77639,77999,360,149,0.098,211,1368
77850,79367,1517,0,GE-Phase,stroke,77999,78319,320,320,0.211,-149,1048
77850,79367,1517,0,GE-Phase,hold,78319,79039,720,720,0.475,-469,328
77850,79367,1517,0,GE-Phase,retraction,79039,79279,240,240,0.158,-1189,88
77850,79367,1517,0,GE-Phase,preparation,79279,79501,222,88,0.058,-1429,-134
79367,79692,325,0,GE-Phrase,228,79279,80954,1675,325,1.0,88,-1262
79367,79692,325,0,GE-Phase,preparation,79279,79501,222,134,0.412,88,191
79367,79692,325,0,GE-Phase,stroke,79501,79868,367,191,0.588,-134,-176
79692,81357,1665,0,GE-Phrase,228,79279,80954,1675,1262,0.758,413,403
79692,81357,1665,0,GE-Phrase,229,80954,82638,1684,403,0.242,-1262,-1281
79692,81357,1665,0,GE-Phase,stroke,79501,79868,367,176,0.106,191,1489
79692,81357,1665,0,GE-Phase,hold,79868,80508,640,640,0.384,-176,849
79692,81357,1665,0,GE-Phase,retraction,80508,80954,446,446,0.268,-816,403
79692,81357,1665,0,GE-Phase,preparation,80954,81451,497,403,0.242,-1262,-94
97800,98130,330,0,GE-Phrase,230,97846,98708,862,284,0.861,-46,-578
97800,98130,330,0,GE-Phase,preparation,97846,98286,440,284,0.861,-46,-156
98130,98848,718,0,GE-Phrase,230,97846,98708,862,578,0.805,284,140
98130,98848,718,0,GE-Phrase,231,98708,100412,1704,140,0.195,-578,-1564
98130,98848,718,0,GE-Phase,preparation,97846,98286,440,156,0.217,284,562
98130,98848,718,0,GE-Phase,stroke,98286,98526,240,240,0.334,-156,322
98130,98848,718,0,GE-Phase,retraction,98526,98708,182,182,0.253,-396,140
98130,98848,718,0,GE-Phase,stroke,98708,99217,509,140,0.195,-578,-369
98848,100935,2087,0,GE-Phrase,231,98708,100412,1704,1564,0.749,140,523
98848,100935,2087,0,GE-Phase,stroke,98708,99217,509,369,0.177,140,1718
98848,100935,2087,0,GE-Phase,retraction,99217,100412,1195,1195,0.573,-369,523
137060,138339,1279,0,GE-Phrase,235,136803,138001,1198,941,0.736,257,338
137060,138339,1279,0,GE-Phrase,236,138001,139371,1370,338,0.264,-941,-1032
137060,138339,1279,0,GE-Phase,stroke,136963,137483,520,423,0.331,97,856
137060,138339,1279,0,GE-Phase,hold,137483,138001,518,518,0.405,-423,338
137060,138339,1279,0,GE-Phase,preparation,138001,138475,474,338,0.264,-941,-136
138339,139647,1308,0,GE-Phrase,236,138001,139371,1370,1032,0.789,338,276
138339,139647,1308,0,GE-Phrase,237,139371,143181,3810,276,0.211,-1032,-3534
138339,139647,1308,0,GE-Phase,preparation,138001,138475,474,136,0.104,338,1172
138339,139647,1308,0,GE-Phase,stroke,138475,139096,621,621,0.475,-136,551
138339,139647,1308,0,GE-Phase,retraction,139096,139371,275,275,0.21,-757,276
138339,139647,1308,0,GE-Phase,preparation,139371,140340,969,276,0.211,-1032,-693
4370,5588,1218,0,GE-Phrase,201,2608,9088,6480,1218,1.0,1762,-3500
4370,5588,1218,0,GE-Phase,stroke,2772,9088,6316,1218,1.0,1598,-3500
5588,7444,1856,0,GE-Phrase,201,2608,9088,6480,1856,1.0,2980,-1644
5588,7444,1856,0,GE-Phase,stroke,2772,9088,6316,1856,1.0,2816,-1644
76336,77850,1514,0,GE-Phrase,226,76279,77639,1360,1303,0.861,57,211
76336,77850,1514,0,GE-Phrase,227,77639,79279,1640,211,0.139,-1303,-1429
76336,77850,1514,0,GE-Phase,preparation,76279,76512,233,176,0.116,57,1338
76336,77850,1514,0,GE-Phase,stroke,76512,76980,468,468,0.309,-176,870
76336,77850,1514,0,GE-Phase,hold,76980,77639,659,659,0.435,-644,211
76336,77850,1514,0,GE-Phase,preparation,77639,77999,360,211,0.139,-1303,-149
77850,79367,1517,0,GE-Phrase,227,77639,79279,1640,1429,0.942,211,88
77850,79367,1517,0,GE-Phrase,228,79279,80954,1675,88,0.058,-1429,-1587
77850,79367,1517,0,GE-Phase,preparation,77639,77999,360,149,0.098,211,1368
77850,79367,1517,0,GE-Phase,stroke,77999,78319,320,320,0.211,-149,1048
77850,79367,1517,0,GE-Phase,hold,78319,79039,720,720,0.475,-469,328
77850,79367,1517,0,GE-Phase,retraction,79039,79279,240,240,0.158,-1189,88
77850,79367,1517,0,GE-Phase,preparation,79279,79501,222,88,0.058,-1429,-134
79367,79692,325,0,GE-Phrase,228,79279,80954,1675,325,1.0,88,-1262
79367,79692,325,0,GE-Phase,preparation,79279,79501,222,134,0.412,88,191
79367,79692,325,0,GE-Phase,stroke,79501,79868,367,191,0.588,-134,-176
79692,81357,1665,0,GE-Phrase,228,79279,80954,1675,1262,0.758,413,403
79692,81357,1665,0,GE-Phrase,229,80954,82638,1684,403,0.242,-1262,-1281
79692,81357,1665,0,GE-Phase,stroke,79501,79868,367,176,0.106,191,1489
79692,81357,1665,0,GE-Phase,hold,79868,80508,640,640,0.384,-176,849
79692,81357,1665,0,GE-Phase,retraction,80508,80954,446,446,0.268,-816,403
79692,81357,1665,0,GE-Phase,preparation,80954,81451,497,403,0.242,-1262,-94
97800,98130,330,0,GE-Phrase,230,97846,98708,862,284,0.861,-46,-578
97800,98130,330,0,GE-Phase,preparation,97846,98286,440,284,0.861,-46,-156
98130,98848,718,0,GE-Phrase,230,97846,98708,862,578,0.805,284,140
98130,98848,718,0,GE-Phrase,231,98708,100412,1704,140,0.195,-578,-1564
98130,98848,718,0,GE-Phase,preparation,97846,98286,440,156,0.217,284,562
98130,98848,718,0,GE-Phase,stroke,98286,98526,240,240,0.334,-156,322
98130,98848,718,0,GE-Phase,retraction,98526,98708,182,182,0.253,-396,140
98130,98848,718,0,GE-Phase,stroke,98708,99217,509,140,0.195,-578,-369
98848,100935,2087,0,GE-Phrase,231,98708,100412,1704,1564,0.749,140,523
98848,100935,2087,0,GE-Phase,stroke,98708,99217,509,369,0.177,140,1718
98848,100935,2087,0,GE-Phase,retraction,99217,100412,1195,1195,0.573,-369,523
137060,138339,1279,0,GE-Phrase,235,136803,138001,1198,941,0.736,257,338
137060,138339,1279,0,GE-Phrase,236,138001,139371,1370,338,0.264,-941,-1032
137060,138339,1279,0,GE-Phase,stroke,136963,137483,520,423,0.331,97,856
137060,138339,1279,0,GE-Phase,hold,137483,138001,518,518,0.405,-423,338
137060,138339,1279,0,GE-Phase,preparation,138001,138475,474,338,0.264,-941,-136
138339,139647,1308,0,GE-Phrase,236,138001,139371,1370,1032,0.789,338,276
138339,139647,1308,0,GE-Phrase,237,139371,143181,3810,276,0.211,-1032,-3534
138339,139647,1308,0,GE-Phase,preparation,138001,138475,474,136,0.104,338,1172
138339,139647,1308,0,GE-Phase,stroke,138475,139096,621,621,0.475,-136,551
138339,139647,1308,0,GE-Phase,retraction,139096,139371,275,275,0.21,-757,276
138339,139647,1308,0,GE-Phase,preparation,139371,140340,969,276,0.211,-1032,-693
4370,5588,1218,0,GE-Phrase,201,2608,9088,6480,1218,1.0,1762,-3500
4370,5588,1218,0,GE-Phase,stroke,2772,9088,6316,1218,1.0,1598,-3500
5588,7444,1856,0,GE-Phrase,201,2608,9088,6480,1856,1.0,2980,-1644
5588,7444,1856,0,GE-Phase,stroke,2772,9088,6316,1856,1.0,2816,-1644
76336,77850,1514,0,GE-Phrase,226,76279,77639,1360,1303,0.861,57,211
76336,77850,1514,0,GE-Phrase,227,77639,79279,1640,211,0.139,-1303,-1429
76336,77850,1514,0,GE-Phase,preparation,76279,76512,233,176,0.116,57,1338
76336,77850,1514,0,GE-Phase,stroke,76512,76980,468,468,0.309,-176,870
76336,77850,1514,0,GE-Phase,hold,76980,77639,659,659,0.435,-644,211
76336,77850,1514,0,GE-Phase,preparation,77639,77999,360,211,0.139,-1303,-149
77850,79367,1517,0,GE-Phrase,227,77639,79279,1640,1429,0.942,211,88
77850,79367,1517,0,GE-Phrase,228,79279,80954,1675,88,0.058,-1429,-1587
77850,79367,1517,0,GE-Phase,preparation,77639,77999,360,149,0.098,211,1368
77850,79367,1517,0,GE-Phase,stroke,77999,78319,320,320,0.211,-149,1048
77850,79367,1517,0,GE-Phase,hold,78319,79039,720,720,0.475,-469,328
77850,79367,1517,0,GE-Phase,retraction,79039,79279,240,240,0.158,-1189,88
77850,79367,1517,0,GE-Phase,preparation,79279,79501,222,88,0.058,-1429,-134
79367,79692,325,0,GE-Phrase,228,79279,80954,1675,325,1.0,88,-1262
79367,79692,325,0,GE-Phase,preparation,79279,79501,222,134,0.412,88,191
79367,79692,325,0,GE-Phase,stroke,79501,79868,367,191,0.588,-134,-176
79692,81357,1665,0,GE-Phrase,228,79279,80954,1675,1262,0.758,413,403
79692,81357,1665,0,GE-Phrase,229,80954,82638,1684,403,0.242,-1262,-1281
79692,81357,1665,0,GE-Phase,stroke,79501,79868,367,176,0.106,191,1489
79692,81357,1665,0,GE-Phase,hold,79868,80508,640,640,0.384,-176,849
79692,81357,1665,0,GE-Phase,retraction,80508,80954,446,446,0.268,-816,403
79692,81357,1665,0,GE-Phase,preparation,80954,81451,497,403,0.242,-1262,-94
97800,98130,330,0,GE-Phrase,230,97846,98708,862,284,0.861,-46,-578
97800,98130,330,0,GE-Phase,preparation,97846,98286,440,284,0.861,-46,-156
98130,98848,718,0,GE-Phrase,230,97846,98708,862,578,0.805,284,140
98130,98848,718,0,GE-Phrase,231,98708,100412,1704,140,0.195,-578,-1564
98130,98848,718,0,GE-Phase,preparation,97846,98286,440,156,0.217,284,562
98130,98848,718,0,GE-Phase,stroke,98286,98526,240,240,0.334,-156,322
98130,98848,718,0,GE-Phase,retraction,98526,98708,182,182,0.253,-396,140
98130,98848,718,0,GE-Phase,stroke,98708,99217,509,140,0.195,-578,-369
98848,100935,2087,0,GE-Phrase,231,98708,100412,1704,1564,0.749,140,523
98848,100935,2087,0,GE-Phase,stroke,98708,99217,509,369,0.177,140,1718
98848,100935,2087,0,GE-Phase,retraction,99217,100412,1195,1195,0.573,-369,523
137060,138339,1279,0,GE-Phrase,235,136803,138001,1198,941,0.736,257,338
137060,138339,1279,0,GE-Phrase,236,138001,139371,1370,338,0.264,-941,-1032
137060,138339,1279,0,GE-Phase,stroke,136963,137483,520,423,0.331,97,856
137060,138339,1279,0,GE-Phase,hold,137483,138001,518,518,0.405,-423,338
137060,138339,1279,0,GE-Phase,preparation,138001,138475,474,338,0.264,-941,-136
138339,139647,1308,0,GE-Phrase,236,138001,139371,1370,1032,0.789,338,276
138339,139647,1308,0,GE-Phrase,237,139371,143181,3810,276,0.211,-1032,-3534
138339,139647,1308,0,GE-Phase,preparation,138001,138475,474,136,0.104,338,1172
138339,139647,1308,0,GE-Phase,stroke,138475,139096,621,621,0.475,-136,551
138339,139647,1308,0,GE-Phase,retraction,139096,139371,275,275,0.21,-757,276
138339,139647,1308,0,GE-Phase,preparation,139371,140340,969,276,0.211,-1032,-693
4370,5588,1218,0,GE-Phrase,201,2608,9088,6480,1218,1.0,1762,-3500
4370,5588,1218,0,GE-Phase,stroke,2772,9088,6316,1218,1.0,1598,-3500
5588,7444,1856,0,GE-Phrase,201,2608,9088,6480,1856,1.0,2980,-1644
5588,7444,1856,0,GE-Phase,stroke,2772,9088,6316,1856,1.0,2816,-1644
76336,77850,1514,0,GE-Phrase,226,76279,77639,1360,1303,0.861,57,211
76336,77850,1514,0,GE-Phrase,227,77639,79279,1640,211,0.139,-1303,-1429
76336,77850,1514,0,GE-Phase,preparation,76279,76512,233,176,0.116,57,1338
76336,77850,1514,0,GE-Phase,stroke,76512,76980,468,468,0.309,-176,870
76336,77850,1514,0,GE-Phase,hold,76980,77639,659,659,0.435,-644,211
76336,77850,1514,0,GE-Phase,preparation,77639,77999,360,211,0.139,-1303,-149
77850,79367,1517,0,GE-Phrase,227,77639,79279,1640,1429,0.942,211,88
77850,79367,1517,0,GE-Phrase,228,79279,80954,1675,88,0.058,-1429,-1587
77850,79367,1517,0,GE-Phase,preparation,77639,77999,360,149,0.098,211,1368
77850,79367,1517,0,GE-Phase,stroke,77999,78319,320,320,0.211,-149,1048
77850,79367,1517,0,GE-Phase,hold,78319,79039,720,720,0.475,-469,328
77850,79367,1517,0,GE-Phase,retraction,79039,79279,240,240,0.158,-1189,88
77850,79367,1517,0,GE-Phase,preparation,79279,79501,222,88,0.058,-1429,-134
79367,79692,325,0,GE-Phrase,228,79279,80954,1675,325,1.0,88,-1262
79367,79692,325,0,GE-Phase,preparation,79279,79501,222,134,0.412,88,191
79367,79692,325,0,GE-Phase,stroke,79501,79868,367,191,0.588,-134,-176
79692,81357,1665,0,GE-Phrase,228,79279,80954,1675,1262,0.758,413,403
79692,81357,1665,0,GE-Phrase,229,80954,82638,1684,403,0.242,-1262,-1281
79692,81357,1665,0,GE-Phase,stroke,79501,79868,367,176,0.106,191,1489
79692,81357,1665,0,GE-Phase,hold,79868,80508,640,640,0.384,-176,849
79692,81357,1665,0,GE-Phase,retraction,80508,80954,446,446,0.268,-816,403
79692,81357,1665,0,GE-Phase,preparation,80954,81451,497,403,0.242,-1262,-94
97800,98130,330,0,GE-Phrase,230,97846,98708,862,284,0.861,-46,-578
97800,98130,330,0,GE-Phase,preparation,97846,98286,440,284,0.861,-46,-156
98130,98848,718,0,GE-Phrase,230,97846,98708,862,578,0.805,284,140
98130,98848,718,0,GE-Phrase,231,98708,100412,1704,140,0.195,-578,-1564
98130,98848,718,0,GE-Phase,preparation,97846,98286,440,156,0.217,284,562
98130,98848,718,0,GE-Phase,stroke,98286,98526,240,240,0.334,-156,322
98130,98848,718,0,GE-Phase,retraction,98526,98708,182,182,0.253,-396,140
98130,98848,718,0,GE-Phase,stroke,98708,99217,509,140,0.195,-578,-369
98848,100935,2087,0,GE-Phrase,231,98708,100412,1704,1564,0.749,140,523
98848,100935,2087,0,GE-Phase,stroke,98708,99217,509,369,0.177,140,1718
98848,100935,2087,0,GE-Phase,retraction,99217,100412,1195,1195,0.573,-369,523
137060,138339,1279,0,GE-Phrase,235,136803,138001,1198,941,0.736,257,338
137060,138339,1279,0,GE-Phrase,236,138001,139371,1370,338,0.264,-941,-1032
137060,138339,1279,0,GE-Phase,stroke,136963,137483,520,423,0.331,97,856
137060,138339,1279,0,GE-Phase,hold,137483,138001,518,518,0.405,-423,338
137060,138339,1279,0,GE-Phase,preparation,138001,138475,474,338,0.264,-941,-136
138339,139647,1308,0,GE-Phrase,236,138001,139371,1370,1032,0.789,338,276
138339,139647,1308,0,GE-Phrase,237,139371,143181,3810,276,0.211,-1032,-3534
138339,139647,1308,0,GE-Phase,preparation,138001,138475,474,136,0.104,338,1172
138339,139647,1308,0,GE-Phase,stroke,138475,139096,621,621,0.475,-136,551
138339,139647,1308,0,GE-Phase,retraction,139096,139371,275,275,0.21,-757,276
138339,139647,1308,0,GE-Phase,preparation,139371,140340,969,276,0.211,-1032,-693
4370,5588,1218,0,GE-Phrase,201,2608,9088,6480,1218,1.0,1762,-3500
4370,5588,1218,0,GE-Phase,stroke,2772,9088,6316,1218,1.0,1598,-3500
5588,7444,1856,0,GE-Phrase,201,2608,9088,6480,1856,1.0,2980,-1644
5588,7444,1856,0,GE-Phase,stroke,2772,9088,6316,1856,1.0,2816,-1644
76336,77850,1514,0,GE-Phrase,226,76279,77639,1360,1303,0.861,57,211
76336,77850,1514,0,GE-Phrase,227,77639,79279,1640,211,0.139,-1303,-1429
76336,77850,1514,0,GE-Phase,preparation,76279,76512,233,176,0.116,57,1338
76336,77850,1514,0,GE-Phase,stroke,76512,76980,468,468,0.309,-176,870
76336,77850,1514,0,GE-Phase,hold,76980,77639,659,659,0.435,-644,211
76336,77850,1514,0,GE-Phase,preparation,77639,77999,360,211,0.139,-1303,-149
77850,79367,1517,0,GE-Phrase,227,77639,79279,1640,1429,0.942,211,88
77850,79367,1517,0,GE-Phrase,228,79279,80954,1675,88,0.058,-1429,-1587
77850,79367,1517,0,GE-Phase,preparation,77639,77999,360,149,0.098,211,1368
77850,79367,1517,0,GE-Phase,stroke,77999,78319,320,320,0.211,-149,1048
77850,79367,1517,0,GE-Phase,hold,78319,79039,720,720,0.475,-469,328
77850,79367,1517,0,GE-Phase,retraction,79039,79279,240,240,0.158,-1189,88
77850,79367,1517,0,GE-Phase,preparation,79279,79501,222,88,0.058,-1429,-134
79367,79692,325,0,GE-Phrase,228,79279,80954,1675,325,1.0,88,-1262
79367,79692,325,0,GE-Phase,preparation,79279,79501,222,134,0.412,88,191
79367,79692,325,0,GE-Phase,stroke,79501,79868,367,191,0.588,-134,-176
79692,81357,1665,0,GE-Phrase,228,79279,80954,1675,1262,0.758,413,403
79692,81357,1665,0,GE-Phrase,229,80954,82638,1684,403,0.242,-1262,-1281
79692,81357,1665,0,GE-Phase,stroke,79501,79868,367,176,0.106,191,1489
79692,81357,1665,0,GE-Phase,hold,79868,80508,640,640,0.384,-176,849
79692,81357,1665,0,GE-Phase,retraction,80508,80954,446,446,0.268,-816,403
79692,81357,1665,0,GE-Phase,preparation,80954,81451,497,403,0.242,-1262,-94
97800,98130,330,0,GE-Phrase,230,97846,98708,862,284,0.861,-46,-578
97800,98130,330,0,GE-Phase,preparation,97846,98286,440,284,0.861,-46,-156
98130,98848,718,0,GE-Phrase,230,97846,98708,862,578,0.805,284,140
98130,98848,718,0,GE-Phrase,231,98708,100412,1704,140,0.195,-578,-1564
98130,98848,718,0,GE-Phase,preparation,97846,98286,440,156,0.217,284,562
98130,98848,718,0,GE-Phase,stroke,98286,98526,240,240,0.334,-156,322
98130,98848,718,0,GE-Phase,retraction,98526,98708,182,182,0.253,-396,140
98130,98848,718,0,GE-Phase,stroke,98708,99217,509,140,0.195,-578,-369
98848,100935,2087,0,GE-Phrase,231,98708,100412,1704,1564,0.749,140,523
98848,100935,2087,0,GE-Phase,stroke,98708,99217,509,369,0.177,140,1718
98848,100935,2087,0,GE-Phase,retraction,99217,100412,1195,1195,0.573,-369,523
137060,138339,1279,0,GE-Phrase,235,136803,138001,1198,941,0.736,257,338
137060,138339,1279,0,GE-Phrase,236,138001,139371,1370,338,0.264,-941,-1032
137060,138339,1279,0,GE-Phase,stroke,136963,137483,520,423,0.331,97,856
137060,138339,1279,0,GE-Phase,hold,137483,138001,518,518,0.405,-423,338
137060,138339,1279,0,GE-Phase,preparation,138001,138475,474,338,0.264,-941,-136
138339,139647,1308,0,GE-Phrase,236,138001,139371,1370,1032,0.789,338,276
138339,139647,1308,0,GE-Phrase,237,139371,143181,3810,276,0.211,-1032,-3534
138339,139647,1308,0,GE-Phase,preparation,138001,138475,474,136,0.104,338,1172
138339,139647,1308,0,GE-Phase,stroke,138475,139096,621,621,0.475,-136,551
138339,139647,1308,0,GE-Phase,retraction,139096,139371,275,275,0.21,-757,276
138339,139647,1308,0,GE-Phase,preparation,139371,140340,969,276,0.211,-1032,-693
4370,5588,1218,0,GE-Phrase,201,2608,9088,6480,1218,1.0,1762,-3500
4370,5588,1218,0,GE-Phase,stroke,2772,9088,6316,1218,1.0,1598,-3500
5588,7444,1856,0,GE-Phrase,201,2608,9088,6480,1856,1.0,2980,-1644
5588,7444,1856,0,GE-Phase,stroke,2772,9088,6316,1856,1.0,2816,-1644
76336,77850,1514,0,GE-Phrase,226,76279,77639,1360,1303,0.861,57,211
76336,77850,1514,0,GE-Phrase,227,77639,79279,1640,211,0.139,-1303,-1429
76336,77850,1514,0,GE-Phase,preparation,76279,76512,233,176,0.116,57,1338
76336,77850,1514,0,GE-Phase,stroke,76512,76980,468,468,0.309,-176,870
76336,77850,1514,0,GE-Phase,hold,76980,77639,659,659,0.435,-644,211
76336,77850,1514,0,GE-Phase,preparation,77639,77999,360,211,0.139,-1303,-149
77850,79367,1517,0,GE-Phrase,227,77639,79279,1640,1429,0.942,211,88
77850,79367,1517,0,GE-Phrase,228,79279,80954,1675,88,0.058,-1429,-1587
77850,79367,1517,0,GE-Phase,preparation,77639,77999,360,149,0.098,211,1368
77850,79367,1517,0,GE-Phase,stroke,77999,78319,320,320,0.211,-149,1048
77850,79367,1517,0,GE-Phase,hold,78319,79039,720,720,0.475,-469,328
77850,79367,1517,0,GE-Phase,retraction,79039,79279,240,240,0.158,-1189,88
77850,79367,1517,0,GE-Phase,preparation,79279,79501,222,88,0.058,-1429,-134
79367,79692,325,0,GE-Phrase,228,79279,80954,1675,325,1.0,88,-1262
79367,79692,325,0,GE-Phase,preparation,79279,79501,222,134,0.412,88,191
79367,79692,325,0,GE-Phase,stroke,79501,79868,367,191,0.588,-134,-176
79692,81357,1665,0,GE-Phrase,228,79279,80954,1675,1262,0.758,413,403
79692,81357,1665,0,GE-Phrase,229,80954,82638,1684,403,0.242,-1262,-1281
79692,81357,1665,0,GE-Phase,stroke,79501,79868,367,176,0.106,191,1489
79692,81357,1665,0,GE-Phase,hold,79868,80508,640,640,0.384,-176,849
79692,81357,1665,0,GE-Phase,retraction,80508,80954,446,446,0.268,-816,403
79692,81357,1665,0,GE-Phase,preparation,80954,81451,497,403,0.242,-1262,-94
97800,98130,330,0,GE-Phrase,230,97846,98708,862,284,0.861,-46,-578
97800,98130,330,0,GE-Phase,preparation,97846,98286,440,284,0.861,-46,-156
98130,98848,718,0,GE-Phrase,230,97846,98708,862,578,0.805,284,140
98130,98848,718,0,GE-Phrase,231,98708,100412,1704,140,0.195,-578,-1564
98130,98848,718,0,GE-Phase,preparation,97846,98286,440,156,0.217,284,562
98130,98848,718,0,GE-Phase,stroke,98286,98526,240,240,0.334,-156,322
98130,98848,718,0,GE-Phase,retraction,98526,98708,182,182,0.253,-396,140
98130,98848,718,0,GE-Phase,stroke,98708,99217,509,140,0.195,-578,-369
98848,100935,2087,0,GE-Phrase,231,98708,100412,1704,1564,0.749,140,523
98848,100935,2087,0,GE-Phase,stroke,98708,99217,509,369,0.177,140,1718
98848,100935,2087,0,GE-Phase,retraction,99217,100412,1195,1195,0.573,-369,523
137060,138339,1279,0,GE-Phrase,235,136803,138001,1198,941,0.736,257,338
137060,138339,1279,0,GE-Phrase,236,138001,139371,1370,338,0.264,-941,-1032
137060,138339,1279,0,GE-Phase,stroke,136963,137483,520,423,0.331,97,856
137060,138339,1279,0,GE-Phase,hold,137483,138001,518,518,0.405,-423,338
137060,138339,1279,0,GE-Phase,preparation,138001,138475,474,338,0.264,-941,-136
138339,139647,1308,0,GE-Phrase,236,138001,139371,1370,1032,0.789,338,276
138339,139647,1308,0,GE-Phrase,237,139371,143181,3810,276,0.211,-1032,-3534
138339,139647,1308,0,GE-Phase,preparation,138001,138475,474,136,0.104,338,1172
138339,139647,1308,0,GE-Phase,stroke,138475,139096,621,621,0.475,-136,551
138339,139647,1308,0,GE-Phase,retraction,139096,139371,275,275,0.21,-757,276
138339,139647,1308,0,GE-Phase,preparation,139371,140340,969,276,0.211,-1032,-693
4370,5588,1218,0,GE-Phrase,201,2608,9088,6480,1218,1.0,1762,-3500
4370,5588,1218,0,GE-Phase,stroke,2772,9088,6316,1218,1.0,1598,-3500
5588,7444,1856,0,GE-Phrase,201,2608,9088,6480,1856,1.0,2980,-1644
5588,7444,1856,0,GE-Phase,stroke,2772,9088,6316,1856,1.0,2816,-1644
76336,77850,1514,0,GE-Phrase,226,76279,77639,1360,1303,0.861,57,211
76336,77850,1514,0,GE-Phrase,227,77639,79279,1640,211,0.139,-1303,-1429
76336,77850,1514,0,GE-Phase,preparation,76279,76512,233,176,0.116,57,1338
76336,77850,1514,0,GE-Phase,stroke,76512,76980,468,468,0.309,-176,870
76336,77850,1514,0,GE-Phase,hold,76980,77639,659,659,0.435,-644,211
76336,77850,1514,0,GE-Phase,preparation,77639,77999,360,211,0.139,-1303,-149
77850,79367,1517,0,GE-Phrase,227,77639,79279,1640,1429,0.942,211,88
77850,79367,1517,0,GE-Phrase,228,79279,80954,1675,88,0.058,-1429,-1587
77850,79367,1517,0,GE-Phase,preparation,77639,77999,360,149,0.098,211,1368
77850,79367,1517,0,GE-Phase,stroke,77999,78319,320,320,0.211,-149,1048
77850,79367,1517,0,GE-Phase,hold,78319,79039,720,720,0.475,-469,328
77850,79367,1517,0,GE-Phase,retraction,79039,79279,240,240,0.158,-1189,88
77850,79367,1517,0,GE-Phase,preparation,79279,79501,222,88,0.058,-1429,-134
79367,79692,325,0,GE-Phrase,228,79279,80954,1675,325,1.0,88,-1262
79367,79692,325,0,GE-Phase,preparation,79279,79501,222,134,0.412,88,191
79367,79692,325,0,GE-Phase,stroke,79501,79868,367,191,0.588,-134,-176
79692,81357,1665,0,GE-Phrase,228,79279,80954,1675,1262,0.758,413,403
79692,81357,1665,0,GE-Phrase,229,80954,82638,1684,403,0.242,-1262,-1281
79692,81357,1665,0,GE-Phase,stroke,79501,79868,367,176,0.106,191,1489
79692,81357,1665,0,GE-Phase,hold,79868,80508,640,640,0.384,-176,849
79692,81357,1665,0,GE-Phase,retraction,80508,80954,446,446,0.268,-816,403
79692,81357,1665,0,GE-Phase,preparation,80954,81451,497,403,0.242,-1262,-94
97800,98130,330,0,GE-Phrase,230,97846,98708,862,284,0.861,-46,-578
97800,98130,330,0,GE-Phase,preparation,97846,98286,440,284,0.861,-46,-156
98130,98848,718,0,GE-Phrase,230,97846,98708,862,578,0.805,284,140
98130,98848,718,0,GE-Phrase,231,98708,100412,1704,140,0.195,-578,-1564
98130,98848,718,0,GE-Phase,preparation,97846,98286,440,156,0.217,284,562
98130,98848,718,0,GE-Phase,stroke,98286,98526,240,240,0.334,-156,322
98130,98848,718,0,GE-Phase,retraction,98526,98708,182,182,0.253,-396,140
98130,98848,718,0,GE-Phase,stroke,98708,99217,509,140,0.195,-578,-369
98848,100935,2087,0,GE-Phrase,231,98708,100412,1704,1564,0.749,140,523
98848,100935,2087,0,GE-Phase,stroke,98708,99217,509,369,0.177,140,1718
98848,100935,2087,0,GE-Phase,retraction,99217,100412,1195,1195,0.573,-369,523
137060,138339,1279,0,GE-Phrase,235,136803,138001,1198,941,0.736,257,338
137060,138339,1279,0,GE-Phrase,236,138001,139371,1370,338,0.264,-941,-1032
137060,138339,1279,0,GE-Phase,stroke,136963,137483,520,423,0.331,97,856
137060,138339,1279,0,GE-Phase,hold,137483,138001,518,518,0.405,-423,338
137060,138339,1279,0,GE-Phase,preparation,138001,138475,474,338,0.264,-941,-136
138339,139647,1308,0,GE-Phrase,236,138001,139371,1370,1032,0.789,338,276
138339,139647,1308,0,GE-Phrase,237,139371,143181,3810,276,0.211,-1032,-3534
138339,139647,1308,0,GE-Phase,preparation,138001,138475,474,136,0.104,338,1172
138339,139647,1308,0,GE-Phase,stroke,138475,139096,621,621,0.475,-136,551
138339,139647,1308,0,GE-Phase,retraction,139096,139371,275,275,0.21,-757,276
138339,139647,1308,0,GE-Phase,preparation,139371,140340,969,276,0.211,-1032,-693
4370,5588,1218,0,GE-Phrase,201,2608,9088,6480,1218,1.0,1762,-3500
4370,5588,1218,0,GE-Phase,stroke,2772,9088,6316,1218,1.0,1598,-3500
5588,7444,1856,0,GE-Phrase,201,2608,9088,6480,1856,1.0,2980,-1644
5588,7444,1856,0,GE-Phase,stroke,2772,9088,6316,1856,1.0,2816,-1644
76336,77850,1514,0,GE-Phrase,226,76279,77639,1360,1303,0.861,57,211
76336,77850,1514,0,GE-Phrase,227,77639,79279,1640,211,0.139,-1303,-1429
76336,77850,1514,0,GE-Phase,preparation,76279,76512,233,176,0.116,57,1338
76336,77850,1514,0,GE-Phase,stroke,76512,76980,468,468,0.309,-176,870
76336,77850,1514,0,GE-Phase,hold,76980,77639,659,659,0.435,-644,211
76336,77850,1514,0,GE-Phase,preparation,77639,77999,360,211,0.139,-1303,-149
77850,79367,1517,0,GE-Phrase,227,77639,79279,1640,1429,0.942,211,88
77850,79367,1517,0,GE-Phrase,228,79279,80954,1675,88,0.058,-1429,-1587
77850,79367,1517,0,GE-Phase,preparation,77639,77999,360,149,0.098,211,1368
77850,79367,1517,0,GE-Phase,stroke,77999,78319,320,320,0.211,-149,1048
77850,79367,1517,0,GE-Phase,hold,78319,79039,720,720,0.475,-469,328
77850,79367,1517,0,GE-Phase,retraction,79039,79279,240,240,0.158,-1189,88
77850,79367,1517,0,GE-Phase,preparation,79279,79501,222,88,0.058,-1429,-134
79367,79692,325,0,GE-Phrase,228,79279,80954,1675,325,1.0,88,-1262
79367,79692,325,0,GE-Phase,preparation,79279,79501,222,134,0.412,88,191
79367,79692,325,0,GE-Phase,stroke,79501,79868,367,191,0.588,-134,-176
79692,81357,1665,0,GE-Phrase,228,79279,80954,1675,1262,0.758,413,403
79692,81357,1665,0,GE-Phrase,229,80954,82638,1684,403,0.242,-1262,-1281
79692,81357,1665,0,GE-Phase,stroke,79501,79868,367,176,0.106,191,1489
79692,81357,1665,0,GE-Phase,hold,79868,80508,640,640,0.384,-176,849
79692,81357,1665,0,GE-Phase,retraction,80508,80954,446,446,0.268,-816,403
79692,81357,1665,0,GE-Phase,preparation,80954,81451,497,403,0.242,-1262,-94
97800,98130,330,0,GE-Phrase,230,97846,98708,862,284,0.861,-46,-578
97800,98130,330,0,GE-Phase,preparation,97846,98286,440,284,0.861,-46,-156
98130,98848,718,0,GE-Phrase,230,97846,98708,862,578,0.805,284,140
98130,98848,718,0,GE-Phrase,231,98708,100412,1704,140,0.195,-578,-1564
98130,98848,718,0,GE-Phase,preparation,97846,98286,440,156,0.217,284,562
98130,98848,718,0,GE-Phase,stroke,98286,98526,240,240,0.334,-156,322
98130,98848,718,0,GE-Phase,retraction,98526,98708,182,182,0.253,-396,140
98130,98848,718,0,GE-Phase,stroke,98708,99217,509,140,0.195,-578,-369
98848,100935,2087,0,GE-Phrase,231,98708,100412,1704,1564,0.749,140,523
98848,100935,2087,0,GE-Phase,stroke,98708,99217,509,369,0.177,140,1718
98848,100935,2087,0,GE-Phase,retraction,99217,100412,1195,1195,0.573,-369,523
137060,138339,1279,0,GE-Phrase,235,136803,138001,1198,941,0.736,257,338
137060,138339,1279,0,GE-Phrase,236,138001,139371,1370,338,0.264,-941,-1032
137060,138339,1279,0,GE-Phase,stroke,136963,137483,520,423,0.331,97,856
137060,138339,1279,0,GE-Phase,hold,137483,138001,518,518,0.405,-423,338
137060,138339,1279,0,GE-Phase,preparation,138001,138475,474,338,0.264,-941,-136
138339,139647,1308,0,GE-Phrase,236,138001,139371,1370,1032,0.789,338,276
138339,139647,1308,0,GE-Phrase,237,139371,143181,3810,276,0.211,-1032,-3534
138339,139647,1308,0,GE-Phase,preparation,138001,138475,474,136,0.104,338,1172
138339,139647,1308,0,GE-Phase,stroke,138475,139096,621,621,0.475,-136,551
138339,139647,1308,0,GE-Phase,retraction,139096,139371,275,275,0.21,-757,276
138339,139647,1308,0,GE-Phase,preparation,139371,140340,969,276,0.211,-1032,-693
4370,5588,1218,0,GE-Phrase,201,2608,9088,6480,1218,1.0,1762,-3500
4370,5588,1218,0,GE-Phase,stroke,2772,9088,6316,1218,1.0,1598,-3500
5588,7444,1856,0,GE-Phrase,201,2608,9088,6480,1856,1.0,2980,-1644
5588,7444,1856,0,GE-Phase,stroke,2772,9088,6316,1856,1.0,2816,-1644
76336,77850,1514,0,GE-Phrase,226,76279,77639,1360,1303,0.861,57,211
76336,77850,1514,0,GE-Phrase,227,77639,79279,1640,211,0.139,-1303,-1429
76336,77850,1514,0,GE-Phase,preparation,76279,76512,233,176,0.116,57,1338
76336,77850,1514,0,GE-Phase,stroke,76512,76980,468,468,0.309,-176,870
76336,77850,1514,0,GE-Phase,hold,76980,77639,659,659,0.435,-644,211
76336,77850,1514,0,GE-Phase,preparation,77639,77999,360,211,0.139,-1303,-149
77850,79367,1517,0,GE-Phrase,227,77639,79279,1640,1429,0.942,211,88
77850,79367,1517,0,GE-Phrase,228,79279,80954,1675,88,0.058,-1429,-1587
77850,79367,1517,0,GE-Phase,preparation,77639,77999,360,149,0.098,211,1368
77850,79367,1517,0,GE-Phase,stroke,77999,78319,320,320,0.211,-149,1048
77850,79367,1517,0,GE-Phase,hold,78319,79039,720,720,0.475,-469,328
77850,79367,1517,0,GE-Phase,retraction,79039,79279,240,240,0.158,-1189,88
77850,79367,1517,0,GE-Phase,preparation,79279,79501,222,88,0.058,-1429,-134
79367,79692,325,0,GE-Phrase,228,79279,80954,1675,325,1.0,88,-1262
79367,79692,325,0,GE-Phase,preparation,79279,79501,222,134,0.412,88,191
79367,79692,325,0,GE-Phase,stroke,79501,79868,367,191,0.588,-134,-176
79692,81357,1665,0,GE-Phrase,228,79279,80954,1675,1262,0.758,413,403
79692,81357,1665,0,GE-Phrase,229,80954,82638,1684,403,0.242,-1262,-1281
79692,81357,1665,0,GE-Phase,stroke,79501,79868,367,176,0.106,191,1489
79692,81357,1665,0,GE-Phase,hold,79868,80508,640,640,0.384,-176,849
79692,81357,1665,0,GE-Phase,retraction,80508,80954,446,446,0.268,-816,403
79692,81357,1665,0,GE-Phase,preparation,80954,81451,497,403,0.242,-1262,-94
97800,98130,330,0,GE-Phrase,230,97846,98708,862,284,0.861,-46,-578
97800,98130,330,0,GE-Phase,preparation,97846,98286,440,284,0.861,-46,-156
98130,98848,718,0,GE-Phrase,230,97846,98708,862,578,0.805,284,140
98130,98848,718,0,GE-Phrase,231,98708,100412,1704,140,0.195,-578,-1564
98130,98848,718,0,GE-Phase,preparation,97846,98286,440,156,0.217,284,562
98130,98848,718,0,GE-Phase,stroke,98286,98526,240,240,0.334,-156,322
98130,98848,718,0,GE-Phase,retraction,98526,98708,182,182,0.253,-396,140
98130,98848,718,0,GE-Phase,stroke,98708,99217,509,140,0.195,-578,-369
98848,100935,2087,0,GE-Phrase,231,98708,100412,1704,1564,0.749,140,523
98848,100935,2087,0,GE-Phase,stroke,98708,99217,509,369,0.177,140,1718
98848,100935,2087,0,GE-Phase,retraction,99217,100412,1195,1195,0.573,-369,523
137060,138339,1279,0,GE-Phrase,235,136803,138001,1198,941,0.736,257,338
137060,138339,1279,0,GE-Phrase,236,138001,139371,1370,338,0.264,-941,-1032
137060,138339,1279,0,GE-Phase,stroke,136963,137483,520,423,0.331,97,856
137060,138339,1279,0,GE-Phase,hold,137483,138001,518,518,0.405,-423,338
137060,138339,1279,0,GE-Phase,preparation,138001,138475,474,338,0.264,-941,-136
138339,139647,1308,0,GE-Phrase,236,138001,139371,1370,1032,0.789,338,276
138339,139647,1308,0,GE-Phrase,237,139371,143181,3810,276,0.211,-1032,-3534
138339,139647,1308,0,GE-Phase,preparation,138001,138475,474,136,0.104,338,1172
138339,139647,1308,0,GE-Phase,stroke,138475,139096,621,621,0.475,-136,551
138339,139647,1308,0,GE-Phase,retraction,139096,139371,275,275,0.21,-757,276
138339,139647,1308,0,GE-Phase,preparation,139371,140340,969,276,0.211,-1032,-693
4370,5588,1218,0,GE-Phrase,201,2608,9088,6480,1218,1.0,1762,-3500
4370,5588,1218,0,GE-Phase,stroke,2772,9088,6316,1218,1.0,1598,-3500
5588,7444,1856,0,GE-Phrase,201,2608,9088,6480,1856,1.0,2980,-1644
5588,7444,1856,0,GE-Phase,stroke,2772,9088,6316,1856,1.0,2816,-1644
76336,77850,1514,0,GE-Phrase,226,76279,77639,1360,1303,0.861,57,211
76336,77850,1514,0,GE-Phrase,227,77639,79279,1640,211,0.139,-1303,-1429
76336,77850,1514,0,GE-Phase,preparation,76279,76512,233,176,0.116,57,1338
76336,77850,1514,0,GE-Phase,stroke,76512,76980,468,468,0.309,-176,870
76336,77850,1514,0,GE-Phase,hold,76980,77639,659,659,0.435,-644,211
76336,77850,1514,0,GE-Phase,preparation,77639,77999,360,211,0.139,-1303,-149
77850,79367,1517,0,GE-Phrase,227,77639,79279,1640,1429,0.942,211,88
77850,79367,1517,0,GE-Phrase,228,79279,80954,1675,88,0.058,-1429,-1587
77850,79367,1517,0,GE-Phase,preparation,77639,77999,360,149,0.098,211,1368
77850,79367,1517,0,GE-Phase,stroke,77999,78319,320,320,0.211,-149,1048
77850,79367,1517,0,GE-Phase,hold,78319,79039,720,720,0.475,-469,328
77850,79367,1517,0,GE-Phase,retraction,79039,79279,240,240,0.158,-1189,88
77850,79367,1517,0,GE-Phase,preparation,79279,79501,222,88,0.058,-1429,-134
79367,79692,325,0,GE-Phrase,228,79279,80954,1675,325,1.0,88,-1262
79367,79692,325,0,GE-Phase,preparation,79279,79501,222,134,0.412,88,191
79367,79692,325,0,GE-Phase,stroke,79501,79868,367,191,0.588,-134,-176
79692,81357,1665,0,GE-Phrase,228,79279,80954,1675,1262,0.758,413,403
79692,81357,1665,0,GE-Phrase,229,80954,82638,1684,403,0.242,-1262,-1281
79692,81357,1665,0,GE-Phase,stroke,79501,79868,367,176,0.106,191,1489
79692,81357,1665,0,GE-Phase,hold,79868,80508,640,640,0.384,-176,849
79692,81357,1665,0,GE-Phase,retraction,80508,80954,446,446,0.268,-816,403
79692,81357,1665,0,GE-Phase,preparation,80954,81451,497,403,0.242,-1262,-94
97800,98130,330,0,GE-Phrase,230,97846,98708,862,284,0.861,-46,-578
97800,98130,330,0,GE-Phase,preparation,97846,98286,440,284,0.861,-46,-156
98130,98848,718,0,GE-Phrase,230,97846,98708,862,578,0.805,284,140
98130,98848,718,0,GE-Phrase,231,98708,100412,1704,140,0.195,-578,-1564
98130,98848,718,0,GE-Phase,preparation,97846,98286,440,156,0.217,284,562
98130,98848,718,0,GE-Phase,stroke,98286,98526,240,240,0.334,-156,322
98130,98848,718,0,GE-Phase,retraction,98526,98708,182,182,0.253,-396,140
98130,98848,718,0,GE-Phase,stroke,98708,99217,509,140,0.195,-578,-369
98848,100935,2087,0,GE-Phrase,231,98708,100412,1704,1564,0.749,140,523
98848,100935,2087,0,GE-Phase,stroke,98708,99217,509,369,0.177,140,1718
98848,100935,2087,0,GE-Phase,retraction,99217,100412,1195,1195,0.573,-369,523
137060,138339,1279,0,GE-Phrase,235,136803,138001,1198,941,0.736,257,338
137060,138339,1279,0,GE-Phrase,236,138001,139371,1370,338,0.264,-941,-1032
137060,138339,1279,0,GE-Phase,stroke,136963,137483,520,423,0.331,97,856
137060,138339,1279,0,GE-Phase,hold,137483,138001,518,518,0.405,-423,338
137060,138339,1279,0,GE-Phase,preparation,138001,138475,474,338,0.264,-941,-136
138339,139647,1308,0,GE-Phrase,236,138001,139371,1370,1032,0.789,338,276
138339,139647,1308,0,GE-Phrase,237,139371,143181,3810,276,0.211,-1032,-3534
138339,139647,1308,0,GE-Phase,preparation,138001,138475,474,136,0.104,338,1172
138339,139647,1308,0,GE-Phase,stroke,138475,139096,621,621,0.475,-136,551
138339,139647,1308,0,GE-Phase,retraction,139096,139371,275,275,0.21,-757,276
138339,139647,1308,0,GE-Phase,preparation,139371,140340,969,276,0.211,-1032,-693
4370,5588,1218,0,GE-Phrase,201,2608,9088,6480,1218,1.0,1762,-3500
4370,5588,1218,0,GE-Phase,stroke,2772,9088,6316,1218,1.0,1598,-3500
5588,7444,1856,0,GE-Phrase,201,2608,9088,6480,1856,1.0,2980,-1644
5588,7444,1856,0,GE-Phase,stroke,2772,9088,6316,1856,1.0,2816,-1644
76336,77850,1514,0,GE-Phrase,226,76279,77639,1360,1303,0.861,57,211
76336,77850,1514,0,GE-Phrase,227,77639,79279,1640,211,0.139,-1303,-1429
76336,77850,1514,0,GE-Phase,preparation,76279,76512,233,176,0.116,57,1338
76336,77850,1514,0,GE-Phase,stroke,76512,76980,468,468,0.309,-176,870
76336,77850,1514,0,GE-Phase,hold,76980,77639,659,659,0.435,-644,211
76336,77850,1514,0,GE-Phase,preparation,77639,77999,360,211,0.139,-1303,-149
77850,79367,1517,0,GE-Phrase,227,77639,79279,1640,1429,0.942,211,88
77850,79367,1517,0,GE-Phrase,228,79279,80954,1675,88,0.058,-1429,-1587
77850,79367,1517,0,GE-Phase,preparation,77639,77999,360,149,0.098,211,1368
77850,79367,1517,0,GE-Phase,stroke,77999,78319,320,320,0.211,-149,1048
77850,79367,1517,0,GE-Phase,hold,78319,79039,720,720,0.475,-469,328
77850,79367,1517,0,GE-Phase,retraction,79039,79279,240,240,0.158,-1189,88
77850,79367,1517,0,GE-Phase,preparation,79279,79501,222,88,0.058,-1429,-134
79367,79692,325,0,GE-Phrase,228,79279,80954,1675,325,1.0,88,-1262
79367,79692,325,0,GE-Phase,preparation,79279,79501,222,134,0.412,88,191
79367,79692,325,0,GE-Phase,stroke,79501,79868,367,191,0.588,-134,-176
79692,81357,1665,0,GE-Phrase,228,79279,80954,1675,1262,0.758,413,403
79692,81357,1665,0,GE-Phrase,229,80954,82638,1684,403,0.242,-1262,-1281
79692,81357,1665,0,GE-Phase,stroke,79501,79868,367,176,0.106,191,1489
79692,81357,1665,0,GE-Phase,hold,79868,80508,640,640,0.384,-176,849
79692,81357,1665,0,GE-Phase,retraction,80508,80954,446,446,0.268,-816,403
79692,81357,1665,0,GE-Phase,preparation,80954,81451,497,403,0.242,-1262,-94
97800,98130,330,0,GE-Phrase,230,97846,98708,862,284,0.861,-46,-578
97800,98130,330,0,GE-Phase,preparation,97846,98286,440,284,0.861,-46,-156
98130,98848,718,0,GE-Phrase,230,97846,98708,862,578,0.805,284,140
98130,98848,718,0,GE-Phrase,231,98708,100412,1704,140,0.195,-578,-1564
98130,98848,718,0,GE-Phase,preparation,97846,98286,440,156,0.217,284,562
98130,98848,718,0,GE-Phase,stroke,98286,98526,240,240,0.334,-156,322
98130,98848,718,0,GE-Phase,retraction,98526,98708,182,182,0.253,-396,140
98130,98848,718,0,GE-Phase,stroke,98708,99217,509,140,0.195,-578,-369
98848,100935,2087,0,GE-Phrase,231,98708,100412,1704,1564,0.749,140,523
98848,100935,2087,0,GE-Phase,stroke,98708,99217,509,369,0.177,140,1718
98848,100935,2087,0,GE-Phase,retraction,99217,100412,1195,1195,0.573,-369,523
137060,138339,1279,0,GE-Phrase,235,136803,138001,1198,941,0.736,257,338
137060,138339,1279,0,GE-Phrase,236,138001,139371,1370,338,0.264,-941,-1032
137060,138339,1279,0,GE-Phase,stroke,136963,137483,520,423,0.331,97,856
137060,138339,1279,0,GE-Phase,hold,137483,138001,518,518,0.405,-423,338
137060,138339,1279,0,GE-Phase,preparation,138001,138475,474,338,0.264,-941,-136
138339,139647,1308,0,GE-Phrase,236,138001,139371,1370,1032,0.789,338,276
138339,139647,1308,0,GE-Phrase,237,139371,143181,3810,276,0.211,-1032,-3534
138339,139647,1308,0,GE-Phase,preparation,138001,138475,474,136,0.104,338,1172
138339,139647,1308,0,GE-Phase,stroke,138475,139096,621,621,0.475,-136,551
138339,139647,1308,0,GE-Phase,retraction,139096,139371,275,275,0.21,-757,276
138339,139647,1308,0,GE-Phase,preparation,139371,140340,969,276,0.211,-1032,-693
4370,5588,1218,0,GE-Phrase,201,2608,9088,6480,1218,1.0,1762,-3500
4370,5588,1218,0,GE-Phase,stroke,2772,9088,6316,1218,1.0,1598,-3500
5588,7444,1856,0,GE-Phrase,201,2608,9088,6480,1856,1.0,2980,-1644
5588,7444,1856,0,GE-Phase,stroke,2772,9088,6316,1856,1.0,2816,-1644
76336,77850,1514,0,GE-Phrase,226,76279,77639,1360,1303,0.861,57,211
76336,77850,1514,0,GE-Phrase,227,77639,79279,1640,211,0.139,-1303,-1429
76336,77850,1514,0,GE-Phase,preparation,76279,76512,233,176,0.116,57,1338
76336,77850,1514,0,GE-Phase,stroke,76512,76980,468,468,0.309,-176,870
76336,77850,1514,0,GE-Phase,hold,76980,77639,659,659,0.435,-644,211
76336,77850,1514,0,GE-Phase,preparation,77639,77999,360,211,0.139,-1303,-149
77850,79367,1517,0,GE-Phrase,227,77639,79279,1640,1429,0.942,211,88
77850,79367,1517,0,GE-Phrase,228,79279,80954,1675,88,0.058,-1429,-1587
77850,79367,1517,0,GE-Phase,preparation,77639,77999,360,149,0.098,211,1368
77850,79367,1517,0,GE-Phase,stroke,77999,78319,320,320,0.211,-149,1048
77850,79367,1517,0,GE-Phase,hold,78319,79039,720,720,0.475,-469,328
77850,79367,1517,0,GE-Phase,retraction,79039,79279,240,240,0.158,-1189,88
77850,79367,1517,0,GE-Phase,preparation,79279,79501,222,88,0.058,-1429,-134
79367,79692,325,0,GE-Phrase,228,79279,80954,1675,325,1.0,88,-1262
79367,79692,325,0,GE-Phase,preparation,79279,79501,222,134,0.412,88,191
79367,79692,325,0,GE-Phase,stroke,79501,79868,367,191,0.588,-134,-176
79692,81357,1665,0,GE-Phrase,228,79279,80954,1675,1262,0.758,413,403
79692,81357,1665,0,GE-Phrase,229,80954,82638,1684,403,0.242,-1262,-1281
79692,81357,1665,0,GE-Phase,stroke,79501,79868,367,176,0.106,191,1489
79692,81357,1665,0,GE-Phase,hold,79868,80508,640,640,0.384,-176,849
79692,81357,1665,0,GE-Phase,retraction,80508,80954,446,446,0.268,-816,403
79692,81357,1665,0,GE-Phase,preparation,80954,81451,497,403,0.242,-1262,-94
97800,98130,330,0,GE-Phrase,230,97846,98708,862,284,0.861,-46,-578
97800,98130,330,0,GE-Phase,preparation,97846,98286,440,284,0.861,-46,-156
98130,98848,718,0,GE-Phrase,230,97846,98708,862,578,0.805,284,140
98130,98848,718,0,GE-Phrase,231,98708,100412,1704,140,0.195,-578,-1564
98130,98848,718,0,GE-Phase,preparation,97846,98286,440,156,0.217,284,562
98130,98848,718,0,GE-Phase,stroke,98286,98526,240,240,0.334,-156,322
98130,98848,718,0,GE-Phase,retraction,98526,98708,182,182,0.253,-396,140
98130,98848,718,0,GE-Phase,stroke,98708,99217,509,140,0.195,-578,-369
98848,100935,2087,0,GE-Phrase,231,98708,100412,1704,1564,0.749,140,523
98848,100935,2087,0,GE-Phase,stroke,98708,99217,509,369,0.177,140,1718
98848,100935,2087,0,GE-Phase,retraction,99217,100412,1195,1195,0.573,-369,523
137060,138339,1279,0,GE-Phrase,235,136803,138001,1198,941,0.736,257,338
137060,138339,1279,0,GE-Phrase,236,138001,139371,1370,338,0.264,-941,-1032
137060,138339,1279,0,GE-Phase,stroke,136963,137483,520,423,0.331,97,856
137060,138339,1279,0,GE-Phase,hold,137483,138001,518,518,0.405,-423,338
137060,138339,1279,0,GE-Phase,preparation,138001,138475,474,338,0.264,-941,-136
138339,139647,1308,0,GE-Phrase,236,138001,139371,1370,1032,0.789,338,276
138339,139647,1308,0,GE-Phrase,237,139371,143181,3810,276,0.211,-1032,-3534
138339,139647,1308,0,GE-Phase,preparation,138001,138475,474,136,0.104,338,1172
138339,139647,1308,0,GE-Phase,stroke,138475,139096,621,621,0.475,-136,551
138339,139647,1308,0,GE-Phase,retraction,139096,139371,275,275,0.21,-757,276
138339,139647,1308,0,GE-Phase,preparation,139371,140340,969,276,0.211,-1032,-693
4370,5588,1218,0,GE-Phrase,201,2608,9088,6480,1218,1.0,1762,-3500
4370,5588,1218,0,GE-Phase,stroke,2772,9088,6316,1218,1.0,1598,-3500
5588,7444,1856,0,GE-Phrase,201,2608,9088,6480,1856,1.0,2980,-1644
5588,7444,1856,0,GE-Phase,stroke,2772,9088,6316,1856,1.0,2816,-1644
76336,77850,1514,0,GE-Phrase,226,76279,77639,1360,1303,0.861,57,211
76336,77850,1514,0,GE-Phrase,227,77639,79279,1640,211,0.139,-1303,-1429
76336,77850,1514,0,GE-Phase,preparation,76279,76512,233,176,0.116,57,1338
76336,77850,1514,0,GE-Phase,stroke,76512,76980,468,468,0.309,-176,870
76336,77850,1514,0,GE-Phase,hold,76980,77639,659,659,0.435,-644,211
76336,77850,1514,0,GE-Phase,preparation,77639,77999,360,211,0.139,-1303,-149
77850,79367,1517,0,GE-Phrase,227,77639,79279,1640,1429,0.942,211,88
77850,79367,1517,0,GE-Phrase,228,79279,80954,1675,88,0.058,-1429,-1587
77850,79367,1517,0,GE-Phase,preparation,77639,77999,360,149,0.098,211,1368
77850,79367,1517,0,GE-Phase,stroke,77999,78319,320,320,0.211,-149,1048
77850,79367,1517,0,GE-Phase,hold,78319,79039,720,720,0.475,-469,328
77850,79367,1517,0,GE-Phase,retraction,79039,79279,240,240,0.158,-1189,88
77850,79367,1517,0,GE-Phase,preparation,79279,79501,222,88,0.058,-1429,-134
79367,79692,325,0,GE-Phrase,228,79279,80954,1675,325,1.0,88,-1262
79367,79692,325,0,GE-Phase,preparation,79279,79501,222,134,0.412,88,191
79367,79692,325,0,GE-Phase,stroke,79501,79868,367,191,0.588,-134,-176
79692,81357,1665,0,GE-Phrase,228,79279,80954,1675,1262,0.758,413,403
79692,81357,1665,0,GE-Phrase,229,80954,82638,1684,403,0.242,-1262,-1281
79692,81357,1665,0,GE-Phase,stroke,79501,79868,367,176,0.106,191,1489
79692,81357,1665,0,GE-Phase,hold,79868,80508,640,640,0.384,-176,849
79692,81357,1665,0,GE-Phase,retraction,80508,80954,446,446,0.268,-816,403
79692,81357,1665,0,GE-Phase,preparation,80954,81451,497,403,0.242,-1262,-94
97800,98130,330,0,GE-Phrase,230,97846,98708,862,284,0.861,-46,-578
97800,98130,330,0,GE-Phase,preparation,97846,98286,440,284,0.861,-46,-156
98130,98848,718,0,GE-Phrase,230,97846,98708,862,578,0.805,284,140
98130,98848,718,0,GE-Phrase,231,98708,100412,1704,140,0.195,-578,-1564
98130,98848,718,0,GE-Phase,preparation,97846,98286,440,156,0.217,284,562
98130,98848,718,0,GE-Phase,stroke,98286,98526,240,240,0.334,-156,322
98130,98848,718,0,GE-Phase,retraction,98526,98708,182,182,0.253,-396,140
98130,98848,718,0,GE-Phase,stroke,98708,99217,509,140,0.195,-578,-369
98848,100935,2087,0,GE-Phrase,231,98708,100412,1704,1564,0.749,140,523
98848,100935,2087,0,GE-Phase,stroke,98708,99217,509,369,0.177,140,1718
98848,100935,2087,0,GE-Phase,retraction,99217,100412,1195,1195,0.573,-369,523
137060,138339,1279,0,GE-Phrase,235,136803,138001,1198,941,0.736,257,338
137060,138339,1279,0,GE-Phrase,236,138001,139371,1370,338,0.264,-941,-1032
137060,138339,1279,0,GE-Phase,stroke,136963,137483,520,423,0.331,97,856
137060,138339,1279,0,GE-Phase,hold,137483,138001,518,518,0.405,-423,338
137060,138339,1279,0,GE-Phase,preparation,138001,138475,474,338,0.264,-941,-136
138339,139647,1308,0,GE-Phrase,236,138001,139371,1370,1032,0.789,338,276
138339,139647,1308,0,GE-Phrase,237,139371,143181,3810,276,0.211,-1032,-3534
138339,139647,1308,0,GE-Phase,preparation,138001,138475,474,136,0.104,338,1172
138339,139647,1308,0,GE-Phase,stroke,138475,139096,621,621,0.475,-136,551
138339,139647,1308,0,GE-Phase,retraction,139096,139371,275,275,0.21,-757,276
138339,139647,1308,0,GE-Phase,preparation,139371,140340,969,276,0.211,-1032,-693
4370,5588,1218,0,GE-Phrase,201,2608,9088,6480,1218,1.0,1762,-3500
4370,5588,1218,0,GE-Phase,stroke,2772,9088,6316,1218,1.0,1598,-3500
5588,7444,1856,0,GE-Phrase,201,2608,9088,6480,1856,1.0,2980,-1644
5588,7444,1856,0,GE-Phase,stroke,2772,9088,6316,1856,1.0,2816,-1644
76336,77850,1514,0,GE-Phrase,226,76279,77639,1360,1303,0.861,57,211
76336,77850,1514,0,GE-Phrase,227,77639,79279,1640,211,0.139,-1303,-1429
76336,77850,1514,0,GE-Phase,preparation,76279,76512,233,176,0.116,57,1338
76336,77850,1514,0,GE-Phase,stroke,76512,76980,468,468,0.309,-176,870
76336,77850,1514,0,GE-Phase,hold,76980,77639,659,659,0.435,-644,211
76336,77850,1514,0,GE-Phase,preparation,77639,77999,360,211,0.139,-1303,-149
77850,79367,1517,0,GE-Phrase,227,77639,79279,1640,1429,0.942,211,88
77850,79367,1517,0,GE-Phrase,228,79279,80954,1675,88,0.058,-1429,-1587
77850,79367,1517,0,GE-Phase,preparation,77639,77999,360,149,0.098,211,1368
77850,79367,1517,0,GE-Phase,stroke,77999,78319,320,320,0.211,-149,1048
77850,79367,1517,0,GE-Phase,hold,78319,79039,720,720,0.475,-469,328
77850,79367,1517,0,GE-Phase,retraction,79039,79279,240,240,0.158,-1189,88
77850,79367,1517,0,GE-Phase,preparation,79279,79501,222,88,0.058,-1429,-134
79367,79692,325,0,GE-Phrase,228,79279,80954,1675,325,1.0,88,-1262
79367,79692,325,0,GE-Phase,preparation,79279,79501,222,134,0.412,88,191
79367,79692,325,0,GE-Phase,stroke,79501,79868,367,191,0.588,-134,-176
79692,81357,1665,0,GE-Phrase,228,79279,80954,1675,1262,0.758,413,403
79692,81357,1665,0,GE-Phrase,229,80954,82638,1684,403,0.242,-1262,-1281
79692,81357,1665,0,GE-Phase,stroke,79501,79868,367,176,0.106,191,1489
79692,81357,1665,0,GE-Phase,hold,79868,80508,640,640,0.384,-176,849
79692,81357,1665,0,GE-Phase,retraction,80508,80954,446,446,0.268,-816,403
79692,81357,1665,0,GE-Phase,preparation,80954,81451,497,403,0.242,-1262,-94
97800,98130,330,0,GE-Phrase,230,97846,98708,862,284,0.861,-46,-578
97800,98130,330,0,GE-Phase,preparation,97846,98286,440,284,0.861,-46,-156
98130,98848,718,0,GE-Phrase,230,97846,98708,862,578,0.805,284,140
98130,98848,718,0,GE-Phrase,231,98708,100412,1704,140,0.195,-578,-1564
98130,98848,718,0,GE-Phase,preparation,97846,98286,440,156,0.217,284,562
98130,98848,718,0,GE-Phase,stroke,98286,98526,240,240,0.334,-156,322
98130,98848,718,0,GE-Phase,retraction,98526,98708,182,182,0.253,-396,140
98130,98848,718,0,GE-Phase,stroke,98708,99217,509,140,0.195,-578,-369
98848,100935,2087,0,GE-Phrase,231,98708,100412,1704,1564,0.749,140,523
98848,100935,2087,0,GE-Phase,stroke,98708,99217,509,369,0.177,140,1718
98848,100935,2087,0,GE-Phase,retraction,99217,100412,1195,1195,0.573,-369,523
137060,138339,1279,0,GE-Phrase,235,136803,138001,1198,941,0.736,257,338
137060,138339,1279,0,GE-Phrase,236,138001,139371,1370,338,0.264,-941,-1032
137060,138339,1279,0,GE-Phase,stroke,136963,137483,520,423,0.331,97,856
137060,138339,1279,0,GE-Phase,hold,137483,138001,518,518,0.405,-423,338
137060,138339,1279,0,GE-Phase,preparation,138001,138475,474,338,0.264,-941,-136
138339,139647,1308,0,GE-Phrase,236,138001,139371,1370,1032,0.789,338,276
138339,139647,1308,0,GE-Phrase,237,139371,143181,3810,276,0.211,-1032,-3534
138339,139647,1308,0,GE-Phase,preparation,138001,138475,474,136,0.104,338,1172
138339,139647,1308,0,GE-Phase,stroke,138475,139096,621,621,0.475,-136,551
138339,139647,1308,0,GE-Phase,retraction,139096,139371,275,275,0.21,-757,276
138339,139647,1308,0,GE-Phase,preparation,139371,140340,969,276,0.211,-1032,-693
4370,5588,1218,0,GE-Phrase,201,2608,9088,6480,1218,1.0,1762,-3500
4370,5588,1218,0,GE-Phase,stroke,2772,9088,6316,1218,1.0,1598,-3500
5588,7444,1856,0,GE-Phrase,201,2608,9088,6480,1856,1.0,2980,-1644
5588,7444,1856,0,GE-Phase,stroke,2772,9088,6316,1856,1.0,2816,-1644
76336,77850,1514,0,GE-Phrase,226,76279,77639,1360,1303,0.861,57,211
76336,77850,1514,0,GE-Phrase,227,77639,79279,1640,211,0.139,-1303,-1429
76336,77850,1514,0,GE-Phase,preparation,76279,76512,233,176,0.116,57,1338
76336,77850,1514,0,GE-Phase,stroke,76512,76980,468,468,0.309,-176,870
76336,77850,1514,0,GE-Phase,hold,76980,77639,659,659,0.435,-644,211
76336,77850,1514,0,GE-Phase,preparation,77639,77999,360,211,0.139,-1303,-149
77850,79367,1517,0,GE-Phrase,227,77639,79279,1640,1429,0.942,211,88
77850,79367,1517,0,GE-Phrase,228,79279,80954,1675,88,0.058,-1429,-1587
77850,79367,1517,0,GE-Phase,preparation,77639,77999,360,149,0.098,211,1368
77850,79367,1517,0,GE-Phase,stroke,77999,78319,320,320,0.211,-149,1048
77850,79367,1517,0,GE-Phase,hold,78319,79039,720,720,0.475,-469,328
77850,79367,1517,0,GE-Phase,retraction,79039,79279,240,240,0.158,-1189,88
77850,79367,1517,0,GE-Phase,preparation,79279,79501,222,88,0.058,-1429,-134
79367,79692,325,0,GE-Phrase,228,79279,80954,1675,325,1.0,88,-1262
79367,79692,325,0,GE-Phase,preparation,79279,79501,222,134,0.412,88,191
79367,79692,325,0,GE-Phase,stroke,79501,79868,367,191,0.588,-134,-176
79692,81357,1665,0,GE-Phrase,228,79279,80954,1675,1262,0.758,413,403
79692,81357,1665,0,GE-Phrase,229,80954,82638,1684,403,0.242,-1262,-1281
79692,81357,1665,0,GE-Phase,stroke,79501,79868,367,176,0.106,191,1489
79692,81357,1665,0,GE-Phase,hold,79868,80508,640,640,0.384,-176,849
79692,81357,1665,0,GE-Phase,retraction,80508,80954,446,446,0.268,-816,403
79692,81357,1665,0,GE-Phase,preparation,80954,81451,497,403,0.242,-1262,-94
97800,98130,330,0,GE-Phrase,230,97846,98708,862,284,0.861,-46,-578
97800,98130,330,0,GE-Phase,preparation,97846,98286,440,284,0.861,-46,-156
98130,98848,718,0,GE-Phrase,230,97846,98708,862,578,0.805,284,140
98130,98848,718,0,GE-Phrase,231,98708,100412,1704,140,0.195,-578,-1564
98130,98848,718,0,GE-Phase,preparation,97846,98286,440,156,0.217,284,562
98130,98848,718,0,GE-Phase,stroke,98286,98526,240,240,0.334,-156,322
98130,98848,718,0,GE-Phase,retraction,98526,98708,182,182,0.253,-396,140
98130,98848,718,0,GE-Phase,stroke,98708,99217,509,140,0.195,-578,-369
98848,100935,2087,0,GE-Phrase,231,98708,100412,1704,1564,0.749,140,523
98848,100935,2087,0,GE-Phase,stroke,98708,99217,509,369,0.177,140,1718
98848,100935,2087,0,GE-Phase,retraction,99217,100412,1195,1195,0.573,-369,523
137060,138339,1279,0,GE-Phrase,235,136803,138001,1198,941,0.736,257,338
137060,138339,1279,0,GE-Phrase,236,138001,139371,1370,338,0.264,-941,-1032
137060,138339,1279,0,GE-Phase,stroke,136963,137483,520,423,0.331,97,856
137060,138339,1279,0,GE-Phase,hold,137483,138001,518,518,0.405,-423,338
137060,138339,1279,0,GE-Phase,preparation,138001,138475,474,338,0.264,-941,-136
138339,139647,1308,0,GE-Phrase,236,138001,139371,1370,1032,0.789,338,276
138339,139647,1308,0,GE-Phrase,237,139371,143181,3810,276,0.211,-1032,-3534
138339,139647,1308,0,GE-Phase,preparation,138001,138475,474,136,0.104,338,1172
138339,139647,1308,0,GE-Phase,stroke,138475,139096,621,621,0.475,-136,551
138339,139647,1308,0,GE-Phase,retraction,139096,139371,275,275,0.21,-757,276
138339,139647,1308,0,GE-Phase,preparation,139371,140340,969,276,0.211,-1032,-693
4370,5588,1218,0,GE-Phrase,201,2608,9088,6480,1218,1.0,1762,-3500
4370,5588,1218,0,GE-Phase,stroke,2772,9088,6316,1218,1.0,1598,-3500
5588,7444,1856,0,GE-Phrase,201,2608,9088,6480,1856,1.0,2980,-1644
5588,7444,1856,0,GE-Phase,stroke,2772,9088,6316,1856,1.0,2816,-1644
76336,77850,1514,0,GE-Phrase,226,76279,77639,1360,1303,0.861,57,211
76336,77850,1514,0,GE-Phrase,227,77639,79279,1640,211,0.139,-1303,-1429
76336,77850,1514,0,GE-Phase,preparation,76279,76512,233,176,0.116,57,1338
76336,77850,1514,0,GE-Phase,stroke,76512,76980,468,468,0.309,-176,870
76336,77850,1514,0,GE-Phase,hold,76980,77639,659,659,0.435,-644,211
76336,77850,1514,0,GE-Phase,preparation,77639,77999,360,211,0.139,-1303,-149
77850,79367,1517,0,GE-Phrase,227,77639,79279,1640,1429,0.942,211,88
77850,79367,1517,0,GE-Phrase,228,79279,80954,1675,88,0.058,-1429,-1587
77850,79367,1517,0,GE-Phase,preparation,77639,77999,360,149,0.098,211,1368
77850,79367,1517,0,GE-Phase,stroke,77999,78319,320,320,0.211,-149,1048
77850,79367,1517,0,GE-Phase,hold,78319,79039,720,720,0.475,-469,328
77850,79367,1517,0,GE-Phase,retraction,79039,79279,240,240,0.158,-1189,88
77850,79367,1517,0,GE-Phase,preparation,79279,79501,222,88,0.058,-1429,-134
79367,79692,325,0,GE-Phrase,228,79279,80954,1675,325,1.0,88,-1262
79367,79692,325,0,GE-Phase,preparation,79279,79501,222,134,0.412,88,191
79367,79692,325,0,GE-Phase,stroke,79501,79868,367,191,0.588,-134,-176
79692,81357,1665,0,GE-Phrase,228,79279,80954,1675,1262,0.758,413,403
79692,81357,1665,0,GE-Phrase,229,80954,82638,1684,403,0.242,-1262,-1281
79692,81357,1665,0,GE-Phase,stroke,79501,79868,367,176,0.106,191,1489
79692,81357,1665,0,GE-Phase,hold,79868,80508,640,640,0.384,-176,849
79692,81357,1665,0,GE-Phase,retraction,80508,80954,446,446,0.268,-816,403
79692,81357,1665,0,GE-Phase,preparation,80954,81451,497,403,0.242,-1262,-94
97800,98130,330,0,GE-Phrase,230,97846,98708,862,284,0.861,-46,-578
97800,98130,330,0,GE-Phase,preparation,97846,98286,440,284,0.861,-46,-156
98130,98848,718,0,GE-Phrase,230,97846,98708,862,578,0.805,284,140
98130,98848,718,0,GE-Phrase,231,98708,100412,1704,140,0.195,-578,-1564
98130,98848,718,0,GE-Phase,preparation,97846,98286,440,156,0.217,284,562
98130,98848,718,0,GE-Phase,stroke,98286,98526,240,240,0.334,-156,322
98130,98848,718,0,GE-Phase,retraction,98526,98708,182,182,0.253,-396,140
98130,98848,718,0,GE-Phase,stroke,98708,99217,509,140,0.195,-578,-369
98848,100935,2087,0,GE-Phrase,231,98708,100412,1704,1564,0.749,140,523
98848,100935,2087,0,GE-Phase,stroke,98708,99217,509,369,0.177,140,1718
98848,100935,2087,0,GE-Phase,retraction,99217,100412,1195,1195,0.573,-369,523
137060,138339,1279,0,GE-Phrase,235,136803,138001,1198,941,0.736,257,338
137060,138339,1279,0,GE-Phrase,236,138001,139371,1370,338,0.264,-941,-1032
137060,138339,1279,0,GE-Phase,stroke,136963,137483,520,423,0.331,97,856
137060,138339,1279,0,GE-Phase,hold,137483,138001,518,518,0.405,-423,338
137060,138339,1279,0,GE-Phase,preparation,138001,138475,474,338,0.264,-941,-136
138339,139647,1308,0,GE-Phrase,236,138001,139371,1370,1032,0.789,338,276
138339,139647,1308,0,GE-Phrase,237,139371,143181,3810,276,0.211,-1032,-3534
138339,139647,1308,0,GE-Phase,preparation,138001,138475,474,136,0.104,338,1172
138339,139647,1308,0,GE-Phase,stroke,138475,139096,621,621,0.475,-136,551
138339,139647,1308,0,GE-Phase,retraction,139096,139371,275,275,0.21,-757,276
138339,139647,1308,0,GE-Phase,preparation,139371,140340,969,276,0.211,-1032,-693
4370,5588,1218,0,GE-Phrase,201,2608,9088,6480,1218,1.0,1762,-3500
4370,5588,1218,0,GE-Phase,stroke,2772,9088,6316,1218,1.0,1598,-3500
5588,7444,1856,0,GE-Phrase,201,2608,9088,6480,1856,1.0,2980,-1644
5588,7444,1856,0,GE-Phase,stroke,2772,9088,6316,1856,1.0,2816,-1644
76336,77850,1514,0,GE-Phrase,226,76279,77639,1360,1303,0.861,57,211
76336,77850,1514,0,GE-Phrase,227,77639,79279,1640,211,0.139,-1303,-1429
76336,77850,1514,0,GE-Phase,preparation,76279,76512,233,176,0.116,57,1338
76336,77850,1514,0,GE-Phase,stroke,76512,76980,468,468,0.309,-176,870
76336,77850,1514,0,GE-Phase,hold,76980,77639,659,659,0.435,-644,211
76336,77850,1514,0,GE-Phase,preparation,77639,77999,360,211,0.139,-1303,-149
77850,79367,1517,0,GE-Phrase,227,77639,79279,1640,1429,0.942,211,88
77850,79367,1517,0,GE-Phrase,228,79279,80954,1675,88,0.058,-1429,-1587
77850,79367,1517,0,GE-Phase,preparation,77639,77999,360,149,0.098,211,1368
77850,79367,1517,0,GE-Phase,stroke,77999,78319,320,320,0.211,-149,1048
77850,79367,1517,0,GE-Phase,hold,78319,79039,720,720,0.475,-469,328
77850,79367,1517,0,GE-Phase,retraction,79039,79279,240,240,0.158,-1189,88
77850,79367,1517,0,GE-Phase,preparation,79279,79501,222,88,0.058,-1429,-134
79367,79692,325,0,GE-Phrase,228,79279,80954,1675,325,1.0,88,-1262
79367,79692,325,0,GE-Phase,preparation,79279,79501,222,134,0.412,88,191
79367,79692,325,0,GE-Phase,stroke,79501,79868,367,191,0.588,-134,-176
79692,81357,1665,0,GE-Phrase,228,79279,80954,1675,1262,0.758,413,403
79692,81357,1665,0,GE-Phrase,229,80954,82638,1684,403,0.242,-1262,-1281
79692,81357,1665,0,GE-Phase,stroke,79501,79868,367,176,0.106,191,1489
79692,81357,1665,0,GE-Phase,hold,79868,80508,640,640,0.384,-176,849
79692,81357,1665,0,GE-Phase,retraction,80508,80954,446,446,0.268,-816,403
79692,81357,1665,0,GE-Phase,preparation,80954,81451,497,403,0.242,-1262,-94
97800,98130,330,0,GE-Phrase,230,97846,98708,862,284,0.861,-46,-578
97800,98130,330,0,GE-Phase,preparation,97846,98286,440,284,0.861,-46,-156
98130,98848,718,0,GE-Phrase,230,97846,98708,862,578,0.805,284,140
98130,98848,718,0,GE-Phrase,231,98708,100412,1704,140,0.195,-578,-1564
98130,98848,718,0,GE-Phase,preparation,97846,98286,440,156,0.217,284,562
98130,98848,718,0,GE-Phase,stroke,98286,98526,240,240,0.334,-156,322
98130,98848,718,0,GE-Phase,retraction,98526,98708,182,182,0.253,-396,140
98130,98848,718,0,GE-Phase,stroke,98708,99217,509,140,0.195,-578,-369
98848,100935,2087,0,GE-Phrase,231,98708,100412,1704,1564,0.749,140,523
98848,100935,2087,0,GE-Phase,stroke,98708,99217,509,369,0.177,140,1718
98848,100935,2087,0,GE-Phase,retraction,99217,100412,1195,1195,0.573,-369,523
137060,138339,1279,0,GE-Phrase,235,136803,138001,1198,941,0.736,257,338
137060,138339,1279,0,GE-Phrase,236,138001,139371,1370,338,0.264,-941,-1032
137060,138339,1279,0,GE-Phase,stroke,136963,137483,520,423,0.331,97,856
137060,138339,1279,0,GE-Phase,hold,137483,138001,518,518,0.405,-423,338
137060,138339,1279,0,GE-Phase,preparation,138001,138475,474,338,0.264,-941,-136
138339,139647,1308,0,GE-Phrase,236,138001,139371,1370,1032,0.789,338,276
138339,139647,1308,0,GE-Phrase,237,139371,143181,3810,276,0.211,-1032,-3534
138339,139647,1308,0,GE-Phase,preparation,138001,138475,474,136,0.104,338,1172
138339,139647,1308,0,GE-Phase,stroke,138475,139096,621,621,0.475,-136,551
138339,139647,1308,0,GE-Phase,retraction,139096,139371,275,275,0.21,-757,276
138339,139647,1308,0,GE-Phase,preparation,139371,140340,969,276,0.211,-1032,-693
4370,5588,1218,0,GE-Phrase,201,2608,9088,6480,1218,1.0,1762,-3500
4370,5588,1218,0,GE-Phase,stroke,2772,9088,6316,1218,1.0,1598,-3500
5588,7444,1856,0,GE-Phrase,201,2608,9088,6480,1856,1.0,2980,-1644
5588,7444,1856,0,GE-Phase,stroke,2772,9088,6316,1856,1.0,2816,-1644
76336,77850,1514,0,GE-Phrase,226,76279,77639,1360,1303,0.861,57,211
76336,77850,1514,0,GE-Phrase,227,77639,79279,1640,211,0.139,-1303,-1429
76336,77850,1514,0,GE-Phase,preparation,76279,76512,233,176,0.116,57,1338
76336,77850,1514,0,GE-Phase,stroke,76512,76980,468,468,0.309,-176,870
76336,77850,1514,0,GE-Phase,hold,76980,77639,659,659,0.435,-644,211
76336,77850,1514,0,GE-Phase,preparation,77639,77999,360,211,0.139,-1303,-149
77850,79367,1517,0,GE-Phrase,227,77639,79279,1640,1429,0.942,211,88
77850,79367,1517,0,GE-Phrase,228,79279,80954,1675,88,0.058,-1429,-1587
77850,79367,1517,0,GE-Phase,preparation,77639,77999,360,149,0.098,211,1368
77850,79367,1517,0,GE-Phase,stroke,77999,78319,320,320,0.211,-149,1048
77850,79367,1517,0,GE-Phase,hold,78319,79039,720,720,0.475,-469,328
77850,79367,1517,0,GE-Phase,retraction,79039,79279,240,240,0.158,-1189,88
77850,79367,1517,0,GE-Phase,preparation,79279,79501,222,88,0.058,-1429,-134
79367,79692,325,0,GE-Phrase,228,79279,80954,1675,325,1.0,88,-1262
79367,79692,325,0,GE-Phase,preparation,79279,79501,222,134,0.412,88,191
79367,79692,325,0,GE-Phase,stroke,79501,79868,367,191,0.588,-134,-176
79692,81357,1665,0,GE-Phrase,228,79279,80954,1675,1262,0.758,413,403
79692,81357,1665,0,GE-Phrase,229,80954,82638,1684,403,0.242,-1262,-1281
79692,81357,1665,0,GE-Phase,stroke,79501,79868,367,176,0.106,191,1489
79692,81357,1665,0,GE-Phase,hold,79868,80508,640,640,0.384,-176,849
79692,81357,1665,0,GE-Phase,retraction,80508,80954,446,446,0.268,-816,403
79692,81357,1665,0,GE-Phase,preparation,80954,81451,497,403,0.242,-1262,-94
97800,98130,330,0,GE-Phrase,230,97846,98708,862,284,0.861,-46,-578
97800,98130,330,0,GE-Phase,preparation,97846,98286,440,284,0.861,-46,-156
98130,98848,718,0,GE-Phrase,230,97846,98708,862,578,0.805,284,140
98130,98848,718,0,GE-Phrase,231,98708,100412,1704,140,0.195,-578,-1564
98130,98848,718,0,GE-Phase,preparation,97846,98286,440,156,0.217,284,562
98130,98848,718,0,GE-Phase,stroke,98286,98526,240,240,0.334,-156,322
98130,98848,718,0,GE-Phase,retraction,98526,98708,182,182,0.253,-396,140
98130,98848,718,0,GE-Phase,stroke,98708,99217,509,140,0.195,-578,-369
98848,100935,2087,0,GE-Phrase,231,98708,100412,1704,1564,0.749,140,523
98848,100935,2087,0,GE-Phase,stroke,98708,99217,509,369,0.177,140,1718
98848,100935,2087,0,GE-Phase,retraction,99217,100412,1195,1195,0.573,-369,523
137060,138339,1279,0,GE-Phrase,235,136803,138001,1198,941,0.736,257,338
137060,138339,1279,0,GE-Phrase,236,138001,139371,1370,338,0.264,-941,-1032
137060,138339,1279,0,GE-Phase,stroke,136963,137483,520,423,0.331,97,856
137060,138339,1279,0,GE-Phase,hold,137483,138001,518,518,0.405,-423,338
137060,138339,1279,0,GE-Phase,preparation,138001,138475,474,338,0.264,-941,-136
138339,139647,1308,0,GE-Phrase,236,138001,139371,1370,1032,0.789,338,276
138339,139647,1308,0,GE-Phrase,237,139371,143181,3810,276,0.211,-1032,-3534
138339,139647,1308,0,GE-Phase,preparation,138001,138475,474,136,0.104,338,1172
138339,139647,1308,0,GE-Phase,stroke,138475,139096,621,621,0.475,-136,551
138339,139647,1308,0,GE-Phase,retraction,139096,139371,275,275,0.21,-757,276
138339,139647,1308,0,GE-Phase,preparation,139371,140340,969,276,0.211,-1032,-693
4370,5588,1218,0,GE-Phrase,201,2608,9088,6480,1218,1.0,1762,-3500
4370,5588,1218,0,GE-Phase,stroke,2772,9088,6316,1218,1.0,1598,-3500
5588,7444,1856,0,GE-Phrase,201,2608,9088,6480,1856,1.0,2980,-1644
5588,7444,1856,0,GE-Phase,stroke,2772,9088,6316,1856,1.0,2816,-1644
76336,77850,1514,0,GE-Phrase,226,76279,77639,1360,1303,0.861,57,211
76336,77850,1514,0,GE-Phrase,227,77639,79279,1640,211,0.139,-1303,-1429
76336,77850,1514,0,GE-Phase,preparation,76279,76512,233,176,0.116,57,1338
76336,77850,1514,0,GE-Phase,stroke,76512,76980,468,468,0.309,-176,870
76336,77850,1514,0,GE-Phase,hold,76980,77639,659,659,0.435,-644,211
76336,77850,1514,0,GE-Phase,preparation,77639,77999,360,211,0.139,-1303,-149
77850,79367,1517,0,GE-Phrase,227,77639,79279,1640,1429,0.942,211,88
77850,79367,1517,0,GE-Phrase,228,79279,80954,1675,88,0.058,-1429,-1587
77850,79367,1517,0,GE-Phase,preparation,77639,77999,360,149,0.098,211,1368
77850,79367,1517,0,GE-Phase,stroke,77999,78319,320,320,0.211,-149,1048
77850,79367,1517,0,GE-Phase,hold,78319,79039,720,720,0.475,-469,328
77850,79367,1517,0,GE-Phase,retraction,79039,79279,240,240,0.158,-1189,88
77850,79367,1517,0,GE-Phase,preparation,79279,79501,222,88,0.058,-1429,-134
79367,79692,325,0,GE-Phrase,228,79279,80954,1675,325,1.0,88,-1262
79367,79692,325,0,GE-Phase,preparation,79279,79501,222,134,0.412,88,191
79367,79692,325,0,GE-Phase,stroke,79501,79868,367,191,0.588,-134,-176
79692,81357,1665,0,GE-Phrase,228,79279,80954,1675,1262,0.758,413,403
79692,81357,1665,0,GE-Phrase,229,80954,82638,1684,403,0.242,-1262,-1281
79692,81357,1665,0,GE-Phase,stroke,79501,79868,367,176,0.106,191,1489
79692,81357,1665,0,GE-Phase,hold,79868,80508,640,640,0.384,-176,849
79692,81357,1665,0,GE-Phase,retraction,80508,80954,446,446,0.268,-816,403
79692,81357,1665,0,GE-Phase,preparation,80954,81451,497,403,0.242,-1262,-94
97800,98130,330,0,GE-Phrase,230,97846,98708,862,284,0.861,-46,-578
97800,98130,330,0,GE-Phase,preparation,97846,98286,440,284,0.861,-46,-156
98130,98848,718,0,GE-Phrase,230,97846,98708,862,578,0.805,284,140
98130,98848,718,0,GE-Phrase,231,98708,100412,1704,140,0.195,-578,-1564
98130,98848,718,0,GE-Phase,preparation,97846,98286,440,156,0.217,284,562
98130,98848,718,0,GE-Phase,stroke,98286,98526,240,240,0.334,-156,322
98130,98848,718,0,GE-Phase,retraction,98526,98708,182,182,0.253,-396,140
98130,98848,718,0,GE-Phase,stroke,98708,99217,509,140,0.195,-578,-369
98848,100935,2087,0,GE-Phrase,231,98708,100412,1704,1564,0.749,140,523
98848,100935,2087,0,GE-Phase,stroke,98708,99217,509,369,0.177,140,1718
98848,100935,2087,0,GE-Phase,retraction,99217,100412,1195,1195,0.573,-369,523
137060,138339,1279,0,GE-Phrase,235,136803,138001,1198,941,0.736,257,338
137060,138339,1279,0,GE-Phrase,236,138001,139371,1370,338,0.264,-941,-1032
137060,138339,1279,0,GE-Phase,stroke,136963,137483,520,423,0.331,97,856
137060,138339,1279,0,GE-Phase,hold,137483,138001,518,518,0.405,-423,338
137060,138339,1279,0,GE-Phase,preparation,138001,138475,474,338,0.264,-941,-136
138339,139647,1308,0,GE-Phrase,236,138001,139371,1370,1032,0.789,338,276
138339,139647,1308,0,GE-Phrase,237,139371,143181,3810,276,0.211,-1032,-3534
138339,139647,1308,0,GE-Phase,preparation,138001,138475,474,136,0.104,338,1172
138339,139647,1308,0,GE-Phase,stroke,138475,139096,621,621,0.475,-136,551
138339,139647,1308,0,GE-Phase,retraction,139096,139371,275,275,0.21,-757,276
138339,139647,1308,0,GE-Phase,preparation,139371,140340,969,276,0.211,-1032,-693
3480,4837,1357,0,GE-Phrase,201,2987,4043,1056,563,0.415,493,794
3480,4837,1357,0,GE-Phrase,202,4043,6740,2697,794,0.585,-563,-1903
3480,4837,1357,0,GE-Phase,stroke,3473,4043,570,563,0.415,7,794
3480,4837,1357,0,GE-Phase,preparation,4043,4966,923,794,0.585,-563,-129
5391,7021,1630,0,GE-Phrase,202,4043,6740,2697,1349,0.828,1348,281
5391,7021,1630,0,GE-Phase,stroke,4966,6126,1160,735,0.451,425,895
5391,7021,1630,0,GE-Phase,retraction,6126,6740,614,614,0.377,-735,281
7441,8980,1539,0,GE-Phrase,203,7703,9547,1844,1277,0.83,-262,-567
7441,8980,1539,0,GE-Phase,preparation,7703,8514,811,811,0.527,-262,466
7441,8980,1539,0,GE-Phase,stroke,8514,9547,1033,466,0.303,-1073,-567
8980,9906,926,0,GE-Phrase,203,7703,9547,1844,567,0.612,1277,359
8980,9906,926,0,GE-Phrase,204,9547,12780,3233,359,0.388,-567,-2874
8980,9906,926,0,GE-Phase,stroke,8514,9547,1033,567,0.612,466,359
8980,9906,926,0,GE-Phase,stroke,9547,10299,752,359,0.388,-567,-393
61986,63218,1232,0,GE-Phrase,226,61392,64369,2977,1232,1.0,594,-1151
61986,63218,1232,0,GE-Phase,stroke,61691,62699,1008,713,0.579,295,519
61986,63218,1232,0,GE-Phase,retraction,62699,64369,1670,519,0.421,-713,-1151
63218,63490,272,0,GE-Phrase,226,61392,64369,2977,272,1.0,1826,-879
63218,63490,272,0,GE-Phase,retraction,62699,64369,1670,272,1.0,519,-879
138040,139167,1127,0,GE-Phrase,254,137516,139540,2024,1127,1.0,524,-373
138040,139167,1127,0,GE-Phase,stroke,137917,138451,534,411,0.365,123,716
138040,139167,1127,0,GE-Phase,retraction,138451,139540,1089,716,0.635,-411,-373
3480,4837,1357,0,GE-Phrase,201,2987,4043,1056,563,0.415,493,794
3480,4837,1357,0,GE-Phrase,202,4043,6740,2697,794,0.585,-563,-1903
3480,4837,1357,0,GE-Phase,stroke,3473,4043,570,563,0.415,7,794
3480,4837,1357,0,GE-Phase,preparation,4043,4966,923,794,0.585,-563,-129
5391,7021,1630,0,GE-Phrase,202,4043,6740,2697,1349,0.828,1348,281
5391,7021,1630,0,GE-Phase,stroke,4966,6126,1160,735,0.451,425,895
5391,7021,1630,0,GE-Phase,retraction,6126,6740,614,614,0.377,-735,281
7441,8980,1539,0,GE-Phrase,203,7703,9547,1844,1277,0.83,-262,-567
7441,8980,1539,0,GE-Phase,preparation,7703,8514,811,811,0.527,-262,466
7441,8980,1539,0,GE-Phase,stroke,8514,9547,1033,466,0.303,-1073,-567
8980,9906,926,0,GE-Phrase,203,7703,9547,1844,567,0.612,1277,359
8980,9906,926,0,GE-Phrase,204,9547,12780,3233,359,0.388,-567,-2874
8980,9906,926,0,GE-Phase,stroke,8514,9547,1033,567,0.612,466,359
8980,9906,926,0,GE-Phase,stroke,9547,10299,752,359,0.388,-567,-393
61986,63218,1232,0,GE-Phrase,226,61392,64369,2977,1232,1.0,594,-1151
61986,63218,1232,0,GE-Phase,stroke,61691,62699,1008,713,0.579,295,519
61986,63218,1232,0,GE-Phase,retraction,62699,64369,1670,519,0.421,-713,-1151
63218,63490,272,0,GE-Phrase,226,61392,64369,2977,272,1.0,1826,-879
63218,63490,272,0,GE-Phase,retraction,62699,64369,1670,272,1.0,519,-879
138040,139167,1127,0,GE-Phrase,254,137516,139540,2024,1127,1.0,524,-373
138040,139167,1127,0,GE-Phase,stroke,137917,138451,534,411,0.365,123,716
138040,139167,1127,0,GE-Phase,retraction,138451,139540,1089,716,0.635,-411,-373
3480,4837,1357,0,GE-Phrase,201,2987,4043,1056,563,0.415,493,794
3480,4837,1357,0,GE-Phrase,202,4043,6740,2697,794,0.585,-563,-1903
3480,4837,1357,0,GE-Phase,stroke,3473,4043,570,563,0.415,7,794
3480,4837,1357,0,GE-Phase,preparation,4043,4966,923,794,0.585,-563,-129
5391,7021,1630,0,GE-Phrase,202,4043,6740,2697,1349,0.828,1348,281
5391,7021,1630,0,GE-Phase,stroke,4966,6126,1160,735,0.451,425,895
5391,7021,1630,0,GE-Phase,retraction,6126,6740,614,614,0.377,-735,281
7441,8980,1539,0,GE-Phrase,203,7703,9547,1844,1277,0.83,-262,-567
7441,8980,1539,0,GE-Phase,preparation,7703,8514,811,811,0.527,-262,466
7441,8980,1539,0,GE-Phase,stroke,8514,9547,1033,466,0.303,-1073,-567
8980,9906,926,0,GE-Phrase,203,7703,9547,1844,567,0.612,1277,359
8980,9906,926,0,GE-Phrase,204,9547,12780,3233,359,0.388,-567,-2874
8980,9906,926,0,GE-Phase,stroke,8514,9547,1033,567,0.612,466,359
8980,9906,926,0,GE-Phase,stroke,9547,10299,752,359,0.388,-567,-393
61986,63218,1232,0,GE-Phrase,226,61392,64369,2977,1232,1.0,594,-1151
61986,63218,1232,0,GE-Phase,stroke,61691,62699,1008,713,0.579,295,519
61986,63218,1232,0,GE-Phase,retraction,62699,64369,1670,519,0.421,-713,-1151
63218,63490,272,0,GE-Phrase,226,61392,64369,2977,272,1.0,1826,-879
63218,63490,272,0,GE-Phase,retraction,62699,64369,1670,272,1.0,519,-879
138040,139167,1127,0,GE-Phrase,254,137516,139540,2024,1127,1.0,524,-373
138040,139167,1127,0,GE-Phase,stroke,137917,138451,534,411,0.365,123,716
138040,139167,1127,0,GE-Phase,retraction,138451,139540,1089,716,0.635,-411,-373
3480,4837,1357,0,GE-Phrase,201,2987,4043,1056,563,0.415,493,794
3480,4837,1357,0,GE-Phrase,202,4043,6740,2697,794,0.585,-563,-1903
3480,4837,1357,0,GE-Phase,stroke,3473,4043,570,563,0.415,7,794
3480,4837,1357,0,GE-Phase,preparation,4043,4966,923,794,0.585,-563,-129
5391,7021,1630,0,GE-Phrase,202,4043,6740,2697,1349,0.828,1348,281
5391,7021,1630,0,GE-Phase,stroke,4966,6126,1160,735,0.451,425,895
5391,7021,1630,0,GE-Phase,retraction,6126,6740,614,614,0.377,-735,281
7441,8980,1539,0,GE-Phrase,203,7703,9547,1844,1277,0.83,-262,-567
7441,8980,1539,0,GE-Phase,preparation,7703,8514,811,811,0.527,-262,466
7441,8980,1539,0,GE-Phase,stroke,8514,9547,1033,466,0.303,-1073,-567
8980,9906,926,0,GE-Phrase,203,7703,9547,1844,567,0.612,1277,359
8980,9906,926,0,GE-Phrase,204,9547,12780,3233,359,0.388,-567,-2874
8980,9906,926,0,GE-Phase,stroke,8514,9547,1033,567,0.612,466,359
8980,9906,926,0,GE-Phase,stroke,9547,10299,752,359,0.388,-567,-393
61986,63218,1232,0,GE-Phrase,226,61392,64369,2977,1232,1.0,594,-1151
61986,63218,1232,0,GE-Phase,stroke,61691,62699,1008,713,0.579,295,519
61986,63218,1232,0,GE-Phase,retraction,62699,64369,1670,519,0.421,-713,-1151
63218,63490,272,0,GE-Phrase,226,61392,64369,2977,272,1.0,1826,-879
63218,63490,272,0,GE-Phase,retraction,62699,64369,1670,272,1.0,519,-879
138040,139167,1127,0,GE-Phrase,254,137516,139540,2024,1127,1.0,524,-373
138040,139167,1127,0,GE-Phase,stroke,137917,138451,534,411,0.365,123,716
138040,139167,1127,0,GE-Phase,retraction,138451,139540,1089,716,0.635,-411,-373
3480,4837,1357,0,GE-Phrase,201,2987,4043,1056,563,0.415,493,794
3480,4837,1357,0,GE-Phrase,202,4043,6740,2697,794,0.585,-563,-1903
3480,4837,1357,0,GE-Phase,stroke,3473,4043,570,563,0.415,7,794
3480,4837,1357,0,GE-Phase,preparation,4043,4966,923,794,0.585,-563,-129
5391,7021,1630,0,GE-Phrase,202,4043,6740,2697,1349,0.828,1348,281
5391,7021,1630,0,GE-Phase,stroke,4966,6126,1160,735,0.451,425,895
5391,7021,1630,0,GE-Phase,retraction,6126,6740,614,614,0.377,-735,281
7441,8980,1539,0,GE-Phrase,203,7703,9547,1844,1277,0.83,-262,-567
7441,8980,1539,0,GE-Phase,preparation,7703,8514,811,811,0.527,-262,466
7441,8980,1539,0,GE-Phase,stroke,8514,9547,1033,466,0.303,-1073,-567
8980,9906,926,0,GE-Phrase,203,7703,9547,1844,567,0.612,1277,359
8980,9906,926,0,GE-Phrase,204,9547,12780,3233,359,0.388,-567,-2874
8980,9906,926,0,GE-Phase,stroke,8514,9547,1033,567,0.612,466,359
8980,9906,926,0,GE-Phase,stroke,9547,10299,752,359,0.388,-567,-393
61986,63218,1232,0,GE-Phrase,226,61392,64369,2977,1232,1.0,594,-1151
61986,63218,1232,0,GE-Phase,stroke,61691,62699,1008,713,0.579,295,519
61986,63218,1232,0,GE-Phase,retraction,62699,64369,1670,519,0.421,-713,-1151
63218,63490,272,0,GE-Phrase,226,61392,64369,2977,272,1.0,1826,-879
63218,63490,272,0,GE-Phase,retraction,62699,64369,1670,272,1.0,519,-879
138040,139167,1127,0,GE-Phrase,254,137516,139540,2024,1127,1.0,524,-373
138040,139167,1127,0,GE-Phase,stroke,137917,138451,534,411,0.365,123,716
138040,139167,1127,0,GE-Phase,retraction,138451,139540,1089,716,0.635,-411,-373
3480,4837,1357,0,GE-Phrase,201,2987,4043,1056,563,0.415,493,794
3480,4837,1357,0,GE-Phrase,202,4043,6740,2697,794,0.585,-563,-1903
3480,4837,1357,0,GE-Phase,stroke,3473,4043,570,563,0.415,7,794
3480,4837,1357,0,GE-Phase,preparation,4043,4966,923,794,0.585,-563,-129
5391,7021,1630,0,GE-Phrase,202,4043,6740,2697,1349,0.828,1348,281
5391,7021,1630,0,GE-Phase,stroke,4966,6126,1160,735,0.451,425,895
5391,7021,1630,0,GE-Phase,retraction,6126,6740,614,614,0.377,-735,281
7441,8980,1539,0,GE-Phrase,203,7703,9547,1844,1277,0.83,-262,-567
7441,8980,1539,0,GE-Phase,preparation,7703,8514,811,811,0.527,-262,466
7441,8980,1539,0,GE-Phase,stroke,8514,9547,1033,466,0.303,-1073,-567
8980,9906,926,0,GE-Phrase,203,7703,9547,1844,567,0.612,1277,359
8980,9906,926,0,GE-Phrase,204,9547,12780,3233,359,0.388,-567,-2874
8980,9906,926,0,GE-Phase,stroke,8514,9547,1033,567,0.612,466,359
8980,9906,926,0,GE-Phase,stroke,9547,10299,752,359,0.388,-567,-393
61986,63218,1232,0,GE-Phrase,226,61392,64369,2977,1232,1.0,594,-1151
61986,63218,1232,0,GE-Phase,stroke,61691,62699,1008,713,0.579,295,519
61986,63218,1232,0,GE-Phase,retraction,62699,64369,1670,519,0.421,-713,-1151
63218,63490,272,0,GE-Phrase,226,61392,64369,2977,272,1.0,1826,-879
63218,63490,272,0,GE-Phase,retraction,62699,64369,1670,272,1.0,519,-879
138040,139167,1127,0,GE-Phrase,254,137516,139540,2024,1127,1.0,524,-373
138040,139167,1127,0,GE-Phase,stroke,137917,138451,534,411,0.365,123,716
138040,139167,1127,0,GE-Phase,retraction,138451,139540,1089,716,0.635,-411,-373
3480,4837,1357,0,GE-Phrase,201,2987,4043,1056,563,0.415,493,794
3480,4837,1357,0,GE-Phrase,202,4043,6740,2697,794,0.585,-563,-1903
3480,4837,1357,0,GE-Phase,stroke,3473,4043,570,563,0.415,7,794
3480,4837,1357,0,GE-Phase,preparation,4043,4966,923,794,0.585,-563,-129
5391,7021,1630,0,GE-Phrase,202,4043,6740,2697,1349,0.828,1348,281
5391,7021,1630,0,GE-Phase,stroke,4966,6126,1160,735,0.451,425,895
5391,7021,1630,0,GE-Phase,retraction,6126,6740,614,614,0.377,-735,281
7441,8980,1539,0,GE-Phrase,203,7703,9547,1844,1277,0.83,-262,-567
7441,8980,1539,0,GE-Phase,preparation,7703,8514,811,811,0.527,-262,466
7441,8980,1539,0,GE-Phase,stroke,8514,9547,1033,466,0.303,-1073,-567
8980,9906,926,0,GE-Phrase,203,7703,9547,1844,567,0.612,1277,359
8980,9906,926,0,GE-Phrase,204,9547,12780,3233,359,0.388,-567,-2874
8980,9906,926,0,GE-Phase,stroke,8514,9547,1033,567,0.612,466,359
8980,9906,926,0,GE-Phase,stroke,9547,10299,752,359,0.388,-567,-393
61986,63218,1232,0,GE-Phrase,226,61392,64369,2977,1232,1.0,594,-1151
61986,63218,1232,0,GE-Phase,stroke,61691,62699,1008,713,0.579,295,519
61986,63218,1232,0,GE-Phase,retraction,62699,64369,1670,519,0.421,-713,-1151
63218,63490,272,0,GE-Phrase,226,61392,64369,2977,272,1.0,1826,-879
63218,63490,272,0,GE-Phase,retraction,62699,64369,1670,272,1.0,519,-879
138040,139167,1127,0,GE-Phrase,254,137516,139540,2024,1127,1.0,524,-373
138040,139167,1127,0,GE-Phase,stroke,137917,138451,534,411,0.365,123,716
138040,139167,1127,0,GE-Phase,retraction,138451,139540,1089,716,0.635,-411,-373
3480,4837,1357,0,GE-Phrase,201,2987,4043,1056,563,0.415,493,794
3480,4837,1357,0,GE-Phrase,202,4043,6740,2697,794,0.585,-563,-1903
3480,4837,1357,0,GE-Phase,stroke,3473,4043,570,563,0.415,7,794
3480,4837,1357,0,GE-Phase,preparation,4043,4966,923,794,0.585,-563,-129
5391,7021,1630,0,GE-Phrase,202,4043,6740,2697,1349,0.828,1348,281
5391,7021,1630,0,GE-Phase,stroke,4966,6126,1160,735,0.451,425,895
5391,7021,1630,0,GE-Phase,retraction,6126,6740,614,614,0.377,-735,281
7441,8980,1539,0,GE-Phrase,203,7703,9547,1844,1277,0.83,-262,-567
7441,8980,1539,0,GE-Phase,preparation,7703,8514,811,811,0.527,-262,466
7441,8980,1539,0,GE-Phase,stroke,8514,9547,1033,466,0.303,-1073,-567
8980,9906,926,0,GE-Phrase,203,7703,9547,1844,567,0.612,1277,359
8980,9906,926,0,GE-Phrase,204,9547,12780,3233,359,0.388,-567,-2874
8980,9906,926,0,GE-Phase,stroke,8514,9547,1033,567,0.612,466,359
8980,9906,926,0,GE-Phase,stroke,9547,10299,752,359,0.388,-567,-393
61986,63218,1232,0,GE-Phrase,226,61392,64369,2977,1232,1.0,594,-1151
61986,63218,1232,0,GE-Phase,stroke,61691,62699,1008,713,0.579,295,519
61986,63218,1232,0,GE-Phase,retraction,62699,64369,1670,519,0.421,-713,-1151
63218,63490,272,0,GE-Phrase,226,61392,64369,2977,272,1.0,1826,-879
63218,63490,272,0,GE-Phase,retraction,62699,64369,1670,272,1.0,519,-879
138040,139167,1127,0,GE-Phrase,254,137516,139540,2024,1127,1.0,524,-373
138040,139167,1127,0,GE-Phase,stroke,137917,138451,534,411,0.365,123,716
138040,139167,1127,0,GE-Phase,retraction,138451,139540,1089,716,0.635,-411,-373
3480,4837,1357,0,GE-Phrase,201,2987,4043,1056,563,0.415,493,794
3480,4837,1357,0,GE-Phrase,202,4043,6740,2697,794,0.585,-563,-1903
3480,4837,1357,0,GE-Phase,stroke,3473,4043,570,563,0.415,7,794
3480,4837,1357,0,GE-Phase,preparation,4043,4966,923,794,0.585,-563,-129
5391,7021,1630,0,GE-Phrase,202,4043,6740,2697,1349,0.828,1348,281
5391,7021,1630,0,GE-Phase,stroke,4966,6126,1160,735,0.451,425,895
5391,7021,1630,0,GE-Phase,retraction,6126,6740,614,614,0.377,-735,281
7441,8980,1539,0,GE-Phrase,203,7703,9547,1844,1277,0.83,-262,-567
7441,8980,1539,0,GE-Phase,preparation,7703,8514,811,811,0.527,-262,466
7441,8980,1539,0,GE-Phase,stroke,8514,9547,1033,466,0.303,-1073,-567
8980,9906,926,0,GE-Phrase,203,7703,9547,1844,567,0.612,1277,359
8980,9906,926,0,GE-Phrase,204,9547,12780,3233,359,0.388,-567,-2874
8980,9906,926,0,GE-Phase,stroke,8514,9547,1033,567,0.612,466,359
8980,9906,926,0,GE-Phase,stroke,9547,10299,752,359,0.388,-567,-393
61986,63218,1232,0,GE-Phrase,226,61392,64369,2977,1232,1.0,594,-1151
61986,63218,1232,0,GE-Phase,stroke,61691,62699,1008,713,0.579,295,519
61986,63218,1232,0,GE-Phase,retraction,62699,64369,1670,519,0.421,-713,-1151
63218,63490,272,0,GE-Phrase,226,61392,64369,2977,272,1.0,1826,-879
63218,63490,272,0,GE-Phase,retraction,62699,64369,1670,272,1.0,519,-879
138040,139167,1127,0,GE-Phrase,254,137516,139540,2024,1127,1.0,524,-373
138040,139167,1127,0,GE-Phase,stroke,137917,138451,534,411,0.365,123,716
138040,139167,1127,0,GE-Phase,retraction,138451,139540,1089,716,0.635,-411,-373
3480,4837,1357,0,GE-Phrase,201,2987,4043,1056,563,0.415,493,794
3480,4837,1357,0,GE-Phrase,202,4043,6740,2697,794,0.585,-563,-1903
3480,4837,1357,0,GE-Phase,stroke,3473,4043,570,563,0.415,7,794
3480,4837,1357,0,GE-Phase,preparation,4043,4966,923,794,0.585,-563,-129
5391,7021,1630,0,GE-Phrase,202,4043,6740,2697,1349,0.828,1348,281
5391,7021,1630,0,GE-Phase,stroke,4966,6126,1160,735,0.451,425,895
5391,7021,1630,0,GE-Phase,retraction,6126,6740,614,614,0.377,-735,281
7441,8980,1539,0,GE-Phrase,203,7703,9547,1844,1277,0.83,-262,-567
7441,8980,1539,0,GE-Phase,preparation,7703,8514,811,811,0.527,-262,466
7441,8980,1539,0,GE-Phase,stroke,8514,9547,1033,466,0.303,-1073,-567
8980,9906,926,0,GE-Phrase,203,7703,9547,1844,567,0.612,1277,359
8980,9906,926,0,GE-Phrase,204,9547,12780,3233,359,0.388,-567,-2874
8980,9906,926,0,GE-Phase,stroke,8514,9547,1033,567,0.612,466,359
8980,9906,926,0,GE-Phase,stroke,9547,10299,752,359,0.388,-567,-393
61986,63218,1232,0,GE-Phrase,226,61392,64369,2977,1232,1.0,594,-1151
61986,63218,1232,0,GE-Phase,stroke,61691,62699,1008,713,0.579,295,519
61986,63218,1232,0,GE-Phase,retraction,62699,64369,1670,519,0.421,-713,-1151
63218,63490,272,0,GE-Phrase,226,61392,64369,2977,272,1.0,1826,-879
63218,63490,272,0,GE-Phase,retraction,62699,64369,1670,272,1.0,519,-879
138040,139167,1127,0,GE-Phrase,254,137516,139540,2024,1127,1.0,524,-373
138040,139167,1127,0,GE-Phase,stroke,137917,138451,534,411,0.365,123,716
138040,139167,1127,0,GE-Phase,retraction,138451,139540,1089,716,0.635,-411,-373
3480,4837,1357,0,GE-Phrase,201,2987,4043,1056,563,0.415,493,794
3480,4837,1357,0,GE-Phrase,202,4043,6740,2697,794,0.585,-563,-1903
3480,4837,1357,0,GE-Phase,stroke,3473,4043,570,563,0.415,7,794
3480,4837,1357,0,GE-Phase,preparation,4043,4966,923,794,0.585,-563,-129
5391,7021,1630,0,GE-Phrase,202,4043,6740,2697,1349,0.828,1348,281
5391,7021,1630,0,GE-Phase,stroke,4966,6126,1160,735,0.451,425,895
5391,7021,1630,0,GE-Phase,retraction,6126,6740,614,614,0.377,-735,281
7441,8980,1539,0,GE-Phrase,203,7703,9547,1844,1277,0.83,-262,-567
7441,8980,1539,0,GE-Phase,preparation,7703,8514,811,811,0.527,-262,466
7441,8980,1539,0,GE-Phase,stroke,8514,9547,1033,466,0.303,-1073,-567
8980,9906,926,0,GE-Phrase,203,7703,9547,1844,567,0.612,1277,359
8980,9906,926,0,GE-Phrase,204,9547,12780,3233,359,0.388,-567,-2874
8980,9906,926,0,GE-Phase,stroke,8514,9547,1033,567,0.612,466,359
8980,9906,926,0,GE-Phase,stroke,9547,10299,752,359,0.388,-567,-393
61986,63218,1232,0,GE-Phrase,226,61392,64369,2977,1232,1.0,594,-1151
61986,63218,1232,0,GE-Phase,stroke,61691,62699,1008,713,0.579,295,519
61986,63218,1232,0,GE-Phase,retraction,62699,64369,1670,519,0.421,-713,-1151
63218,63490,272,0,GE-Phrase,226,61392,64369,2977,272,1.0,1826,-879
63218,63490,272,0,GE-Phase,retraction,62699,64369,1670,272,1.0,519,-879
138040,139167,1127,0,GE-Phrase,254,137516,139540,2024,1127,1.0,524,-373
138040,139167,1127,0,GE-Phase,stroke,137917,138451,534,411,0.365,123,716
138040,139167,1127,0,GE-Phase,retraction,138451,139540,1089,716,0.635,-411,-373
3480,4837,1357,0,GE-Phrase,201,2987,4043,1056,563,0.415,493,794
3480,4837,1357,0,GE-Phrase,202,4043,6740,2697,794,0.585,-563,-1903
3480,4837,1357,0,GE-Phase,stroke,3473,4043,570,563,0.415,7,794
3480,4837,1357,0,GE-Phase,preparation,4043,4966,923,794,0.585,-563,-129
5391,7021,1630,0,GE-Phrase,202,4043,6740,2697,1349,0.828,1348,281
5391,7021,1630,0,GE-Phase,stroke,4966,6126,1160,735,0.451,425,895
5391,7021,1630,0,GE-Phase,retraction,6126,6740,614,614,0.377,-735,281
7441,8980,1539,0,GE-Phrase,203,7703,9547,1844,1277,0.83,-262,-567
7441,8980,1539,0,GE-Phase,preparation,7703,8514,811,811,0.527,-262,466
7441,8980,1539,0,GE-Phase,stroke,8514,9547,1033,466,0.303,-1073,-567
8980,9906,926,0,GE-Phrase,203,7703,9547,1844,567,0.612,1277,359
8980,9906,926,0,GE-Phrase,204,9547,12780,3233,359,0.388,-567,-2874
8980,9906,926,0,GE-Phase,stroke,8514,9547,1033,567,0.612,466,359
8980,9906,926,0,GE-Phase,stroke,9547,10299,752,359,0.388,-567,-393
61986,63218,1232,0,GE-Phrase,226,61392,64369,2977,1232,1.0,594,-1151
61986,63218,1232,0,GE-Phase,stroke,61691,62699,1008,713,0.579,295,519
61986,63218,1232,0,GE-Phase,retraction,62699,64369,1670,519,0.421,-713,-1151
63218,63490,272,0,GE-Phrase,226,61392,64369,2977,272,1.0,1826,-879
63218,63490,272,0,GE-Phase,retraction,62699,64369,1670,272,1.0,519,-879
138040,139167,1127,0,GE-Phrase,254,137516,139540,2024,1127,1.0,524,-373
138040,139167,1127,0,GE-Phase,stroke,137917,138451,534,411,0.365,123,716
138040,139167,1127,0,GE-Phase,retraction,138451,139540,1089,716,0.635,-411,-373
3480,4837,1357,0,GE-Phrase,201,2987,4043,1056,563,0.415,493,794
3480,4837,1357,0,GE-Phrase,202,4043,6740,2697,794,0.585,-563,-1903
3480,4837,1357,0,GE-Phase,stroke,3473,4043,570,563,0.415,7,794
3480,4837,1357,0,GE-Phase,preparation,4043,4966,923,794,0.585,-563,-129
5391,7021,1630,0,GE-Phrase,202,4043,6740,2697,1349,0.828,1348,281
5391,7021,1630,0,GE-Phase,stroke,4966,6126,1160,735,0.451,425,895
5391,7021,1630,0,GE-Phase,retraction,6126,6740,614,614,0.377,-735,281
7441,8980,1539,0,GE-Phrase,203,7703,9547,1844,1277,0.83,-262,-567
7441,8980,1539,0,GE-Phase,preparation,7703,8514,811,811,0.527,-262,466
7441,8980,1539,0,GE-Phase,stroke,8514,9547,1033,466,0.303,-1073,-567
8980,9906,926,0,GE-Phrase,203,7703,9547,1844,567,0.612,1277,359
8980,9906,926,0,GE-Phrase,204,9547,12780,3233,359,0.388,-567,-2874
8980,9906,926,0,GE-Phase,stroke,8514,9547,1033,567,0.612,466,359
8980,9906,926,0,GE-Phase,stroke,9547,10299,752,359,0.388,-567,-393
61986,63218,1232,0,GE-Phrase,226,61392,64369,2977,1232,1.0,594,-1151
61986,63218,1232,0,GE-Phase,stroke,61691,62699,1008,713,0.579,295,519
61986,63218,1232,0,GE-Phase,retraction,62699,64369,1670,519,0.421,-713,-1151
63218,63490,272,0,GE-Phrase,226,61392,64369,2977,272,1.0,1826,-879
63218,63490,272,0,GE-Phase,retraction,62699,64369,1670,272,1.0,519,-879
138040,139167,1127,0,GE-Phrase,254,137516,139540,2024,1127,1.0,524,-373
138040,139167,1127,0,GE-Phase,stroke,137917,138451,534,411,0.365,123,716
138040,139167,1127,0,GE-Phase,retraction,138451,139540,1089,716,0.635,-411,-373
3480,4837,1357,0,GE-Phrase,201,2987,4043,1056,563,0.415,493,794
3480,4837,1357,0,GE-Phrase,202,4043,6740,2697,794,0.585,-563,-1903
3480,4837,1357,0,GE-Phase,stroke,3473,4043,570,563,0.415,7,794
3480,4837,1357,0,GE-Phase,preparation,4043,4966,923,794,0.585,-563,-129
5391,7021,1630,0,GE-Phrase,202,4043,6740,2697,1349,0.828,1348,281
5391,7021,1630,0,GE-Phase,stroke,4966,6126,1160,735,0.451,425,895
5391,7021,1630,0,GE-Phase,retraction,6126,6740,614,614,0.377,-735,281
7441,8980,1539,0,GE-Phrase,203,7703,9547,1844,1277,0.83,-262,-567
7441,8980,1539,0,GE-Phase,preparation,7703,8514,811,811,0.527,-262,466
7441,8980,1539,0,GE-Phase,stroke,8514,9547,1033,466,0.303,-1073,-567
8980,9906,926,0,GE-Phrase,203,7703,9547,1844,567,0.612,1277,359
8980,9906,926,0,GE-Phrase,204,9547,12780,3233,359,0.388,-567,-2874
8980,9906,926,0,GE-Phase,stroke,8514,9547,1033,567,0.612,466,359
8980,9906,926,0,GE-Phase,stroke,9547,10299,752,359,0.388,-567,-393
61986,63218,1232,0,GE-Phrase,226,61392,64369,2977,1232,1.0,594,-1151
61986,63218,1232,0,GE-Phase,stroke,61691,62699,1008,713,0.579,295,519
61986,63218,1232,0,GE-Phase,retraction,62699,64369,1670,519,0.421,-713,-1151
63218,63490,272,0,GE-Phrase,226,61392,64369,2977,272,1.0,1826,-879
63218,63490,272,0,GE-Phase,retraction,62699,64369,1670,272,1.0,519,-879
138040,139167,1127,0,GE-Phrase,254,137516,139540,2024,1127,1.0,524,-373
138040,139167,1127,0,GE-Phase,stroke,137917,138451,534,411,0.365,123,716
138040,139167,1127,0,GE-Phase,retraction,138451,139540,1089,716,0.635,-411,-373
3480,4837,1357,0,GE-Phrase,201,2987,4043,1056,563,0.415,493,794
3480,4837,1357,0,GE-Phrase,202,4043,6740,2697,794,0.585,-563,-1903
3480,4837,1357,0,GE-Phase,stroke,3473,4043,570,563,0.415,7,794
3480,4837,1357,0,GE-Phase,preparation,4043,4966,923,794,0.585,-563,-129
5391,7021,1630,0,GE-Phrase,202,4043,6740,2697,1349,0.828,1348,281
5391,7021,1630,0,GE-Phase,stroke,4966,6126,1160,735,0.451,425,895
5391,7021,1630,0,GE-Phase,retraction,6126,6740,614,614,0.377,-735,281
7441,8980,1539,0,GE-Phrase,203,7703,9547,1844,1277,0.83,-262,-567
7441,8980,1539,0,GE-Phase,preparation,7703,8514,811,811,0.527,-262,466
7441,8980,1539,0,GE-Phase,stroke,8514,9547,1033,466,0.303,-1073,-567
8980,9906,926,0,GE-Phrase,203,7703,9547,1844,567,0.612,1277,359
8980,9906,926,0,GE-Phrase,204,9547,12780,3233,359,0.388,-567,-2874
8980,9906,926,0,GE-Phase,stroke,8514,9547,1033,567,0.612,466,359
8980,9906,926,0,GE-Phase,stroke,9547,10299,752,359,0.388,-567,-393
61986,63218,1232,0,GE-Phrase,226,61392,64369,2977,1232,1.0,594,-1151
61986,63218,1232,0,GE-Phase,stroke,61691,62699,1008,713,0.579,295,519
61986,63218,1232,0,GE-Phase,retraction,62699,64369,1670,519,0.421,-713,-1151
63218,63490,272,0,GE-Phrase,226,61392,64369,2977,272,1.0,1826,-879
63218,63490,272,0,GE-Phase,retraction,62699,64369,1670,272,1.0,519,-879
138040,139167,1127,0,GE-Phrase,254,137516,139540,2024,1127,1.0,524,-373
138040,139167,1127,0,GE-Phase,stroke,137917,138451,534,411,0.365,123,716
138040,139167,1127,0,GE-Phase,retraction,138451,139540,1089,716,0.635,-411,-373
3480,4837,1357,0,GE-Phrase,201,2987,4043,1056,563,0.415,493,794
3480,4837,1357,0,GE-Phrase,202,4043,6740,2697,794,0.585,-563,-1903
3480,4837,1357,0,GE-Phase,stroke,3473,4043,570,563,0.415,7,794
3480,4837,1357,0,GE-Phase,preparation,4043,4966,923,794,0.585,-563,-129
5391,7021,1630,0,GE-Phrase,202,4043,6740,2697,1349,0.828,1348,281
5391,7021,1630,0,GE-Phase,stroke,4966,6126,1160,735,0.451,425,895
5391,7021,1630,0,GE-Phase,retraction,6126,6740,614,614,0.377,-735,281
7441,8980,1539,0,GE-Phrase,203,7703,9547,1844,1277,0.83,-262,-567
7441,8980,1539,0,GE-Phase,preparation,7703,8514,811,811,0.527,-262,466
7441,8980,1539,0,GE-Phase,stroke,8514,9547,1033,466,0.303,-1073,-567
8980,9906,926,0,GE-Phrase,203,7703,9547,1844,567,0.612,1277,359
8980,9906,926,0,GE-Phrase,204,9547,12780,3233,359,0.388,-567,-2874
8980,9906,926,0,GE-Phase,stroke,8514,9547,1033,567,0.612,466,359
8980,9906,926,0,GE-Phase,stroke,9547,10299,752,359,0.388,-567,-393
61986,63218,1232,0,GE-Phrase,226,61392,64369,2977,1232,1.0,594,-1151
61986,63218,1232,0,GE-Phase,stroke,61691,62699,1008,713,0.579,295,519
61986,63218,1232,0,GE-Phase,retraction,62699,64369,1670,519,0.421,-713,-1151
63218,63490,272,0,GE-Phrase,226,61392,64369,2977,272,1.0,1826,-879
63218,63490,272,0,GE-Phase,retraction,62699,64369,1670,272,1.0,519,-879
138040,139167,1127,0,GE-Phrase,254,137516,139540,2024,1127,1.0,524,-373
138040,139167,1127,0,GE-Phase,stroke,137917,138451,534,411,0.365,123,716
138040,139167,1127,0,GE-Phase,retraction,138451,139540,1089,716,0.635,-411,-373
3480,4837,1357,0,GE-Phrase,201,2987,4043,1056,563,0.415,493,794
3480,4837,1357,0,GE-Phrase,202,4043,6740,2697,794,0.585,-563,-1903
3480,4837,1357,0,GE-Phase,stroke,3473,4043,570,563,0.415,7,794
3480,4837,1357,0,GE-Phase,preparation,4043,4966,923,794,0.585,-563,-129
5391,7021,1630,0,GE-Phrase,202,4043,6740,2697,1349,0.828,1348,281
5391,7021,1630,0,GE-Phase,stroke,4966,6126,1160,735,0.451,425,895
5391,7021,1630,0,GE-Phase,retraction,6126,6740,614,614,0.377,-735,281
7441,8980,1539,0,GE-Phrase,203,7703,9547,1844,1277,0.83,-262,-567
7441,8980,1539,0,GE-Phase,preparation,7703,8514,811,811,0.527,-262,466
7441,8980,1539,0,GE-Phase,stroke,8514,9547,1033,466,0.303,-1073,-567
8980,9906,926,0,GE-Phrase,203,7703,9547,1844,567,0.612,1277,359
8980,9906,926,0,GE-Phrase,204,9547,12780,3233,359,0.388,-567,-2874
8980,9906,926,0,GE-Phase,stroke,8514,9547,1033,567,0.612,466,359
8980,9906,926,0,GE-Phase,stroke,9547,10299,752,359,0.388,-567,-393
61986,63218,1232,0,GE-Phrase,226,61392,64369,2977,1232,1.0,594,-1151
61986,63218,1232,0,GE-Phase,stroke,61691,62699,1008,713,0.579,295,519
61986,63218,1232,0,GE-Phase,retraction,62699,64369,1670,519,0.421,-713,-1151
63218,63490,272,0,GE-Phrase,226,61392,64369,2977,272,1.0,1826,-879
63218,63490,272,0,GE-Phase,retraction,62699,64369,1670,272,1.0,519,-879
138040,139167,1127,0,GE-Phrase,254,137516,139540,2024,1127,1.0,524,-373
138040,139167,1127,0,GE-Phase,stroke,137917,138451,534,411,0.365,123,716
138040,139167,1127,0,GE-Phase,retraction,138451,139540,1089,716,0.635,-411,-373
3480,4837,1357,0,GE-Phrase,201,2987,4043,1056,563,0.415,493,794
3480,4837,1357,0,GE-Phrase,202,4043,6740,2697,794,0.585,-563,-1903
3480,4837,1357,0,GE-Phase,stroke,3473,4043,570,563,0.415,7,794
3480,4837,1357,0,GE-Phase,preparation,4043,4966,923,794,0.585,-563,-129
5391,7021,1630,0,GE-Phrase,202,4043,6740,2697,1349,0.828,1348,281
5391,7021,1630,0,GE-Phase,stroke,4966,6126,1160,735,0.451,425,895
5391,7021,1630,0,GE-Phase,retraction,6126,6740,614,614,0.377,-735,281
7441,8980,1539,0,GE-Phrase,203,7703,9547,1844,1277,0.83,-262,-567
7441,8980,1539,0,GE-Phase,preparation,7703,8514,811,811,0.527,-262,466
7441,8980,1539,0,GE-Phase,stroke,8514,9547,1033,466,0.303,-1073,-567
8980,9906,926,0,GE-Phrase,203,7703,9547,1844,567,0.612,1277,359
8980,9906,926,0,GE-Phrase,204,9547,12780,3233,359,0.388,-567,-2874
8980,9906,926,0,GE-Phase,stroke,8514,9547,1033,567,0.612,466,359
8980,9906,926,0,GE-Phase,stroke,9547,10299,752,359,0.388,-567,-393
61986,63218,1232,0,GE-Phrase,226,61392,64369,2977,1232,1.0,594,-1151
61986,63218,1232,0,GE-Phase,stroke,61691,62699,1008,713,0.579,295,519
61986,63218,1232,0,GE-Phase,retraction,62699,64369,1670,519,0.421,-713,-1151
63218,63490,272,0,GE-Phrase,226,61392,64369,2977,272,1.0,1826,-879
63218,63490,272,0,GE-Phase,retraction,62699,64369,1670,272,1.0,519,-879
138040,139167,1127,0,GE-Phrase,254,137516,139540,2024,1127,1.0,524,-373
138040,139167,1127,0,GE-Phase,stroke,137917,138451,534,411,0.365,123,716
138040,139167,1127,0,GE-Phase,retraction,138451,139540,1089,716,0.635,-411,-373
3480,4837,1357,0,GE-Phrase,201,2987,4043,1056,563,0.415,493,794
3480,4837,1357,0,GE-Phrase,202,4043,6740,2697,794,0.585,-563,-1903
3480,4837,1357,0,GE-Phase,stroke,3473,4043,570,563,0.415,7,794
3480,4837,1357,0,GE-Phase,preparation,4043,4966,923,794,0.585,-563,-129
5391,7021,1630,0,GE-Phrase,202,4043,6740,2697,1349,0.828,1348,281
5391,7021,1630,0,GE-Phase,stroke,4966,6126,1160,735,0.451,425,895
5391,7021,1630,0,GE-Phase,retraction,6126,6740,614,614,0.377,-735,281
7441,8980,1539,0,GE-Phrase,203,7703,9547,1844,1277,0.83,-262,-567
7441,8980,1539,0,GE-Phase,preparation,7703,8514,811,811,0.527,-262,466
7441,8980,1539,0,GE-Phase,stroke,8514,9547,1033,466,0.303,-1073,-567
8980,9906,926,0,GE-Phrase,203,7703,9547,1844,567,0.612,1277,359
8980,9906,926,0,GE-Phrase,204,9547,12780,3233,359,0.388,-567,-2874
8980,9906,926,0,GE-Phase,stroke,8514,9547,1033,567,0.612,466,359
8980,9906,926,0,GE-Phase,stroke,9547,10299,752,359,0.388,-567,-393
61986,63218,1232,0,GE-Phrase,226,61392,64369,2977,1232,1.0,594,-1151
61986,63218,1232,0,GE-Phase,stroke,61691,62699,1008,713,0.579,295,519
61986,63218,1232,0,GE-Phase,retraction,62699,64369,1670,519,0.421,-713,-1151
63218,63490,272,0,GE-Phrase,226,61392,64369,2977,272,1.0,1826,-879
63218,63490,272,0,GE-Phase,retraction,62699,64369,1670,272,1.0,519,-879
138040,139167,1127,0,GE-Phrase,254,137516,139540,2024,1127,1.0,524,-373
138040,139167,1127,0,GE-Phase,stroke,137917,138451,534,411,0.365,123,716
138040,139167,1127,0,GE-Phase,retraction,138451,139540,1089,716,0.635,-411,-373
3480,4837,1357,0,GE-Phrase,201,2987,4043,1056,563,0.415,493,794
3480,4837,1357,0,GE-Phrase,202,4043,6740,2697,794,0.585,-563,-1903
3480,4837,1357,0,GE-Phase,stroke,3473,4043,570,563,0.415,7,794
3480,4837,1357,0,GE-Phase,preparation,4043,4966,923,794,0.585,-563,-129
5391,7021,1630,0,GE-Phrase,202,4043,6740,2697,1349,0.828,1348,281
5391,7021,1630,0,GE-Phase,stroke,4966,6126,1160,735,0.451,425,895
5391,7021,1630,0,GE-Phase,retraction,6126,6740,614,614,0.377,-735,281
7441,8980,1539,0,GE-Phrase,203,7703,9547,1844,1277,0.83,-262,-567
7441,8980,1539,0,GE-Phase,preparation,7703,8514,811,811,0.527,-262,466
7441,8980,1539,0,GE-Phase,stroke,8514,9547,1033,466,0.303,-1073,-567
8980,9906,926,0,GE-Phrase,203,7703,9547,1844,567,0.612,1277,359
8980,9906,926,0,GE-Phrase,204,9547,12780,3233,359,0.388,-567,-2874
8980,9906,926,0,GE-Phase,stroke,8514,9547,1033,567,0.612,466,359
8980,9906,926,0,GE-Phase,stroke,9547,10299,752,359,0.388,-567,-393
61986,63218,1232,0,GE-Phrase,226,61392,64369,2977,1232,1.0,594,-1151
61986,63218,1232,0,GE-Phase,stroke,61691,62699,1008,713,0.579,295,519
61986,63218,1232,0,GE-Phase,retraction,62699,64369,1670,519,0.421,-713,-1151
63218,63490,272,0,GE-Phrase,226,61392,64369,2977,272,1.0,1826,-879
63218,63490,272,0,GE-Phase,retraction,62699,64369,1670,272,1.0,519,-879
138040,139167,1127,0,GE-Phrase,254,137516,139540,2024,1127,1.0,524,-373
138040,139167,1127,0,GE-Phase,stroke,137917,138451,534,411,0.365,123,716
138040,139167,1127,0,GE-Phase,retraction,138451,139540,1089,716,0.635,-411,-373
3480,4837,1357,0,GE-Phrase,201,2987,4043,1056,563,0.415,493,794
3480,4837,1357,0,GE-Phrase,202,4043,6740,2697,794,0.585,-563,-1903
3480,4837,1357,0,GE-Phase,stroke,3473,4043,570,563,0.415,7,794
3480,4837,1357,0,GE-Phase,preparation,4043,4966,923,794,0.585,-563,-129
5391,7021,1630,0,GE-Phrase,202,4043,6740,2697,1349,0.828,1348,281
5391,7021,1630,0,GE-Phase,stroke,4966,6126,1160,735,0.451,425,895
5391,7021,1630,0,GE-Phase,retraction,6126,6740,614,614,0.377,-735,281
7441,8980,1539,0,GE-Phrase,203,7703,9547,1844,1277,0.83,-262,-567
7441,8980,1539,0,GE-Phase,preparation,7703,8514,811,811,0.527,-262,466
7441,8980,1539,0,GE-Phase,stroke,8514,9547,1033,466,0.303,-1073,-567
8980,9906,926,0,GE-Phrase,203,7703,9547,1844,567,0.612,1277,359
8980,9906,926,0,GE-Phrase,204,9547,12780,3233,359,0.388,-567,-2874
8980,9906,926,0,GE-Phase,stroke,8514,9547,1033,567,0.612,466,359
8980,9906,926,0,GE-Phase,stroke,9547,10299,752,359,0.388,-567,-393
61986,63218,1232,0,GE-Phrase,226,61392,64369,2977,1232,1.0,594,-1151
61986,63218,1232,0,GE-Phase,stroke,61691,62699,1008,713,0.579,295,519
61986,63218,1232,0,GE-Phase,retraction,62699,64369,1670,519,0.421,-713,-1151
63218,63490,272,0,GE-Phrase,226,61392,64369,2977,272,1.0,1826,-879
63218,63490,272,0,GE-Phase,retraction,62699,64369,1670,272,1.0,519,-879
138040,139167,1127,0,GE-Phrase,254,137516,139540,2024,1127,1.0,524,-373
138040,139167,1127,0,GE-Phase,stroke,137917,138451,534,411,0.365,123,716
138040,139167,1127,0,GE-Phase,retraction,138451,139540,1089,716,0.635,-411,-373
3480,4837,1357,0,GE-Phrase,201,2987,4043,1056,563,0.415,493,794
3480,4837,1357,0,GE-Phrase,202,4043,6740,2697,794,0.585,-563,-1903
3480,4837,1357,0,GE-Phase,stroke,3473,4043,570,563,0.415,7,794
3480,4837,1357,0,GE-Phase,preparation,4043,4966,923,794,0.585,-563,-129
5391,7021,1630,0,GE-Phrase,202,4043,6740,2697,1349,0.828,1348,281
5391,7021,1630,0,GE-Phase,stroke,4966,6126,1160,735,0.451,425,895
5391,7021,1630,0,GE-Phase,retraction,6126,6740,614,614,0.377,-735,281
7441,8980,1539,0,GE-Phrase,203,7703,9547,1844,1277,0.83,-262,-567
7441,8980,1539,0,GE-Phase,preparation,7703,8514,811,811,0.527,-262,466
7441,8980,1539,0,GE-Phase,stroke,8514,9547,1033,466,0.303,-1073,-567
8980,9906,926,0,GE-Phrase,203,7703,9547,1844,567,0.612,1277,359
8980,9906,926,0,GE-Phrase,204,9547,12780,3233,359,0.388,-567,-2874
8980,9906,926,0,GE-Phase,stroke,8514,9547,1033,567,0.612,466,359
8980,9906,926,0,GE-Phase,stroke,9547,10299,752,359,0.388,-567,-393
61986,63218,1232,0,GE-Phrase,226,61392,64369,2977,1232,1.0,594,-1151
61986,63218,1232,0,GE-Phase,stroke,61691,62699,1008,713,0.579,295,519
61986,63218,1232,0,GE-Phase,retraction,62699,64369,1670,519,0.421,-713,-1151
63218,63490,272,0,GE-Phrase,226,61392,64369,2977,272,1.0,1826,-879
63218,63490,272,0,GE-Phase,retraction,62699,64369,1670,272,1.0,519,-879
138040,139167,1127,0,GE-Phrase,254,137516,139540,2024,1127,1.0,524,-373
138040,139167,1127,0,GE-Phase,stroke,137917,138451,534,411,0.365,123,716
138040,139167,1127,0,GE-Phase,retraction,138451,139540,1089,716,0.635,-411,-373
3480,4837,1357,0,GE-Phrase,201,2987,4043,1056,563,0.415,493,794
3480,4837,1357,0,GE-Phrase,202,4043,6740,2697,794,0.585,-563,-1903
3480,4837,1357,0,GE-Phase,stroke,3473,4043,570,563,0.415,7,794
3480,4837,1357,0,GE-Phase,preparation,4043,4966,923,794,0.585,-563,-129
5391,7021,1630,0,GE-Phrase,202,4043,6740,2697,1349,0.828,1348,281
5391,7021,1630,0,GE-Phase,stroke,4966,6126,1160,735,0.451,425,895
5391,7021,1630,0,GE-Phase,retraction,6126,6740,614,614,0.377,-735,281
7441,8980,1539,0,GE-Phrase,203,7703,9547,1844,1277,0.83,-262,-567
7441,8980,1539,0,GE-Phase,preparation,7703,8514,811,811,0.527,-262,466
7441,8980,1539,0,GE-Phase,stroke,8514,9547,1033,466,0.303,-1073,-567
8980,9906,926,0,GE-Phrase,203,7703,9547,1844,567,0.612,1277,359
8980,9906,926,0,GE-Phrase,204,9547,12780,3233,359,0.388,-567,-2874
8980,9906,926,0,GE-Phase,stroke,8514,9547,1033,567,0.612,466,359
8980,9906,926,0,GE-Phase,stroke,9547,10299,752,359,0.388,-567,-393
61986,63218,1232,0,GE-Phrase,226,61392,64369,2977,1232,1.0,594,-1151
61986,63218,1232,0,GE-Phase,stroke,61691,62699,1008,713,0.579,295,519
61986,63218,1232,0,GE-Phase,retraction,62699,64369,1670,519,0.421,-713,-1151
63218,63490,272,0,GE-Phrase,226,61392,64369,2977,272,1.0,1826,-879
63218,63490,272,0,GE-Phase,retraction,62699,64369,1670,272,1.0,519,-879
138040,139167,1127,0,GE-Phrase,254,137516,139540,2024,1127,1.0,524,-373
138040,139167,1127,0,GE-Phase,stroke,137917,138451,534,411,0.365,123,716
138040,139167,1127,0,GE-Phase,retraction,138451,139540,1089,716,0.635,-411,-373
3480,4837,1357,0,GE-Phrase,201,2987,4043,1056,563,0.415,493,794
3480,4837,1357,0,GE-Phrase,202,4043,6740,2697,794,0.585,-563,-1903
3480,4837,1357,0,GE-Phase,stroke,3473,4043,570,563,0.415,7,794
3480,4837,1357,0,GE-Phase,preparation,4043,4966,923,794,0.585,-563,-129
5391,7021,1630,0,GE-Phrase,202,4043,6740,2697,1349,0.828,1348,281
5391,7021,1630,0,GE-Phase,stroke,4966,6126,1160,735,0.451,425,895
5391,7021,1630,0,GE-Phase,retraction,6126,6740,614,614,0.377,-735,281
7441,8980,1539,0,GE-Phrase,203,7703,9547,1844,1277,0.83,-262,-567
7441,8980,1539,0,GE-Phase,preparation,7703,8514,811,811,0.527,-262,466
7441,8980,1539,0,GE-Phase,stroke,8514,9547,1033,466,0.303,-1073,-567
8980,9906,926,0,GE-Phrase,203,7703,9547,1844,567,0.612,1277,359
8980,9906,926,0,GE-Phrase,204,9547,12780,3233,359,0.388,-567,-2874
8980,9906,926,0,GE-Phase,stroke,8514,9547,1033,567,0.612,466,359
8980,9906,926,0,GE-Phase,stroke,9547,10299,752,359,0.388,-567,-393
61986,63218,1232,0,GE-Phrase,226,61392,64369,2977,1232,1.0,594,-1151
61986,63218,1232,0,GE-Phase,stroke,61691,62699,1008,713,0.579,295,519
61986,63218,1232,0,GE-Phase,retraction,62699,64369,1670,519,0.421,-713,-1151
63218,63490,272,0,GE-Phrase,226,61392,64369,2977,272,1.0,1826,-879
63218,63490,272,0,GE-Phase,retraction,62699,64369,1670,272,1.0,519,-879
138040,139167,1127,0,GE-Phrase,254,137516,139540,2024,1127,1.0,524,-373
138040,139167,1127,0,GE-Phase,stroke,137917,138451,534,411,0.365,123,716
138040,139167,1127,0,GE-Phase,retraction,138451,139540,1089,716,0.635,-411,-373
3480,4837,1357,0,GE-Phrase,201,2987,4043,1056,563,0.415,493,794
3480,4837,1357,0,GE-Phrase,202,4043,6740,2697,794,0.585,-563,-1903
3480,4837,1357,0,GE-Phase,stroke,3473,4043,570,563,0.415,7,794
3480,4837,1357,0,GE-Phase,preparation,4043,4966,923,794,0.585,-563,-129
5391,7021,1630,0,GE-Phrase,202,4043,6740,2697,1349,0.828,1348,281
5391,7021,1630,0,GE-Phase,stroke,4966,6126,1160,735,0.451,425,895
5391,7021,1630,0,GE-Phase,retraction,6126,6740,614,614,0.377,-735,281
7441,8980,1539,0,GE-Phrase,203,7703,9547,1844,1277,0.83,-262,-567
7441,8980,1539,0,GE-Phase,preparation,7703,8514,811,811,0.527,-262,466
7441,8980,1539,0,GE-Phase,stroke,8514,9547,1033,466,0.303,-1073,-567
8980,9906,926,0,GE-Phrase,203,7703,9547,1844,567,0.612,1277,359
8980,9906,926,0,GE-Phrase,204,9547,12780,3233,359,0.388,-567,-2874
8980,9906,926,0,GE-Phase,stroke,8514,9547,1033,567,0.612,466,359
8980,9906,926,0,GE-Phase,stroke,9547,10299,752,359,0.388,-567,-393
61986,63218,1232,0,GE-Phrase,226,61392,64369,2977,1232,1.0,594,-1151
61986,63218,1232,0,GE-Phase,stroke,61691,62699,1008,713,0.579,295,519
61986,63218,1232,0,GE-Phase,retraction,62699,64369,1670,519,0.421,-713,-1151
63218,63490,272,0,GE-Phrase,226,61392,64369,2977,272,1.0,1826,-879
63218,63490,272,0,GE-Phase,retraction,62699,64369,1670,272,1.0,519,-879
138040,139167,1127,0,GE-Phrase,254,137516,139540,2024,1127,1.0,524,-373
138040,139167,1127,0,GE-Phase,stroke,137917,138451,534,411,0.365,123,716
138040,139167,1127,0,GE-Phase,retraction,138451,139540,1089,716,0.635,-411,-373
3480,4837,1357,0,GE-Phrase,201,2987,4043,1056,563,0.415,493,794
3480,4837,1357,0,GE-Phrase,202,4043,6740,2697,794,0.585,-563,-1903
3480,4837,1357,0,GE-Phase,stroke,3473,4043,570,563,0.415,7,794
3480,4837,1357,0,GE-Phase,preparation,4043,4966,923,794,0.585,-563,-129
5391,7021,1630,0,GE-Phrase,202,4043,6740,2697,1349,0.828,1348,281
5391,7021,1630,0,GE-Phase,stroke,4966,6126,1160,735,0.451,425,895
5391,7021,1630,0,GE-Phase,retraction,6126,6740,614,614,0.377,-735,281
7441,8980,1539,0,GE-Phrase,203,7703,9547,1844,1277,0.83,-262,-567
7441,8980,1539,0,GE-Phase,preparation,7703,8514,811,811,0.527,-262,466
7441,8980,1539,0,GE-Phase,stroke,8514,9547,1033,466,0.303,-1073,-567
8980,9906,926,0,GE-Phrase,203,7703,9547,1844,567,0.612,1277,359
8980,9906,926,0,GE-Phrase,204,9547,12780,3233,359,0.388,-567,-2874
8980,9906,926,0,GE-Phase,stroke,8514,9547,1033,567,0.612,466,359
8980,9906,926,0,GE-Phase,stroke,9547,10299,752,359,0.388,-567,-393
61986,63218,1232,0,GE-Phrase,226,61392,64369,2977,1232,1.0,594,-1151
61986,63218,1232,0,GE-Phase,stroke,61691,62699,1008,713,0.579,295,519
61986,63218,1232,0,GE-Phase,retraction,62699,64369,1670,519,0.421,-713,-1151
63218,63490,272,0,GE-Phrase,226,61392,64369,2977,272,1.0,1826,-879
63218,63490,272,0,GE-Phase,retraction,62699,64369,1670,272,1.0,519,-879
138040,139167,1127,0,GE-Phrase,254,137516,139540,2024,1127,1.0,524,-373
138040,139167,1127,0,GE-Phase,stroke,137917,138451,534,411,0.365,123,716
138040,139167,1127,0,GE-Phase,retraction,138451,139540,1089,716,0.635,-411,-373
3480,4837,1357,0,GE-Phrase,201,2987,4043,1056,563,0.415,493,794
3480,4837,1357,0,GE-Phrase,202,4043,6740,2697,794,0.585,-563,-1903
3480,4837,1357,0,GE-Phase,stroke,3473,4043,570,563,0.415,7,794
3480,4837,1357,0,GE-Phase,preparation,4043,4966,923,794,0.585,-563,-129
5391,7021,1630,0,GE-Phrase,202,4043,6740,2697,1349,0.828,1348,281
5391,7021,1630,0,GE-Phase,stroke,4966,6126,1160,735,0.451,425,895
5391,7021,1630,0,GE-Phase,retraction,6126,6740,614,614,0.377,-735,281
7441,8980,1539,0,GE-Phrase,203,7703,9547,1844,1277,0.83,-262,-567
7441,8980,1539,0,GE-Phase,preparation,7703,8514,811,811,0.527,-262,466
7441,8980,1539,0,GE-Phase,stroke,8514,9547,1033,466,0.303,-1073,-567
8980,9906,926,0,GE-Phrase,203,7703,9547,1844,567,0.612,1277,359
8980,9906,926,0,GE-Phrase,204,9547,12780,3233,359,0.388,-567,-2874
8980,9906,926,0,GE-Phase,stroke,8514,9547,1033,567,0.612,466,359
8980,9906,926,0,GE-Phase,stroke,9547,10299,752,359,0.388,-567,-393
61986,63218,1232,0,GE-Phrase,226,61392,64369,2977,1232,1.0,594,-1151
61986,63218,1232,0,GE-Phase,stroke,61691,62699,1008,713,0.579,295,519
61986,63218,1232,0,GE-Phase,retraction,62699,64369,1670,519,0.421,-713,-1151
63218,63490,272,0,GE-Phrase,226,61392,64369,2977,272,1.0,1826,-879
63218,63490,272,0,GE-Phase,retraction,62699,64369,1670,272,1.0,519,-879
138040,139167,1127,0,GE-Phrase,254,137516,139540,2024,1127,1.0,524,-373
138040,139167,1127,0,GE-Phase,stroke,137917,138451,534,411,0.365,123,716
138040,139167,1127,0,GE-Phase,retraction,138451,139540,1089,716,0.635,-411,-373
3480,4837,1357,0,GE-Phrase,201,2987,4043,1056,563,0.415,493,794
3480,4837,1357,0,GE-Phrase,202,4043,6740,2697,794,0.585,-563,-1903
3480,4837,1357,0,GE-Phase,stroke,3473,4043,570,563,0.415,7,794
3480,4837,1357,0,GE-Phase,preparation,4043,4966,923,794,0.585,-563,-129
5391,7021,1630,0,GE-Phrase,202,4043,6740,2697,1349,0.828,1348,281
5391,7021,1630,0,GE-Phase,stroke,4966,6126,1160,735,0.451,425,895
5391,7021,1630,0,GE-Phase,retraction,6126,6740,614,614,0.377,-735,281
7441,8980,1539,0,GE-Phrase,203,7703,9547,1844,1277,0.83,-262,-567
7441,8980,1539,0,GE-Phase,preparation,7703,8514,811,811,0.527,-262,466
7441,8980,1539,0,GE-Phase,stroke,8514,9547,1033,466,0.303,-1073,-567
8980,9906,926,0,GE-Phrase,203,7703,9547,1844,567,0.612,1277,359
8980,9906,926,0,GE-Phrase,204,9547,12780,3233,359,0.388,-567,-2874
8980,9906,926,0,GE-Phase,stroke,8514,9547,1033,567,0.612,466,359
8980,9906,926,0,GE-Phase,stroke,9547,10299,752,359,0.388,-567,-393
61986,63218,1232,0,GE-Phrase,226,61392,64369,2977,1232,1.0,594,-1151
61986,63218,1232,0,GE-Phase,stroke,61691,62699,1008,713,0.579,295,519
61986,63218,1232,0,GE-Phase,retraction,62699,64369,1670,519,0.421,-713,-1151
63218,63490,272,0,GE-Phrase,226,61392,64369,2977,272,1.0,1826,-879
63218,63490,272,0,GE-Phase,retraction,62699,64369,1670,272,1.0,519,-879
138040,139167,1127,0,GE-Phrase,254,137516,139540,2024,1127,1.0,524,-373
138040,139167,1127,0,GE-Phase,stroke,137917,138451,534,411,0.365,123,716
138040,139167,1127,0,GE-Phase,retraction,138451,139540,1089,716,0.635,-411,-373
3480,4837,1357,0,GE-Phrase,201,2987,4043,1056,563,0.415,493,794
3480,4837,1357,0,GE-Phrase,202,4043,6740,2697,794,0.585,-563,-1903
3480,4837,1357,0,GE-Phase,stroke,3473,4043,570,563,0.415,7,794
3480,4837,1357,0,GE-Phase,preparation,4043,4966,923,794,0.585,-563,-129
5391,7021,1630,0,GE-Phrase,202,4043,6740,2697,1349,0.828,1348,281
5391,7021,1630,0,GE-Phase,stroke,4966,6126,1160,735,0.451,425,895
5391,7021,1630,0,GE-Phase,retraction,6126,6740,614,614,0.377,-735,281
7441,8980,1539,0,GE-Phrase,203,7703,9547,1844,1277,0.83,-262,-567
7441,8980,1539,0,GE-Phase,preparation,7703,8514,811,811,0.527,-262,466
7441,8980,1539,0,GE-Phase,stroke,8514,9547,1033,466,0.303,-1073,-567
8980,9906,926,0,GE-Phrase,203,7703,9547,1844,567,0.612,1277,359
8980,9906,926,0,GE-Phrase,204,9547,12780,3233,359,0.388,-567,-2874
8980,9906,926,0,GE-Phase,stroke,8514,9547,1033,567,0.612,466,359
8980,9906,926,0,GE-Phase,stroke,9547,10299,752,359,0.388,-567,-393
61986,63218,1232,0,GE-Phrase,226,61392,64369,2977,1232,1.0,594,-1151
61986,63218,1232,0,GE-Phase,stroke,61691,62699,1008,713,0.579,295,519
61986,63218,1232,0,GE-Phase,retraction,62699,64369,1670,519,0.421,-713,-1151
63218,63490,272,0,GE-Phrase,226,61392,64369,2977,272,1.0,1826,-879
63218,63490,272,0,GE-Phase,retraction,62699,64369,1670,272,1.0,519,-879
138040,139167,1127,0,GE-Phrase,254,137516,139540,2024,1127,1.0,524,-373
138040,139167,1127,0,GE-Phase,stroke,137917,138451,534,411,0.365,123,716
138040,139167,1127,0,GE-Phase,retraction,138451,139540,1089,716,0.635,-411,-373
3480,4837,1357,0,GE-Phrase,201,2987,4043,1056,563,0.415,493,794
3480,4837,1357,0,GE-Phrase,202,4043,6740,2697,794,0.585,-563,-1903
3480,4837,1357,0,GE-Phase,stroke,3473,4043,570,563,0.415,7,794
3480,4837,1357,0,GE-Phase,preparation,4043,4966,923,794,0.585,-563,-129
5391,7021,1630,0,GE-Phrase,202,4043,6740,2697,1349,0.828,1348,281
5391,7021,1630,0,GE-Phase,stroke,4966,6126,1160,735,0.451,425,895
5391,7021,1630,0,GE-Phase,retraction,6126,6740,614,614,0.377,-735,281
7441,8980,1539,0,GE-Phrase,203,7703,9547,1844,1277,0.83,-262,-567
7441,8980,1539,0,GE-Phase,preparation,7703,8514,811,811,0.527,-262,466
7441,8980,1539,0,GE-Phase,stroke,8514,9547,1033,466,0.303,-1073,-567
8980,9906,926,0,GE-Phrase,203,7703,9547,1844,567,0.612,1277,359
8980,9906,926,0,GE-Phrase,204,9547,12780,3233,359,0.388,-567,-2874
8980,9906,926,0,GE-Phase,stroke,8514,9547,1033,567,0.612,466,359
8980,9906,926,0,GE-Phase,stroke,9547,10299,752,359,0.388,-567,-393
61986,63218,1232,0,GE-Phrase,226,61392,64369,2977,1232,1.0,594,-1151
61986,63218,1232,0,GE-Phase,stroke,61691,62699,1008,713,0.579,295,519
61986,63218,1232,0,GE-Phase,retraction,62699,64369,1670,519,0.421,-713,-1151
63218,63490,272,0,GE-Phrase,226,61392,64369,2977,272,1.0,1826,-879
63218,63490,272,0,GE-Phase,retraction,62699,64369,1670,272,1.0,519,-879
138040,139167,1127,0,GE-Phrase,254,137516,139540,2024,1127,1.0,524,-373
138040,139167,1127,0,GE-Phase,stroke,137917,138451,534,411,0.365,123,716
138040,139167,1127,0,GE-Phase,retraction,138451,139540,1089,716,0.635,-411,-373
3480,4837,1357,0,GE-Phrase,201,2987,4043,1056,563,0.415,493,794
3480,4837,1357,0,GE-Phrase,202,4043,6740,2697,794,0.585,-563,-1903
3480,4837,1357,0,GE-Phase,stroke,3473,4043,570,563,0.415,7,794
3480,4837,1357,0,GE-Phase,preparation,4043,4966,923,794,0.585,-563,-129
5391,7021,1630,0,GE-Phrase,202,4043,6740,2697,1349,0.828,1348,281
5391,7021,1630,0,GE-Phase,stroke,4966,6126,1160,735,0.451,425,895
5391,7021,1630,0,GE-Phase,retraction,6126,6740,614,614,0.377,-735,281
7441,8980,1539,0,GE-Phrase,203,7703,9547,1844,1277,0.83,-262,-567
7441,8980,1539,0,GE-Phase,preparation,7703,8514,811,811,0.527,-262,466
7441,8980,1539,0,GE-Phase,stroke,8514,9547,1033,466,0.303,-1073,-567
8980,9906,926,0,GE-Phrase,203,7703,9547,1844,567,0.612,1277,359
8980,9906,926,0,GE-Phrase,204,9547,12780,3233,359,0.388,-567,-2874
8980,9906,926,0,GE-Phase,stroke,8514,9547,1033,567,0.612,466,359
8980,9906,926,0,GE-Phase,stroke,9547,10299,752,359,0.388,-567,-393
61986,63218,1232,0,GE-Phrase,226,61392,64369,2977,1232,1.0,594,-1151
61986,63218,1232,0,GE-Phase,stroke,61691,62699,1008,713,0.579,295,519
61986,63218,1232,0,GE-Phase,retraction,62699,64369,1670,519,0.421,-713,-1151
63218,63490,272,0,GE-Phrase,226,61392,64369,2977,272,1.0,1826,-879
63218,63490,272,0,GE-Phase,retraction,62699,64369,1670,272,1.0,519,-879
138040,139167,1127,0,GE-Phrase,254,137516,139540,2024,1127,1.0,524,-373
138040,139167,1127,0,GE-Phase,stroke,137917,138451,534,411,0.365,123,716
138040,139167,1127,0,GE-Phase,retraction,138451,139540,1089,716,0.635,-411,-373
3480,4837,1357,0,GE-Phrase,201,2987,4043,1056,563,0.415,493,794
3480,4837,1357,0,GE-Phrase,202,4043,6740,2697,794,0.585,-563,-1903
3480,4837,1357,0,GE-Phase,stroke,3473,4043,570,563,0.415,7,794
3480,4837,1357,0,GE-Phase,preparation,4043,4966,923,794,0.585,-563,-129
5391,7021,1630,0,GE-Phrase,202,4043,6740,2697,1349,0.828,1348,281
5391,7021,1630,0,GE-Phase,stroke,4966,6126,1160,735,0.451,425,895
5391,7021,1630,0,GE-Phase,retraction,6126,6740,614,614,0.377,-735,281
7441,8980,1539,0,GE-Phrase,203,7703,9547,1844,1277,0.83,-262,-567
7441,8980,1539,0,GE-Phase,preparation,7703,8514,811,811,0.527,-262,466
7441,8980,1539,0,GE-Phase,stroke,8514,9547,1033,466,0.303,-1073,-567
8980,9906,926,0,GE-Phrase,203,7703,9547,1844,567,0.612,1277,359
8980,9906,926,0,GE-Phrase,204,9547,12780,3233,359,0.388,-567,-2874
8980,9906,926,0,GE-Phase,stroke,8514,9547,1033,567,0.612,466,359
8980,9906,926,0,GE-Phase,stroke,9547,10299,752,359,0.388,-567,-393
61986,63218,1232,0,GE-Phrase,226,61392,64369,2977,1232,1.0,594,-1151
61986,63218,1232,0,GE-Phase,stroke,61691,62699,1008,713,0.579,295,519
61986,63218,1232,0,GE-Phase,retraction,62699,64369,1670,519,0.421,-713,-1151
63218,63490,272,0,GE-Phrase,226,61392,64369,2977,272,1.0,1826,-879
63218,63490,272,0,GE-Phase,retraction,62699,64369,1670,272,1.0,519,-879
138040,139167,1127,0,GE-Phrase,254,137516,139540,2024,1127,1.0,524,-373
138040,139167,1127,0,GE-Phase,stroke,137917,138451,534,411,0.365,123,716
138040,139167,1127,0,GE-Phase,retraction,138451,139540,1089,716,0.635,-411,-373
3480,4837,1357,0,GE-Phrase,201,2987,4043,1056,563,0.415,493,794
3480,4837,1357,0,GE-Phrase,202,4043,6740,2697,794,0.585,-563,-1903
3480,4837,1357,0,GE-Phase,stroke,3473,4043,570,563,0.415,7,794
3480,4837,1357,0,GE-Phase,preparation,4043,4966,923,794,0.585,-563,-129
5391,7021,1630,0,GE-Phrase,202,4043,6740,2697,1349,0.828,1348,281
5391,7021,1630,0,GE-Phase,stroke,4966,6126,1160,735,0.451,425,895
5391,7021,1630,0,GE-Phase,retraction,6126,6740,614,614,0.377,-735,281
7441,8980,1539,0,GE-Phrase,203,7703,9547,1844,1277,0.83,-262,-567
7441,8980,1539,0,GE-Phase,preparation,7703,8514,811,811,0.527,-262,466
7441,8980,1539,0,GE-Phase,stroke,8514,9547,1033,466,0.303,-1073,-567
8980,9906,926,0,GE-Phrase,203,7703,9547,1844,567,0.612,1277,359
8980,9906,926,0,GE-Phrase,204,9547,12780,3233,359,0.388,-567,-2874
8980,9906,926,0,GE-Phase,stroke,8514,9547,1033,567,0.612,466,359
8980,9906,926,0,GE-Phase,stroke,9547,10299,752,359,0.388,-567,-393
61986,63218,1232,0,GE-Phrase,226,61392,64369,2977,1232,1.0,594,-1151
61986,63218,1232,0,GE-Phase,stroke,61691,62699,1008,713,0.579,295,519
61986,63218,1232,0,GE-Phase,retraction,62699,64369,1670,519,0.421,-713,-1151
63218,63490,272,0,GE-Phrase,226,61392,64369,2977,272,1.0,1826,-879
63218,63490,272,0,GE-Phase,retraction,62699,64369,1670,272,1.0,519,-879
138040,139167,1127,0,GE-Phrase,254,137516,139540,2024,1127,1.0,524,-373
138040,139167,1127,0,GE-Phase,stroke,137917,138451,534,411,0.365,123,716
138040,139167,1127,0,GE-Phase,retraction,138451,139540,1089,716,0.635,-411,-373
3480,4837,1357,0,GE-Phrase,201,2987,4043,1056,563,0.415,493,794
3480,4837,1357,0,GE-Phrase,202,4043,6740,2697,794,0.585,-563,-1903
3480,4837,1357,0,GE-Phase,stroke,3473,4043,570,563,0.415,7,794
3480,4837,1357,0,GE-Phase,preparation,4043,4966,923,794,0.585,-563,-129
5391,7021,1630,0,GE-Phrase,202,4043,6740,2697,1349,0.828,1348,281
5391,7021,1630,0,GE-Phase,stroke,4966,6126,1160,735,0.451,425,895
5391,7021,1630,0,GE-Phase,retraction,6126,6740,614,614,0.377,-735,281
7441,8980,1539,0,GE-Phrase,203,7703,9547,1844,1277,0.83,-262,-567
7441,8980,1539,0,GE-Phase,preparation,7703,8514,811,811,0.527,-262,466
7441,8980,1539,0,GE-Phase,stroke,8514,9547,1033,466,0.303,-1073,-567
8980,9906,926,0,GE-Phrase,203,7703,9547,1844,567,0.612,1277,359
8980,9906,926,0,GE-Phrase,204,9547,12780,3233,359,0.388,-567,-2874
8980,9906,926,0,GE-Phase,stroke,8514,9547,1033,567,0.612,466,359
8980,9906,926,0,GE-Phase,stroke,9547,10299,752,359,0.388,-567,-393
61986,63218,1232,0,GE-Phrase,226,61392,64369,2977,1232,1.0,594,-1151
61986,63218,1232,0,GE-Phase,stroke,61691,62699,1008,713,0.579,295,519
61986,63218,1232,0,GE-Phase,retraction,62699,64369,1670,519,0.421,-713,-1151
63218,63490,272,0,GE-Phrase,226,61392,64369,2977,272,1.0,1826,-879
63218,63490,272,0,GE-Phase,retraction,62699,64369,1670,272,1.0,519,-879
138040,139167,1127,0,GE-Phrase,254,137516,139540,2024,1127,1.0,524,-373
138040,139167,1127,0,GE-Phase,stroke,137917,138451,534,411,0.365,123,716
138040,139167,1127,0,GE-Phase,retraction,138451,139540,1089,716,0.635,-411,-373
3480,4837,1357,0,GE-Phrase,201,2987,4043,1056,563,0.415,493,794
3480,4837,1357,0,GE-Phrase,202,4043,6740,2697,794,0.585,-563,-1903
3480,4837,1357,0,GE-Phase,stroke,3473,4043,570,563,0.415,7,794
3480,4837,1357,0,GE-Phase,preparation,4043,4966,923,794,0.585,-563,-129
5391,7021,1630,0,GE-Phrase,202,4043,6740,2697,1349,0.828,1348,281
5391,7021,1630,0,GE-Phase,stroke,4966,6126,1160,735,0.451,425,895
5391,7021,1630,0,GE-Phase,retraction,6126,6740,614,614,0.377,-735,281
7441,8980,1539,0,GE-Phrase,203,7703,9547,1844,1277,0.83,-262,-567
7441,8980,1539,0,GE-Phase,preparation,7703,8514,811,811,0.527,-262,466
7441,8980,1539,0,GE-Phase,stroke,8514,9547,1033,466,0.303,-1073,-567
8980,9906,926,0,GE-Phrase,203,7703,9547,1844,567,0.612,1277,359
8980,9906,926,0,GE-Phrase,204,9547,12780,3233,359,0.388,-567,-2874
8980,9906,926,0,GE-Phase,stroke,8514,9547,1033,567,0.612,466,359
8980,9906,926,0,GE-Phase,stroke,9547,10299,752,359,0.388,-567,-393
61986,63218,1232,0,GE-Phrase,226,61392,64369,2977,1232,1.0,594,-1151
61986,63218,1232,0,GE-Phase,stroke,61691,62699,1008,713,0.579,295,519
61986,63218,1232,0,GE-Phase,retraction,62699,64369,1670,519,0.421,-713,-1151
63218,63490,272,0,GE-Phrase,226,61392,64369,2977,272,1.0,1826,-879
63218,63490,272,0,GE-Phase,retraction,62699,64369,1670,272,1.0,519,-879
138040,139167,1127,0,GE-Phrase,254,137516,139540,2024,1127,1.0,524,-373
138040,139167,1127,0,GE-Phase,stroke,137917,138451,534,411,0.365,123,716
138040,139167,1127,0,GE-Phase,retraction,138451,139540,1089,716,0.635,-411,-373
3480,4837,1357,0,GE-Phrase,201,2987,4043,1056,563,0.415,493,794
3480,4837,1357,0,GE-Phrase,202,4043,6740,2697,794,0.585,-563,-1903
3480,4837,1357,0,GE-Phase,stroke,3473,4043,570,563,0.415,7,794
3480,4837,1357,0,GE-Phase,preparation,4043,4966,923,794,0.585,-563,-129
5391,7021,1630,0,GE-Phrase,202,4043,6740,2697,1349,0.828,1348,281
5391,7021,1630,0,GE-Phase,stroke,4966,6126,1160,735,0.451,425,895
5391,7021,1630,0,GE-Phase,retraction,6126,6740,614,614,0.377,-735,281
7441,8980,1539,0,GE-Phrase,203,7703,9547,1844,1277,0.83,-262,-567
7441,8980,1539,0,GE-Phase,preparation,7703,8514,811,811,0.527,-262,466
7441,8980,1539,0,GE-Phase,stroke,8514,9547,1033,466,0.303,-1073,-567
8980,9906,926,0,GE-Phrase,203,7703,9547,1844,567,0.612,1277,359
8980,9906,926,0,GE-Phrase,204,9547,12780,3233,359,0.388,-567,-2874
8980,9906,926,0,GE-Phase,stroke,8514,9547,1033,567,0.612,466,359
8980,9906,926,0,GE-Phase,stroke,9547,10299,752,359,0.388,-567,-393
61986,63218,1232,0,GE-Phrase,226,61392,64369,2977,1232,1.0,594,-1151
61986,63218,1232,0,GE-Phase,stroke,61691,62699,1008,713,0.579,295,519
61986,63218,1232,0,GE-Phase,retraction,62699,64369,1670,519,0.421,-713,-1151
63218,63490,272,0,GE-Phrase,226,61392,64369,2977,272,1.0,1826,-879
63218,63490,272,0,GE-Phase,retraction,62699,64369,1670,272,1.0,519,-879
138040,139167,1127,0,GE-Phrase,254,137516,139540,2024,1127,1.0,524,-373
138040,139167,1127,0,GE-Phase,stroke,137917,138451,534,411,0.365,123,716
138040,139167,1127,0,GE-Phase,retraction,138451,139540,1089,716,0.635,-411,-373
3480,4837,1357,0,GE-Phrase,201,2987,4043,1056,563,0.415,493,794
3480,4837,1357,0,GE-Phrase,202,4043,6740,2697,794,0.585,-563,-1903
3480,4837,1357,0,GE-Phase,stroke,3473,4043,570,563,0.415,7,794
3480,4837,1357,0,GE-Phase,preparation,4043,4966,923,794,0.585,-563,-129
5391,7021,1630,0,GE-Phrase,202,4043,6740,2697,1349,0.828,1348,281
5391,7021,1630,0,GE-Phase,stroke,4966,6126,1160,735,0.451,425,895
5391,7021,1630,0,GE-Phase,retraction,6126,6740,614,614,0.377,-735,281
7441,8980,1539,0,GE-Phrase,203,7703,9547,1844,1277,0.83,-262,-567
7441,8980,1539,0,GE-Phase,preparation,7703,8514,811,811,0.527,-262,466
7441,8980,1539,0,GE-Phase,stroke,8514,9547,1033,466,0.303,-1073,-567
8980,9906,926,0,GE-Phrase,203,7703,9547,1844,567,0.612,1277,359
8980,9906,926,0,GE-Phrase,204,9547,12780,3233,359,0.388,-567,-2874
8980,9906,926,0,GE-Phase,stroke,8514,9547,1033,567,0.612,466,359
8980,9906,926,0,GE-Phase,stroke,9547,10299,752,359,0.388,-567,-393
61986,63218,1232,0,GE-Phrase,226,61392,64369,2977,1232,1.0,594,-1151
61986,63218,1232,0,GE-Phase,stroke,61691,62699,1008,713,0.579,295,519
61986,63218,1232,0,GE-Phase,retraction,62699,64369,1670,519,0.421,-713,-1151
63218,63490,272,0,GE-Phrase,226,61392,64369,2977,272,1.0,1826,-879
63218,63490,272,0,GE-Phase,retraction,62699,64369,1670,272,1.0,519,-879
138040,139167,1127,0,GE-Phrase,254,137516,139540,2024,1127,1.0,524,-373
138040,139167,1127,0,GE-Phase,stroke,137917,138451,534,411,0.365,123,716
138040,139167,1127,0,GE-Phase,retraction,138451,139540,1089,716,0.635,-411,-373
3480,4837,1357,0,GE-Phrase,201,2987,4043,1056,563,0.415,493,794
3480,4837,1357,0,GE-Phrase,202,4043,6740,2697,794,0.585,-563,-1903
3480,4837,1357,0,GE-Phase,stroke,3473,4043,570,563,0.415,7,794
3480,4837,1357,0,GE-Phase,preparation,4043,4966,923,794,0.585,-563,-129
5391,7021,1630,0,GE-Phrase,202,4043,6740,2697,1349,0.828,1348,281
5391,7021,1630,0,GE-Phase,stroke,4966,6126,1160,735,0.451,425,895
5391,7021,1630,0,GE-Phase,retraction,6126,6740,614,614,0.377,-735,281
7441,8980,1539,0,GE-Phrase,203,7703,9547,1844,1277,0.83,-262,-567
7441,8980,1539,0,GE-Phase,preparation,7703,8514,811,811,0.527,-262,466
7441,8980,1539,0,GE-Phase,stroke,8514,9547,1033,466,0.303,-1073,-567
8980,9906,926,0,GE-Phrase,203,7703,9547,1844,567,0.612,1277,359
8980,9906,926,0,GE-Phrase,204,9547,12780,3233,359,0.388,-567,-2874
8980,9906,926,0,GE-Phase,stroke,8514,9547,1033,567,0.612,466,359
8980,9906,926,0,GE-Phase,stroke,9547,10299,752,359,0.388,-567,-393
61986,63218,1232,0,GE-Phrase,226,61392,64369,2977,1232,1.0,594,-1151
61986,63218,1232,0,GE-Phase,stroke,61691,62699,1008,713,0.579,295,519
61986,63218,1232,0,GE-Phase,retraction,62699,64369,1670,519,0.421,-713,-1151
63218,63490,272,0,GE-Phrase,226,61392,64369,2977,272,1.0,1826,-879
63218,63490,272,0,GE-Phase,retraction,62699,64369,1670,272,1.0,519,-879
138040,139167,1127,0,GE-Phrase,254,137516,139540,2024,1127,1.0,524,-373
138040,139167,1127,0,GE-Phase,stroke,137917,138451,534,411,0.365,123,716
138040,139167,1127,0,GE-Phase,retraction,138451,139540,1089,716,0.635,-411,-373
3480,4837,1357,0,GE-Phrase,201,2987,4043,1056,563,0.415,493,794
3480,4837,1357,0,GE-Phrase,202,4043,6740,2697,794,0.585,-563,-1903
3480,4837,1357,0,GE-Phase,stroke,3473,4043,570,563,0.415,7,794
3480,4837,1357,0,GE-Phase,preparation,4043,4966,923,794,0.585,-563,-129
5391,7021,1630,0,GE-Phrase,202,4043,6740,2697,1349,0.828,1348,281
5391,7021,1630,0,GE-Phase,stroke,4966,6126,1160,735,0.451,425,895
5391,7021,1630,0,GE-Phase,retraction,6126,6740,614,614,0.377,-735,281
7441,8980,1539,0,GE-Phrase,203,7703,9547,1844,1277,0.83,-262,-567
7441,8980,1539,0,GE-Phase,preparation,7703,8514,811,811,0.527,-262,466
7441,8980,1539,0,GE-Phase,stroke,8514,9547,1033,466,0.303,-1073,-567
8980,9906,926,0,GE-Phrase,203,7703,9547,1844,567,0.612,1277,359
8980,9906,926,0,GE-Phrase,204,9547,12780,3233,359,0.388,-567,-2874
8980,9906,926,0,GE-Phase,stroke,8514,9547,1033,567,0.612,466,359
8980,9906,926,0,GE-Phase,stroke,9547,10299,752,359,0.388,-567,-393
61986,63218,1232,0,GE-Phrase,226,61392,64369,2977,1232,1.0,594,-1151
61986,63218,1232,0,GE-Phase,stroke,61691,62699,1008,713,0.579,295,519
61986,63218,1232,0,GE-Phase,retraction,62699,64369,1670,519,0.421,-713,-1151
63218,63490,272,0,GE-Phrase,226,61392,64369,2977,272,1.0,1826,-879
63218,63490,272,0,GE-Phase,retraction,62699,64369,1670,272,1.0,519,-879
138040,139167,1127,0,GE-Phrase,254,137516,139540,2024,1127,1.0,524,-373
138040,139167,1127,0,GE-Phase,stroke,137917,138451,534,411,0.365,123,716
138040,139167,1127,0,GE-Phase,retraction,138451,139540,1089,716,0.635,-411,-373
3480,4837,1357,0,GE-Phrase,201,2987,4043,1056,563,0.415,493,794
3480,4837,1357,0,GE-Phrase,202,4043,6740,2697,794,0.585,-563,-1903
3480,4837,1357,0,GE-Phase,stroke,3473,4043,570,563,0.415,7,794
3480,4837,1357,0,GE-Phase,preparation,4043,4966,923,794,0.585,-563,-129
5391,7021,1630,0,GE-Phrase,202,4043,6740,2697,1349,0.828,1348,281
5391,7021,1630,0,GE-Phase,stroke,4966,6126,1160,735,0.451,425,895
5391,7021,1630,0,GE-Phase,retraction,6126,6740,614,614,0.377,-735,281
7441,8980,1539,0,GE-Phrase,203,7703,9547,1844,1277,0.83,-262,-567
7441,8980,1539,0,GE-Phase,preparation,7703,8514,811,811,0.527,-262,466
7441,8980,1539,0,GE-Phase,stroke,8514,9547,1033,466,0.303,-1073,-567
8980,9906,926,0,GE-Phrase,203,7703,9547,1844,567,0.612,1277,359
8980,9906,926,0,GE-Phrase,204,9547,12780,3233,359,0.388,-567,-2874
8980,9906,926,0,GE-Phase,stroke,8514,9547,1033,567,0.612,466,359
8980,9906,926,0,GE-Phase,stroke,9547,10299,752,359,0.388,-567,-393
61986,63218,1232,0,GE-Phrase,226,61392,64369,2977,1232,1.0,594,-1151
61986,63218,1232,0,GE-Phase,stroke,61691,62699,1008,713,0.579,295,519
61986,63218,1232,0,GE-Phase,retraction,62699,64369,1670,519,0.421,-713,-1151
63218,63490,272,0,GE-Phrase,226,61392,64369,2977,272,1.0,1826,-879
63218,63490,272,0,GE-Phase,retraction,62699,64369,1670,272,1.0,519,-879
138040,139167,1127,0,GE-Phrase,254,137516,139540,2024,1127,1.0,524,-373
138040,139167,1127,0,GE-Phase,stroke,137917,138451,534,411,0.365,123,716
138040,139167,1127,0,GE-Phase,retraction,138451,139540,1089,716,0.635,-411,-373
3480,4837,1357,0,GE-Phrase,201,2987,4043,1056,563,0.415,493,794
3480,4837,1357,0,GE-Phrase,202,4043,6740,2697,794,0.585,-563,-1903
3480,4837,1357,0,GE-Phase,stroke,3473,4043,570,563,0.415,7,794
3480,4837,1357,0,GE-Phase,preparation,4043,4966,923,794,0.585,-563,-129
5391,7021,1630,0,GE-Phrase,202,4043,6740,2697,1349,0.828,1348,281
5391,7021,1630,0,GE-Phase,stroke,4966,6126,1160,735,0.451,425,895
5391,7021,1630,0,GE-Phase,retraction,6126,6740,614,614,0.377,-735,281
7441,8980,1539,0,GE-Phrase,203,7703,9547,1844,1277,0.83,-262,-567
7441,8980,1539,0,GE-Phase,preparation,7703,8514,811,811,0.527,-262,466
7441,8980,1539,0,GE-Phase,stroke,8514,9547,1033,466,0.303,-1073,-567
8980,9906,926,0,GE-Phrase,203,7703,9547,1844,567,0.612,1277,359
8980,9906,926,0,GE-Phrase,204,9547,12780,3233,359,0.388,-567,-2874
8980,9906,926,0,GE-Phase,stroke,8514,9547,1033,567,0.612,466,359
8980,9906,926,0,GE-Phase,stroke,9547,10299,752,359,0.388,-567,-393
61986,63218,1232,0,GE-Phrase,226,61392,64369,2977,1232,1.0,594,-1151
61986,63218,1232,0,GE-Phase,stroke,61691,62699,1008,713,0.579,295,519
61986,63218,1232,0,GE-Phase,retraction,62699,64369,1670,519,0.421,-713,-1151
63218,63490,272,0,GE-Phrase,226,61392,64369,2977,272,1.0,1826,-879
63218,63490,272,0,GE-Phase,retraction,62699,64369,1670,272,1.0,519,-879
138040,139167,1127,0,GE-Phrase,254,137516,139540,2024,1127,1.0,524,-373
138040,139167,1127,0,GE-Phase,stroke,137917,138451,534,411,0.365,123,716
138040,139167,1127,0,GE-Phase,retraction,138451,139540,1089,716,0.635,-411,-373
3480,4837,1357,0,GE-Phrase,201,2987,4043,1056,563,0.415,493,794
3480,4837,1357,0,GE-Phrase,202,4043,6740,2697,794,0.585,-563,-1903
3480,4837,1357,0,GE-Phase,stroke,3473,4043,570,563,0.415,7,794
3480,4837,1357,0,GE-Phase,preparation,4043,4966,923,794,0.585,-563,-129
5391,7021,1630,0,GE-Phrase,202,4043,6740,2697,1349,0.828,1348,281
5391,7021,1630,0,GE-Phase,stroke,4966,6126,1160,735,0.451,425,895
5391,7021,1630,0,GE-Phase,retraction,6126,6740,614,614,0.377,-735,281
7441,8980,1539,0,GE-Phrase,203,7703,9547,1844,1277,0.83,-262,-567
7441,8980,1539,0,GE-Phase,preparation,7703,8514,811,811,0.527,-262,466
7441,8980,1539,0,GE-Phase,stroke,8514,9547,1033,466,0.303,-1073,-567
8980,9906,926,0,GE-Phrase,203,7703,9547,1844,567,0.612,1277,359
8980,9906,926,0,GE-Phrase,204,9547,12780,3233,359,0.388,-567,-2874
8980,9906,926,0,GE-Phase,stroke,8514,9547,1033,567,0.612,466,359
8980,9906,926,0,GE-Phase,stroke,9547,10299,752,359,0.388,-567,-393
61986,63218,1232,0,GE-Phrase,226,61392,64369,2977,1232,1.0,594,-1151
61986,63218,1232,0,GE-Phase,stroke,61691,62699,1008,713,0.579,295,519
61986,63218,1232,0,GE-Phase,retraction,62699,64369,1670,519,0.421,-713,-1151
63218,63490,272,0,GE-Phrase,226,61392,64369,2977,272,1.0,1826,-879
63218,63490,272,0,GE-Phase,retraction,62699,64369,1670,272,1.0,519,-879
138040,139167,1127,0,GE-Phrase,254,137516,139540,2024,1127,1.0,524,-373
138040,139167,1127,0,GE-Phase,stroke,137917,138451,534,411,0.365,123,716
138040,139167,1127,0,GE-Phase,retraction,138451,139540,1089,716,0.635,-411,-373
3480,4837,1357,0,GE-Phrase,201,2987,4043,1056,563,0.415,493,794
3480,4837,1357,0,GE-Phrase,202,4043,6740,2697,794,0.585,-563,-1903
3480,4837,1357,0,GE-Phase,stroke,3473,4043,570,563,0.415,7,794
3480,4837,1357,0,GE-Phase,preparation,4043,4966,923,794,0.585,-563,-129
5391,7021,1630,0,GE-Phrase,202,4043,6740,2697,1349,0.828,1348,281
5391,7021,1630,0,GE-Phase,stroke,4966,6126,1160,735,0.451,425,895
5391,7021,1630,0,GE-Phase,retraction,6126,6740,614,614,0.377,-735,281
7441,8980,1539,0,GE-Phrase,203,7703,9547,1844,1277,0.83,-262,-567
7441,8980,1539,0,GE-Phase,preparation,7703,8514,811,811,0.527,-262,466
7441,8980,1539,0,GE-Phase,stroke,8514,9547,1033,466,0.303,-1073,-567
8980,9906,926,0,GE-Phrase,203,7703,9547,1844,567,0.612,1277,359
8980,9906,926,0,GE-Phrase,204,9547,12780,3233,359,0.388,-567,-2874
8980,9906,926,0,GE-Phase,stroke,8514,9547,1033,567,0.612,466,359
8980,9906,926,0,GE-Phase,stroke,9547,10299,752,359,0.388,-567,-393
61986,63218,1232,0,GE-Phrase,226,61392,64369,2977,1232,1.0,594,-1151
61986,63218,1232,0,GE-Phase,stroke,61691,62699,1008,713,0.579,295,519
61986,63218,1232,0,GE-Phase,retraction,62699,64369,1670,519,0.421,-713,-1151
63218,63490,272,0,GE-Phrase,226,61392,64369,2977,272,1.0,1826,-879
63218,63490,272,0,GE-Phase,retraction,62699,64369,1670,272,1.0,519,-879
138040,139167,1127,0,GE-Phrase,254,137516,139540,2024,1127,1.0,524,-373
138040,139167,1127,0,GE-Phase,stroke,137917,138451,534,411,0.365,123,716
138040,139167,1127,0,GE-Phase,retraction,138451,139540,1089,716,0.635,-411,-373
3480,4837,1357,0,GE-Phrase,201,2987,4043,1056,563,0.415,493,794
3480,4837,1357,0,GE-Phrase,202,4043,6740,2697,794,0.585,-563,-1903
3480,4837,1357,0,GE-Phase,stroke,3473,4043,570,563,0.415,7,794
3480,4837,1357,0,GE-Phase,preparation,4043,4966,923,794,0.585,-563,-129
5391,7021,1630,0,GE-Phrase,202,4043,6740,2697,1349,0.828,1348,281
5391,7021,1630,0,GE-Phase,stroke,4966,6126,1160,735,0.451,425,895
5391,7021,1630,0,GE-Phase,retraction,6126,6740,614,614,0.377,-735,281
7441,8980,1539,0,GE-Phrase,203,7703,9547,1844,1277,0.83,-262,-567
7441,8980,1539,0,GE-Phase,preparation,7703,8514,811,811,0.527,-262,466
7441,8980,1539,0,GE-Phase,stroke,8514,9547,1033,466,0.303,-1073,-567
8980,9906,926,0,GE-Phrase,203,7703,9547,1844,567,0.612,1277,359
8980,9906,926,0,GE-Phrase,204,9547,12780,3233,359,0.388,-567,-2874
8980,9906,926,0,GE-Phase,stroke,8514,9547,1033,567,0.612,466,359
8980,9906,926,0,GE-Phase,stroke,9547,10299,752,359,0.388,-567,-393
61986,63218,1232,0,GE-Phrase,226,61392,64369,2977,1232,1.0,594,-1151
61986,63218,1232,0,GE-Phase,stroke,61691,62699,1008,713,0.579,295,519
61986,63218,1232,0,GE-Phase,retraction,62699,64369,1670,519,0.421,-713,-1151
63218,63490,272,0,GE-Phrase,226,61392,64369,2977,272,1.0,1826,-879
63218,63490,272,0,GE-Phase,retraction,62699,64369,1670,272,1.0,519,-879
138040,139167,1127,0,GE-Phrase,254,137516,139540,2024,1127,1.0,524,-373
138040,139167,1127,0,GE-Phase,stroke,137917,138451,534,411,0.365,123,716
138040,139167,1127,0,GE-Phase,retraction,138451,139540,1089,716,0.635,-411,-373
3480,4837,1357,0,GE-Phrase,201,2987,4043,1056,563,0.415,493,794
3480,4837,1357,0,GE-Phrase,202,4043,6740,2697,794,0.585,-563,-1903
3480,4837,1357,0,GE-Phase,stroke,3473,4043,570,563,0.415,7,794
3480,4837,1357,0,GE-Phase,preparation,4043,4966,923,794,0.585,-563,-129
5391,7021,1630,0,GE-Phrase,202,4043,6740,2697,1349,0.828,1348,281
5391,7021,1630,0,GE-Phase,stroke,4966,6126,1160,735,0.451,425,895
5391,7021,1630,0,GE-Phase,retraction,6126,6740,614,614,0.377,-735,281
7441,8980,1539,0,GE-Phrase,203,7703,9547,1844,1277,0.83,-262,-567
7441,8980,1539,0,GE-Phase,preparation,7703,8514,811,811,0.527,-262,466
7441,8980,1539,0,GE-Phase,stroke,8514,9547,1033,466,0.303,-1073,-567
8980,9906,926,0,GE-Phrase,203,7703,9547,1844,567,0.612,1277,359
8980,9906,926,0,GE-Phrase,204,9547,12780,3233,359,0.388,-567,-2874
8980,9906,926,0,GE-Phase,stroke,8514,9547,1033,567,0.612,466,359
8980,9906,926,0,GE-Phase,stroke,9547,10299,752,359,0.388,-567,-393
61986,63218,1232,0,GE-Phrase,226,61392,64369,2977,1232,1.0,594,-1151
61986,63218,1232,0,GE-Phase,stroke,61691,62699,1008,713,0.579,295,519
61986,63218,1232,0,GE-Phase,retraction,62699,64369,1670,519,0.421,-713,-1151
63218,63490,272,0,GE-Phrase,226,61392,64369,2977,272,1.0,1826,-879
63218,63490,272,0,GE-Phase,retraction,62699,64369,1670,272,1.0,519,-879
138040,139167,1127,0,GE-Phrase,254,137516,139540,2024,1127,1.0,524,-373
138040,139167,1127,0,GE-Phase,stroke,137917,138451,534,411,0.365,123,716
138040,139167,1127,0,GE-Phase,retraction,138451,139540,1089,716,0.635,-411,-373
3480,4837,1357,0,GE-Phrase,201,2987,4043,1056,563,0.415,493,794
3480,4837,1357,0,GE-Phrase,202,4043,6740,2697,794,0.585,-563,-1903
3480,4837,1357,0,GE-Phase,stroke,3473,4043,570,563,0.415,7,794
3480,4837,1357,0,GE-Phase,preparation,4043,4966,923,794,0.585,-563,-129
5391,7021,1630,0,GE-Phrase,202,4043,6740,2697,1349,0.828,1348,281
5391,7021,1630,0,GE-Phase,stroke,4966,6126,1160,735,0.451,425,895
5391,7021,1630,0,GE-Phase,retraction,6126,6740,614,614,0.377,-735,281
7441,8980,1539,0,GE-Phrase,203,7703,9547,1844,1277,0.83,-262,-567
7441,8980,1539,0,GE-Phase,preparation,7703,8514,811,811,0.527,-262,466
7441,8980,1539,0,GE-Phase,stroke,8514,9547,1033,466,0.303,-1073,-567
8980,9906,926,0,GE-Phrase,203,7703,9547,1844,567,0.612,1277,359
8980,9906,926,0,GE-Phrase,204,9547,12780,3233,359,0.388,-567,-2874
8980,9906,926,0,GE-Phase,stroke,8514,9547,1033,567,0.612,466,359
8980,9906,926,0,GE-Phase,stroke,9547,10299,752,359,0.388,-567,-393
61986,63218,1232,0,GE-Phrase,226,61392,64369,2977,1232,1.0,594,-1151
61986,63218,1232,0,GE-Phase,stroke,61691,62699,1008,713,0.579,295,519
61986,63218,1232,0,GE-Phase,retraction,62699,64369,1670,519,0.421,-713,-1151
63218,63490,272,0,GE-Phrase,226,61392,64369,2977,272,1.0,1826,-879
63218,63490,272,0,GE-Phase,retraction,62699,64369,1670,272,1.0,519,-879
138040,139167,1127,0,GE-Phrase,254,137516,139540,2024,1127,1.0,524,-373
138040,139167,1127,0,GE-Phase,stroke,137917,138451,534,411,0.365,123,716
138040,139167,1127,0,GE-Phase,retraction,138451,139540,1089,716,0.635,-411,-373
3480,4837,1357,0,GE-Phrase,201,2987,4043,1056,563,0.415,493,794
3480,4837,1357,0,GE-Phrase,202,4043,6740,2697,794,0.585,-563,-1903
3480,4837,1357,0,GE-Phase,stroke,3473,4043,570,563,0.415,7,794
3480,4837,1357,0,GE-Phase,preparation,4043,4966,923,794,0.585,-563,-129
5391,7021,1630,0,GE-Phrase,202,4043,6740,2697,1349,0.828,1348,281
5391,7021,1630,0,GE-Phase,stroke,4966,6126,1160,735,0.451,425,895
5391,7021,1630,0,GE-Phase,retraction,6126,6740,614,614,0.377,-735,281
7441,8980,1539,0,GE-Phrase,203,7703,9547,1844,1277,0.83,-262,-567
7441,8980,1539,0,GE-Phase,preparation,7703,8514,811,811,0.527,-262,466
7441,8980,1539,0,GE-Phase,stroke,8514,9547,1033,466,0.303,-1073,-567
8980,9906,926,0,GE-Phrase,203,7703,9547,1844,567,0.612,1277,359
8980,9906,926,0,GE-Phrase,204,9547,12780,3233,359,0.388,-567,-2874
8980,9906,926,0,GE-Phase,stroke,8514,9547,1033,567,0.612,466,359
8980,9906,926,0,GE-Phase,stroke,9547,10299,752,359,0.388,-567,-393
61986,63218,1232,0,GE-Phrase,226,61392,64369,2977,1232,1.0,594,-1151
61986,63218,1232,0,GE-Phase,stroke,61691,62699,1008,713,0.579,295,519
61986,63218,1232,0,GE-Phase,retraction,62699,64369,1670,519,0.421,-713,-1151
63218,63490,272,0,GE-Phrase,226,61392,64369,2977,272,1.0,1826,-879
63218,63490,272,0,GE-Phase,retraction,62699,64369,1670,272,1.0,519,-879
138040,139167,1127,0,GE-Phrase,254,137516,139540,2024,1127,1.0,524,-373
138040,139167,1127,0,GE-Phase,stroke,137917,138451,534,411,0.365,123,716
138040,139167,1127,0,GE-Phase,retraction,138451,139540,1089,716,0.635,-411,-373
3480,4837,1357,0,GE-Phrase,201,2987,4043,1056,563,0.415,493,794
3480,4837,1357,0,GE-Phrase,202,4043,6740,2697,794,0.585,-563,-1903
3480,4837,1357,0,GE-Phase,stroke,3473,4043,570,563,0.415,7,794
3480,4837,1357,0,GE-Phase,preparation,4043,4966,923,794,0.585,-563,-129
5391,7021,1630,0,GE-Phrase,202,4043,6740,2697,1349,0.828,1348,281
5391,7021,1630,0,GE-Phase,stroke,4966,6126,1160,735,0.451,425,895
5391,7021,1630,0,GE-Phase,retraction,6126,6740,614,614,0.377,-735,281
7441,8980,1539,0,GE-Phrase,203,7703,9547,1844,1277,0.83,-262,-567
7441,8980,1539,0,GE-Phase,preparation,7703,8514,811,811,0.527,-262,466
7441,8980,1539,0,GE-Phase,stroke,8514,9547,1033,466,0.303,-1073,-567
8980,9906,926,0,GE-Phrase,203,7703,9547,1844,567,0.612,1277,359
8980,9906,926,0,GE-Phrase,204,9547,12780,3233,359,0.388,-567,-2874
8980,9906,926,0,GE-Phase,stroke,8514,9547,1033,567,0.612,466,359
8980,9906,926,0,GE-Phase,stroke,9547,10299,752,359,0.388,-567,-393
61986,63218,1232,0,GE-Phrase,226,61392,64369,2977,1232,1.0,594,-1151
61986,63218,1232,0,GE-Phase,stroke,61691,62699,1008,713,0.579,295,519
61986,63218,1232,0,GE-Phase,retraction,62699,64369,1670,519,0.421,-713,-1151
63218,63490,272,0,GE-Phrase,226,61392,64369,2977,272,1.0,1826,-879
63218,63490,272,0,GE-Phase,retraction,62699,64369,1670,272,1.0,519,-879
138040,139167,1127,0,GE-Phrase,254,137516,139540,2024,1127,1.0,524,-373
138040,139167,1127,0,GE-Phase,stroke,137917,138451,534,411,0.365,123,716
138040,139167,1127,0,GE-Phase,retraction,138451,139540,1089,716,0.635,-411,-373
3480,4837,1357,0,GE-Phrase,201,2987,4043,1056,563,0.415,493,794
3480,4837,1357,0,GE-Phrase,202,4043,6740,2697,794,0.585,-563,-1903
3480,4837,1357,0,GE-Phase,stroke,3473,4043,570,563,0.415,7,794
3480,4837,1357,0,GE-Phase,preparation,4043,4966,923,794,0.585,-563,-129
5391,7021,1630,0,GE-Phrase,202,4043,6740,2697,1349,0.828,1348,281
5391,7021,1630,0,GE-Phase,stroke,4966,6126,1160,735,0.451,425,895
5391,7021,1630,0,GE-Phase,retraction,6126,6740,614,614,0.377,-735,281
7441,8980,1539,0,GE-Phrase,203,7703,9547,1844,1277,0.83,-262,-567
7441,8980,1539,0,GE-Phase,preparation,7703,8514,811,811,0.527,-262,466
7441,8980,1539,0,GE-Phase,stroke,8514,9547,1033,466,0.303,-1073,-567
8980,9906,926,0,GE-Phrase,203,7703,9547,1844,567,0.612,1277,359
8980,9906,926,0,GE-Phrase,204,9547,12780,3233,359,0.388,-567,-2874
8980,9906,926,0,GE-Phase,stroke,8514,9547,1033,567,0.612,466,359
8980,9906,926,0,GE-Phase,stroke,9547,10299,752,359,0.388,-567,-393
61986,63218,1232,0,GE-Phrase,226,61392,64369,2977,1232,1.0,594,-1151
61986,63218,1232,0,GE-Phase,stroke,61691,62699,1008,713,0.579,295,519
61986,63218,1232,0,GE-Phase,retraction,62699,64369,1670,519,0.421,-713,-1151
63218,63490,272,0,GE-Phrase,226,61392,64369,2977,272,1.0,1826,-879
63218,63490,272,0,GE-Phase,retraction,62699,64369,1670,272,1.0,519,-879
138040,139167,1127,0,GE-Phrase,254,137516,139540,2024,1127,1.0,524,-373
138040,139167,1127,0,GE-Phase,stroke,137917,138451,534,411,0.365,123,716
138040,139167,1127,0,GE-Phase,retraction,138451,139540,1089,716,0.635,-411,-373
3480,4837,1357,0,GE-Phrase,201,2987,4043,1056,563,0.415,493,794
3480,4837,1357,0,GE-Phrase,202,4043,6740,2697,794,0.585,-563,-1903
3480,4837,1357,0,GE-Phase,stroke,3473,4043,570,563,0.415,7,794
3480,4837,1357,0,GE-Phase,preparation,4043,4966,923,794,0.585,-563,-129
5391,7021,1630,0,GE-Phrase,202,4043,6740,2697,1349,0.828,1348,281
5391,7021,1630,0,GE-Phase,stroke,4966,6126,1160,735,0.451,425,895
5391,7021,1630,0,GE-Phase,retraction,6126,6740,614,614,0.377,-735,281
7441,8980,1539,0,GE-Phrase,203,7703,9547,1844,1277,0.83,-262,-567
7441,8980,1539,0,GE-Phase,preparation,7703,8514,811,811,0.527,-262,466
7441,8980,1539,0,GE-Phase,stroke,8514,9547,1033,466,0.303,-1073,-567
8980,9906,926,0,GE-Phrase,203,7703,9547,1844,567,0.612,1277,359
8980,9906,926,0,GE-Phrase,204,9547,12780,3233,359,0.388,-567,-2874
8980,9906,926,0,GE-Phase,stroke,8514,9547,1033,567,0.612,466,359
8980,9906,926,0,GE-Phase,stroke,9547,10299,752,359,0.388,-567,-393
61986,63218,1232,0,GE-Phrase,226,61392,64369,2977,1232,1.0,594,-1151
61986,63218,1232,0,GE-Phase,stroke,61691,62699,1008,713,0.579,295,519
61986,63218,1232,0,GE-Phase,retraction,62699,64369,1670,519,0.421,-713,-1151
63218,63490,272,0,GE-Phrase,226,61392,64369,2977,272,1.0,1826,-879
63218,63490,272,0,GE-Phase,retraction,62699,64369,1670,272,1.0,519,-879
138040,139167,1127,0,GE-Phrase,254,137516,139540,2024,1127,1.0,524,-373
138040,139167,1127,0,GE-Phase,stroke,137917,138451,534,411,0.365,123,716
138040,139167,1127,0,GE-Phase,retraction,138451,139540,1089,716,0.635,-411,-373
3480,4837,1357,0,GE-Phrase,201,2987,4043,1056,563,0.415,493,794
3480,4837,1357,0,GE-Phrase,202,4043,6740,2697,794,0.585,-563,-1903
3480,4837,1357,0,GE-Phase,stroke,3473,4043,570,563,0.415,7,794
3480,4837,1357,0,GE-Phase,preparation,4043,4966,923,794,0.585,-563,-129
5391,7021,1630,0,GE-Phrase,202,4043,6740,2697,1349,0.828,1348,281
5391,7021,1630,0,GE-Phase,stroke,4966,6126,1160,735,0.451,425,895
5391,7021,1630,0,GE-Phase,retraction,6126,6740,614,614,0.377,-735,281
7441,8980,1539,0,GE-Phrase,203,7703,9547,1844,1277,0.83,-262,-567
7441,8980,1539,0,GE-Phase,preparation,7703,8514,811,811,0.527,-262,466
7441,8980,1539,0,GE-Phase,stroke,8514,9547,1033,466,0.303,-1073,-567
8980,9906,926,0,GE-Phrase,203,7703,9547,1844,567,0.612,1277,359
8980,9906,926,0,GE-Phrase,204,9547,12780,3233,359,0.388,-567,-2874
8980,9906,926,0,GE-Phase,stroke,8514,9547,1033,567,0.612,466,359
8980,9906,926,0,GE-Phase,stroke,9547,10299,752,359,0.388,-567,-393
61986,63218,1232,0,GE-Phrase,226,61392,64369,2977,1232,1.0,594,-1151
61986,63218,1232,0,GE-Phase,stroke,61691,62699,1008,713,0.579,295,519
61986,63218,1232,0,GE-Phase,retraction,62699,64369,1670,519,0.421,-713,-1151
63218,63490,272,0,GE-Phrase,226,61392,64369,2977,272,1.0,1826,-879
63218,63490,272,0,GE-Phase,retraction,62699,64369,1670,272,1.0,519,-879
138040,139167,1127,0,GE-Phrase,254,137516,139540,2024,1127,1.0,524,-373
138040,139167,1127,0,GE-Phase,stroke,137917,138451,534,411,0.365,123,716
138040,139167,1127,0,GE-Phase,retraction,138451,139540,1089,716,0.635,-411,-373
3480,4837,1357,0,GE-Phrase,201,2987,4043,1056,563,0.415,493,794
3480,4837,1357,0,GE-Phrase,202,4043,6740,2697,794,0.585,-563,-1903
3480,4837,1357,0,GE-Phase,stroke,3473,4043,570,563,0.415,7,794
3480,4837,1357,0,GE-Phase,preparation,4043,4966,923,794,0.585,-563,-129
5391,7021,1630,0,GE-Phrase,202,4043,6740,2697,1349,0.828,1348,281
5391,7021,1630,0,GE-Phase,stroke,4966,6126,1160,735,0.451,425,895
5391,7021,1630,0,GE-Phase,retraction,6126,6740,614,614,0.377,-735,281
7441,8980,1539,0,GE-Phrase,203,7703,9547,1844,1277,0.83,-262,-567
7441,8980,1539,0,GE-Phase,preparation,7703,8514,811,811,0.527,-262,466
7441,8980,1539,0,GE-Phase,stroke,8514,9547,1033,466,0.303,-1073,-567
8980,9906,926,0,GE-Phrase,203,7703,9547,1844,567,0.612,1277,359
8980,9906,926,0,GE-Phrase,204,9547,12780,3233,359,0.388,-567,-2874
8980,9906,926,0,GE-Phase,stroke,8514,9547,1033,567,0.612,466,359
8980,9906,926,0,GE-Phase,stroke,9547,10299,752,359,0.388,-567,-393
61986,63218,1232,0,GE-Phrase,226,61392,64369,2977,1232,1.0,594,-1151
61986,63218,1232,0,GE-Phase,stroke,61691,62699,1008,713,0.579,295,519
61986,63218,1232,0,GE-Phase,retraction,62699,64369,1670,519,0.421,-713,-1151
63218,63490,272,0,GE-Phrase,226,61392,64369,2977,272,1.0,1826,-879
63218,63490,272,0,GE-Phase,retraction,62699,64369,1670,272,1.0,519,-879
138040,139167,1127,0,GE-Phrase,254,137516,139540,2024,1127,1.0,524,-373
138040,139167,1127,0,GE-Phase,stroke,137917,138451,534,411,0.365,123,716
138040,139167,1127,0,GE-Phase,retraction,138451,139540,1089,716,0.635,-411,-373
3480,4837,1357,0,GE-Phrase,201,2987,4043,1056,563,0.415,493,794
3480,4837,1357,0,GE-Phrase,202,4043,6740,2697,794,0.585,-563,-1903
3480,4837,1357,0,GE-Phase,stroke,3473,4043,570,563,0.415,7,794
3480,4837,1357,0,GE-Phase,preparation,4043,4966,923,794,0.585,-563,-129
5391,7021,1630,0,GE-Phrase,202,4043,6740,2697,1349,0.828,1348,281
5391,7021,1630,0,GE-Phase,stroke,4966,6126,1160,735,0.451,425,895
5391,7021,1630,0,GE-Phase,retraction,6126,6740,614,614,0.377,-735,281
7441,8980,1539,0,GE-Phrase,203,7703,9547,1844,1277,0.83,-262,-567
7441,8980,1539,0,GE-Phase,preparation,7703,8514,811,811,0.527,-262,466
7441,8980,1539,0,GE-Phase,stroke,8514,9547,1033,466,0.303,-1073,-567
8980,9906,926,0,GE-Phrase,203,7703,9547,1844,567,0.612,1277,359
8980,9906,926,0,GE-Phrase,204,9547,12780,3233,359,0.388,-567,-2874
8980,9906,926,0,GE-Phase,stroke,8514,9547,1033,567,0.612,466,359
8980,9906,926,0,GE-Phase,stroke,9547,10299,752,359,0.388,-567,-393
61986,63218,1232,0,GE-Phrase,226,61392,64369,2977,1232,1.0,594,-1151
61986,63218,1232,0,GE-Phase,stroke,61691,62699,1008,713,0.579,295,519
61986,63218,1232,0,GE-Phase,retraction,62699,64369,1670,519,0.421,-713,-1151
63218,63490,272,0,GE-Phrase,226,61392,64369,2977,272,1.0,1826,-879
63218,63490,272,0,GE-Phase,retraction,62699,64369,1670,272,1.0,519,-879
138040,139167,1127,0,GE-Phrase,254,137516,139540,2024,1127,1.0,524,-373
138040,139167,1127,0,GE-Phase,stroke,137917,138451,534,411,0.365,123,716
138040,139167,1127,0,GE-Phase,retraction,138451,139540,1089,716,0.635,-411,-373
3480,4837,1357,0,GE-Phrase,201,2987,4043,1056,563,0.415,493,794
3480,4837,1357,0,GE-Phrase,202,4043,6740,2697,794,0.585,-563,-1903
3480,4837,1357,0,GE-Phase,stroke,3473,4043,570,563,0.415,7,794
3480,4837,1357,0,GE-Phase,preparation,4043,4966,923,794,0.585,-563,-129
5391,7021,1630,0,GE-Phrase,202,4043,6740,2697,1349,0.828,1348,281
5391,7021,1630,0,GE-Phase,stroke,4966,6126,1160,735,0.451,425,895
5391,7021,1630,0,GE-Phase,retraction,6126,6740,614,614,0.377,-735,281
7441,8980,1539,0,GE-Phrase,203,7703,9547,1844,1277,0.83,-262,-567
7441,8980,1539,0,GE-Phase,preparation,7703,8514,811,811,0.527,-262,466
7441,8980,1539,0,GE-Phase,stroke,8514,9547,1033,466,0.303,-1073,-567
8980,9906,926,0,GE-Phrase,203,7703,9547,1844,567,0.612,1277,359
8980,9906,926,0,GE-Phrase,204,9547,12780,3233,359,0.388,-567,-2874
8980,9906,926,0,GE-Phase,stroke,8514,9547,1033,567,0.612,466,359
8980,9906,926,0,GE-Phase,stroke,9547,10299,752,359,0.388,-567,-393
61986,63218,1232,0,GE-Phrase,226,61392,64369,2977,1232,1.0,594,-1151
61986,63218,1232,0,GE-Phase,stroke,61691,62699,1008,713,0.579,295,519
61986,63218,1232,0,GE-Phase,retraction,62699,64369,1670,519,0.421,-713,-1151
63218,63490,272,0,GE-Phrase,226,61392,64369,2977,272,1.0,1826,-879
63218,63490,272,0,GE-Phase,retraction,62699,64369,1670,272,1.0,519,-879
138040,139167,1127,0,GE-Phrase,254,137516,139540,2024,1127,1.0,524,-373
138040,139167,1127,0,GE-Phase,stroke,137917,138451,534,411,0.365,123,716
138040,139167,1127,0,GE-Phase,retraction,138451,139540,1089,716,0.635,-411,-373
3480,4837,1357,0,GE-Phrase,201,2987,4043,1056,563,0.415,493,794
3480,4837,1357,0,GE-Phrase,202,4043,6740,2697,794,0.585,-563,-1903
3480,4837,1357,0,GE-Phase,stroke,3473,4043,570,563,0.415,7,794
3480,4837,1357,0,GE-Phase,preparation,4043,4966,923,794,0.585,-563,-129
5391,7021,1630,0,GE-Phrase,202,4043,6740,2697,1349,0.828,1348,281
5391,7021,1630,0,GE-Phase,stroke,4966,6126,1160,735,0.451,425,895
5391,7021,1630,0,GE-Phase,retraction,6126,6740,614,614,0.377,-735,281
7441,8980,1539,0,GE-Phrase,203,7703,9547,1844,1277,0.83,-262,-567
7441,8980,1539,0,GE-Phase,preparation,7703,8514,811,811,0.527,-262,466
7441,8980,1539,0,GE-Phase,stroke,8514,9547,1033,466,0.303,-1073,-567
8980,9906,926,0,GE-Phrase,203,7703,9547,1844,567,0.612,1277,359
8980,9906,926,0,GE-Phrase,204,9547,12780,3233,359,0.388,-567,-2874
8980,9906,926,0,GE-Phase,stroke,8514,9547,1033,567,0.612,466,359
8980,9906,926,0,GE-Phase,stroke,9547,10299,752,359,0.388,-567,-393
61986,63218,1232,0,GE-Phrase,226,61392,64369,2977,1232,1.0,594,-1151
61986,63218,1232,0,GE-Phase,stroke,61691,62699,1008,713,0.579,295,519
61986,63218,1232,0,GE-Phase,retraction,62699,64369,1670,519,0.421,-713,-1151
63218,63490,272,0,GE-Phrase,226,61392,64369,2977,272,1.0,1826,-879
63218,63490,272,0,GE-Phase,retraction,62699,64369,1670,272,1.0,519,-879
138040,139167,1127,0,GE-Phrase,254,137516,139540,2024,1127,1.0,524,-373
138040,139167,1127,0,GE-Phase,stroke,137917,138451,534,411,0.365,123,716
138040,139167,1127,0,GE-Phase,retraction,138451,139540,1089,716,0.635,-411,-373
3480,4837,1357,0,GE-Phrase,201,2987,4043,1056,563,0.415,493,794
3480,4837,1357,0,GE-Phrase,202,4043,6740,2697,794,0.585,-563,-1903
3480,4837,1357,0,GE-Phase,stroke,3473,4043,570,563,0.415,7,794
3480,4837,1357,0,GE-Phase,preparation,4043,4966,923,794,0.585,-563,-129
5391,7021,1630,0,GE-Phrase,202,4043,6740,2697,1349,0.828,1348,281
5391,7021,1630,0,GE-Phase,stroke,4966,6126,1160,735,0.451,425,895
5391,7021,1630,0,GE-Phase,retraction,6126,6740,614,614,0.377,-735,281
7441,8980,1539,0,GE-Phrase,203,7703,9547,1844,1277,0.83,-262,-567
7441,8980,1539,0,GE-Phase,preparation,7703,8514,811,811,0.527,-262,466
7441,8980,1539,0,GE-Phase,stroke,8514,9547,1033,466,0.303,-1073,-567
8980,9906,926,0,GE-Phrase,203,7703,9547,1844,567,0.612,1277,359
8980,9906,926,0,GE-Phrase,204,9547,12780,3233,359,0.388,-567,-2874
8980,9906,926,0,GE-Phase,stroke,8514,9547,1033,567,0.612,466,359
8980,9906,926,0,GE-Phase,stroke,9547,10299,752,359,0.388,-567,-393
61986,63218,1232,0,GE-Phrase,226,61392,64369,2977,1232,1.0,594,-1151
61986,63218,1232,0,GE-Phase,stroke,61691,62699,1008,713,0.579,295,519
61986,63218,1232,0,GE-Phase,retraction,62699,64369,1670,519,0.421,-713,-1151
63218,63490,272,0,GE-Phrase,226,61392,64369,2977,272,1.0,1826,-879
63218,63490,272,0,GE-Phase,retraction,62699,64369,1670,272,1.0,519,-879
138040,139167,1127,0,GE-Phrase,254,137516,139540,2024,1127,1.0,524,-373
138040,139167,1127,0,GE-Phase,stroke,137917,138451,534,411,0.365,123,716
138040,139167,1127,0,GE-Phase,retraction,138451,139540,1089,716,0.635,-411,-373
3480,4837,1357,0,GE-Phrase,201,2987,4043,1056,563,0.415,493,794
3480,4837,1357,0,GE-Phrase,202,4043,6740,2697,794,0.585,-563,-1903
3480,4837,1357,0,GE-Phase,stroke,3473,4043,570,563,0.415,7,794
3480,4837,1357,0,GE-Phase,preparation,4043,4966,923,794,0.585,-563,-129
5391,7021,1630,0,GE-Phrase,202,4043,6740,2697,1349,0.828,1348,281
5391,7021,1630,0,GE-Phase,stroke,4966,6126,1160,735,0.451,425,895
5391,7021,1630,0,GE-Phase,retraction,6126,6740,614,614,0.377,-735,281
7441,8980,1539,0,GE-Phrase,203,7703,9547,1844,1277,0.83,-262,-567
7441,8980,1539,0,GE-Phase,preparation,7703,8514,811,811,0.527,-262,466
7441,8980,1539,0,GE-Phase,stroke,8514,9547,1033,466,0.303,-1073,-567
8980,9906,926,0,GE-Phrase,203,7703,9547,1844,567,0.612,1277,359
8980,9906,926,0,GE-Phrase,204,9547,12780,3233,359,0.388,-567,-2874
8980,9906,926,0,GE-Phase,stroke,8514,9547,1033,567,0.612,466,359
8980,9906,926,0,GE-Phase,stroke,9547,10299,752,359,0.388,-567,-393
61986,63218,1232,0,GE-Phrase,226,61392,64369,2977,1232,1.0,594,-1151
61986,63218,1232,0,GE-Phase,stroke,61691,62699,1008,713,0.579,295,519
61986,63218,1232,0,GE-Phase,retraction,62699,64369,1670,519,0.421,-713,-1151
63218,63490,272,0,GE-Phrase,226,61392,64369,2977,272,1.0,1826,-879
63218,63490,272,0,GE-Phase,retraction,62699,64369,1670,272,1.0,519,-879
138040,139167,1127,0,GE-Phrase,254,137516,139540,2024,1127,1.0,524,-373
138040,139167,1127,0,GE-Phase,stroke,137917,138451,534,411,0.365,123,716
138040,139167,1127,0,GE-Phase,retraction,138451,139540,1089,716,0.635,-411,-373
3480,4837,1357,0,GE-Phrase,201,2987,4043,1056,563,0.415,493,794
3480,4837,1357,0,GE-Phrase,202,4043,6740,2697,794,0.585,-563,-1903
3480,4837,1357,0,GE-Phase,stroke,3473,4043,570,563,0.415,7,794
3480,4837,1357,0,GE-Phase,preparation,4043,4966,923,794,0.585,-563,-129
5391,7021,1630,0,GE-Phrase,202,4043,6740,2697,1349,0.828,1348,281
5391,7021,1630,0,GE-Phase,stroke,4966,6126,1160,735,0.451,425,895
5391,7021,1630,0,GE-Phase,retraction,6126,6740,614,614,0.377,-735,281
7441,8980,1539,0,GE-Phrase,203,7703,9547,1844,1277,0.83,-262,-567
7441,8980,1539,0,GE-Phase,preparation,7703,8514,811,811,0.527,-262,466
7441,8980,1539,0,GE-Phase,stroke,8514,9547,1033,466,0.303,-1073,-567
8980,9906,926,0,GE-Phrase,203,7703,9547,1844,567,0.612,1277,359
8980,9906,926,0,GE-Phrase,204,9547,12780,3233,359,0.388,-567,-2874
8980,9906,926,0,GE-Phase,stroke,8514,9547,1033,567,0.612,466,359
8980,9906,926,0,GE-Phase,stroke,9547,10299,752,359,0.388,-567,-393
61986,63218,1232,0,GE-Phrase,226,61392,64369,2977,1232,1.0,594,-1151
61986,63218,1232,0,GE-Phase,stroke,61691,62699,1008,713,0.579,295,519
61986,63218,1232,0,GE-Phase,retraction,62699,64369,1670,519,0.421,-713,-1151
63218,63490,272,0,GE-Phrase,226,61392,64369,2977,272,1.0,1826,-879
63218,63490,272,0,GE-Phase,retraction,62699,64369,1670,272,1.0,519,-879
138040,139167,1127,0,GE-Phrase,254,137516,139540,2024,1127,1.0,524,-373
138040,139167,1127,0,GE-Phase,stroke,137917,138451,534,411,0.365,123,716
138040,139167,1127,0,GE-Phase,retraction,138451,139540,1089,716,0.635,-411,-373
3480,4837,1357,0,GE-Phrase,201,2987,4043,1056,563,0.415,493,794
3480,4837,1357,0,GE-Phrase,202,4043,6740,2697,794,0.585,-563,-1903
3480,4837,1357,0,GE-Phase,stroke,3473,4043,570,563,0.415,7,794
3480,4837,1357,0,GE-Phase,preparation,4043,4966,923,794,0.585,-563,-129
5391,7021,1630,0,GE-Phrase,202,4043,6740,2697,1349,0.828,1348,281
5391,7021,1630,0,GE-Phase,stroke,4966,6126,1160,735,0.451,425,895
5391,7021,1630,0,GE-Phase,retraction,6126,6740,614,614,0.377,-735,281
7441,8980,1539,0,GE-Phrase,203,7703,9547,1844,1277,0.83,-262,-567
7441,8980,1539,0,GE-Phase,preparation,7703,8514,811,811,0.527,-262,466
7441,8980,1539,0,GE-Phase,stroke,8514,9547,1033,466,0.303,-1073,-567
8980,9906,926,0,GE-Phrase,203,7703,9547,1844,567,0.612,1277,359
8980,9906,926,0,GE-Phrase,204,9547,12780,3233,359,0.388,-567,-2874
8980,9906,926,0,GE-Phase,stroke,8514,9547,1033,567,0.612,466,359
8980,9906,926,0,GE-Phase,stroke,9547,10299,752,359,0.388,-567,-393
61986,63218,1232,0,GE-Phrase,226,61392,64369,2977,1232,1.0,594,-1151
61986,63218,1232,0,GE-Phase,stroke,61691,62699,1008,713,0.579,295,519
61986,63218,1232,0,GE-Phase,retraction,62699,64369,1670,519,0.421,-713,-1151
63218,63490,272,0,GE-Phrase,226,61392,64369,2977,272,1.0,1826,-879
63218,63490,272,0,GE-Phase,retraction,62699,64369,1670,272,1.0,519,-879
138040,139167,1127,0,GE-Phrase,254,137516,139540,2024,1127,1.0,524,-373
138040,139167,1127,0,GE-Phase,stroke,137917,138451,534,411,0.365,123,716
138040,139167,1127,0,GE-Phase,retraction,138451,139540,1089,716,0.635,-411,-373
3480,4837,1357,0,GE-Phrase,201,2987,4043,1056,563,0.415,493,794
3480,4837,1357,0,GE-Phrase,202,4043,6740,2697,794,0.585,-563,-1903
3480,4837,1357,0,GE-Phase,stroke,3473,4043,570,563,0.415,7,794
3480,4837,1357,0,GE-Phase,preparation,4043,4966,923,794,0.585,-563,-129
5391,7021,1630,0,GE-Phrase,202,4043,6740,2697,1349,0.828,1348,281
5391,7021,1630,0,GE-Phase,stroke,4966,6126,1160,735,0.451,425,895
5391,7021,1630,0,GE-Phase,retraction,6126,6740,614,614,0.377,-735,281
7441,8980,1539,0,GE-Phrase,203,7703,9547,1844,1277,0.83,-262,-567
7441,8980,1539,0,GE-Phase,preparation,7703,8514,811,811,0.527,-262,466
7441,8980,1539,0,GE-Phase,stroke,8514,9547,1033,466,0.303,-1073,-567
8980,9906,926,0,GE-Phrase,203,7703,9547,1844,567,0.612,1277,359
8980,9906,926,0,GE-Phrase,204,9547,12780,3233,359,0.388,-567,-2874
8980,9906,926,0,GE-Phase,stroke,8514,9547,1033,567,0.612,466,359
8980,9906,926,0,GE-Phase,stroke,9547,10299,752,359,0.388,-567,-393
61986,63218,1232,0,GE-Phrase,226,61392,64369,2977,1232,1.0,594,-1151
61986,63218,1232,0,GE-Phase,stroke,61691,62699,1008,713,0.579,295,519
61986,63218,1232,0,GE-Phase,retraction,62699,64369,1670,519,0.421,-713,-1151
63218,63490,272,0,GE-Phrase,226,61392,64369,2977,272,1.0,1826,-879
63218,63490,272,0,GE-Phase,retraction,62699,64369,1670,272,1.0,519,-879
138040,139167,1127,0,GE-Phrase,254,137516,139540,2024,1127,1.0,524,-373
138040,139167,1127,0,GE-Phase,stroke,137917,138451,534,411,0.365,123,716
138040,139167,1127,0,GE-Phase,retraction,138451,139540,1089,716,0.635,-411,-373
3480,4837,1357,0,GE-Phrase,201,2987,4043,1056,563,0.415,493,794
3480,4837,1357,0,GE-Phrase,202,4043,6740,2697,794,0.585,-563,-1903
3480,4837,1357,0,GE-Phase,stroke,3473,4043,570,563,0.415,7,794
3480,4837,1357,0,GE-Phase,preparation,4043,4966,923,794,0.585,-563,-129
5391,7021,1630,0,GE-Phrase,202,4043,6740,2697,1349,0.828,1348,281
5391,7021,1630,0,GE-Phase,stroke,4966,6126,1160,735,0.451,425,895
5391,7021,1630,0,GE-Phase,retraction,6126,6740,614,614,0.377,-735,281
7441,8980,1539,0,GE-Phrase,203,7703,9547,1844,1277,0.83,-262,-567
7441,8980,1539,0,GE-Phase,preparation,7703,8514,811,811,0.527,-262,466
7441,8980,1539,0,GE-Phase,stroke,8514,9547,1033,466,0.303,-1073,-567
8980,9906,926,0,GE-Phrase,203,7703,9547,1844,567,0.612,1277,359
8980,9906,926,0,GE-Phrase,204,9547,12780,3233,359,0.388,-567,-2874
8980,9906,926,0,GE-Phase,stroke,8514,9547,1033,567,0.612,466,359
8980,9906,926,0,GE-Phase,stroke,9547,10299,752,359,0.388,-567,-393
61986,63218,1232,0,GE-Phrase,226,61392,64369,2977,1232,1.0,594,-1151
61986,63218,1232,0,GE-Phase,stroke,61691,62699,1008,713,0.579,295,519
61986,63218,1232,0,GE-Phase,retraction,62699,64369,1670,519,0.421,-713,-1151
63218,63490,272,0,GE-Phrase,226,61392,64369,2977,272,1.0,1826,-879
63218,63490,272,0,GE-Phase,retraction,62699,64369,1670,272,1.0,519,-879
138040,139167,1127,0,GE-Phrase,254,137516,139540,2024,1127,1.0,524,-373
138040,139167,1127,0,GE-Phase,stroke,137917,138451,534,411,0.365,123,716
138040,139167,1127,0,GE-Phase,retraction,138451,139540,1089,716,0.635,-411,-373
3480,4837,1357,0,GE-Phrase,201,2987,4043,1056,563,0.415,493,794
3480,4837,1357,0,GE-Phrase,202,4043,6740,2697,794,0.585,-563,-1903
3480,4837,1357,0,GE-Phase,stroke,3473,4043,570,563,0.415,7,794
3480,4837,1357,0,GE-Phase,preparation,4043,4966,923,794,0.585,-563,-129
5391,7021,1630,0,GE-Phrase,202,4043,6740,2697,1349,0.828,1348,281
5391,7021,1630,0,GE-Phase,stroke,4966,6126,1160,735,0.451,425,895
5391,7021,1630,0,GE-Phase,retraction,6126,6740,614,614,0.377,-735,281
7441,8980,1539,0,GE-Phrase,203,7703,9547,1844,1277,0.83,-262,-567
7441,8980,1539,0,GE-Phase,preparation,7703,8514,811,811,0.527,-262,466
7441,8980,1539,0,GE-Phase,stroke,8514,9547,1033,466,0.303,-1073,-567
8980,9906,926,0,GE-Phrase,203,7703,9547,1844,567,0.612,1277,359
8980,9906,926,0,GE-Phrase,204,9547,12780,3233,359,0.388,-567,-2874
8980,9906,926,0,GE-Phase,stroke,8514,9547,1033,567,0.612,466,359
8980,9906,926,0,GE-Phase,stroke,9547,10299,752,359,0.388,-567,-393
61986,63218,1232,0,GE-Phrase,226,61392,64369,2977,1232,1.0,594,-1151
61986,63218,1232,0,GE-Phase,stroke,61691,62699,1008,713,0.579,295,519
61986,63218,1232,0,GE-Phase,retraction,62699,64369,1670,519,0.421,-713,-1151
63218,63490,272,0,GE-Phrase,226,61392,64369,2977,272,1.0,1826,-879
63218,63490,272,0,GE-Phase,retraction,62699,64369,1670,272,1.0,519,-879
138040,139167,1127,0,GE-Phrase,254,137516,139540,2024,1127,1.0,524,-373
138040,139167,1127,0,GE-Phase,stroke,137917,138451,534,411,0.365,123,716
138040,139167,1127,0,GE-Phase,retraction,138451,139540,1089,716,0.635,-411,-373
3480,4837,1357,0,GE-Phrase,201,2987,4043,1056,563,0.415,493,794
3480,4837,1357,0,GE-Phrase,202,4043,6740,2697,794,0.585,-563,-1903
3480,4837,1357,0,GE-Phase,stroke,3473,4043,570,563,0.415,7,794
3480,4837,1357,0,GE-Phase,preparation,4043,4966,923,794,0.585,-563,-129
5391,7021,1630,0,GE-Phrase,202,4043,6740,2697,1349,0.828,1348,281
5391,7021,1630,0,GE-Phase,stroke,4966,6126,1160,735,0.451,425,895
5391,7021,1630,0,GE-Phase,retraction,6126,6740,614,614,0.377,-735,281
7441,8980,1539,0,GE-Phrase,203,7703,9547,1844,1277,0.83,-262,-567
7441,8980,1539,0,GE-Phase,preparation,7703,8514,811,811,0.527,-262,466
7441,8980,1539,0,GE-Phase,stroke,8514,9547,1033,466,0.303,-1073,-567
8980,9906,926,0,GE-Phrase,203,7703,9547,1844,567,0.612,1277,359
8980,9906,926,0,GE-Phrase,204,9547,12780,3233,359,0.388,-567,-2874
8980,9906,926,0,GE-Phase,stroke,8514,9547,1033,567,0.612,466,359
8980,9906,926,0,GE-Phase,stroke,9547,10299,752,359,0.388,-567,-393
61986,63218,1232,0,GE-Phrase,226,61392,64369,2977,1232,1.0,594,-1151
61986,63218,1232,0,GE-Phase,stroke,61691,62699,1008,713,0.579,295,519
61986,63218,1232,0,GE-Phase,retraction,62699,64369,1670,519,0.421,-713,-1151
63218,63490,272,0,GE-Phrase,226,61392,64369,2977,272,1.0,1826,-879
63218,63490,272,0,GE-Phase,retraction,62699,64369,1670,272,1.0,519,-879
138040,139167,1127,0,GE-Phrase,254,137516,139540,2024,1127,1.0,524,-373
138040,139167,1127,0,GE-Phase,stroke,137917,138451,534,411,0.365,123,716
138040,139167,1127,0,GE-Phase,retraction,138451,139540,1089,716,0.635,-411,-373
3480,4837,1357,0,GE-Phrase,201,2987,4043,1056,563,0.415,493,794
3480,4837,1357,0,GE-Phrase,202,4043,6740,2697,794,0.585,-563,-1903
3480,4837,1357,0,GE-Phase,stroke,3473,4043,570,563,0.415,7,794
3480,4837,1357,0,GE-Phase,preparation,4043,4966,923,794,0.585,-563,-129
5391,7021,1630,0,GE-Phrase,202,4043,6740,2697,1349,0.828,1348,281
5391,7021,1630,0,GE-Phase,stroke,4966,6126,1160,735,0.451,425,895
5391,7021,1630,0,GE-Phase,retraction,6126,6740,614,614,0.377,-735,281
7441,8980,1539,0,GE-Phrase,203,7703,9547,1844,1277,0.83,-262,-567
7441,8980,1539,0,GE-Phase,preparation,7703,8514,811,811,0.527,-262,466
7441,8980,1539,0,GE-Phase,stroke,8514,9547,1033,466,0.303,-1073,-567
8980,9906,926,0,GE-Phrase,203,7703,9547,1844,567,0.612,1277,359
8980,9906,926,0,GE-Phrase,204,9547,12780,3233,359,0.388,-567,-2874
8980,9906,926,0,GE-Phase,stroke,8514,9547,1033,567,0.612,466,359
8980,9906,926,0,GE-Phase,stroke,9547,10299,752,359,0.388,-567,-393
61986,63218,1232,0,GE-Phrase,226,61392,64369,2977,1232,1.0,594,-1151
61986,63218,1232,0,GE-Phase,stroke,61691,62699,1008,713,0.579,295,519
61986,63218,1232,0,GE-Phase,retraction,62699,64369,1670,519,0.421,-713,-1151
63218,63490,272,0,GE-Phrase,226,61392,64369,2977,272,1.0,1826,-879
63218,63490,272,0,GE-Phase,retraction,62699,64369,1670,272,1.0,519,-879
138040,139167,1127,0,GE-Phrase,254,137516,139540,2024,1127,1.0,524,-373
138040,139167,1127,0,GE-Phase,stroke,137917,138451,534,411,0.365,123,716
138040,139167,1127,0,GE-Phase,retraction,138451,139540,1089,716,0.635,-411,-373
3480,4837,1357,0,GE-Phrase,201,2987,4043,1056,563,0.415,493,794
3480,4837,1357,0,GE-Phrase,202,4043,6740,2697,794,0.585,-563,-1903
3480,4837,1357,0,GE-Phase,stroke,3473,4043,570,563,0.415,7,794
3480,4837,1357,0,GE-Phase,preparation,4043,4966,923,794,0.585,-563,-129
5391,7021,1630,0,GE-Phrase,202,4043,6740,2697,1349,0.828,1348,281
5391,7021,1630,0,GE-Phase,stroke,4966,6126,1160,735,0.451,425,895
5391,7021,1630,0,GE-Phase,retraction,6126,6740,614,614,0.377,-735,281
7441,8980,1539,0,GE-Phrase,203,7703,9547,1844,1277,0.83,-262,-567
7441,8980,1539,0,GE-Phase,preparation,7703,8514,811,811,0.527,-262,466
7441,8980,1539,0,GE-Phase,stroke,8514,9547,1033,466,0.303,-1073,-567
8980,9906,926,0,GE-Phrase,203,7703,9547,1844,567,0.612,1277,359
8980,9906,926,0,GE-Phrase,204,9547,12780,3233,359,0.388,-567,-2874
8980,9906,926,0,GE-Phase,stroke,8514,9547,1033,567,0.612,466,359
8980,9906,926,0,GE-Phase,stroke,9547,10299,752,359,0.388,-567,-393
61986,63218,1232,0,GE-Phrase,226,61392,64369,2977,1232,1.0,594,-1151
61986,63218,1232,0,GE-Phase,stroke,61691,62699,1008,713,0.579,295,519
61986,63218,1232,0,GE-Phase,retraction,62699,64369,1670,519,0.421,-713,-1151
63218,63490,272,0,GE-Phrase,226,61392,64369,2977,272,1.0,1826,-879
63218,63490,272,0,GE-Phase,retraction,62699,64369,1670,272,1.0,519,-879
138040,139167,1127,0,GE-Phrase,254,137516,139540,2024,1127,1.0,524,-373
138040,139167,1127,0,GE-Phase,stroke,137917,138451,534,411,0.365,123,716
138040,139167,1127,0,GE-Phase,retraction,138451,139540,1089,716,0.635,-411,-373
3480,4837,1357,0,GE-Phrase,201,2987,4043,1056,563,0.415,493,794
3480,4837,1357,0,GE-Phrase,202,4043,6740,2697,794,0.585,-563,-1903
3480,4837,1357,0,GE-Phase,stroke,3473,4043,570,563,0.415,7,794
3480,4837,1357,0,GE-Phase,preparation,4043,4966,923,794,0.585,-563,-129
5391,7021,1630,0,GE-Phrase,202,4043,6740,2697,1349,0.828,1348,281
5391,7021,1630,0,GE-Phase,stroke,4966,6126,1160,735,0.451,425,895
5391,7021,1630,0,GE-Phase,retraction,6126,6740,614,614,0.377,-735,281
7441,8980,1539,0,GE-Phrase,203,7703,9547,1844,1277,0.83,-262,-567
7441,8980,1539,0,GE-Phase,preparation,7703,8514,811,811,0.527,-262,466
7441,8980,1539,0,GE-Phase,stroke,8514,9547,1033,466,0.303,-1073,-567
8980,9906,926,0,GE-Phrase,203,7703,9547,1844,567,0.612,1277,359
8980,9906,926,0,GE-Phrase,204,9547,12780,3233,359,0.388,-567,-2874
8980,9906,926,0,GE-Phase,stroke,8514,9547,1033,567,0.612,466,359
8980,9906,926,0,GE-Phase,stroke,9547,10299,752,359,0.388,-567,-393
61986,63218,1232,0,GE-Phrase,226,61392,64369,2977,1232,1.0,594,-1151
61986,63218,1232,0,GE-Phase,stroke,61691,62699,1008,713,0.579,295,519
61986,63218,1232,0,GE-Phase,retraction,62699,64369,1670,519,0.421,-713,-1151
63218,63490,272,0,GE-Phrase,226,61392,64369,2977,272,1.0,1826,-879
63218,63490,272,0,GE-Phase,retraction,62699,64369,1670,272,1.0,519,-879
138040,139167,1127,0,GE-Phrase,254,137516,139540,2024,1127,1.0,524,-373
138040,139167,1127,0,GE-Phase,stroke,137917,138451,534,411,0.365,123,716
138040,139167,1127,0,GE-Phase,retraction,138451,139540,1089,716,0.635,-411,-373
3480,4837,1357,0,GE-Phrase,201,2987,4043,1056,563,0.415,493,794
3480,4837,1357,0,GE-Phrase,202,4043,6740,2697,794,0.585,-563,-1903
3480,4837,1357,0,GE-Phase,stroke,3473,4043,570,563,0.415,7,794
3480,4837,1357,0,GE-Phase,preparation,4043,4966,923,794,0.585,-563,-129
5391,7021,1630,0,GE-Phrase,202,4043,6740,2697,1349,0.828,1348,281
5391,7021,1630,0,GE-Phase,stroke,4966,6126,1160,735,0.451,425,895
5391,7021,1630,0,GE-Phase,retraction,6126,6740,614,614,0.377,-735,281
7441,8980,1539,0,GE-Phrase,203,7703,9547,1844,1277,0.83,-262,-567
7441,8980,1539,0,GE-Phase,preparation,7703,8514,811,811,0.527,-262,466
7441,8980,1539,0,GE-Phase,stroke,8514,9547,1033,466,0.303,-1073,-567
8980,9906,926,0,GE-Phrase,203,7703,9547,1844,567,0.612,1277,359
8980,9906,926,0,GE-Phrase,204,9547,12780,3233,359,0.388,-567,-2874
8980,9906,926,0,GE-Phase,stroke,8514,9547,1033,567,0.612,466,359
8980,9906,926,0,GE-Phase,stroke,9547,10299,752,359,0.388,-567,-393
61986,63218,1232,0,GE-Phrase,226,61392,64369,2977,1232,1.0,594,-1151
61986,63218,1232,0,GE-Phase,stroke,61691,62699,1008,713,0.579,295,519
61986,63218,1232,0,GE-Phase,retraction,62699,64369,1670,519,0.421,-713,-1151
63218,63490,272,0,GE-Phrase,226,61392,64369,2977,272,1.0,1826,-879
63218,63490,272,0,GE-Phase,retraction,62699,64369,1670,272,1.0,519,-879
138040,139167,1127,0,GE-Phrase,254,137516,139540,2024,1127,1.0,524,-373
138040,139167,1127,0,GE-Phase,stroke,137917,138451,534,411,0.365,123,716
138040,139167,1127,0,GE-Phase,retraction,138451,139540,1089,716,0.635,-411,-373
3480,4837,1357,0,GE-Phrase,201,2987,4043,1056,563,0.415,493,794
3480,4837,1357,0,GE-Phrase,202,4043,6740,2697,794,0.585,-563,-1903
3480,4837,1357,0,GE-Phase,stroke,3473,4043,570,563,0.415,7,794
3480,4837,1357,0,GE-Phase,preparation,4043,4966,923,794,0.585,-563,-129
5391,7021,1630,0,GE-Phrase,202,4043,6740,2697,1349,0.828,1348,281
5391,7021,1630,0,GE-Phase,stroke,4966,6126,1160,735,0.451,425,895
5391,7021,1630,0,GE-Phase,retraction,6126,6740,614,614,0.377,-735,281
7441,8980,1539,0,GE-Phrase,203,7703,9547,1844,1277,0.83,-262,-567
7441,8980,1539,0,GE-Phase,preparation,7703,8514,811,811,0.527,-262,466
7441,8980,1539,0,GE-Phase,stroke,8514,9547,1033,466,0.303,-1073,-567
8980,9906,926,0,GE-Phrase,203,7703,9547,1844,567,0.612,1277,359
8980,9906,926,0,GE-Phrase,204,9547,12780,3233,359,0.388,-567,-2874
8980,9906,926,0,GE-Phase,stroke,8514,9547,1033,567,0.612,466,359
8980,9906,926,0,GE-Phase,stroke,9547,10299,752,359,0.388,-567,-393
61986,63218,1232,0,GE-Phrase,226,61392,64369,2977,1232,1.0,594,-1151
61986,63218,1232,0,GE-Phase,stroke,61691,62699,1008,713,0.579,295,519
61986,63218,1232,0,GE-Phase,retraction,62699,64369,1670,519,0.421,-713,-1151
63218,63490,272,0,GE-Phrase,226,61392,64369,2977,272,1.0,1826,-879
63218,63490,272,0,GE-Phase,retraction,62699,64369,1670,272,1.0,519,-879
138040,139167,1127,0,GE-Phrase,254,137516,139540,2024,1127,1.0,524,-373
138040,139167,1127,0,GE-Phase,stroke,137917,138451,534,411,0.365,123,716
138040,139167,1127,0,GE-Phase,retraction,138451,139540,1089,716,0.635,-411,-373
3480,4837,1357,0,GE-Phrase,201,2987,4043,1056,563,0.415,493,794
3480,4837,1357,0,GE-Phrase,202,4043,6740,2697,794,0.585,-563,-1903
3480,4837,1357,0,GE-Phase,stroke,3473,4043,570,563,0.415,7,794
3480,4837,1357,0,GE-Phase,preparation,4043,4966,923,794,0.585,-563,-129
5391,7021,1630,0,GE-Phrase,202,4043,6740,2697,1349,0.828,1348,281
5391,7021,1630,0,GE-Phase,stroke,4966,6126,1160,735,0.451,425,895
5391,7021,1630,0,GE-Phase,retraction,6126,6740,614,614,0.377,-735,281
7441,8980,1539,0,GE-Phrase,203,7703,9547,1844,1277,0.83,-262,-567
7441,8980,1539,0,GE-Phase,preparation,7703,8514,811,811,0.527,-262,466
7441,8980,1539,0,GE-Phase,stroke,8514,9547,1033,466,0.303,-1073,-567
8980,9906,926,0,GE-Phrase,203,7703,9547,1844,567,0.612,1277,359
8980,9906,926,0,GE-Phrase,204,9547,12780,3233,359,0.388,-567,-2874
8980,9906,926,0,GE-Phase,stroke,8514,9547,1033,567,0.612,466,359
8980,9906,926,0,GE-Phase,stroke,9547,10299,752,359,0.388,-567,-393
61986,63218,1232,0,GE-Phrase,226,61392,64369,2977,1232,1.0,594,-1151
61986,63218,1232,0,GE-Phase,stroke,61691,62699,1008,713,0.579,295,519
61986,63218,1232,0,GE-Phase,retraction,62699,64369,1670,519,0.421,-713,-1151
63218,63490,272,0,GE-Phrase,226,61392,64369,2977,272,1.0,1826,-879
63218,63490,272,0,GE-Phase,retraction,62699,64369,1670,272,1.0,519,-879
138040,139167,1127,0,GE-Phrase,254,137516,139540,2024,1127,1.0,524,-373
138040,139167,1127,0,GE-Phase,stroke,137917,138451,534,411,0.365,123,716
138040,139167,1127,0,GE-Phase,retraction,138451,139540,1089,716,0.635,-411,-373
3480,4837,1357,0,GE-Phrase,201,2987,4043,1056,563,0.415,493,794
3480,4837,1357,0,GE-Phrase,202,4043,6740,2697,794,0.585,-563,-1903
3480,4837,1357,0,GE-Phase,stroke,3473,4043,570,563,0.415,7,794
3480,4837,1357,0,GE-Phase,preparation,4043,4966,923,794,0.585,-563,-129
5391,7021,1630,0,GE-Phrase,202,4043,6740,2697,1349,0.828,1348,281
5391,7021,1630,0,GE-Phase,stroke,4966,6126,1160,735,0.451,425,895
5391,7021,1630,0,GE-Phase,retraction,6126,6740,614,614,0.377,-735,281
7441,8980,1539,0,GE-Phrase,203,7703,9547,1844,1277,0.83,-262,-567
7441,8980,1539,0,GE-Phase,preparation,7703,8514,811,811,0.527,-262,466
7441,8980,1539,0,GE-Phase,stroke,8514,9547,1033,466,0.303,-1073,-567
8980,9906,926,0,GE-Phrase,203,7703,9547,1844,567,0.612,1277,359
8980,9906,926,0,GE-Phrase,204,9547,12780,3233,359,0.388,-567,-2874
8980,9906,926,0,GE-Phase,stroke,8514,9547,1033,567,0.612,466,359
8980,9906,926,0,GE-Phase,stroke,9547,10299,752,359,0.388,-567,-393
61986,63218,1232,0,GE-Phrase,226,61392,64369,2977,1232,1.0,594,-1151
61986,63218,1232,0,GE-Phase,stroke,61691,62699,1008,713,0.579,295,519
61986,63218,1232,0,GE-Phase,retraction,62699,64369,1670,519,0.421,-713,-1151
63218,63490,272,0,GE-Phrase,226,61392,64369,2977,272,1.0,1826,-879
63218,63490,272,0,GE-Phase,retraction,62699,64369,1670,272,1.0,519,-879
138040,139167,1127,0,GE-Phrase,254,137516,139540,2024,1127,1.0,524,-373
138040,139167,1127,0,GE-Phase,stroke,137917,138451,534,411,0.365,123,716
138040,139167,1127,0,GE-Phase,retraction,138451,139540,1089,716,0.635,-411,-373
3480,4837,1357,0,GE-Phrase,201,2987,4043,1056,563,0.415,493,794
3480,4837,1357,0,GE-Phrase,202,4043,6740,2697,794,0.585,-563,-1903
3480,4837,1357,0,GE-Phase,stroke,3473,4043,570,563,0.415,7,794
3480,4837,1357,0,GE-Phase,preparation,4043,4966,923,794,0.585,-563,-129
5391,7021,1630,0,GE-Phrase,202,4043,6740,2697,1349,0.828,1348,281
5391,7021,1630,0,GE-Phase,stroke,4966,6126,1160,735,0.451,425,895
5391,7021,1630,0,GE-Phase,retraction,6126,6740,614,614,0.377,-735,281
7441,8980,1539,0,GE-Phrase,203,7703,9547,1844,1277,0.83,-262,-567
7441,8980,1539,0,GE-Phase,preparation,7703,8514,811,811,0.527,-262,466
7441,8980,1539,0,GE-Phase,stroke,8514,9547,1033,466,0.303,-1073,-567
8980,9906,926,0,GE-Phrase,203,7703,9547,1844,567,0.612,1277,359
8980,9906,926,0,GE-Phrase,204,9547,12780,3233,359,0.388,-567,-2874
8980,9906,926,0,GE-Phase,stroke,8514,9547,1033,567,0.612,466,359
8980,9906,926,0,GE-Phase,stroke,9547,10299,752,359,0.388,-567,-393
61986,63218,1232,0,GE-Phrase,226,61392,64369,2977,1232,1.0,594,-1151
61986,63218,1232,0,GE-Phase,stroke,61691,62699,1008,713,0.579,295,519
61986,63218,1232,0,GE-Phase,retraction,62699,64369,1670,519,0.421,-713,-1151
63218,63490,272,0,GE-Phrase,226,61392,64369,2977,272,1.0,1826,-879
63218,63490,272,0,GE-Phase,retraction,62699,64369,1670,272,1.0,519,-879
138040,139167,1127,0,GE-Phrase,254,137516,139540,2024,1127,1.0,524,-373
138040,139167,1127,0,GE-Phase,stroke,137917,138451,534,411,0.365,123,716
138040,139167,1127,0,GE-Phase,retraction,138451,139540,1089,716,0.635,-411,-373
3480,4837,1357,0,GE-Phrase,201,2987,4043,1056,563,0.415,493,794
3480,4837,1357,0,GE-Phrase,202,4043,6740,2697,794,0.585,-563,-1903
3480,4837,1357,0,GE-Phase,stroke,3473,4043,570,563,0.415,7,794
3480,4837,1357,0,GE-Phase,preparation,4043,4966,923,794,0.585,-563,-129
5391,7021,1630,0,GE-Phrase,202,4043,6740,2697,1349,0.828,1348,281
5391,7021,1630,0,GE-Phase,stroke,4966,6126,1160,735,0.451,425,895
5391,7021,1630,0,GE-Phase,retraction,6126,6740,614,614,0.377,-735,281
7441,8980,1539,0,GE-Phrase,203,7703,9547,1844,1277,0.83,-262,-567
7441,8980,1539,0,GE-Phase,preparation,7703,8514,811,811,0.527,-262,466
7441,8980,1539,0,GE-Phase,stroke,8514,9547,1033,466,0.303,-1073,-567
8980,9906,926,0,GE-Phrase,203,7703,9547,1844,567,0.612,1277,359
8980,9906,926,0,GE-Phrase,204,9547,12780,3233,359,0.388,-567,-2874
8980,9906,926,0,GE-Phase,stroke,8514,9547,1033,567,0.612,466,359
8980,9906,926,0,GE-Phase,stroke,9547,10299,752,359,0.388,-567,-393
61986,63218,1232,0,GE-Phrase,226,61392,64369,2977,1232,1.0,594,-1151
61986,63218,1232,0,GE-Phase,stroke,61691,62699,1008,713,0.579,295,519
61986,63218,1232,0,GE-Phase,retraction,62699,64369,1670,519,0.421,-713,-1151
63218,63490,272,0,GE-Phrase,226,61392,64369,2977,272,1.0,1826,-879
63218,63490,272,0,GE-Phase,retraction,62699,64369,1670,272,1.0,519,-879
138040,139167,1127,0,GE-Phrase,254,137516,139540,2024,1127,1.0,524,-373
138040,139167,1127,0,GE-Phase,stroke,137917,138451,534,411,0.365,123,716
138040,139167,1127,0,GE-Phase,retraction,138451,139540,1089,716,0.635,-411,-373
3480,4837,1357,0,GE-Phrase,201,2987,4043,1056,563,0.415,493,794
3480,4837,1357,0,GE-Phrase,202,4043,6740,2697,794,0.585,-563,-1903
3480,4837,1357,0,GE-Phase,stroke,3473,4043,570,563,0.415,7,794
3480,4837,1357,0,GE-Phase,preparation,4043,4966,923,794,0.585,-563,-129
5391,7021,1630,0,GE-Phrase,202,4043,6740,2697,1349,0.828,1348,281
5391,7021,1630,0,GE-Phase,stroke,4966,6126,1160,735,0.451,425,895
5391,7021,1630,0,GE-Phase,retraction,6126,6740,614,614,0.377,-735,281
7441,8980,1539,0,GE-Phrase,203,7703,9547,1844,1277,0.83,-262,-567
7441,8980,1539,0,GE-Phase,preparation,7703,8514,811,811,0.527,-262,466
7441,8980,1539,0,GE-Phase,stroke,8514,9547,1033,466,0.303,-1073,-567
8980,9906,926,0,GE-Phrase,203,7703,9547,1844,567,0.612,1277,359
8980,9906,926,0,GE-Phrase,204,9547,12780,3233,359,0.388,-567,-2874
8980,9906,926,0,GE-Phase,stroke,8514,9547,1033,567,0.612,466,359
8980,9906,926,0,GE-Phase,stroke,9547,10299,752,359,0.388,-567,-393
61986,63218,1232,0,GE-Phrase,226,61392,64369,2977,1232,1.0,594,-1151
61986,63218,1232,0,GE-Phase,stroke,61691,62699,1008,713,0.579,295,519
61986,63218,1232,0,GE-Phase,retraction,62699,64369,1670,519,0.421,-713,-1151
63218,63490,272,0,GE-Phrase,226,61392,64369,2977,272,1.0,1826,-879
63218,63490,272,0,GE-Phase,retraction,62699,64369,1670,272,1.0,519,-879
138040,139167,1127,0,GE-Phrase,254,137516,139540,2024,1127,1.0,524,-373
138040,139167,1127,0,GE-Phase,stroke,137917,138451,534,411,0.365,123,716
138040,139167,1127,0,GE-Phase,retraction,138451,139540,1089,716,0.635,-411,-373
3480,4837,1357,0,GE-Phrase,201,2987,4043,1056,563,0.415,493,794
3480,4837,1357,0,GE-Phrase,202,4043,6740,2697,794,0.585,-563,-1903
3480,4837,1357,0,GE-Phase,stroke,3473,4043,570,563,0.415,7,794
3480,4837,1357,0,GE-Phase,preparation,4043,4966,923,794,0.585,-563,-129
5391,7021,1630,0,GE-Phrase,202,4043,6740,2697,1349,0.828,1348,281
5391,7021,1630,0,GE-Phase,stroke,4966,6126,1160,735,0.451,425,895
5391,7021,1630,0,GE-Phase,retraction,6126,6740,614,614,0.377,-735,281
7441,8980,1539,0,GE-Phrase,203,7703,9547,1844,1277,0.83,-262,-567
7441,8980,1539,0,GE-Phase,preparation,7703,8514,811,811,0.527,-262,466
7441,8980,1539,0,GE-Phase,stroke,8514,9547,1033,466,0.303,-1073,-567
8980,9906,926,0,GE-Phrase,203,7703,9547,1844,567,0.612,1277,359
8980,9906,926,0,GE-Phrase,204,9547,12780,3233,359,0.388,-567,-2874
8980,9906,926,0,GE-Phase,stroke,8514,9547,1033,567,0.612,466,359
8980,9906,926,0,GE-Phase,stroke,9547,10299,752,359,0.388,-567,-393
61986,63218,1232,0,GE-Phrase,226,61392,64369,2977,1232,1.0,594,-1151
61986,63218,1232,0,GE-Phase,stroke,61691,62699,1008,713,0.579,295,519
61986,63218,1232,0,GE-Phase,retraction,62699,64369,1670,519,0.421,-713,-1151
63218,63490,272,0,GE-Phrase,226,61392,64369,2977,272,1.0,1826,-879
63218,63490,272,0,GE-Phase,retraction,62699,64369,1670,272,1.0,519,-879
138040,139167,1127,0,GE-Phrase,254,137516,139540,2024,1127,1.0,524,-373
138040,139167,1127,0,GE-Phase,stroke,137917,138451,534,411,0.365,123,716
138040,139167,1127,0,GE-Phase,retraction,138451,139540,1089,716,0.635,-411,-373
3480,4837,1357,0,GE-Phrase,201,2987,4043,1056,563,0.415,493,794
3480,4837,1357,0,GE-Phrase,202,4043,6740,2697,794,0.585,-563,-1903
3480,4837,1357,0,GE-Phase,stroke,3473,4043,570,563,0.415,7,794
3480,4837,1357,0,GE-Phase,preparation,4043,4966,923,794,0.585,-563,-129
5391,7021,1630,0,GE-Phrase,202,4043,6740,2697,1349,0.828,1348,281
5391,7021,1630,0,GE-Phase,stroke,4966,6126,1160,735,0.451,425,895
5391,7021,1630,0,GE-Phase,retraction,6126,6740,614,614,0.377,-735,281
7441,8980,1539,0,GE-Phrase,203,7703,9547,1844,1277,0.83,-262,-567
7441,8980,1539,0,GE-Phase,preparation,7703,8514,811,811,0.527,-262,466
7441,8980,1539,0,GE-Phase,stroke,8514,9547,1033,466,0.303,-1073,-567
8980,9906,926,0,GE-Phrase,203,7703,9547,1844,567,0.612,1277,359
8980,9906,926,0,GE-Phrase,204,9547,12780,3233,359,0.388,-567,-2874
8980,9906,926,0,GE-Phase,stroke,8514,9547,1033,567,0.612,466,359
8980,9906,926,0,GE-Phase,stroke,9547,10299,752,359,0.388,-567,-393
61986,63218,1232,0,GE-Phrase,226,61392,64369,2977,1232,1.0,594,-1151
61986,63218,1232,0,GE-Phase,stroke,61691,62699,1008,713,0.579,295,519
61986,63218,1232,0,GE-Phase,retraction,62699,64369,1670,519,0.421,-713,-1151
63218,63490,272,0,GE-Phrase,226,61392,64369,2977,272,1.0,1826,-879
63218,63490,272,0,GE-Phase,retraction,62699,64369,1670,272,1.0,519,-879
138040,139167,1127,0,GE-Phrase,254,137516,139540,2024,1127,1.0,524,-373
138040,139167,1127,0,GE-Phase,stroke,137917,138451,534,411,0.365,123,716
138040,139167,1127,0,GE-Phase,retraction,138451,139540,1089,716,0.635,-411,-373
3480,4837,1357,0,GE-Phrase,201,2987,4043,1056,563,0.415,493,794
3480,4837,1357,0,GE-Phrase,202,4043,6740,2697,794,0.585,-563,-1903
3480,4837,1357,0,GE-Phase,stroke,3473,4043,570,563,0.415,7,794
3480,4837,1357,0,GE-Phase,preparation,4043,4966,923,794,0.585,-563,-129
5391,7021,1630,0,GE-Phrase,202,4043,6740,2697,1349,0.828,1348,281
5391,7021,1630,0,GE-Phase,stroke,4966,6126,1160,735,0.451,425,895
5391,7021,1630,0,GE-Phase,retraction,6126,6740,614,614,0.377,-735,281
7441,8980,1539,0,GE-Phrase,203,7703,9547,1844,1277,0.83,-262,-567
7441,8980,1539,0,GE-Phase,preparation,7703,8514,811,811,0.527,-262,466
7441,8980,1539,0,GE-Phase,stroke,8514,9547,1033,466,0.303,-1073,-567
8980,9906,926,0,GE-Phrase,203,7703,9547,1844,567,0.612,1277,359
8980,9906,926,0,GE-Phrase,204,9547,12780,3233,359,0.388,-567,-2874
8980,9906,926,0,GE-Phase,stroke,8514,9547,1033,567,0.612,466,359
8980,9906,926,0,GE-Phase,stroke,9547,10299,752,359,0.388,-567,-393
61986,63218,1232,0,GE-Phrase,226,61392,64369,2977,1232,1.0,594,-1151
61986,63218,1232,0,GE-Phase,stroke,61691,62699,1008,713,0.579,295,519
61986,63218,1232,0,GE-Phase,retraction,62699,64369,1670,519,0.421,-713,-1151
63218,63490,272,0,GE-Phrase,226,61392,64369,2977,272,1.0,1826,-879
63218,63490,272,0,GE-Phase,retraction,62699,64369,1670,272,1.0,519,-879
138040,139167,1127,0,GE-Phrase,254,137516,139540,2024,1127,1.0,524,-373
138040,139167,1127,0,GE-Phase,stroke,137917,138451,534,411,0.365,123,716
138040,139167,1127,0,GE-Phase,retraction,138451,139540,1089,716,0.635,-411,-373
3480,4837,1357,0,GE-Phrase,201,2987,4043,1056,563,0.415,493,794
3480,4837,1357,0,GE-Phrase,202,4043,6740,2697,794,0.585,-563,-1903
3480,4837,1357,0,GE-Phase,stroke,3473,4043,570,563,0.415,7,794
3480,4837,1357,0,GE-Phase,preparation,4043,4966,923,794,0.585,-563,-129
5391,7021,1630,0,GE-Phrase,202,4043,6740,2697,1349,0.828,1348,281
5391,7021,1630,0,GE-Phase,stroke,4966,6126,1160,735,0.451,425,895
5391,7021,1630,0,GE-Phase,retraction,6126,6740,614,614,0.377,-735,281
7441,8980,1539,0,GE-Phrase,203,7703,9547,1844,1277,0.83,-262,-567
7441,8980,1539,0,GE-Phase,preparation,7703,8514,811,811,0.527,-262,466
7441,8980,1539,0,GE-Phase,stroke,8514,9547,1033,466,0.303,-1073,-567
8980,9906,926,0,GE-Phrase,203,7703,9547,1844,567,0.612,1277,359
8980,9906,926,0,GE-Phrase,204,9547,12780,3233,359,0.388,-567,-2874
8980,9906,926,0,GE-Phase,stroke,8514,9547,1033,567,0.612,466,359
8980,9906,926,0,GE-Phase,stroke,9547,10299,752,359,0.388,-567,-393
61986,63218,1232,0,GE-Phrase,226,61392,64369,2977,1232,1.0,594,-1151
61986,63218,1232,0,GE-Phase,stroke,61691,62699,1008,713,0.579,295,519
61986,63218,1232,0,GE-Phase,retraction,62699,64369,1670,519,0.421,-713,-1151
63218,63490,272,0,GE-Phrase,226,61392,64369,2977,272,1.0,1826,-879
63218,63490,272,0,GE-Phase,retraction,62699,64369,1670,272,1.0,519,-879
138040,139167,1127,0,GE-Phrase,254,137516,139540,2024,1127,1.0,524,-373
138040,139167,1127,0,GE-Phase,stroke,137917,138451,534,411,0.365,123,716
138040,139167,1127,0,GE-Phase,retraction,138451,139540,1089,716,0.635,-411,-373
3480,4837,1357,0,GE-Phrase,201,2987,4043,1056,563,0.415,493,794
3480,4837,1357,0,GE-Phrase,202,4043,6740,2697,794,0.585,-563,-1903
3480,4837,1357,0,GE-Phase,stroke,3473,4043,570,563,0.415,7,794
3480,4837,1357,0,GE-Phase,preparation,4043,4966,923,794,0.585,-563,-129
5391,7021,1630,0,GE-Phrase,202,4043,6740,2697,1349,0.828,1348,281
5391,7021,1630,0,GE-Phase,stroke,4966,6126,1160,735,0.451,425,895
5391,7021,1630,0,GE-Phase,retraction,6126,6740,614,614,0.377,-735,281
7441,8980,1539,0,GE-Phrase,203,7703,9547,1844,1277,0.83,-262,-567
7441,8980,1539,0,GE-Phase,preparation,7703,8514,811,811,0.527,-262,466
7441,8980,1539,0,GE-Phase,stroke,8514,9547,1033,466,0.303,-1073,-567
8980,9906,926,0,GE-Phrase,203,7703,9547,1844,567,0.612,1277,359
8980,9906,926,0,GE-Phrase,204,9547,12780,3233,359,0.388,-567,-2874
8980,9906,926,0,GE-Phase,stroke,8514,9547,1033,567,0.612,466,359
8980,9906,926,0,GE-Phase,stroke,9547,10299,752,359,0.388,-567,-393
61986,63218,1232,0,GE-Phrase,226,61392,64369,2977,1232,1.0,594,-1151
61986,63218,1232,0,GE-Phase,stroke,61691,62699,1008,713,0.579,295,519
61986,63218,1232,0,GE-Phase,retraction,62699,64369,1670,519,0.421,-713,-1151
63218,63490,272,0,GE-Phrase,226,61392,64369,2977,272,1.0,1826,-879
63218,63490,272,0,GE-Phase,retraction,62699,64369,1670,272,1.0,519,-879
138040,139167,1127,0,GE-Phrase,254,137516,139540,2024,1127,1.0,524,-373
138040,139167,1127,0,GE-Phase,stroke,137917,138451,534,411,0.365,123,716
138040,139167,1127,0,GE-Phase,retraction,138451,139540,1089,716,0.635,-411,-373
3480,4837,1357,0,GE-Phrase,201,2987,4043,1056,563,0.415,493,794
3480,4837,1357,0,GE-Phrase,202,4043,6740,2697,794,0.585,-563,-1903
3480,4837,1357,0,GE-Phase,stroke,3473,4043,570,563,0.415,7,794
3480,4837,1357,0,GE-Phase,preparation,4043,4966,923,794,0.585,-563,-129
5391,7021,1630,0,GE-Phrase,202,4043,6740,2697,1349,0.828,1348,281
5391,7021,1630,0,GE-Phase,stroke,4966,6126,1160,735,0.451,425,895
5391,7021,1630,0,GE-Phase,retraction,6126,6740,614,614,0.377,-735,281
7441,8980,1539,0,GE-Phrase,203,7703,9547,1844,1277,0.83,-262,-567
7441,8980,1539,0,GE-Phase,preparation,7703,8514,811,811,0.527,-262,466
7441,8980,1539,0,GE-Phase,stroke,8514,9547,1033,466,0.303,-1073,-567
8980,9906,926,0,GE-Phrase,203,7703,9547,1844,567,0.612,1277,359
8980,9906,926,0,GE-Phrase,204,9547,12780,3233,359,0.388,-567,-2874
8980,9906,926,0,GE-Phase,stroke,8514,9547,1033,567,0.612,466,359
8980,9906,926,0,GE-Phase,stroke,9547,10299,752,359,0.388,-567,-393
61986,63218,1232,0,GE-Phrase,226,61392,64369,2977,1232,1.0,594,-1151
61986,63218,1232,0,GE-Phase,stroke,61691,62699,1008,713,0.579,295,519
61986,63218,1232,0,GE-Phase,retraction,62699,64369,1670,519,0.421,-713,-1151
63218,63490,272,0,GE-Phrase,226,61392,64369,2977,272,1.0,1826,-879
63218,63490,272,0,GE-Phase,retraction,62699,64369,1670,272,1.0,519,-879
138040,139167,1127,0,GE-Phrase,254,137516,139540,2024,1127,1.0,524,-373
138040,139167,1127,0,GE-Phase,stroke,137917,138451,534,411,0.365,123,716
138040,139167,1127,0,GE-Phase,retraction,138451,139540,1089,716,0.635,-411,-373
3480,4837,1357,0,GE-Phrase,201,2987,4043,1056,563,0.415,493,794
3480,4837,1357,0,GE-Phrase,202,4043,6740,2697,794,0.585,-563,-1903
3480,4837,1357,0,GE-Phase,stroke,3473,4043,570,563,0.415,7,794
3480,4837,1357,0,GE-Phase,preparation,4043,4966,923,794,0.585,-563,-129
5391,7021,1630,0,GE-Phrase,202,4043,6740,2697,1349,0.828,1348,281
5391,7021,1630,0,GE-Phase,stroke,4966,6126,1160,735,0.451,425,895
5391,7021,1630,0,GE-Phase,retraction,6126,6740,614,614,0.377,-735,281
7441,8980,1539,0,GE-Phrase,203,7703,9547,1844,1277,0.83,-262,-567
7441,8980,1539,0,GE-Phase,preparation,7703,8514,811,811,0.527,-262,466
7441,8980,1539,0,GE-Phase,stroke,8514,9547,1033,466,0.303,-1073,-567
8980,9906,926,0,GE-Phrase,203,7703,9547,1844,567,0.612,1277,359
8980,9906,926,0,GE-Phrase,204,9547,12780,3233,359,0.388,-567,-2874
8980,9906,926,0,GE-Phase,stroke,8514,9547,1033,567,0.612,466,359
8980,9906,926,0,GE-Phase,stroke,9547,10299,752,359,0.388,-567,-393
61986,63218,1232,0,GE-Phrase,226,61392,64369,2977,1232,1.0,594,-1151
61986,63218,1232,0,GE-Phase,stroke,61691,62699,1008,713,0.579,295,519
61986,63218,1232,0,GE-Phase,retraction,62699,64369,1670,519,0.421,-713,-1151
63218,63490,272,0,GE-Phrase,226,61392,64369,2977,272,1.0,1826,-879
63218,63490,272,0,GE-Phase,retraction,62699,64369,1670,272,1.0,519,-879
138040,139167,1127,0,GE-Phrase,254,137516,139540,2024,1127,1.0,524,-373
138040,139167,1127,0,GE-Phase,stroke,137917,138451,534,411,0.365,123,716
138040,139167,1127,0,GE-Phase,retraction,138451,139540,1089,716,0.635,-411,-373
3480,4837,1357,0,GE-Phrase,201,2987,4043,1056,563,0.415,493,794
3480,4837,1357,0,GE-Phrase,202,4043,6740,2697,794,0.585,-563,-1903
3480,4837,1357,0,GE-Phase,stroke,3473,4043,570,563,0.415,7,794
3480,4837,1357,0,GE-Phase,preparation,4043,4966,923,794,0.585,-563,-129
5391,7021,1630,0,GE-Phrase,202,4043,6740,2697,1349,0.828,1348,281
5391,7021,1630,0,GE-Phase,stroke,4966,6126,1160,735,0.451,425,895
5391,7021,1630,0,GE-Phase,retraction,6126,6740,614,614,0.377,-735,281
7441,8980,1539,0,GE-Phrase,203,7703,9547,1844,1277,0.83,-262,-567
7441,8980,1539,0,GE-Phase,preparation,7703,8514,811,811,0.527,-262,466
7441,8980,1539,0,GE-Phase,stroke,8514,9547,1033,466,0.303,-1073,-567
8980,9906,926,0,GE-Phrase,203,7703,9547,1844,567,0.612,1277,359
8980,9906,926,0,GE-Phrase,204,9547,12780,3233,359,0.388,-567,-2874
8980,9906,926,0,GE-Phase,stroke,8514,9547,1033,567,0.612,466,359
8980,9906,926,0,GE-Phase,stroke,9547,10299,752,359,0.388,-567,-393
61986,63218,1232,0,GE-Phrase,226,61392,64369,2977,1232,1.0,594,-1151
61986,63218,1232,0,GE-Phase,stroke,61691,62699,1008,713,0.579,295,519
61986,63218,1232,0,GE-Phase,retraction,62699,64369,1670,519,0.421,-713,-1151
63218,63490,272,0,GE-Phrase,226,61392,64369,2977,272,1.0,1826,-879
63218,63490,272,0,GE-Phase,retraction,62699,64369,1670,272,1.0,519,-879
138040,139167,1127,0,GE-Phrase,254,137516,139540,2024,1127,1.0,524,-373
138040,139167,1127,0,GE-Phase,stroke,137917,138451,534,411,0.365,123,716
138040,139167,1127,0,GE-Phase,retraction,138451,139540,1089,716,0.635,-411,-373
3480,4837,1357,0,GE-Phrase,201,2987,4043,1056,563,0.415,493,794
3480,4837,1357,0,GE-Phrase,202,4043,6740,2697,794,0.585,-563,-1903
3480,4837,1357,0,GE-Phase,stroke,3473,4043,570,563,0.415,7,794
3480,4837,1357,0,GE-Phase,preparation,4043,4966,923,794,0.585,-563,-129
5391,7021,1630,0,GE-Phrase,202,4043,6740,2697,1349,0.828,1348,281
5391,7021,1630,0,GE-Phase,stroke,4966,6126,1160,735,0.451,425,895
5391,7021,1630,0,GE-Phase,retraction,6126,6740,614,614,0.377,-735,281
7441,8980,1539,0,GE-Phrase,203,7703,9547,1844,1277,0.83,-262,-567
7441,8980,1539,0,GE-Phase,preparation,7703,8514,811,811,0.527,-262,466
7441,8980,1539,0,GE-Phase,stroke,8514,9547,1033,466,0.303,-1073,-567
8980,9906,926,0,GE-Phrase,203,7703,9547,1844,567,0.612,1277,359
8980,9906,926,0,GE-Phrase,204,9547,12780,3233,359,0.388,-567,-2874
8980,9906,926,0,GE-Phase,stroke,8514,9547,1033,567,0.612,466,359
8980,9906,926,0,GE-Phase,stroke,9547,10299,752,359,0.388,-567,-393
61986,63218,1232,0,GE-Phrase,226,61392,64369,2977,1232,1.0,594,-1151
61986,63218,1232,0,GE-Phase,stroke,61691,62699,1008,713,0.579,295,519
61986,63218,1232,0,GE-Phase,retraction,62699,64369,1670,519,0.421,-713,-1151
63218,63490,272,0,GE-Phrase,226,61392,64369,2977,272,1.0,1826,-879
63218,63490,272,0,GE-Phase,retraction,62699,64369,1670,272,1.0,519,-879
138040,139167,1127,0,GE-Phrase,254,137516,139540,2024,1127,1.0,524,-373
138040,139167,1127,0,GE-Phase,stroke,137917,138451,534,411,0.365,123,716
138040,139167,1127,0,GE-Phase,retraction,138451,139540,1089,716,0.635,-411,-373
3480,4837,1357,0,GE-Phrase,201,2987,4043,1056,563,0.415,493,794
3480,4837,1357,0,GE-Phrase,202,4043,6740,2697,794,0.585,-563,-1903
3480,4837,1357,0,GE-Phase,stroke,3473,4043,570,563,0.415,7,794
3480,4837,1357,0,GE-Phase,preparation,4043,4966,923,794,0.585,-563,-129
5391,7021,1630,0,GE-Phrase,202,4043,6740,2697,1349,0.828,1348,281
5391,7021,1630,0,GE-Phase,stroke,4966,6126,1160,735,0.451,425,895
5391,7021,1630,0,GE-Phase,retraction,6126,6740,614,614,0.377,-735,281
7441,8980,1539,0,GE-Phrase,203,7703,9547,1844,1277,0.83,-262,-567
7441,8980,1539,0,GE-Phase,preparation,7703,8514,811,811,0.527,-262,466
7441,8980,1539,0,GE-Phase,stroke,8514,9547,1033,466,0.303,-1073,-567
8980,9906,926,0,GE-Phrase,203,7703,9547,1844,567,0.612,1277,359
8980,9906,926,0,GE-Phrase,204,9547,12780,3233,359,0.388,-567,-2874
8980,9906,926,0,GE-Phase,stroke,8514,9547,1033,567,0.612,466,359
8980,9906,926,0,GE-Phase,stroke,9547,10299,752,359,0.388,-567,-393
61986,63218,1232,0,GE-Phrase,226,61392,64369,2977,1232,1.0,594,-1151
61986,63218,1232,0,GE-Phase,stroke,61691,62699,1008,713,0.579,295,519
61986,63218,1232,0,GE-Phase,retraction,62699,64369,1670,519,0.421,-713,-1151
63218,63490,272,0,GE-Phrase,226,61392,64369,2977,272,1.0,1826,-879
63218,63490,272,0,GE-Phase,retraction,62699,64369,1670,272,1.0,519,-879
138040,139167,1127,0,GE-Phrase,254,137516,139540,2024,1127,1.0,524,-373
138040,139167,1127,0,GE-Phase,stroke,137917,138451,534,411,0.365,123,716
138040,139167,1127,0,GE-Phase,retraction,138451,139540,1089,716,0.635,-411,-373
3480,4837,1357,0,GE-Phrase,201,2987,4043,1056,563,0.415,493,794
3480,4837,1357,0,GE-Phrase,202,4043,6740,2697,794,0.585,-563,-1903
3480,4837,1357,0,GE-Phase,stroke,3473,4043,570,563,0.415,7,794
3480,4837,1357,0,GE-Phase,preparation,4043,4966,923,794,0.585,-563,-129
5391,7021,1630,0,GE-Phrase,202,4043,6740,2697,1349,0.828,1348,281
5391,7021,1630,0,GE-Phase,stroke,4966,6126,1160,735,0.451,425,895
5391,7021,1630,0,GE-Phase,retraction,6126,6740,614,614,0.377,-735,281
7441,8980,1539,0,GE-Phrase,203,7703,9547,1844,1277,0.83,-262,-567
7441,8980,1539,0,GE-Phase,preparation,7703,8514,811,811,0.527,-262,466
7441,8980,1539,0,GE-Phase,stroke,8514,9547,1033,466,0.303,-1073,-567
8980,9906,926,0,GE-Phrase,203,7703,9547,1844,567,0.612,1277,359
8980,9906,926,0,GE-Phrase,204,9547,12780,3233,359,0.388,-567,-2874
8980,9906,926,0,GE-Phase,stroke,8514,9547,1033,567,0.612,466,359
8980,9906,926,0,GE-Phase,stroke,9547,10299,752,359,0.388,-567,-393
61986,63218,1232,0,GE-Phrase,226,61392,64369,2977,1232,1.0,594,-1151
61986,63218,1232,0,GE-Phase,stroke,61691,62699,1008,713,0.579,295,519
61986,63218,1232,0,GE-Phase,retraction,62699,64369,1670,519,0.421,-713,-1151
63218,63490,272,0,GE-Phrase,226,61392,64369,2977,272,1.0,1826,-879
63218,63490,272,0,GE-Phase,retraction,62699,64369,1670,272,1.0,519,-879
138040,139167,1127,0,GE-Phrase,254,137516,139540,2024,1127,1.0,524,-373
138040,139167,1127,0,GE-Phase,stroke,137917,138451,534,411,0.365,123,716
138040,139167,1127,0,GE-Phase,retraction,138451,139540,1089,716,0.635,-411,-373
3480,4837,1357,0,GE-Phrase,201,2987,4043,1056,563,0.415,493,794
3480,4837,1357,0,GE-Phrase,202,4043,6740,2697,794,0.585,-563,-1903
3480,4837,1357,0,GE-Phase,stroke,3473,4043,570,563,0.415,7,794
3480,4837,1357,0,GE-Phase,preparation,4043,4966,923,794,0.585,-563,-129
5391,7021,1630,0,GE-Phrase,202,4043,6740,2697,1349,0.828,1348,281
5391,7021,1630,0,GE-Phase,stroke,4966,6126,1160,735,0.451,425,895
5391,7021,1630,0,GE-Phase,retraction,6126,6740,614,614,0.377,-735,281
7441,8980,1539,0,GE-Phrase,203,7703,9547,1844,1277,0.83,-262,-567
7441,8980,1539,0,GE-Phase,preparation,7703,8514,811,811,0.527,-262,466
7441,8980,1539,0,GE-Phase,stroke,8514,9547,1033,466,0.303,-1073,-567
8980,9906,926,0,GE-Phrase,203,7703,9547,1844,567,0.612,1277,359
8980,9906,926,0,GE-Phrase,204,9547,12780,3233,359,0.388,-567,-2874
8980,9906,926,0,GE-Phase,stroke,8514,9547,1033,567,0.612,466,359
8980,9906,926,0,GE-Phase,stroke,9547,10299,752,359,0.388,-567,-393
61986,63218,1232,0,GE-Phrase,226,61392,64369,2977,1232,1.0,594,-1151
61986,63218,1232,0,GE-Phase,stroke,61691,62699,1008,713,0.579,295,519
61986,63218,1232,0,GE-Phase,retraction,62699,64369,1670,519,0.421,-713,-1151
63218,63490,272,0,GE-Phrase,226,61392,64369,2977,272,1.0,1826,-879
63218,63490,272,0,GE-Phase,retraction,62699,64369,1670,272,1.0,519,-879
138040,139167,1127,0,GE-Phrase,254,137516,139540,2024,1127,1.0,524,-373
138040,139167,1127,0,GE-Phase,stroke,137917,138451,534,411,0.365,123,716
138040,139167,1127,0,GE-Phase,retraction,138451,139540,1089,716,0.635,-411,-373
3480,4837,1357,0,GE-Phrase,201,2987,4043,1056,563,0.415,493,794
3480,4837,1357,0,GE-Phrase,202,4043,6740,2697,794,0.585,-563,-1903
3480,4837,1357,0,GE-Phase,stroke,3473,4043,570,563,0.415,7,794
3480,4837,1357,0,GE-Phase,preparation,4043,4966,923,794,0.585,-563,-129
5391,7021,1630,0,GE-Phrase,202,4043,6740,2697,1349,0.828,1348,281
5391,7021,1630,0,GE-Phase,stroke,4966,6126,1160,735,0.451,425,895
5391,7021,1630,0,GE-Phase,retraction,6126,6740,614,614,0.377,-735,281
7441,8980,1539,0,GE-Phrase,203,7703,9547,1844,1277,0.83,-262,-567
7441,8980,1539,0,GE-Phase,preparation,7703,8514,811,811,0.527,-262,466
7441,8980,1539,0,GE-Phase,stroke,8514,9547,1033,466,0.303,-1073,-567
8980,9906,926,0,GE-Phrase,203,7703,9547,1844,567,0.612,1277,359
8980,9906,926,0,GE-Phrase,204,9547,12780,3233,359,0.388,-567,-2874
8980,9906,926,0,GE-Phase,stroke,8514,9547,1033,567,0.612,466,359
8980,9906,926,0,GE-Phase,stroke,9547,10299,752,359,0.388,-567,-393
61986,63218,1232,0,GE-Phrase,226,61392,64369,2977,1232,1.0,594,-1151
61986,63218,1232,0,GE-Phase,stroke,61691,62699,1008,713,0.579,295,519
61986,63218,1232,0,GE-Phase,retraction,62699,64369,1670,519,0.421,-713,-1151
63218,63490,272,0,GE-Phrase,226,61392,64369,2977,272,1.0,1826,-879
63218,63490,272,0,GE-Phase,retraction,62699,64369,1670,272,1.0,519,-879
138040,139167,1127,0,GE-Phrase,254,137516,139540,2024,1127,1.0,524,-373
138040,139167,1127,0,GE-Phase,stroke,137917,138451,534,411,0.365,123,716
138040,139167,1127,0,GE-Phase,retraction,138451,139540,1089,716,0.635,-411,-373
3480,4837,1357,0,GE-Phrase,201,2987,4043,1056,563,0.415,493,794
3480,4837,1357,0,GE-Phrase,202,4043,6740,2697,794,0.585,-563,-1903
3480,4837,1357,0,GE-Phase,stroke,3473,4043,570,563,0.415,7,794
3480,4837,1357,0,GE-Phase,preparation,4043,4966,923,794,0.585,-563,-129
5391,7021,1630,0,GE-Phrase,202,4043,6740,2697,1349,0.828,1348,281
5391,7021,1630,0,GE-Phase,stroke,4966,6126,1160,735,0.451,425,895
5391,7021,1630,0,GE-Phase,retraction,6126,6740,614,614,0.377,-735,281
7441,8980,1539,0,GE-Phrase,203,7703,9547,1844,1277,0.83,-262,-567
7441,8980,1539,0,GE-Phase,preparation,7703,8514,811,811,0.527,-262,466
7441,8980,1539,0,GE-Phase,stroke,8514,9547,1033,466,0.303,-1073,-567
8980,9906,926,0,GE-Phrase,203,7703,9547,1844,567,0.612,1277,359
8980,9906,926,0,GE-Phrase,204,9547,12780,3233,359,0.388,-567,-2874
8980,9906,926,0,GE-Phase,stroke,8514,9547,1033,567,0.612,466,359
8980,9906,926,0,GE-Phase,stroke,9547,10299,752,359,0.388,-567,-393
61986,63218,1232,0,GE-Phrase,226,61392,64369,2977,1232,1.0,594,-1151
61986,63218,1232,0,GE-Phase,stroke,61691,62699,1008,713,0.579,295,519
61986,63218,1232,0,GE-Phase,retraction,62699,64369,1670,519,0.421,-713,-1151
63218,63490,272,0,GE-Phrase,226,61392,64369,2977,272,1.0,1826,-879
63218,63490,272,0,GE-Phase,retraction,62699,64369,1670,272,1.0,519,-879
138040,139167,1127,0,GE-Phrase,254,137516,139540,2024,1127,1.0,524,-373
138040,139167,1127,0,GE-Phase,stroke,137917,138451,534,411,0.365,123,716
138040,139167,1127,0,GE-Phase,retraction,138451,139540,1089,716,0.635,-411,-373
3480,4837,1357,0,GE-Phrase,201,2987,4043,1056,563,0.415,493,794
3480,4837,1357,0,GE-Phrase,202,4043,6740,2697,794,0.585,-563,-1903
3480,4837,1357,0,GE-Phase,stroke,3473,4043,570,563,0.415,7,794
3480,4837,1357,0,GE-Phase,preparation,4043,4966,923,794,0.585,-563,-129
5391,7021,1630,0,GE-Phrase,202,4043,6740,2697,1349,0.828,1348,281
5391,7021,1630,0,GE-Phase,stroke,4966,6126,1160,735,0.451,425,895
5391,7021,1630,0,GE-Phase,retraction,6126,6740,614,614,0.377,-735,281
7441,8980,1539,0,GE-Phrase,203,7703,9547,1844,1277,0.83,-262,-567
7441,8980,1539,0,GE-Phase,preparation,7703,8514,811,811,0.527,-262,466
7441,8980,1539,0,GE-Phase,stroke,8514,9547,1033,466,0.303,-1073,-567
8980,9906,926,0,GE-Phrase,203,7703,9547,1844,567,0.612,1277,359
8980,9906,926,0,GE-Phrase,204,9547,12780,3233,359,0.388,-567,-2874
8980,9906,926,0,GE-Phase,stroke,8514,9547,1033,567,0.612,466,359
8980,9906,926,0,GE-Phase,stroke,9547,10299,752,359,0.388,-567,-393
61986,63218,1232,0,GE-Phrase,226,61392,64369,2977,1232,1.0,594,-1151
61986,63218,1232,0,GE-Phase,stroke,61691,62699,1008,713,0.579,295,519
61986,63218,1232,0,GE-Phase,retraction,62699,64369,1670,519,0.421,-713,-1151
63218,63490,272,0,GE-Phrase,226,61392,64369,2977,272,1.0,1826,-879
63218,63490,272,0,GE-Phase,retraction,62699,64369,1670,272,1.0,519,-879
138040,139167,1127,0,GE-Phrase,254,137516,139540,2024,1127,1.0,524,-373
138040,139167,1127,0,GE-Phase,stroke,137917,138451,534,411,0.365,123,716
138040,139167,1127,0,GE-Phase,retraction,138451,139540,1089,716,0.635,-411,-373
3480,4837,1357,0,GE-Phrase,201,2987,4043,1056,563,0.415,493,794
3480,4837,1357,0,GE-Phrase,202,4043,6740,2697,794,0.585,-563,-1903
3480,4837,1357,0,GE-Phase,stroke,3473,4043,570,563,0.415,7,794
3480,4837,1357,0,GE-Phase,preparation,4043,4966,923,794,0.585,-563,-129
5391,7021,1630,0,GE-Phrase,202,4043,6740,2697,1349,0.828,1348,281
5391,7021,1630,0,GE-Phase,stroke,4966,6126,1160,735,0.451,425,895
5391,7021,1630,0,GE-Phase,retraction,6126,6740,614,614,0.377,-735,281
7441,8980,1539,0,GE-Phrase,203,7703,9547,1844,1277,0.83,-262,-567
7441,8980,1539,0,GE-Phase,preparation,7703,8514,811,811,0.527,-262,466
7441,8980,1539,0,GE-Phase,stroke,8514,9547,1033,466,0.303,-1073,-567
8980,9906,926,0,GE-Phrase,203,7703,9547,1844,567,0.612,1277,359
8980,9906,926,0,GE-Phrase,204,9547,12780,3233,359,0.388,-567,-2874
8980,9906,926,0,GE-Phase,stroke,8514,9547,1033,567,0.612,466,359
8980,9906,926,0,GE-Phase,stroke,9547,10299,752,359,0.388,-567,-393
61986,63218,1232,0,GE-Phrase,226,61392,64369,2977,1232,1.0,594,-1151
61986,63218,1232,0,GE-Phase,stroke,61691,62699,1008,713,0.579,295,519
61986,63218,1232,0,GE-Phase,retraction,62699,64369,1670,519,0.421,-713,-1151
63218,63490,272,0,GE-Phrase,226,61392,64369,2977,272,1.0,1826,-879
63218,63490,272,0,GE-Phase,retraction,62699,64369,1670,272,1.0,519,-879
138040,139167,1127,0,GE-Phrase,254,137516,139540,2024,1127,1.0,524,-373
138040,139167,1127,0,GE-Phase,stroke,137917,138451,534,411,0.365,123,716
138040,139167,1127,0,GE-Phase,retraction,138451,139540,1089,716,0.635,-411,-373
3480,4837,1357,0,GE-Phrase,201,2987,4043,1056,563,0.415,493,794
3480,4837,1357,0,GE-Phrase,202,4043,6740,2697,794,0.585,-563,-1903
3480,4837,1357,0,GE-Phase,stroke,3473,4043,570,563,0.415,7,794
3480,4837,1357,0,GE-Phase,preparation,4043,4966,923,794,0.585,-563,-129
5391,7021,1630,0,GE-Phrase,202,4043,6740,2697,1349,0.828,1348,281
5391,7021,1630,0,GE-Phase,stroke,4966,6126,1160,735,0.451,425,895
5391,7021,1630,0,GE-Phase,retraction,6126,6740,614,614,0.377,-735,281
7441,8980,1539,0,GE-Phrase,203,7703,9547,1844,1277,0.83,-262,-567
7441,8980,1539,0,GE-Phase,preparation,7703,8514,811,811,0.527,-262,466
7441,8980,1539,0,GE-Phase,stroke,8514,9547,1033,466,0.303,-1073,-567
8980,9906,926,0,GE-Phrase,203,7703,9547,1844,567,0.612,1277,359
8980,9906,926,0,GE-Phrase,204,9547,12780,3233,359,0.388,-567,-2874
8980,9906,926,0,GE-Phase,stroke,8514,9547,1033,567,0.612,466,359
8980,9906,926,0,GE-Phase,stroke,9547,10299,752,359,0.388,-567,-393
61986,63218,1232,0,GE-Phrase,226,61392,64369,2977,1232,1.0,594,-1151
61986,63218,1232,0,GE-Phase,stroke,61691,62699,1008,713,0.579,295,519
61986,63218,1232,0,GE-Phase,retraction,62699,64369,1670,519,0.421,-713,-1151
63218,63490,272,0,GE-Phrase,226,61392,64369,2977,272,1.0,1826,-879
63218,63490,272,0,GE-Phase,retraction,62699,64369,1670,272,1.0,519,-879
138040,139167,1127,0,GE-Phrase,254,137516,139540,2024,1127,1.0,524,-373
138040,139167,1127,0,GE-Phase,stroke,137917,138451,534,411,0.365,123,716
138040,139167,1127,0,GE-Phase,retraction,138451,139540,1089,716,0.635,-411,-373
3480,4837,1357,0,GE-Phrase,201,2987,4043,1056,563,0.415,493,794
3480,4837,1357,0,GE-Phrase,202,4043,6740,2697,794,0.585,-563,-1903
3480,4837,1357,0,GE-Phase,stroke,3473,4043,570,563,0.415,7,794
3480,4837,1357,0,GE-Phase,preparation,4043,4966,923,794,0.585,-563,-129
5391,7021,1630,0,GE-Phrase,202,4043,6740,2697,1349,0.828,1348,281
5391,7021,1630,0,GE-Phase,stroke,4966,6126,1160,735,0.451,425,895
5391,7021,1630,0,GE-Phase,retraction,6126,6740,614,614,0.377,-735,281
7441,8980,1539,0,GE-Phrase,203,7703,9547,1844,1277,0.83,-262,-567
7441,8980,1539,0,GE-Phase,preparation,7703,8514,811,811,0.527,-262,466
7441,8980,1539,0,GE-Phase,stroke,8514,9547,1033,466,0.303,-1073,-567
8980,9906,926,0,GE-Phrase,203,7703,9547,1844,567,0.612,1277,359
8980,9906,926,0,GE-Phrase,204,9547,12780,3233,359,0.388,-567,-2874
8980,9906,926,0,GE-Phase,stroke,8514,9547,1033,567,0.612,466,359
8980,9906,926,0,GE-Phase,stroke,9547,10299,752,359,0.388,-567,-393
61986,63218,1232,0,GE-Phrase,226,61392,64369,2977,1232,1.0,594,-1151
61986,63218,1232,0,GE-Phase,stroke,61691,62699,1008,713,0.579,295,519
61986,63218,1232,0,GE-Phase,retraction,62699,64369,1670,519,0.421,-713,-1151
63218,63490,272,0,GE-Phrase,226,61392,64369,2977,272,1.0,1826,-879
63218,63490,272,0,GE-Phase,retraction,62699,64369,1670,272,1.0,519,-879
138040,139167,1127,0,GE-Phrase,254,137516,139540,2024,1127,1.0,524,-373
138040,139167,1127,0,GE-Phase,stroke,137917,138451,534,411,0.365,123,716
138040,139167,1127,0,GE-Phase,retraction,138451,139540,1089,716,0.635,-411,-373
3480,4837,1357,0,GE-Phrase,201,2987,4043,1056,563,0.415,493,794
3480,4837,1357,0,GE-Phrase,202,4043,6740,2697,794,0.585,-563,-1903
3480,4837,1357,0,GE-Phase,stroke,3473,4043,570,563,0.415,7,794
3480,4837,1357,0,GE-Phase,preparation,4043,4966,923,794,0.585,-563,-129
5391,7021,1630,0,GE-Phrase,202,4043,6740,2697,1349,0.828,1348,281
5391,7021,1630,0,GE-Phase,stroke,4966,6126,1160,735,0.451,425,895
5391,7021,1630,0,GE-Phase,retraction,6126,6740,614,614,0.377,-735,281
7441,8980,1539,0,GE-Phrase,203,7703,9547,1844,1277,0.83,-262,-567
7441,8980,1539,0,GE-Phase,preparation,7703,8514,811,811,0.527,-262,466
7441,8980,1539,0,GE-Phase,stroke,8514,9547,1033,466,0.303,-1073,-567
8980,9906,926,0,GE-Phrase,203,7703,9547,1844,567,0.612,1277,359
8980,9906,926,0,GE-Phrase,204,9547,12780,3233,359,0.388,-567,-2874
8980,9906,926,0,GE-Phase,stroke,8514,9547,1033,567,0.612,466,359
8980,9906,926,0,GE-Phase,stroke,9547,10299,752,359,0.388,-567,-393
61986,63218,1232,0,GE-Phrase,226,61392,64369,2977,1232,1.0,594,-1151
61986,63218,1232,0,GE-Phase,stroke,61691,62699,1008,713,0.579,295,519
61986,63218,1232,0,GE-Phase,retraction,62699,64369,1670,519,0.421,-713,-1151
63218,63490,272,0,GE-Phrase,226,61392,64369,2977,272,1.0,1826,-879
63218,63490,272,0,GE-Phase,retraction,62699,64369,1670,272,1.0,519,-879
138040,139167,1127,0,GE-Phrase,254,137516,139540,2024,1127,1.0,524,-373
138040,139167,1127,0,GE-Phase,stroke,137917,138451,534,411,0.365,123,716
138040,139167,1127,0,GE-Phase,retraction,138451,139540,1089,716,0.635,-411,-373
3480,4837,1357,0,GE-Phrase,201,2987,4043,1056,563,0.415,493,794
3480,4837,1357,0,GE-Phrase,202,4043,6740,2697,794,0.585,-563,-1903
3480,4837,1357,0,GE-Phase,stroke,3473,4043,570,563,0.415,7,794
3480,4837,1357,0,GE-Phase,preparation,4043,4966,923,794,0.585,-563,-129
5391,7021,1630,0,GE-Phrase,202,4043,6740,2697,1349,0.828,1348,281
5391,7021,1630,0,GE-Phase,stroke,4966,6126,1160,735,0.451,425,895
5391,7021,1630,0,GE-Phase,retraction,6126,6740,614,614,0.377,-735,281
7441,8980,1539,0,GE-Phrase,203,7703,9547,1844,1277,0.83,-262,-567
7441,8980,1539,0,GE-Phase,preparation,7703,8514,811,811,0.527,-262,466
7441,8980,1539,0,GE-Phase,stroke,8514,9547,1033,466,0.303,-1073,-567
8980,9906,926,0,GE-Phrase,203,7703,9547,1844,567,0.612,1277,359
8980,9906,926,0,GE-Phrase,204,9547,12780,3233,359,0.388,-567,-2874
8980,9906,926,0,GE-Phase,stroke,8514,9547,1033,567,0.612,466,359
8980,9906,926,0,GE-Phase,stroke,9547,10299,752,359,0.388,-567,-393
61986,63218,1232,0,GE-Phrase,226,61392,64369,2977,1232,1.0,594,-1151
61986,63218,1232,0,GE-Phase,stroke,61691,62699,1008,713,0.579,295,519
61986,63218,1232,0,GE-Phase,retraction,62699,64369,1670,519,0.421,-713,-1151
63218,63490,272,0,GE-Phrase,226,61392,64369,2977,272,1.0,1826,-879
63218,63490,272,0,GE-Phase,retraction,62699,64369,1670,272,1.0,519,-879
138040,139167,1127,0,GE-Phrase,254,137516,139540,2024,1127,1.0,524,-373
138040,139167,1127,0,GE-Phase,stroke,137917,138451,534,411,0.365,123,716
138040,139167,1127,0,GE-Phase,retraction,138451,139540,1089,716,0.635,-411,-373
3480,4837,1357,0,GE-Phrase,201,2987,4043,1056,563,0.415,493,794
3480,4837,1357,0,GE-Phrase,202,4043,6740,2697,794,0.585,-563,-1903
3480,4837,1357,0,GE-Phase,stroke,3473,4043,570,563,0.415,7,794
3480,4837,1357,0,GE-Phase,preparation,4043,4966,923,794,0.585,-563,-129
5391,7021,1630,0,GE-Phrase,202,4043,6740,2697,1349,0.828,1348,281
5391,7021,1630,0,GE-Phase,stroke,4966,6126,1160,735,0.451,425,895
5391,7021,1630,0,GE-Phase,retraction,6126,6740,614,614,0.377,-735,281
7441,8980,1539,0,GE-Phrase,203,7703,9547,1844,1277,0.83,-262,-567
7441,8980,1539,0,GE-Phase,preparation,7703,8514,811,811,0.527,-262,466
7441,8980,1539,0,GE-Phase,stroke,8514,9547,1033,466,0.303,-1073,-567
8980,9906,926,0,GE-Phrase,203,7703,9547,1844,567,0.612,1277,359
8980,9906,926,0,GE-Phrase,204,9547,12780,3233,359,0.388,-567,-2874
8980,9906,926,0,GE-Phase,stroke,8514,9547,1033,567,0.612,466,359
8980,9906,926,0,GE-Phase,stroke,9547,10299,752,359,0.388,-567,-393
61986,63218,1232,0,GE-Phrase,226,61392,64369,2977,1232,1.0,594,-1151
61986,63218,1232,0,GE-Phase,stroke,61691,62699,1008,713,0.579,295,519
61986,63218,1232,0,GE-Phase,retraction,62699,64369,1670,519,0.421,-713,-1151
63218,63490,272,0,GE-Phrase,226,61392,64369,2977,272,1.0,1826,-879
63218,63490,272,0,GE-Phase,retraction,62699,64369,1670,272,1.0,519,-879
138040,139167,1127,0,GE-Phrase,254,137516,139540,2024,1127,1.0,524,-373
138040,139167,1127,0,GE-Phase,stroke,137917,138451,534,411,0.365,123,716
138040,139167,1127,0,GE-Phase,retraction,138451,139540,1089,716,0.635,-411,-373
3480,4837,1357,0,GE-Phrase,201,2987,4043,1056,563,0.415,493,794
3480,4837,1357,0,GE-Phrase,202,4043,6740,2697,794,0.585,-563,-1903
3480,4837,1357,0,GE-Phase,stroke,3473,4043,570,563,0.415,7,794
3480,4837,1357,0,GE-Phase,preparation,4043,4966,923,794,0.585,-563,-129
5391,7021,1630,0,GE-Phrase,202,4043,6740,2697,1349,0.828,1348,281
5391,7021,1630,0,GE-Phase,stroke,4966,6126,1160,735,0.451,425,895
5391,7021,1630,0,GE-Phase,retraction,6126,6740,614,614,0.377,-735,281
7441,8980,1539,0,GE-Phrase,203,7703,9547,1844,1277,0.83,-262,-567
7441,8980,1539,0,GE-Phase,preparation,7703,8514,811,811,0.527,-262,466
7441,8980,1539,0,GE-Phase,stroke,8514,9547,1033,466,0.303,-1073,-567
8980,9906,926,0,GE-Phrase,203,7703,9547,1844,567,0.612,1277,359
8980,9906,926,0,GE-Phrase,204,9547,12780,3233,359,0.388,-567,-2874
8980,9906,926,0,GE-Phase,stroke,8514,9547,1033,567,0.612,466,359
8980,9906,926,0,GE-Phase,stroke,9547,10299,752,359,0.388,-567,-393
61986,63218,1232,0,GE-Phrase,226,61392,64369,2977,1232,1.0,594,-1151
61986,63218,1232,0,GE-Phase,stroke,61691,62699,1008,713,0.579,295,519
61986,63218,1232,0,GE-Phase,retraction,62699,64369,1670,519,0.421,-713,-1151
63218,63490,272,0,GE-Phrase,226,61392,64369,2977,272,1.0,1826,-879
63218,63490,272,0,GE-Phase,retraction,62699,64369,1670,272,1.0,519,-879
138040,139167,1127,0,GE-Phrase,254,137516,139540,2024,1127,1.0,524,-373
138040,139167,1127,0,GE-Phase,stroke,137917,138451,534,411,0.365,123,716
138040,139167,1127,0,GE-Phase,retraction,138451,139540,1089,716,0.635,-411,-373
3480,4837,1357,0,GE-Phrase,201,2987,4043,1056,563,0.415,493,794
3480,4837,1357,0,GE-Phrase,202,4043,6740,2697,794,0.585,-563,-1903
3480,4837,1357,0,GE-Phase,stroke,3473,4043,570,563,0.415,7,794
3480,4837,1357,0,GE-Phase,preparation,4043,4966,923,794,0.585,-563,-129
5391,7021,1630,0,GE-Phrase,202,4043,6740,2697,1349,0.828,1348,281
5391,7021,1630,0,GE-Phase,stroke,4966,6126,1160,735,0.451,425,895
5391,7021,1630,0,GE-Phase,retraction,6126,6740,614,614,0.377,-735,281
7441,8980,1539,0,GE-Phrase,203,7703,9547,1844,1277,0.83,-262,-567
7441,8980,1539,0,GE-Phase,preparation,7703,8514,811,811,0.527,-262,466
7441,8980,1539,0,GE-Phase,stroke,8514,9547,1033,466,0.303,-1073,-567
8980,9906,926,0,GE-Phrase,203,7703,9547,1844,567,0.612,1277,359
8980,9906,926,0,GE-Phrase,204,9547,12780,3233,359,0.388,-567,-2874
8980,9906,926,0,GE-Phase,stroke,8514,9547,1033,567,0.612,466,359
8980,9906,926,0,GE-Phase,stroke,9547,10299,752,359,0.388,-567,-393
61986,63218,1232,0,GE-Phrase,226,61392,64369,2977,1232,1.0,594,-1151
61986,63218,1232,0,GE-Phase,stroke,61691,62699,1008,713,0.579,295,519
61986,63218,1232,0,GE-Phase,retraction,62699,64369,1670,519,0.421,-713,-1151
63218,63490,272,0,GE-Phrase,226,61392,64369,2977,272,1.0,1826,-879
63218,63490,272,0,GE-Phase,retraction,62699,64369,1670,272,1.0,519,-879
138040,139167,1127,0,GE-Phrase,254,137516,139540,2024,1127,1.0,524,-373
138040,139167,1127,0,GE-Phase,stroke,137917,138451,534,411,0.365,123,716
138040,139167,1127,0,GE-Phase,retraction,138451,139540,1089,716,0.635,-411,-373
3480,4837,1357,0,GE-Phrase,201,2987,4043,1056,563,0.415,493,794
3480,4837,1357,0,GE-Phrase,202,4043,6740,2697,794,0.585,-563,-1903
3480,4837,1357,0,GE-Phase,stroke,3473,4043,570,563,0.415,7,794
3480,4837,1357,0,GE-Phase,preparation,4043,4966,923,794,0.585,-563,-129
5391,7021,1630,0,GE-Phrase,202,4043,6740,2697,1349,0.828,1348,281
5391,7021,1630,0,GE-Phase,stroke,4966,6126,1160,735,0.451,425,895
5391,7021,1630,0,GE-Phase,retraction,6126,6740,614,614,0.377,-735,281
7441,8980,1539,0,GE-Phrase,203,7703,9547,1844,1277,0.83,-262,-567
7441,8980,1539,0,GE-Phase,preparation,7703,8514,811,811,0.527,-262,466
7441,8980,1539,0,GE-Phase,stroke,8514,9547,1033,466,0.303,-1073,-567
8980,9906,926,0,GE-Phrase,203,7703,9547,1844,567,0.612,1277,359
8980,9906,926,0,GE-Phrase,204,9547,12780,3233,359,0.388,-567,-2874
8980,9906,926,0,GE-Phase,stroke,8514,9547,1033,567,0.612,466,359
8980,9906,926,0,GE-Phase,stroke,9547,10299,752,359,0.388,-567,-393
61986,63218,1232,0,GE-Phrase,226,61392,64369,2977,1232,1.0,594,-1151
61986,63218,1232,0,GE-Phase,stroke,61691,62699,1008,713,0.579,295,519
61986,63218,1232,0,GE-Phase,retraction,62699,64369,1670,519,0.421,-713,-1151
63218,63490,272,0,GE-Phrase,226,61392,64369,2977,272,1.0,1826,-879
63218,63490,272,0,GE-Phase,retraction,62699,64369,1670,272,1.0,519,-879
138040,139167,1127,0,GE-Phrase,254,137516,139540,2024,1127,1.0,524,-373
138040,139167,1127,0,GE-Phase,stroke,137917,138451,534,411,0.365,123,716
138040,139167,1127,0,GE-Phase,retraction,138451,139540,1089,716,0.635,-411,-373
3480,4837,1357,0,GE-Phrase,201,2987,4043,1056,563,0.415,493,794
3480,4837,1357,0,GE-Phrase,202,4043,6740,2697,794,0.585,-563,-1903
3480,4837,1357,0,GE-Phase,stroke,3473,4043,570,563,0.415,7,794
3480,4837,1357,0,GE-Phase,preparation,4043,4966,923,794,0.585,-563,-129
5391,7021,1630,0,GE-Phrase,202,4043,6740,2697,1349,0.828,1348,281
5391,7021,1630,0,GE-Phase,stroke,4966,6126,1160,735,0.451,425,895
5391,7021,1630,0,GE-Phase,retraction,6126,6740,614,614,0.377,-735,281
7441,8980,1539,0,GE-Phrase,203,7703,9547,1844,1277,0.83,-262,-567
7441,8980,1539,0,GE-Phase,preparation,7703,8514,811,811,0.527,-262,466
7441,8980,1539,0,GE-Phase,stroke,8514,9547,1033,466,0.303,-1073,-567
8980,9906,926,0,GE-Phrase,203,7703,9547,1844,567,0.612,1277,359
8980,9906,926,0,GE-Phrase,204,9547,12780,3233,359,0.388,-567,-2874
8980,9906,926,0,GE-Phase,stroke,8514,9547,1033,567,0.612,466,359
8980,9906,926,0,GE-Phase,stroke,9547,10299,752,359,0.388,-567,-393
61986,63218,1232,0,GE-Phrase,226,61392,64369,2977,1232,1.0,594,-1151
61986,63218,1232,0,GE-Phase,stroke,61691,62699,1008,713,0.579,295,519
61986,63218,1232,0,GE-Phase,retraction,62699,64369,1670,519,0.421,-713,-1151
63218,63490,272,0,GE-Phrase,226,61392,64369,2977,272,1.0,1826,-879
63218,63490,272,0,GE-Phase,retraction,62699,64369,1670,272,1.0,519,-879
138040,139167,1127,0,GE-Phrase,254,137516,139540,2024,1127,1.0,524,-373
138040,139167,1127,0,GE-Phase,stroke,137917,138451,534,411,0.365,123,716
138040,139167,1127,0,GE-Phase,retraction,138451,139540,1089,716,0.635,-411,-373
3480,4837,1357,0,GE-Phrase,201,2987,4043,1056,563,0.415,493,794
3480,4837,1357,0,GE-Phrase,202,4043,6740,2697,794,0.585,-563,-1903
3480,4837,1357,0,GE-Phase,stroke,3473,4043,570,563,0.415,7,794
3480,4837,1357,0,GE-Phase,preparation,4043,4966,923,794,0.585,-563,-129
5391,7021,1630,0,GE-Phrase,202,4043,6740,2697,1349,0.828,1348,281
5391,7021,1630,0,GE-Phase,stroke,4966,6126,1160,735,0.451,425,895
5391,7021,1630,0,GE-Phase,retraction,6126,6740,614,614,0.377,-735,281
7441,8980,1539,0,GE-Phrase,203,7703,9547,1844,1277,0.83,-262,-567
7441,8980,1539,0,GE-Phase,preparation,7703,8514,811,811,0.527,-262,466
7441,8980,1539,0,GE-Phase,stroke,8514,9547,1033,466,0.303,-1073,-567
8980,9906,926,0,GE-Phrase,203,7703,9547,1844,567,0.612,1277,359
8980,9906,926,0,GE-Phrase,204,9547,12780,3233,359,0.388,-567,-2874
8980,9906,926,0,GE-Phase,stroke,8514,9547,1033,567,0.612,466,359
8980,9906,926,0,GE-Phase,stroke,9547,10299,752,359,0.388,-567,-393
61986,63218,1232,0,GE-Phrase,226,61392,64369,2977,1232,1.0,594,-1151
61986,63218,1232,0,GE-Phase,stroke,61691,62699,1008,713,0.579,295,519
61986,63218,1232,0,GE-Phase,retraction,62699,64369,1670,519,0.421,-713,-1151
63218,63490,272,0,GE-Phrase,226,61392,64369,2977,272,1.0,1826,-879
63218,63490,272,0,GE-Phase,retraction,62699,64369,1670,272,1.0,519,-879
138040,139167,1127,0,GE-Phrase,254,137516,139540,2024,1127,1.0,524,-373
138040,139167,1127,0,GE-Phase,stroke,137917,138451,534,411,0.365,123,716
138040,139167,1127,0,GE-Phase,retraction,138451,139540,1089,716,0.635,-411,-373
3480,4837,1357,0,GE-Phrase,201,2987,4043,1056,563,0.415,493,794
3480,4837,1357,0,GE-Phrase,202,4043,6740,2697,794,0.585,-563,-1903
3480,4837,1357,0,GE-Phase,stroke,3473,4043,570,563,0.415,7,794
3480,4837,1357,0,GE-Phase,preparation,4043,4966,923,794,0.585,-563,-129
5391,7021,1630,0,GE-Phrase,202,4043,6740,2697,1349,0.828,1348,281
5391,7021,1630,0,GE-Phase,stroke,4966,6126,1160,735,0.451,425,895
5391,7021,1630,0,GE-Phase,retraction,6126,6740,614,614,0.377,-735,281
7441,8980,1539,0,GE-Phrase,203,7703,9547,1844,1277,0.83,-262,-567
7441,8980,1539,0,GE-Phase,preparation,7703,8514,811,811,0.527,-262,466
7441,8980,1539,0,GE-Phase,stroke,8514,9547,1033,466,0.303,-1073,-567
8980,9906,926,0,GE-Phrase,203,7703,9547,1844,567,0.612,1277,359
8980,9906,926,0,GE-Phrase,204,9547,12780,3233,359,0.388,-567,-2874
8980,9906,926,0,GE-Phase,stroke,8514,9547,1033,567,0.612,466,359
8980,9906,926,0,GE-Phase,stroke,9547,10299,752,359,0.388,-567,-393
61986,63218,1232,0,GE-Phrase,226,61392,64369,2977,1232,1.0,594,-1151
61986,63218,1232,0,GE-Phase,stroke,61691,62699,1008,713,0.579,295,519
61986,63218,1232,0,GE-Phase,retraction,62699,64369,1670,519,0.421,-713,-1151
63218,63490,272,0,GE-Phrase,226,61392,64369,2977,272,1.0,1826,-879
63218,63490,272,0,GE-Phase,retraction,62699,64369,1670,272,1.0,519,-879
138040,139167,1127,0,GE-Phrase,254,137516,139540,2024,1127,1.0,524,-373
138040,139167,1127,0,GE-Phase,stroke,137917,138451,534,411,0.365,123,716
138040,139167,1127,0,GE-Phase,retraction,138451,139540,1089,716,0.635,-411,-373
3480,4837,1357,0,GE-Phrase,201,2987,4043,1056,563,0.415,493,794
3480,4837,1357,0,GE-Phrase,202,4043,6740,2697,794,0.585,-563,-1903
3480,4837,1357,0,GE-Phase,stroke,3473,4043,570,563,0.415,7,794
3480,4837,1357,0,GE-Phase,preparation,4043,4966,923,794,0.585,-563,-129
5391,7021,1630,0,GE-Phrase,202,4043,6740,2697,1349,0.828,1348,281
5391,7021,1630,0,GE-Phase,stroke,4966,6126,1160,735,0.451,425,895
5391,7021,1630,0,GE-Phase,retraction,6126,6740,614,614,0.377,-735,281
7441,8980,1539,0,GE-Phrase,203,7703,9547,1844,1277,0.83,-262,-567
7441,8980,1539,0,GE-Phase,preparation,7703,8514,811,811,0.527,-262,466
7441,8980,1539,0,GE-Phase,stroke,8514,9547,1033,466,0.303,-1073,-567
8980,9906,926,0,GE-Phrase,203,7703,9547,1844,567,0.612,1277,359
8980,9906,926,0,GE-Phrase,204,9547,12780,3233,359,0.388,-567,-2874
8980,9906,926,0,GE-Phase,stroke,8514,9547,1033,567,0.612,466,359
8980,9906,926,0,GE-Phase,stroke,9547,10299,752,359,0.388,-567,-393
61986,63218,1232,0,GE-Phrase,226,61392,64369,2977,1232,1.0,594,-1151
61986,63218,1232,0,GE-Phase,stroke,61691,62699,1008,713,0.579,295,519
61986,63218,1232,0,GE-Phase,retraction,62699,64369,1670,519,0.421,-713,-1151
63218,63490,272,0,GE-Phrase,226,61392,64369,2977,272,1.0,1826,-879
63218,63490,272,0,GE-Phase,retraction,62699,64369,1670,272,1.0,519,-879
138040,139167,1127,0,GE-Phrase,254,137516,139540,2024,1127,1.0,524,-373
138040,139167,1127,0,GE-Phase,stroke,137917,138451,534,411,0.365,123,716
138040,139167,1127,0,GE-Phase,retraction,138451,139540,1089,716,0.635,-411,-373
3480,4837,1357,0,GE-Phrase,201,2987,4043,1056,563,0.415,493,794
3480,4837,1357,0,GE-Phrase,202,4043,6740,2697,794,0.585,-563,-1903
3480,4837,1357,0,GE-Phase,stroke,3473,4043,570,563,0.415,7,794
3480,4837,1357,0,GE-Phase,preparation,4043,4966,923,794,0.585,-563,-129
5391,7021,1630,0,GE-Phrase,202,4043,6740,2697,1349,0.828,1348,281
5391,7021,1630,0,GE-Phase,stroke,4966,6126,1160,735,0.451,425,895
5391,7021,1630,0,GE-Phase,retraction,6126,6740,614,614,0.377,-735,281
7441,8980,1539,0,GE-Phrase,203,7703,9547,1844,1277,0.83,-262,-567
7441,8980,1539,0,GE-Phase,preparation,7703,8514,811,811,0.527,-262,466
7441,8980,1539,0,GE-Phase,stroke,8514,9547,1033,466,0.303,-1073,-567
8980,9906,926,0,GE-Phrase,203,7703,9547,1844,567,0.612,1277,359
8980,9906,926,0,GE-Phrase,204,9547,12780,3233,359,0.388,-567,-2874
8980,9906,926,0,GE-Phase,stroke,8514,9547,1033,567,0.612,466,359
8980,9906,926,0,GE-Phase,stroke,9547,10299,752,359,0.388,-567,-393
61986,63218,1232,0,GE-Phrase,226,61392,64369,2977,1232,1.0,594,-1151
61986,63218,1232,0,GE-Phase,stroke,61691,62699,1008,713,0.579,295,519
61986,63218,1232,0,GE-Phase,retraction,62699,64369,1670,519,0.421,-713,-1151
63218,63490,272,0,GE-Phrase,226,61392,64369,2977,272,1.0,1826,-879
63218,63490,272,0,GE-Phase,retraction,62699,64369,1670,272,1.0,519,-879
138040,139167,1127,0,GE-Phrase,254,137516,139540,2024,1127,1.0,524,-373
138040,139167,1127,0,GE-Phase,stroke,137917,138451,534,411,0.365,123,716
138040,139167,1127,0,GE-Phase,retraction,138451,139540,1089,716,0.635,-411,-373
3480,4837,1357,0,GE-Phrase,201,2987,4043,1056,563,0.415,493,794
3480,4837,1357,0,GE-Phrase,202,4043,6740,2697,794,0.585,-563,-1903
3480,4837,1357,0,GE-Phase,stroke,3473,4043,570,563,0.415,7,794
3480,4837,1357,0,GE-Phase,preparation,4043,4966,923,794,0.585,-563,-129
5391,7021,1630,0,GE-Phrase,202,4043,6740,2697,1349,0.828,1348,281
5391,7021,1630,0,GE-Phase,stroke,4966,6126,1160,735,0.451,425,895
5391,7021,1630,0,GE-Phase,retraction,6126,6740,614,614,0.377,-735,281
7441,8980,1539,0,GE-Phrase,203,7703,9547,1844,1277,0.83,-262,-567
7441,8980,1539,0,GE-Phase,preparation,7703,8514,811,811,0.527,-262,466
7441,8980,1539,0,GE-Phase,stroke,8514,9547,1033,466,0.303,-1073,-567
8980,9906,926,0,GE-Phrase,203,7703,9547,1844,567,0.612,1277,359
8980,9906,926,0,GE-Phrase,204,9547,12780,3233,359,0.388,-567,-2874
8980,9906,926,0,GE-Phase,stroke,8514,9547,1033,567,0.612,466,359
8980,9906,926,0,GE-Phase,stroke,9547,10299,752,359,0.388,-567,-393
61986,63218,1232,0,GE-Phrase,226,61392,64369,2977,1232,1.0,594,-1151
61986,63218,1232,0,GE-Phase,stroke,61691,62699,1008,713,0.579,295,519
61986,63218,1232,0,GE-Phase,retraction,62699,64369,1670,519,0.421,-713,-1151
63218,63490,272,0,GE-Phrase,226,61392,64369,2977,272,1.0,1826,-879
63218,63490,272,0,GE-Phase,retraction,62699,64369,1670,272,1.0,519,-879
138040,139167,1127,0,GE-Phrase,254,137516,139540,2024,1127,1.0,524,-373
138040,139167,1127,0,GE-Phase,stroke,137917,138451,534,411,0.365,123,716
138040,139167,1127,0,GE-Phase,retraction,138451,139540,1089,716,0.635,-411,-373
3480,4837,1357,0,GE-Phrase,201,2987,4043,1056,563,0.415,493,794
3480,4837,1357,0,GE-Phrase,202,4043,6740,2697,794,0.585,-563,-1903
3480,4837,1357,0,GE-Phase,stroke,3473,4043,570,563,0.415,7,794
3480,4837,1357,0,GE-Phase,preparation,4043,4966,923,794,0.585,-563,-129
5391,7021,1630,0,GE-Phrase,202,4043,6740,2697,1349,0.828,1348,281
5391,7021,1630,0,GE-Phase,stroke,4966,6126,1160,735,0.451,425,895
5391,7021,1630,0,GE-Phase,retraction,6126,6740,614,614,0.377,-735,281
7441,8980,1539,0,GE-Phrase,203,7703,9547,1844,1277,0.83,-262,-567
7441,8980,1539,0,GE-Phase,preparation,7703,8514,811,811,0.527,-262,466
7441,8980,1539,0,GE-Phase,stroke,8514,9547,1033,466,0.303,-1073,-567
8980,9906,926,0,GE-Phrase,203,7703,9547,1844,567,0.612,1277,359
8980,9906,926,0,GE-Phrase,204,9547,12780,3233,359,0.388,-567,-2874
8980,9906,926,0,GE-Phase,stroke,8514,9547,1033,567,0.612,466,359
8980,9906,926,0,GE-Phase,stroke,9547,10299,752,359,0.388,-567,-393
61986,63218,1232,0,GE-Phrase,226,61392,64369,2977,1232,1.0,594,-1151
61986,63218,1232,0,GE-Phase,stroke,61691,62699,1008,713,0.579,295,519
61986,63218,1232,0,GE-Phase,retraction,62699,64369,1670,519,0.421,-713,-1151
63218,63490,272,0,GE-Phrase,226,61392,64369,2977,272,1.0,1826,-879
63218,63490,272,0,GE-Phase,retraction,62699,64369,1670,272,1.0,519,-879
138040,139167,1127,0,GE-Phrase,254,137516,139540,2024,1127,1.0,524,-373
138040,139167,1127,0,GE-Phase,stroke,137917,138451,534,411,0.365,123,716
138040,139167,1127,0,GE-Phase,retraction,138451,139540,1089,716,0.635,-411,-373
3480,4837,1357,0,GE-Phrase,201,2987,4043,1056,563,0.415,493,794
3480,4837,1357,0,GE-Phrase,202,4043,6740,2697,794,0.585,-563,-1903
3480,4837,1357,0,GE-Phase,stroke,3473,4043,570,563,0.415,7,794
3480,4837,1357,0,GE-Phase,preparation,4043,4966,923,794,0.585,-563,-129
5391,7021,1630,0,GE-Phrase,202,4043,6740,2697,1349,0.828,1348,281
5391,7021,1630,0,GE-Phase,stroke,4966,6126,1160,735,0.451,425,895
5391,7021,1630,0,GE-Phase,retraction,6126,6740,614,614,0.377,-735,281
7441,8980,1539,0,GE-Phrase,203,7703,9547,1844,1277,0.83,-262,-567
7441,8980,1539,0,GE-Phase,preparation,7703,8514,811,811,0.527,-262,466
7441,8980,1539,0,GE-Phase,stroke,8514,9547,1033,466,0.303,-1073,-567
8980,9906,926,0,GE-Phrase,203,7703,9547,1844,567,0.612,1277,359
8980,9906,926,0,GE-Phrase,204,9547,12780,3233,359,0.388,-567,-2874
8980,9906,926,0,GE-Phase,stroke,8514,9547,1033,567,0.612,466,359
8980,9906,926,0,GE-Phase,stroke,9547,10299,752,359,0.388,-567,-393
61986,63218,1232,0,GE-Phrase,226,61392,64369,2977,1232,1.0,594,-1151
61986,63218,1232,0,GE-Phase,stroke,61691,62699,1008,713,0.579,295,519
61986,63218,1232,0,GE-Phase,retraction,62699,64369,1670,519,0.421,-713,-1151
63218,63490,272,0,GE-Phrase,226,61392,64369,2977,272,1.0,1826,-879
63218,63490,272,0,GE-Phase,retraction,62699,64369,1670,272,1.0,519,-879
138040,139167,1127,0,GE-Phrase,254,137516,139540,2024,1127,1.0,524,-373
138040,139167,1127,0,GE-Phase,stroke,137917,138451,534,411,0.365,123,716
138040,139167,1127,0,GE-Phase,retraction,138451,139540,1089,716,0.635,-411,-373
3480,4837,1357,0,GE-Phrase,201,2987,4043,1056,563,0.415,493,794
3480,4837,1357,0,GE-Phrase,202,4043,6740,2697,794,0.585,-563,-1903
3480,4837,1357,0,GE-Phase,stroke,3473,4043,570,563,0.415,7,794
3480,4837,1357,0,GE-Phase,preparation,4043,4966,923,794,0.585,-563,-129
5391,7021,1630,0,GE-Phrase,202,4043,6740,2697,1349,0.828,1348,281
5391,7021,1630,0,GE-Phase,stroke,4966,6126,1160,735,0.451,425,895
5391,7021,1630,0,GE-Phase,retraction,6126,6740,614,614,0.377,-735,281
7441,8980,1539,0,GE-Phrase,203,7703,9547,1844,1277,0.83,-262,-567
7441,8980,1539,0,GE-Phase,preparation,7703,8514,811,811,0.527,-262,466
7441,8980,1539,0,GE-Phase,stroke,8514,9547,1033,466,0.303,-1073,-567
8980,9906,926,0,GE-Phrase,203,7703,9547,1844,567,0.612,1277,359
8980,9906,926,0,GE-Phrase,204,9547,12780,3233,359,0.388,-567,-2874
8980,9906,926,0,GE-Phase,stroke,8514,9547,1033,567,0.612,466,359
8980,9906,926,0,GE-Phase,stroke,9547,10299,752,359,0.388,-567,-393
61986,63218,1232,0,GE-Phrase,226,61392,64369,2977,1232,1.0,594,-1151
61986,63218,1232,0,GE-Phase,stroke,61691,62699,1008,713,0.579,295,519
61986,63218,1232,0,GE-Phase,retraction,62699,64369,1670,519,0.421,-713,-1151
63218,63490,272,0,GE-Phrase,226,61392,64369,2977,272,1.0,1826,-879
63218,63490,272,0,GE-Phase,retraction,62699,64369,1670,272,1.0,519,-879
138040,139167,1127,0,GE-Phrase,254,137516,139540,2024,1127,1.0,524,-373
138040,139167,1127,0,GE-Phase,stroke,137917,138451,534,411,0.365,123,716
138040,139167,1127,0,GE-Phase,retraction,138451,139540,1089,716,0.635,-411,-373
3480,4837,1357,0,GE-Phrase,201,2987,4043,1056,563,0.415,493,794
3480,4837,1357,0,GE-Phrase,202,4043,6740,2697,794,0.585,-563,-1903
3480,4837,1357,0,GE-Phase,stroke,3473,4043,570,563,0.415,7,794
3480,4837,1357,0,GE-Phase,preparation,4043,4966,923,794,0.585,-563,-129
5391,7021,1630,0,GE-Phrase,202,4043,6740,2697,1349,0.828,1348,281
5391,7021,1630,0,GE-Phase,stroke,4966,6126,1160,735,0.451,425,895
5391,7021,1630,0,GE-Phase,retraction,6126,6740,614,614,0.377,-735,281
7441,8980,1539,0,GE-Phrase,203,7703,9547,1844,1277,0.83,-262,-567
7441,8980,1539,0,GE-Phase,preparation,7703,8514,811,811,0.527,-262,466
7441,8980,1539,0,GE-Phase,stroke,8514,9547,1033,466,0.303,-1073,-567
8980,9906,926,0,GE-Phrase,203,7703,9547,1844,567,0.612,1277,359
8980,9906,926,0,GE-Phrase,204,9547,12780,3233,359,0.388,-567,-2874
8980,9906,926,0,GE-Phase,stroke,8514,9547,1033,567,0.612,466,359
8980,9906,926,0,GE-Phase,stroke,9547,10299,752,359,0.388,-567,-393
61986,63218,1232,0,GE-Phrase,226,61392,64369,2977,1232,1.0,594,-1151
61986,63218,1232,0,GE-Phase,stroke,61691,62699,1008,713,0.579,295,519
61986,63218,1232,0,GE-Phase,retraction,62699,64369,1670,519,0.421,-713,-1151
63218,63490,272,0,GE-Phrase,226,61392,64369,2977,272,1.0,1826,-879
63218,63490,272,0,GE-Phase,retraction,62699,64369,1670,272,1.0,519,-879
138040,139167,1127,0,GE-Phrase,254,137516,139540,2024,1127,1.0,524,-373
138040,139167,1127,0,GE-Phase,stroke,137917,138451,534,411,0.365,123,716
138040,139167,1127,0,GE-Phase,retraction,138451,139540,1089,716,0.635,-411,-373
3480,4837,1357,0,GE-Phrase,201,2987,4043,1056,563,0.415,493,794
3480,4837,1357,0,GE-Phrase,202,4043,6740,2697,794,0.585,-563,-1903
3480,4837,1357,0,GE-Phase,stroke,3473,4043,570,563,0.415,7,794
3480,4837,1357,0,GE-Phase,preparation,4043,4966,923,794,0.585,-563,-129
5391,7021,1630,0,GE-Phrase,202,4043,6740,2697,1349,0.828,1348,281
5391,7021,1630,0,GE-Phase,stroke,4966,6126,1160,735,0.451,425,895
5391,7021,1630,0,GE-Phase,retraction,6126,6740,614,614,0.377,-735,281
7441,8980,1539,0,GE-Phrase,203,7703,9547,1844,1277,0.83,-262,-567
7441,8980,1539,0,GE-Phase,preparation,7703,8514,811,811,0.527,-262,466
7441,8980,1539,0,GE-Phase,stroke,8514,9547,1033,466,0.303,-1073,-567
8980,9906,926,0,GE-Phrase,203,7703,9547,1844,567,0.612,1277,359
8980,9906,926,0,GE-Phrase,204,9547,12780,3233,359,0.388,-567,-2874
8980,9906,926,0,GE-Phase,stroke,8514,9547,1033,567,0.612,466,359
8980,9906,926,0,GE-Phase,stroke,9547,10299,752,359,0.388,-567,-393
61986,63218,1232,0,GE-Phrase,226,61392,64369,2977,1232,1.0,594,-1151
61986,63218,1232,0,GE-Phase,stroke,61691,62699,1008,713,0.579,295,519
61986,63218,1232,0,GE-Phase,retraction,62699,64369,1670,519,0.421,-713,-1151
63218,63490,272,0,GE-Phrase,226,61392,64369,2977,272,1.0,1826,-879
63218,63490,272,0,GE-Phase,retraction,62699,64369,1670,272,1.0,519,-879
138040,139167,1127,0,GE-Phrase,254,137516,139540,2024,1127,1.0,524,-373
138040,139167,1127,0,GE-Phase,stroke,137917,138451,534,411,0.365,123,716
138040,139167,1127,0,GE-Phase,retraction,138451,139540,1089,716,0.635,-411,-373
3480,4837,1357,0,GE-Phrase,201,2987,4043,1056,563,0.415,493,794
3480,4837,1357,0,GE-Phrase,202,4043,6740,2697,794,0.585,-563,-1903
3480,4837,1357,0,GE-Phase,stroke,3473,4043,570,563,0.415,7,794
3480,4837,1357,0,GE-Phase,preparation,4043,4966,923,794,0.585,-563,-129
5391,7021,1630,0,GE-Phrase,202,4043,6740,2697,1349,0.828,1348,281
5391,7021,1630,0,GE-Phase,stroke,4966,6126,1160,735,0.451,425,895
5391,7021,1630,0,GE-Phase,retraction,6126,6740,614,614,0.377,-735,281
7441,8980,1539,0,GE-Phrase,203,7703,9547,1844,1277,0.83,-262,-567
7441,8980,1539,0,GE-Phase,preparation,7703,8514,811,811,0.527,-262,466
7441,8980,1539,0,GE-Phase,stroke,8514,9547,1033,466,0.303,-1073,-567
8980,9906,926,0,GE-Phrase,203,7703,9547,1844,567,0.612,1277,359
8980,9906,926,0,GE-Phrase,204,9547,12780,3233,359,0.388,-567,-2874
8980,9906,926,0,GE-Phase,stroke,8514,9547,1033,567,0.612,466,359
8980,9906,926,0,GE-Phase,stroke,9547,10299,752,359,0.388,-567,-393
61986,63218,1232,0,GE-Phrase,226,61392,64369,2977,1232,1.0,594,-1151
61986,63218,1232,0,GE-Phase,stroke,61691,62699,1008,713,0.579,295,519
61986,63218,1232,0,GE-Phase,retraction,62699,64369,1670,519,0.421,-713,-1151
63218,63490,272,0,GE-Phrase,226,61392,64369,2977,272,1.0,1826,-879
63218,63490,272,0,GE-Phase,retraction,62699,64369,1670,272,1.0,519,-879
138040,139167,1127,0,GE-Phrase,254,137516,139540,2024,1127,1.0,524,-373
138040,139167,1127,0,GE-Phase,stroke,137917,138451,534,411,0.365,123,716
138040,139167,1127,0,GE-Phase,retraction,138451,139540,1089,716,0.635,-411,-373
3480,4837,1357,0,GE-Phrase,201,2987,4043,1056,563,0.415,493,794
3480,4837,1357,0,GE-Phrase,202,4043,6740,2697,794,0.585,-563,-1903
3480,4837,1357,0,GE-Phase,stroke,3473,4043,570,563,0.415,7,794
3480,4837,1357,0,GE-Phase,preparation,4043,4966,923,794,0.585,-563,-129
5391,7021,1630,0,GE-Phrase,202,4043,6740,2697,1349,0.828,1348,281
5391,7021,1630,0,GE-Phase,stroke,4966,6126,1160,735,0.451,425,895
5391,7021,1630,0,GE-Phase,retraction,6126,6740,614,614,0.377,-735,281
7441,8980,1539,0,GE-Phrase,203,7703,9547,1844,1277,0.83,-262,-567
7441,8980,1539,0,GE-Phase,preparation,7703,8514,811,811,0.527,-262,466
7441,8980,1539,0,GE-Phase,stroke,8514,9547,1033,466,0.303,-1073,-567
8980,9906,926,0,GE-Phrase,203,7703,9547,1844,567,0.612,1277,359
8980,9906,926,0,GE-Phrase,204,9547,12780,3233,359,0.388,-567,-2874
8980,9906,926,0,GE-Phase,stroke,8514,9547,1033,567,0.612,466,359
8980,9906,926,0,GE-Phase,stroke,9547,10299,752,359,0.388,-567,-393
61986,63218,1232,0,GE-Phrase,226,61392,64369,2977,1232,1.0,594,-1151
61986,63218,1232,0,GE-Phase,stroke,61691,62699,1008,713,0.579,295,519
61986,63218,1232,0,GE-Phase,retraction,62699,64369,1670,519,0.421,-713,-1151
63218,63490,272,0,GE-Phrase,226,61392,64369,2977,272,1.0,1826,-879
63218,63490,272,0,GE-Phase,retraction,62699,64369,1670,272,1.0,519,-879
138040,139167,1127,0,GE-Phrase,254,137516,139540,2024,1127,1.0,524,-373
138040,139167,1127,0,GE-Phase,stroke,137917,138451,534,411,0.365,123,716
138040,139167,1127,0,GE-Phase,retraction,138451,139540,1089,716,0.635,-411,-373
3480,4837,1357,0,GE-Phrase,201,2987,4043,1056,563,0.415,493,794
3480,4837,1357,0,GE-Phrase,202,4043,6740,2697,794,0.585,-563,-1903
3480,4837,1357,0,GE-Phase,stroke,3473,4043,570,563,0.415,7,794
3480,4837,1357,0,GE-Phase,preparation,4043,4966,923,794,0.585,-563,-129
5391,7021,1630,0,GE-Phrase,202,4043,6740,2697,1349,0.828,1348,281
5391,7021,1630,0,GE-Phase,stroke,4966,6126,1160,735,0.451,425,895
5391,7021,1630,0,GE-Phase,retraction,6126,6740,614,614,0.377,-735,281
7441,8980,1539,0,GE-Phrase,203,7703,9547,1844,1277,0.83,-262,-567
7441,8980,1539,0,GE-Phase,preparation,7703,8514,811,811,0.527,-262,466
7441,8980,1539,0,GE-Phase,stroke,8514,9547,1033,466,0.303,-1073,-567
8980,9906,926,0,GE-Phrase,203,7703,9547,1844,567,0.612,1277,359
8980,9906,926,0,GE-Phrase,204,9547,12780,3233,359,0.388,-567,-2874
8980,9906,926,0,GE-Phase,stroke,8514,9547,1033,567,0.612,466,359
8980,9906,926,0,GE-Phase,stroke,9547,10299,752,359,0.388,-567,-393
61986,63218,1232,0,GE-Phrase,226,61392,64369,2977,1232,1.0,594,-1151
61986,63218,1232,0,GE-Phase,stroke,61691,62699,1008,713,0.579,295,519
61986,63218,1232,0,GE-Phase,retraction,62699,64369,1670,519,0.421,-713,-1151
63218,63490,272,0,GE-Phrase,226,61392,64369,2977,272,1.0,1826,-879
63218,63490,272,0,GE-Phase,retraction,62699,64369,1670,272,1.0,519,-879
138040,139167,1127,0,GE-Phrase,254,137516,139540,2024,1127,1.0,524,-373
138040,139167,1127,0,GE-Phase,stroke,137917,138451,534,411,0.365,123,716
138040,139167,1127,0,GE-Phase,retraction,138451,139540,1089,716,0.635,-411,-373
3480,4837,1357,0,GE-Phrase,201,2987,4043,1056,563,0.415,493,794
3480,4837,1357,0,GE-Phrase,202,4043,6740,2697,794,0.585,-563,-1903
3480,4837,1357,0,GE-Phase,stroke,3473,4043,570,563,0.415,7,794
3480,4837,1357,0,GE-Phase,preparation,4043,4966,923,794,0.585,-563,-129
5391,7021,1630,0,GE-Phrase,202,4043,6740,2697,1349,0.828,1348,281
5391,7021,1630,0,GE-Phase,stroke,4966,6126,1160,735,0.451,425,895
5391,7021,1630,0,GE-Phase,retraction,6126,6740,614,614,0.377,-735,281
7441,8980,1539,0,GE-Phrase,203,7703,9547,1844,1277,0.83,-262,-567
7441,8980,1539,0,GE-Phase,preparation,7703,8514,811,811,0.527,-262,466
7441,8980,1539,0,GE-Phase,stroke,8514,9547,1033,466,0.303,-1073,-567
8980,9906,926,0,GE-Phrase,203,7703,9547,1844,567,0.612,1277,359
8980,9906,926,0,GE-Phrase,204,9547,12780,3233,359,0.388,-567,-2874
8980,9906,926,0,GE-Phase,stroke,8514,9547,1033,567,0.612,466,359
8980,9906,926,0,GE-Phase,stroke,9547,10299,752,359,0.388,-567,-393
61986,63218,1232,0,GE-Phrase,226,61392,64369,2977,1232,1.0,594,-1151
61986,63218,1232,0,GE-Phase,stroke,61691,62699,1008,713,0.579,295,519
61986,63218,1232,0,GE-Phase,retraction,62699,64369,1670,519,0.421,-713,-1151
63218,63490,272,0,GE-Phrase,226,61392,64369,2977,272,1.0,1826,-879
63218,63490,272,0,GE-Phase,retraction,62699,64369,1670,272,1.0,519,-879
138040,139167,1127,0,GE-Phrase,254,137516,139540,2024,1127,1.0,524,-373
138040,139167,1127,0,GE-Phase,stroke,137917,138451,534,411,0.365,123,716
138040,139167,1127,0,GE-Phase,retraction,138451,139540,1089,716,0.635,-411,-373
3480,4837,1357,0,GE-Phrase,201,2987,4043,1056,563,0.415,493,794
3480,4837,1357,0,GE-Phrase,202,4043,6740,2697,794,0.585,-563,-1903
3480,4837,1357,0,GE-Phase,stroke,3473,4043,570,563,0.415,7,794
3480,4837,1357,0,GE-Phase,preparation,4043,4966,923,794,0.585,-563,-129
5391,7021,1630,0,GE-Phrase,202,4043,6740,2697,1349,0.828,1348,281
5391,7021,1630,0,GE-Phase,stroke,4966,6126,1160,735,0.451,425,895
5391,7021,1630,0,GE-Phase,retraction,6126,6740,614,614,0.377,-735,281
7441,8980,1539,0,GE-Phrase,203,7703,9547,1844,1277,0.83,-262,-567
7441,8980,1539,0,GE-Phase,preparation,7703,8514,811,811,0.527,-262,466
7441,8980,1539,0,GE-Phase,stroke,8514,9547,1033,466,0.303,-1073,-567
8980,9906,926,0,GE-Phrase,203,7703,9547,1844,567,0.612,1277,359
8980,9906,926,0,GE-Phrase,204,9547,12780,3233,359,0.388,-567,-2874
8980,9906,926,0,GE-Phase,stroke,8514,9547,1033,567,0.612,466,359
8980,9906,926,0,GE-Phase,stroke,9547,10299,752,359,0.388,-567,-393
61986,63218,1232,0,GE-Phrase,226,61392,64369,2977,1232,1.0,594,-1151
61986,63218,1232,0,GE-Phase,stroke,61691,62699,1008,713,0.579,295,519
61986,63218,1232,0,GE-Phase,retraction,62699,64369,1670,519,0.421,-713,-1151
63218,63490,272,0,GE-Phrase,226,61392,64369,2977,272,1.0,1826,-879
63218,63490,272,0,GE-Phase,retraction,62699,64369,1670,272,1.0,519,-879
138040,139167,1127,0,GE-Phrase,254,137516,139540,2024,1127,1.0,524,-373
138040,139167,1127,0,GE-Phase,stroke,137917,138451,534,411,0.365,123,716
138040,139167,1127,0,GE-Phase,retraction,138451,139540,1089,716,0.635,-411,-373
3480,4837,1357,0,GE-Phrase,201,2987,4043,1056,563,0.415,493,794
3480,4837,1357,0,GE-Phrase,202,4043,6740,2697,794,0.585,-563,-1903
3480,4837,1357,0,GE-Phase,stroke,3473,4043,570,563,0.415,7,794
3480,4837,1357,0,GE-Phase,preparation,4043,4966,923,794,0.585,-563,-129
5391,7021,1630,0,GE-Phrase,202,4043,6740,2697,1349,0.828,1348,281
5391,7021,1630,0,GE-Phase,stroke,4966,6126,1160,735,0.451,425,895
5391,7021,1630,0,GE-Phase,retraction,6126,6740,614,614,0.377,-735,281
7441,8980,1539,0,GE-Phrase,203,7703,9547,1844,1277,0.83,-262,-567
7441,8980,1539,0,GE-Phase,preparation,7703,8514,811,811,0.527,-262,466
7441,8980,1539,0,GE-Phase,stroke,8514,9547,1033,466,0.303,-1073,-567
8980,9906,926,0,GE-Phrase,203,7703,9547,1844,567,0.612,1277,359
8980,9906,926,0,GE-Phrase,204,9547,12780,3233,359,0.388,-567,-2874
8980,9906,926,0,GE-Phase,stroke,8514,9547,1033,567,0.612,466,359
8980,9906,926,0,GE-Phase,stroke,9547,10299,752,359,0.388,-567,-393
61986,63218,1232,0,GE-Phrase,226,61392,64369,2977,1232,1.0,594,-1151
61986,63218,1232,0,GE-Phase,stroke,61691,62699,1008,713,0.579,295,519
61986,63218,1232,0,GE-Phase,retraction,62699,64369,1670,519,0.421,-713,-1151
63218,63490,272,0,GE-Phrase,226,61392,64369,2977,272,1.0,1826,-879
63218,63490,272,0,GE-Phase,retraction,62699,64369,1670,272,1.0,519,-879
138040,139167,1127,0,GE-Phrase,254,137516,139540,2024,1127,1.0,524,-373
138040,139167,1127,0,GE-Phase,stroke,137917,138451,534,411,0.365,123,716
138040,139167,1127,0,GE-Phase,retraction,138451,139540,1089,716,0.635,-411,-373
3480,4837,1357,0,GE-Phrase,201,2987,4043,1056,563,0.415,493,794
3480,4837,1357,0,GE-Phrase,202,4043,6740,2697,794,0.585,-563,-1903
3480,4837,1357,0,GE-Phase,stroke,3473,4043,570,563,0.415,7,794
3480,4837,1357,0,GE-Phase,preparation,4043,4966,923,794,0.585,-563,-129
5391,7021,1630,0,GE-Phrase,202,4043,6740,2697,1349,0.828,1348,281
5391,7021,1630,0,GE-Phase,stroke,4966,6126,1160,735,0.451,425,895
5391,7021,1630,0,GE-Phase,retraction,6126,6740,614,614,0.377,-735,281
7441,8980,1539,0,GE-Phrase,203,7703,9547,1844,1277,0.83,-262,-567
7441,8980,1539,0,GE-Phase,preparation,7703,8514,811,811,0.527,-262,466
7441,8980,1539,0,GE-Phase,stroke,8514,9547,1033,466,0.303,-1073,-567
8980,9906,926,0,GE-Phrase,203,7703,9547,1844,567,0.612,1277,359
8980,9906,926,0,GE-Phrase,204,9547,12780,3233,359,0.388,-567,-2874
8980,9906,926,0,GE-Phase,stroke,8514,9547,1033,567,0.612,466,359
8980,9906,926,0,GE-Phase,stroke,9547,10299,752,359,0.388,-567,-393
61986,63218,1232,0,GE-Phrase,226,61392,64369,2977,1232,1.0,594,-1151
61986,63218,1232,0,GE-Phase,stroke,61691,62699,1008,713,0.579,295,519
61986,63218,1232,0,GE-Phase,retraction,62699,64369,1670,519,0.421,-713,-1151
63218,63490,272,0,GE-Phrase,226,61392,64369,2977,272,1.0,1826,-879
63218,63490,272,0,GE-Phase,retraction,62699,64369,1670,272,1.0,519,-879
138040,139167,1127,0,GE-Phrase,254,137516,139540,2024,1127,1.0,524,-373
138040,139167,1127,0,GE-Phase,stroke,137917,138451,534,411,0.365,123,716
138040,139167,1127,0,GE-Phase,retraction,138451,139540,1089,716,0.635,-411,-373
3480,4837,1357,0,GE-Phrase,201,2987,4043,1056,563,0.415,493,794
3480,4837,1357,0,GE-Phrase,202,4043,6740,2697,794,0.585,-563,-1903
3480,4837,1357,0,GE-Phase,stroke,3473,4043,570,563,0.415,7,794
3480,4837,1357,0,GE-Phase,preparation,4043,4966,923,794,0.585,-563,-129
5391,7021,1630,0,GE-Phrase,202,4043,6740,2697,1349,0.828,1348,281
5391,7021,1630,0,GE-Phase,stroke,4966,6126,1160,735,0.451,425,895
5391,7021,1630,0,GE-Phase,retraction,6126,6740,614,614,0.377,-735,281
7441,8980,1539,0,GE-Phrase,203,7703,9547,1844,1277,0.83,-262,-567
7441,8980,1539,0,GE-Phase,preparation,7703,8514,811,811,0.527,-262,466
7441,8980,1539,0,GE-Phase,stroke,8514,9547,1033,466,0.303,-1073,-567
8980,9906,926,0,GE-Phrase,203,7703,9547,1844,567,0.612,1277,359
8980,9906,926,0,GE-Phrase,204,9547,12780,3233,359,0.388,-567,-2874
8980,9906,926,0,GE-Phase,stroke,8514,9547,1033,567,0.612,466,359
8980,9906,926,0,GE-Phase,stroke,9547,10299,752,359,0.388,-567,-393
61986,63218,1232,0,GE-Phrase,226,61392,64369,2977,1232,1.0,594,-1151
61986,63218,1232,0,GE-Phase,stroke,61691,62699,1008,713,0.579,295,519
61986,63218,1232,0,GE-Phase,retraction,62699,64369,1670,519,0.421,-713,-1151
63218,63490,272,0,GE-Phrase,226,61392,64369,2977,272,1.0,1826,-879
63218,63490,272,0,GE-Phase,retraction,62699,64369,1670,272,1.0,519,-879
138040,139167,1127,0,GE-Phrase,254,137516,139540,2024,1127,1.0,524,-373
138040,139167,1127,0,GE-Phase,stroke,137917,138451,534,411,0.365,123,716
138040,139167,1127,0,GE-Phase,retraction,138451,139540,1089,716,0.635,-411,-373
3480,4837,1357,0,GE-Phrase,201,2987,4043,1056,563,0.415,493,794
3480,4837,1357,0,GE-Phrase,202,4043,6740,2697,794,0.585,-563,-1903
3480,4837,1357,0,GE-Phase,stroke,3473,4043,570,563,0.415,7,794
3480,4837,1357,0,GE-Phase,preparation,4043,4966,923,794,0.585,-563,-129
5391,7021,1630,0,GE-Phrase,202,4043,6740,2697,1349,0.828,1348,281
5391,7021,1630,0,GE-Phase,stroke,4966,6126,1160,735,0.451,425,895
5391,7021,1630,0,GE-Phase,retraction,6126,6740,614,614,0.377,-735,281
7441,8980,1539,0,GE-Phrase,203,7703,9547,1844,1277,0.83,-262,-567
7441,8980,1539,0,GE-Phase,preparation,7703,8514,811,811,0.527,-262,466
7441,8980,1539,0,GE-Phase,stroke,8514,9547,1033,466,0.303,-1073,-567
8980,9906,926,0,GE-Phrase,203,7703,9547,1844,567,0.612,1277,359
8980,9906,926,0,GE-Phrase,204,9547,12780,3233,359,0.388,-567,-2874
8980,9906,926,0,GE-Phase,stroke,8514,9547,1033,567,0.612,466,359
8980,9906,926,0,GE-Phase,stroke,9547,10299,752,359,0.388,-567,-393
61986,63218,1232,0,GE-Phrase,226,61392,64369,2977,1232,1.0,594,-1151
61986,63218,1232,0,GE-Phase,stroke,61691,62699,1008,713,0.579,295,519
61986,63218,1232,0,GE-Phase,retraction,62699,64369,1670,519,0.421,-713,-1151
63218,63490,272,0,GE-Phrase,226,61392,64369,2977,272,1.0,1826,-879
63218,63490,272,0,GE-Phase,retraction,62699,64369,1670,272,1.0,519,-879
138040,139167,1127,0,GE-Phrase,254,137516,139540,2024,1127,1.0,524,-373
138040,139167,1127,0,GE-Phase,stroke,137917,138451,534,411,0.365,123,716
138040,139167,1127,0,GE-Phase,retraction,138451,139540,1089,716,0.635,-411,-373
3480,4837,1357,0,GE-Phrase,201,2987,4043,1056,563,0.415,493,794
3480,4837,1357,0,GE-Phrase,202,4043,6740,2697,794,0.585,-563,-1903
3480,4837,1357,0,GE-Phase,stroke,3473,4043,570,563,0.415,7,794
3480,4837,1357,0,GE-Phase,preparation,4043,4966,923,794,0.585,-563,-129
5391,7021,1630,0,GE-Phrase,202,4043,6740,2697,1349,0.828,1348,281
5391,7021,1630,0,GE-Phase,stroke,4966,6126,1160,735,0.451,425,895
5391,7021,1630,0,GE-Phase,retraction,6126,6740,614,614,0.377,-735,281
7441,8980,1539,0,GE-Phrase,203,7703,9547,1844,1277,0.83,-262,-567
7441,8980,1539,0,GE-Phase,preparation,7703,8514,811,811,0.527,-262,466
7441,8980,1539,0,GE-Phase,stroke,8514,9547,1033,466,0.303,-1073,-567
8980,9906,926,0,GE-Phrase,203,7703,9547,1844,567,0.612,1277,359
8980,9906,926,0,GE-Phrase,204,9547,12780,3233,359,0.388,-567,-2874
8980,9906,926,0,GE-Phase,stroke,8514,9547,1033,567,0.612,466,359
8980,9906,926,0,GE-Phase,stroke,9547,10299,752,359,0.388,-567,-393
61986,63218,1232,0,GE-Phrase,226,61392,64369,2977,1232,1.0,594,-1151
61986,63218,1232,0,GE-Phase,stroke,61691,62699,1008,713,0.579,295,519
61986,63218,1232,0,GE-Phase,retraction,62699,64369,1670,519,0.421,-713,-1151
63218,63490,272,0,GE-Phrase,226,61392,64369,2977,272,1.0,1826,-879
63218,63490,272,0,GE-Phase,retraction,62699,64369,1670,272,1.0,519,-879
138040,139167,1127,0,GE-Phrase,254,137516,139540,2024,1127,1.0,524,-373
138040,139167,1127,0,GE-Phase,stroke,137917,138451,534,411,0.365,123,716
138040,139167,1127,0,GE-Phase,retraction,138451,139540,1089,716,0.635,-411,-373
3480,4837,1357,0,GE-Phrase,201,2987,4043,1056,563,0.415,493,794
3480,4837,1357,0,GE-Phrase,202,4043,6740,2697,794,0.585,-563,-1903
3480,4837,1357,0,GE-Phase,stroke,3473,4043,570,563,0.415,7,794
3480,4837,1357,0,GE-Phase,preparation,4043,4966,923,794,0.585,-563,-129
5391,7021,1630,0,GE-Phrase,202,4043,6740,2697,1349,0.828,1348,281
5391,7021,1630,0,GE-Phase,stroke,4966,6126,1160,735,0.451,425,895
5391,7021,1630,0,GE-Phase,retraction,6126,6740,614,614,0.377,-735,281
7441,8980,1539,0,GE-Phrase,203,7703,9547,1844,1277,0.83,-262,-567
7441,8980,1539,0,GE-Phase,preparation,7703,8514,811,811,0.527,-262,466
7441,8980,1539,0,GE-Phase,stroke,8514,9547,1033,466,0.303,-1073,-567
8980,9906,926,0,GE-Phrase,203,7703,9547,1844,567,0.612,1277,359
8980,9906,926,0,GE-Phrase,204,9547,12780,3233,359,0.388,-567,-2874
8980,9906,926,0,GE-Phase,stroke,8514,9547,1033,567,0.612,466,359
8980,9906,926,0,GE-Phase,stroke,9547,10299,752,359,0.388,-567,-393
61986,63218,1232,0,GE-Phrase,226,61392,64369,2977,1232,1.0,594,-1151
61986,63218,1232,0,GE-Phase,stroke,61691,62699,1008,713,0.579,295,519
61986,63218,1232,0,GE-Phase,retraction,62699,64369,1670,519,0.421,-713,-1151
63218,63490,272,0,GE-Phrase,226,61392,64369,2977,272,1.0,1826,-879
63218,63490,272,0,GE-Phase,retraction,62699,64369,1670,272,1.0,519,-879
138040,139167,1127,0,GE-Phrase,254,137516,139540,2024,1127,1.0,524,-373
138040,139167,1127,0,GE-Phase,stroke,137917,138451,534,411,0.365,123,716
138040,139167,1127,0,GE-Phase,retraction,138451,139540,1089,716,0.635,-411,-373
3480,4837,1357,0,GE-Phrase,201,2987,4043,1056,563,0.415,493,794
3480,4837,1357,0,GE-Phrase,202,4043,6740,2697,794,0.585,-563,-1903
3480,4837,1357,0,GE-Phase,stroke,3473,4043,570,563,0.415,7,794
3480,4837,1357,0,GE-Phase,preparation,4043,4966,923,794,0.585,-563,-129
5391,7021,1630,0,GE-Phrase,202,4043,6740,2697,1349,0.828,1348,281
5391,7021,1630,0,GE-Phase,stroke,4966,6126,1160,735,0.451,425,895
5391,7021,1630,0,GE-Phase,retraction,6126,6740,614,614,0.377,-735,281
7441,8980,1539,0,GE-Phrase,203,7703,9547,1844,1277,0.83,-262,-567
7441,8980,1539,0,GE-Phase,preparation,7703,8514,811,811,0.527,-262,466
7441,8980,1539,0,GE-Phase,stroke,8514,9547,1033,466,0.303,-1073,-567
8980,9906,926,0,GE-Phrase,203,7703,9547,1844,567,0.612,1277,359
8980,9906,926,0,GE-Phrase,204,9547,12780,3233,359,0.388,-567,-2874
8980,9906,926,0,GE-Phase,stroke,8514,9547,1033,567,0.612,466,359
8980,9906,926,0,GE-Phase,stroke,9547,10299,752,359,0.388,-567,-393
61986,63218,1232,0,GE-Phrase,226,61392,64369,2977,1232,1.0,594,-1151
61986,63218,1232,0,GE-Phase,stroke,61691,62699,1008,713,0.579,295,519
61986,63218,1232,0,GE-Phase,retraction,62699,64369,1670,519,0.421,-713,-1151
63218,63490,272,0,GE-Phrase,226,61392,64369,2977,272,1.0,1826,-879
63218,63490,272,0,GE-Phase,retraction,62699,64369,1670,272,1.0,519,-879
138040,139167,1127,0,GE-Phrase,254,137516,139540,2024,1127,1.0,524,-373
138040,139167,1127,0,GE-Phase,stroke,137917,138451,534,411,0.365,123,716
138040,139167,1127,0,GE-Phase,retraction,138451,139540,1089,716,0.635,-411,-373
3480,4837,1357,0,GE-Phrase,201,2987,4043,1056,563,0.415,493,794
3480,4837,1357,0,GE-Phrase,202,4043,6740,2697,794,0.585,-563,-1903
3480,4837,1357,0,GE-Phase,stroke,3473,4043,570,563,0.415,7,794
3480,4837,1357,0,GE-Phase,preparation,4043,4966,923,794,0.585,-563,-129
5391,7021,1630,0,GE-Phrase,202,4043,6740,2697,1349,0.828,1348,281
5391,7021,1630,0,GE-Phase,stroke,4966,6126,1160,735,0.451,425,895
5391,7021,1630,0,GE-Phase,retraction,6126,6740,614,614,0.377,-735,281
7441,8980,1539,0,GE-Phrase,203,7703,9547,1844,1277,0.83,-262,-567
7441,8980,1539,0,GE-Phase,preparation,7703,8514,811,811,0.527,-262,466
7441,8980,1539,0,GE-Phase,stroke,8514,9547,1033,466,0.303,-1073,-567
8980,9906,926,0,GE-Phrase,203,7703,9547,1844,567,0.612,1277,359
8980,9906,926,0,GE-Phrase,204,9547,12780,3233,359,0.388,-567,-2874
8980,9906,926,0,GE-Phase,stroke,8514,9547,1033,567,0.612,466,359
8980,9906,926,0,GE-Phase,stroke,9547,10299,752,359,0.388,-567,-393
61986,63218,1232,0,GE-Phrase,226,61392,64369,2977,1232,1.0,594,-1151
61986,63218,1232,0,GE-Phase,stroke,61691,62699,1008,713,0.579,295,519
61986,63218,1232,0,GE-Phase,retraction,62699,64369,1670,519,0.421,-713,-1151
63218,63490,272,0,GE-Phrase,226,61392,64369,2977,272,1.0,1826,-879
63218,63490,272,0,GE-Phase,retraction,62699,64369,1670,272,1.0,519,-879
138040,139167,1127,0,GE-Phrase,254,137516,139540,2024,1127,1.0,524,-373
138040,139167,1127,0,GE-Phase,stroke,137917,138451,534,411,0.365,123,716
138040,139167,1127,0,GE-Phase,retraction,138451,139540,1089,716,0.635,-411,-373
3480,4837,1357,0,GE-Phrase,201,2987,4043,1056,563,0.415,493,794
3480,4837,1357,0,GE-Phrase,202,4043,6740,2697,794,0.585,-563,-1903
3480,4837,1357,0,GE-Phase,stroke,3473,4043,570,563,0.415,7,794
3480,4837,1357,0,GE-Phase,preparation,4043,4966,923,794,0.585,-563,-129
5391,7021,1630,0,GE-Phrase,202,4043,6740,2697,1349,0.828,1348,281
5391,7021,1630,0,GE-Phase,stroke,4966,6126,1160,735,0.451,425,895
5391,7021,1630,0,GE-Phase,retraction,6126,6740,614,614,0.377,-735,281
7441,8980,1539,0,GE-Phrase,203,7703,9547,1844,1277,0.83,-262,-567
7441,8980,1539,0,GE-Phase,preparation,7703,8514,811,811,0.527,-262,466
7441,8980,1539,0,GE-Phase,stroke,8514,9547,1033,466,0.303,-1073,-567
8980,9906,926,0,GE-Phrase,203,7703,9547,1844,567,0.612,1277,359
8980,9906,926,0,GE-Phrase,204,9547,12780,3233,359,0.388,-567,-2874
8980,9906,926,0,GE-Phase,stroke,8514,9547,1033,567,0.612,466,359
8980,9906,926,0,GE-Phase,stroke,9547,10299,752,359,0.388,-567,-393
61986,63218,1232,0,GE-Phrase,226,61392,64369,2977,1232,1.0,594,-1151
61986,63218,1232,0,GE-Phase,stroke,61691,62699,1008,713,0.579,295,519
61986,63218,1232,0,GE-Phase,retraction,62699,64369,1670,519,0.421,-713,-1151
63218,63490,272,0,GE-Phrase,226,61392,64369,2977,272,1.0,1826,-879
63218,63490,272,0,GE-Phase,retraction,62699,64369,1670,272,1.0,519,-879
138040,139167,1127,0,GE-Phrase,254,137516,139540,2024,1127,1.0,524,-373
138040,139167,1127,0,GE-Phase,stroke,137917,138451,534,411,0.365,123,716
138040,139167,1127,0,GE-Phase,retraction,138451,139540,1089,716,0.635,-411,-373
3480,4837,1357,0,GE-Phrase,201,2987,4043,1056,563,0.415,493,794
3480,4837,1357,0,GE-Phrase,202,4043,6740,2697,794,0.585,-563,-1903
3480,4837,1357,0,GE-Phase,stroke,3473,4043,570,563,0.415,7,794
3480,4837,1357,0,GE-Phase,preparation,4043,4966,923,794,0.585,-563,-129
5391,7021,1630,0,GE-Phrase,202,4043,6740,2697,1349,0.828,1348,281
5391,7021,1630,0,GE-Phase,stroke,4966,6126,1160,735,0.451,425,895
5391,7021,1630,0,GE-Phase,retraction,6126,6740,614,614,0.377,-735,281
7441,8980,1539,0,GE-Phrase,203,7703,9547,1844,1277,0.83,-262,-567
7441,8980,1539,0,GE-Phase,preparation,7703,8514,811,811,0.527,-262,466
7441,8980,1539,0,GE-Phase,stroke,8514,9547,1033,466,0.303,-1073,-567
8980,9906,926,0,GE-Phrase,203,7703,9547,1844,567,0.612,1277,359
8980,9906,926,0,GE-Phrase,204,9547,12780,3233,359,0.388,-567,-2874
8980,9906,926,0,GE-Phase,stroke,8514,9547,1033,567,0.612,466,359
8980,9906,926,0,GE-Phase,stroke,9547,10299,752,359,0.388,-567,-393
61986,63218,1232,0,GE-Phrase,226,61392,64369,2977,1232,1.0,594,-1151
61986,63218,1232,0,GE-Phase,stroke,61691,62699,1008,713,0.579,295,519
61986,63218,1232,0,GE-Phase,retraction,62699,64369,1670,519,0.421,-713,-1151
63218,63490,272,0,GE-Phrase,226,61392,64369,2977,272,1.0,1826,-879
63218,63490,272,0,GE-Phase,retraction,62699,64369,1670,272,1.0,519,-879
138040,139167,1127,0,GE-Phrase,254,137516,139540,2024,1127,1.0,524,-373
138040,139167,1127,0,GE-Phase,stroke,137917,138451,534,411,0.365,123,716
138040,139167,1127,0,GE-Phase,retraction,138451,139540,1089,716,0.635,-411,-373
3480,4837,1357,0,GE-Phrase,201,2987,4043,1056,563,0.415,493,794
3480,4837,1357,0,GE-Phrase,202,4043,6740,2697,794,0.585,-563,-1903
3480,4837,1357,0,GE-Phase,stroke,3473,4043,570,563,0.415,7,794
3480,4837,1357,0,GE-Phase,preparation,4043,4966,923,794,0.585,-563,-129
5391,7021,1630,0,GE-Phrase,202,4043,6740,2697,1349,0.828,1348,281
5391,7021,1630,0,GE-Phase,stroke,4966,6126,1160,735,0.451,425,895
5391,7021,1630,0,GE-Phase,retraction,6126,6740,614,614,0.377,-735,281
7441,8980,1539,0,GE-Phrase,203,7703,9547,1844,1277,0.83,-262,-567
7441,8980,1539,0,GE-Phase,preparation,7703,8514,811,811,0.527,-262,466
7441,8980,1539,0,GE-Phase,stroke,8514,9547,1033,466,0.303,-1073,-567
8980,9906,926,0,GE-Phrase,203,7703,9547,1844,567,0.612,1277,359
8980,9906,926,0,GE-Phrase,204,9547,12780,3233,359,0.388,-567,-2874
8980,9906,926,0,GE-Phase,stroke,8514,9547,1033,567,0.612,466,359
8980,9906,926,0,GE-Phase,stroke,9547,10299,752,359,0.388,-567,-393
61986,63218,1232,0,GE-Phrase,226,61392,64369,2977,1232,1.0,594,-1151
61986,63218,1232,0,GE-Phase,stroke,61691,62699,1008,713,0.579,295,519
61986,63218,1232,0,GE-Phase,retraction,62699,64369,1670,519,0.421,-713,-1151
63218,63490,272,0,GE-Phrase,226,61392,64369,2977,272,1.0,1826,-879
63218,63490,272,0,GE-Phase,retraction,62699,64369,1670,272,1.0,519,-879
138040,139167,1127,0,GE-Phrase,254,137516,139540,2024,1127,1.0,524,-373
138040,139167,1127,0,GE-Phase,stroke,137917,138451,534,411,0.365,123,716
138040,139167,1127,0,GE-Phase,retraction,138451,139540,1089,716,0.635,-411,-373
3480,4837,1357,0,GE-Phrase,201,2987,4043,1056,563,0.415,493,794
3480,4837,1357,0,GE-Phrase,202,4043,6740,2697,794,0.585,-563,-1903
3480,4837,1357,0,GE-Phase,stroke,3473,4043,570,563,0.415,7,794
3480,4837,1357,0,GE-Phase,preparation,4043,4966,923,794,0.585,-563,-129
5391,7021,1630,0,GE-Phrase,202,4043,6740,2697,1349,0.828,1348,281
5391,7021,1630,0,GE-Phase,stroke,4966,6126,1160,735,0.451,425,895
5391,7021,1630,0,GE-Phase,retraction,6126,6740,614,614,0.377,-735,281
7441,8980,1539,0,GE-Phrase,203,7703,9547,1844,1277,0.83,-262,-567
7441,8980,1539,0,GE-Phase,preparation,7703,8514,811,811,0.527,-262,466
7441,8980,1539,0,GE-Phase,stroke,8514,9547,1033,466,0.303,-1073,-567
8980,9906,926,0,GE-Phrase,203,7703,9547,1844,567,0.612,1277,359
8980,9906,926,0,GE-Phrase,204,9547,12780,3233,359,0.388,-567,-2874
8980,9906,926,0,GE-Phase,stroke,8514,9547,1033,567,0.612,466,359
8980,9906,926,0,GE-Phase,stroke,9547,10299,752,359,0.388,-567,-393
61986,63218,1232,0,GE-Phrase,226,61392,64369,2977,1232,1.0,594,-1151
61986,63218,1232,0,GE-Phase,stroke,61691,62699,1008,713,0.579,295,519
61986,63218,1232,0,GE-Phase,retraction,62699,64369,1670,519,0.421,-713,-1151
63218,63490,272,0,GE-Phrase,226,61392,64369,2977,272,1.0,1826,-879
63218,63490,272,0,GE-Phase,retraction,62699,64369,1670,272,1.0,519,-879
138040,139167,1127,0,GE-Phrase,254,137516,139540,2024,1127,1.0,524,-373
138040,139167,1127,0,GE-Phase,stroke,137917,138451,534,411,0.365,123,716
138040,139167,1127,0,GE-Phase,retraction,138451,139540,1089,716,0.635,-411,-373
3480,4837,1357,0,GE-Phrase,201,2987,4043,1056,563,0.415,493,794
3480,4837,1357,0,GE-Phrase,202,4043,6740,2697,794,0.585,-563,-1903
3480,4837,1357,0,GE-Phase,stroke,3473,4043,570,563,0.415,7,794
3480,4837,1357,0,GE-Phase,preparation,4043,4966,923,794,0.585,-563,-129
5391,7021,1630,0,GE-Phrase,202,4043,6740,2697,1349,0.828,1348,281
5391,7021,1630,0,GE-Phase,stroke,4966,6126,1160,735,0.451,425,895
5391,7021,1630,0,GE-Phase,retraction,6126,6740,614,614,0.377,-735,281
7441,8980,1539,0,GE-Phrase,203,7703,9547,1844,1277,0.83,-262,-567
7441,8980,1539,0,GE-Phase,preparation,7703,8514,811,811,0.527,-262,466
7441,8980,1539,0,GE-Phase,stroke,8514,9547,1033,466,0.303,-1073,-567
8980,9906,926,0,GE-Phrase,203,7703,9547,1844,567,0.612,1277,359
8980,9906,926,0,GE-Phrase,204,9547,12780,3233,359,0.388,-567,-2874
8980,9906,926,0,GE-Phase,stroke,8514,9547,1033,567,0.612,466,359
8980,9906,926,0,GE-Phase,stroke,9547,10299,752,359,0.388,-567,-393
61986,63218,1232,0,GE-Phrase,226,61392,64369,2977,1232,1.0,594,-1151
61986,63218,1232,0,GE-Phase,stroke,61691,62699,1008,713,0.579,295,519
61986,63218,1232,0,GE-Phase,retraction,62699,64369,1670,519,0.421,-713,-1151
63218,63490,272,0,GE-Phrase,226,61392,64369,2977,272,1.0,1826,-879
63218,63490,272,0,GE-Phase,retraction,62699,64369,1670,272,1.0,519,-879
138040,139167,1127,0,GE-Phrase,254,137516,139540,2024,1127,1.0,524,-373
138040,139167,1127,0,GE-Phase,stroke,137917,138451,534,411,0.365,123,716
138040,139167,1127,0,GE-Phase,retraction,138451,139540,1089,716,0.635,-411,-373
3480,4837,1357,0,GE-Phrase,201,2987,4043,1056,563,0.415,493,794
3480,4837,1357,0,GE-Phrase,202,4043,6740,2697,794,0.585,-563,-1903
3480,4837,1357,0,GE-Phase,stroke,3473,4043,570,563,0.415,7,794
3480,4837,1357,0,GE-Phase,preparation,4043,4966,923,794,0.585,-563,-129
5391,7021,1630,0,GE-Phrase,202,4043,6740,2697,1349,0.828,1348,281
5391,7021,1630,0,GE-Phase,stroke,4966,6126,1160,735,0.451,425,895
5391,7021,1630,0,GE-Phase,retraction,6126,6740,614,614,0.377,-735,281
7441,8980,1539,0,GE-Phrase,203,7703,9547,1844,1277,0.83,-262,-567
7441,8980,1539,0,GE-Phase,preparation,7703,8514,811,811,0.527,-262,466
7441,8980,1539,0,GE-Phase,stroke,8514,9547,1033,466,0.303,-1073,-567
8980,9906,926,0,GE-Phrase,203,7703,9547,1844,567,0.612,1277,359
8980,9906,926,0,GE-Phrase,204,9547,12780,3233,359,0.388,-567,-2874
8980,9906,926,0,GE-Phase,stroke,8514,9547,1033,567,0.612,466,359
8980,9906,926,0,GE-Phase,stroke,9547,10299,752,359,0.388,-567,-393
61986,63218,1232,0,GE-Phrase,226,61392,64369,2977,1232,1.0,594,-1151
61986,63218,1232,0,GE-Phase,stroke,61691,62699,1008,713,0.579,295,519
61986,63218,1232,0,GE-Phase,retraction,62699,64369,1670,519,0.421,-713,-1151
63218,63490,272,0,GE-Phrase,226,61392,64369,2977,272,1.0,1826,-879
63218,63490,272,0,GE-Phase,retraction,62699,64369,1670,272,1.0,519,-879
138040,139167,1127,0,GE-Phrase,254,137516,139540,2024,1127,1.0,524,-373
138040,139167,1127,0,GE-Phase,stroke,137917,138451,534,411,0.365,123,716
138040,139167,1127,0,GE-Phase,retraction,138451,139540,1089,716,0.635,-411,-373
3480,4837,1357,0,GE-Phrase,201,2987,4043,1056,563,0.415,493,794
3480,4837,1357,0,GE-Phrase,202,4043,6740,2697,794,0.585,-563,-1903
3480,4837,1357,0,GE-Phase,stroke,3473,4043,570,563,0.415,7,794
3480,4837,1357,0,GE-Phase,preparation,4043,4966,923,794,0.585,-563,-129
5391,7021,1630,0,GE-Phrase,202,4043,6740,2697,1349,0.828,1348,281
5391,7021,1630,0,GE-Phase,stroke,4966,6126,1160,735,0.451,425,895
5391,7021,1630,0,GE-Phase,retraction,6126,6740,614,614,0.377,-735,281
7441,8980,1539,0,GE-Phrase,203,7703,9547,1844,1277,0.83,-262,-567
7441,8980,1539,0,GE-Phase,preparation,7703,8514,811,811,0.527,-262,466
7441,8980,1539,0,GE-Phase,stroke,8514,9547,1033,466,0.303,-1073,-567
8980,9906,926,0,GE-Phrase,203,7703,9547,1844,567,0.612,1277,359
8980,9906,926,0,GE-Phrase,204,9547,12780,3233,359,0.388,-567,-2874
8980,9906,926,0,GE-Phase,stroke,8514,9547,1033,567,0.612,466,359
8980,9906,926,0,GE-Phase,stroke,9547,10299,752,359,0.388,-567,-393
61986,63218,1232,0,GE-Phrase,226,61392,64369,2977,1232,1.0,594,-1151
61986,63218,1232,0,GE-Phase,stroke,61691,62699,1008,713,0.579,295,519
61986,63218,1232,0,GE-Phase,retraction,62699,64369,1670,519,0.421,-713,-1151
63218,63490,272,0,GE-Phrase,226,61392,64369,2977,272,1.0,1826,-879
63218,63490,272,0,GE-Phase,retraction,62699,64369,1670,272,1.0,519,-879
138040,139167,1127,0,GE-Phrase,254,137516,139540,2024,1127,1.0,524,-373
138040,139167,1127,0,GE-Phase,stroke,137917,138451,534,411,0.365,123,716
138040,139167,1127,0,GE-Phase,retraction,138451,139540,1089,716,0.635,-411,-373
3480,4837,1357,0,GE-Phrase,201,2987,4043,1056,563,0.415,493,794
3480,4837,1357,0,GE-Phrase,202,4043,6740,2697,794,0.585,-563,-1903
3480,4837,1357,0,GE-Phase,stroke,3473,4043,570,563,0.415,7,794
3480,4837,1357,0,GE-Phase,preparation,4043,4966,923,794,0.585,-563,-129
5391,7021,1630,0,GE-Phrase,202,4043,6740,2697,1349,0.828,1348,281
5391,7021,1630,0,GE-Phase,stroke,4966,6126,1160,735,0.451,425,895
5391,7021,1630,0,GE-Phase,retraction,6126,6740,614,614,0.377,-735,281
7441,8980,1539,0,GE-Phrase,203,7703,9547,1844,1277,0.83,-262,-567
7441,8980,1539,0,GE-Phase,preparation,7703,8514,811,811,0.527,-262,466
7441,8980,1539,0,GE-Phase,stroke,8514,9547,1033,466,0.303,-1073,-567
8980,9906,926,0,GE-Phrase,203,7703,9547,1844,567,0.612,1277,359
8980,9906,926,0,GE-Phrase,204,9547,12780,3233,359,0.388,-567,-2874
8980,9906,926,0,GE-Phase,stroke,8514,9547,1033,567,0.612,466,359
8980,9906,926,0,GE-Phase,stroke,9547,10299,752,359,0.388,-567,-393
61986,63218,1232,0,GE-Phrase,226,61392,64369,2977,1232,1.0,594,-1151
61986,63218,1232,0,GE-Phase,stroke,61691,62699,1008,713,0.579,295,519
61986,63218,1232,0,GE-Phase,retraction,62699,64369,1670,519,0.421,-713,-1151
63218,63490,272,0,GE-Phrase,226,61392,64369,2977,272,1.0,1826,-879
63218,63490,272,0,GE-Phase,retraction,62699,64369,1670,272,1.0,519,-879
138040,139167,1127,0,GE-Phrase,254,137516,139540,2024,1127,1.0,524,-373
138040,139167,1127,0,GE-Phase,stroke,137917,138451,534,411,0.365,123,716
138040,139167,1127,0,GE-Phase,retraction,138451,139540,1089,716,0.635,-411,-373
3480,4837,1357,0,GE-Phrase,201,2987,4043,1056,563,0.415,493,794
3480,4837,1357,0,GE-Phrase,202,4043,6740,2697,794,0.585,-563,-1903
3480,4837,1357,0,GE-Phase,stroke,3473,4043,570,563,0.415,7,794
3480,4837,1357,0,GE-Phase,preparation,4043,4966,923,794,0.585,-563,-129
5391,7021,1630,0,GE-Phrase,202,4043,6740,2697,1349,0.828,1348,281
5391,7021,1630,0,GE-Phase,stroke,4966,6126,1160,735,0.451,425,895
5391,7021,1630,0,GE-Phase,retraction,6126,6740,614,614,0.377,-735,281
7441,8980,1539,0,GE-Phrase,203,7703,9547,1844,1277,0.83,-262,-567
7441,8980,1539,0,GE-Phase,preparation,7703,8514,811,811,0.527,-262,466
7441,8980,1539,0,GE-Phase,stroke,8514,9547,1033,466,0.303,-1073,-567
8980,9906,926,0,GE-Phrase,203,7703,9547,1844,567,0.612,1277,359
8980,9906,926,0,GE-Phrase,204,9547,12780,3233,359,0.388,-567,-2874
8980,9906,926,0,GE-Phase,stroke,8514,9547,1033,567,0.612,466,359
8980,9906,926,0,GE-Phase,stroke,9547,10299,752,359,0.388,-567,-393
61986,63218,1232,0,GE-Phrase,226,61392,64369,2977,1232,1.0,594,-1151
61986,63218,1232,0,GE-Phase,stroke,61691,62699,1008,713,0.579,295,519
61986,63218,1232,0,GE-Phase,retraction,62699,64369,1670,519,0.421,-713,-1151
63218,63490,272,0,GE-Phrase,226,61392,64369,2977,272,1.0,1826,-879
63218,63490,272,0,GE-Phase,retraction,62699,64369,1670,272,1.0,519,-879
138040,139167,1127,0,GE-Phrase,254,137516,139540,2024,1127,1.0,524,-373
138040,139167,1127,0,GE-Phase,stroke,137917,138451,534,411,0.365,123,716
138040,139167,1127,0,GE-Phase,retraction,138451,139540,1089,716,0.635,-411,-373
3480,4837,1357,0,GE-Phrase,201,2987,4043,1056,563,0.415,493,794
3480,4837,1357,0,GE-Phrase,202,4043,6740,2697,794,0.585,-563,-1903
3480,4837,1357,0,GE-Phase,stroke,3473,4043,570,563,0.415,7,794
3480,4837,1357,0,GE-Phase,preparation,4043,4966,923,794,0.585,-563,-129
5391,7021,1630,0,GE-Phrase,202,4043,6740,2697,1349,0.828,1348,281
5391,7021,1630,0,GE-Phase,stroke,4966,6126,1160,735,0.451,425,895
5391,7021,1630,0,GE-Phase,retraction,6126,6740,614,614,0.377,-735,281
7441,8980,1539,0,GE-Phrase,203,7703,9547,1844,1277,0.83,-262,-567
7441,8980,1539,0,GE-Phase,preparation,7703,8514,811,811,0.527,-262,466
7441,8980,1539,0,GE-Phase,stroke,8514,9547,1033,466,0.303,-1073,-567
8980,9906,926,0,GE-Phrase,203,7703,9547,1844,567,0.612,1277,359
8980,9906,926,0,GE-Phrase,204,9547,12780,3233,359,0.388,-567,-2874
8980,9906,926,0,GE-Phase,stroke,8514,9547,1033,567,0.612,466,359
8980,9906,926,0,GE-Phase,stroke,9547,10299,752,359,0.388,-567,-393
61986,63218,1232,0,GE-Phrase,226,61392,64369,2977,1232,1.0,594,-1151
61986,63218,1232,0,GE-Phase,stroke,61691,62699,1008,713,0.579,295,519
61986,63218,1232,0,GE-Phase,retraction,62699,64369,1670,519,0.421,-713,-1151
63218,63490,272,0,GE-Phrase,226,61392,64369,2977,272,1.0,1826,-879
63218,63490,272,0,GE-Phase,retraction,62699,64369,1670,272,1.0,519,-879
138040,139167,1127,0,GE-Phrase,254,137516,139540,2024,1127,1.0,524,-373
138040,139167,1127,0,GE-Phase,stroke,137917,138451,534,411,0.365,123,716
138040,139167,1127,0,GE-Phase,retraction,138451,139540,1089,716,0.635,-411,-373
3480,4837,1357,0,GE-Phrase,201,2987,4043,1056,563,0.415,493,794
3480,4837,1357,0,GE-Phrase,202,4043,6740,2697,794,0.585,-563,-1903
3480,4837,1357,0,GE-Phase,stroke,3473,4043,570,563,0.415,7,794
3480,4837,1357,0,GE-Phase,preparation,4043,4966,923,794,0.585,-563,-129
5391,7021,1630,0,GE-Phrase,202,4043,6740,2697,1349,0.828,1348,281
5391,7021,1630,0,GE-Phase,stroke,4966,6126,1160,735,0.451,425,895
5391,7021,1630,0,GE-Phase,retraction,6126,6740,614,614,0.377,-735,281
7441,8980,1539,0,GE-Phrase,203,7703,9547,1844,1277,0.83,-262,-567
7441,8980,1539,0,GE-Phase,preparation,7703,8514,811,811,0.527,-262,466
7441,8980,1539,0,GE-Phase,stroke,8514,9547,1033,466,0.303,-1073,-567
8980,9906,926,0,GE-Phrase,203,7703,9547,1844,567,0.612,1277,359
8980,9906,926,0,GE-Phrase,204,9547,12780,3233,359,0.388,-567,-2874
8980,9906,926,0,GE-Phase,stroke,8514,9547,1033,567,0.612,466,359
8980,9906,926,0,GE-Phase,stroke,9547,10299,752,359,0.388,-567,-393
61986,63218,1232,0,GE-Phrase,226,61392,64369,2977,1232,1.0,594,-1151
61986,63218,1232,0,GE-Phase,stroke,61691,62699,1008,713,0.579,295,519
61986,63218,1232,0,GE-Phase,retraction,62699,64369,1670,519,0.421,-713,-1151
63218,63490,272,0,GE-Phrase,226,61392,64369,2977,272,1.0,1826,-879
63218,63490,272,0,GE-Phase,retraction,62699,64369,1670,272,1.0,519,-879
138040,139167,1127,0,GE-Phrase,254,137516,139540,2024,1127,1.0,524,-373
138040,139167,1127,0,GE-Phase,stroke,137917,138451,534,411,0.365,123,716
138040,139167,1127,0,GE-Phase,retraction,138451,139540,1089,716,0.635,-411,-373
3480,4837,1357,0,GE-Phrase,201,2987,4043,1056,563,0.415,493,794
3480,4837,1357,0,GE-Phrase,202,4043,6740,2697,794,0.585,-563,-1903
3480,4837,1357,0,GE-Phase,stroke,3473,4043,570,563,0.415,7,794
3480,4837,1357,0,GE-Phase,preparation,4043,4966,923,794,0.585,-563,-129
5391,7021,1630,0,GE-Phrase,202,4043,6740,2697,1349,0.828,1348,281
5391,7021,1630,0,GE-Phase,stroke,4966,6126,1160,735,0.451,425,895
5391,7021,1630,0,GE-Phase,retraction,6126,6740,614,614,0.377,-735,281
7441,8980,1539,0,GE-Phrase,203,7703,9547,1844,1277,0.83,-262,-567
7441,8980,1539,0,GE-Phase,preparation,7703,8514,811,811,0.527,-262,466
7441,8980,1539,0,GE-Phase,stroke,8514,9547,1033,466,0.303,-1073,-567
8980,9906,926,0,GE-Phrase,203,7703,9547,1844,567,0.612,1277,359
8980,9906,926,0,GE-Phrase,204,9547,12780,3233,359,0.388,-567,-2874
8980,9906,926,0,GE-Phase,stroke,8514,9547,1033,567,0.612,466,359
8980,9906,926,0,GE-Phase,stroke,9547,10299,752,359,0.388,-567,-393
61986,63218,1232,0,GE-Phrase,226,61392,64369,2977,1232,1.0,594,-1151
61986,63218,1232,0,GE-Phase,stroke,61691,62699,1008,713,0.579,295,519
61986,63218,1232,0,GE-Phase,retraction,62699,64369,1670,519,0.421,-713,-1151
63218,63490,272,0,GE-Phrase,226,61392,64369,2977,272,1.0,1826,-879
63218,63490,272,0,GE-Phase,retraction,62699,64369,1670,272,1.0,519,-879
138040,139167,1127,0,GE-Phrase,254,137516,139540,2024,1127,1.0,524,-373
138040,139167,1127,0,GE-Phase,stroke,137917,138451,534,411,0.365,123,716
138040,139167,1127,0,GE-Phase,retraction,138451,139540,1089,716,0.635,-411,-373
3480,4837,1357,0,GE-Phrase,201,2987,4043,1056,563,0.415,493,794
3480,4837,1357,0,GE-Phrase,202,4043,6740,2697,794,0.585,-563,-1903
3480,4837,1357,0,GE-Phase,stroke,3473,4043,570,563,0.415,7,794
3480,4837,1357,0,GE-Phase,preparation,4043,4966,923,794,0.585,-563,-129
5391,7021,1630,0,GE-Phrase,202,4043,6740,2697,1349,0.828,1348,281
5391,7021,1630,0,GE-Phase,stroke,4966,6126,1160,735,0.451,425,895
5391,7021,1630,0,GE-Phase,retraction,6126,6740,614,614,0.377,-735,281
7441,8980,1539,0,GE-Phrase,203,7703,9547,1844,1277,0.83,-262,-567
7441,8980,1539,0,GE-Phase,preparation,7703,8514,811,811,0.527,-262,466
7441,8980,1539,0,GE-Phase,stroke,8514,9547,1033,466,0.303,-1073,-567
8980,9906,926,0,GE-Phrase,203,7703,9547,1844,567,0.612,1277,359
8980,9906,926,0,GE-Phrase,204,9547,12780,3233,359,0.388,-567,-2874
8980,9906,926,0,GE-Phase,stroke,8514,9547,1033,567,0.612,466,359
8980,9906,926,0,GE-Phase,stroke,9547,10299,752,359,0.388,-567,-393
61986,63218,1232,0,GE-Phrase,226,61392,64369,2977,1232,1.0,594,-1151
61986,63218,1232,0,GE-Phase,stroke,61691,62699,1008,713,0.579,295,519
61986,63218,1232,0,GE-Phase,retraction,62699,64369,1670,519,0.421,-713,-1151
63218,63490,272,0,GE-Phrase,226,61392,64369,2977,272,1.0,1826,-879
63218,63490,272,0,GE-Phase,retraction,62699,64369,1670,272,1.0,519,-879
138040,139167,1127,0,GE-Phrase,254,137516,139540,2024,1127,1.0,524,-373
138040,139167,1127,0,GE-Phase,stroke,137917,138451,534,411,0.365,123,716
138040,139167,1127,0,GE-Phase,retraction,138451,139540,1089,716,0.635,-411,-373
3480,4837,1357,0,GE-Phrase,201,2987,4043,1056,563,0.415,493,794
3480,4837,1357,0,GE-Phrase,202,4043,6740,2697,794,0.585,-563,-1903
3480,4837,1357,0,GE-Phase,stroke,3473,4043,570,563,0.415,7,794
3480,4837,1357,0,GE-Phase,preparation,4043,4966,923,794,0.585,-563,-129
5391,7021,1630,0,GE-Phrase,202,4043,6740,2697,1349,0.828,1348,281
5391,7021,1630,0,GE-Phase,stroke,4966,6126,1160,735,0.451,425,895
5391,7021,1630,0,GE-Phase,retraction,6126,6740,614,614,0.377,-735,281
7441,8980,1539,0,GE-Phrase,203,7703,9547,1844,1277,0.83,-262,-567
7441,8980,1539,0,GE-Phase,preparation,7703,8514,811,811,0.527,-262,466
7441,8980,1539,0,GE-Phase,stroke,8514,9547,1033,466,0.303,-1073,-567
8980,9906,926,0,GE-Phrase,203,7703,9547,1844,567,0.612,1277,359
8980,9906,926,0,GE-Phrase,204,9547,12780,3233,359,0.388,-567,-2874
8980,9906,926,0,GE-Phase,stroke,8514,9547,1033,567,0.612,466,359
8980,9906,926,0,GE-Phase,stroke,9547,10299,752,359,0.388,-567,-393
61986,63218,1232,0,GE-Phrase,226,61392,64369,2977,1232,1.0,594,-1151
61986,63218,1232,0,GE-Phase,stroke,61691,62699,1008,713,0.579,295,519
61986,63218,1232,0,GE-Phase,retraction,62699,64369,1670,519,0.421,-713,-1151
63218,63490,272,0,GE-Phrase,226,61392,64369,2977,272,1.0,1826,-879
63218,63490,272,0,GE-Phase,retraction,62699,64369,1670,272,1.0,519,-879
138040,139167,1127,0,GE-Phrase,254,137516,139540,2024,1127,1.0,524,-373
138040,139167,1127,0,GE-Phase,stroke,137917,138451,534,411,0.365,123,716
138040,139167,1127,0,GE-Phase,retraction,138451,139540,1089,716,0.635,-411,-373
3480,4837,1357,0,GE-Phrase,201,2987,4043,1056,563,0.415,493,794
3480,4837,1357,0,GE-Phrase,202,4043,6740,2697,794,0.585,-563,-1903
3480,4837,1357,0,GE-Phase,stroke,3473,4043,570,563,0.415,7,794
3480,4837,1357,0,GE-Phase,preparation,4043,4966,923,794,0.585,-563,-129
5391,7021,1630,0,GE-Phrase,202,4043,6740,2697,1349,0.828,1348,281
5391,7021,1630,0,GE-Phase,stroke,4966,6126,1160,735,0.451,425,895
5391,7021,1630,0,GE-Phase,retraction,6126,6740,614,614,0.377,-735,281
7441,8980,1539,0,GE-Phrase,203,7703,9547,1844,1277,0.83,-262,-567
7441,8980,1539,0,GE-Phase,preparation,7703,8514,811,811,0.527,-262,466
7441,8980,1539,0,GE-Phase,stroke,8514,9547,1033,466,0.303,-1073,-567
8980,9906,926,0,GE-Phrase,203,7703,9547,1844,567,0.612,1277,359
8980,9906,926,0,GE-Phrase,204,9547,12780,3233,359,0.388,-567,-2874
8980,9906,926,0,GE-Phase,stroke,8514,9547,1033,567,0.612,466,359
8980,9906,926,0,GE-Phase,stroke,9547,10299,752,359,0.388,-567,-393
61986,63218,1232,0,GE-Phrase,226,61392,64369,2977,1232,1.0,594,-1151
61986,63218,1232,0,GE-Phase,stroke,61691,62699,1008,713,0.579,295,519
61986,63218,1232,0,GE-Phase,retraction,62699,64369,1670,519,0.421,-713,-1151
63218,63490,272,0,GE-Phrase,226,61392,64369,2977,272,1.0,1826,-879
63218,63490,272,0,GE-Phase,retraction,62699,64369,1670,272,1.0,519,-879
138040,139167,1127,0,GE-Phrase,254,137516,139540,2024,1127,1.0,524,-373
138040,139167,1127,0,GE-Phase,stroke,137917,138451,534,411,0.365,123,716
138040,139167,1127,0,GE-Phase,retraction,138451,139540,1089,716,0.635,-411,-373
3480,4837,1357,0,GE-Phrase,201,2987,4043,1056,563,0.415,493,794
3480,4837,1357,0,GE-Phrase,202,4043,6740,2697,794,0.585,-563,-1903
3480,4837,1357,0,GE-Phase,stroke,3473,4043,570,563,0.415,7,794
3480,4837,1357,0,GE-Phase,preparation,4043,4966,923,794,0.585,-563,-129
5391,7021,1630,0,GE-Phrase,202,4043,6740,2697,1349,0.828,1348,281
5391,7021,1630,0,GE-Phase,stroke,4966,6126,1160,735,0.451,425,895
5391,7021,1630,0,GE-Phase,retraction,6126,6740,614,614,0.377,-735,281
7441,8980,1539,0,GE-Phrase,203,7703,9547,1844,1277,0.83,-262,-567
7441,8980,1539,0,GE-Phase,preparation,7703,8514,811,811,0.527,-262,466
7441,8980,1539,0,GE-Phase,stroke,8514,9547,1033,466,0.303,-1073,-567
8980,9906,926,0,GE-Phrase,203,7703,9547,1844,567,0.612,1277,359
8980,9906,926,0,GE-Phrase,204,9547,12780,3233,359,0.388,-567,-2874
8980,9906,926,0,GE-Phase,stroke,8514,9547,1033,567,0.612,466,359
8980,9906,926,0,GE-Phase,stroke,9547,10299,752,359,0.388,-567,-393
61986,63218,1232,0,GE-Phrase,226,61392,64369,2977,1232,1.0,594,-1151
61986,63218,1232,0,GE-Phase,stroke,61691,62699,1008,713,0.579,295,519
61986,63218,1232,0,GE-Phase,retraction,62699,64369,1670,519,0.421,-713,-1151
63218,63490,272,0,GE-Phrase,226,61392,64369,2977,272,1.0,1826,-879
63218,63490,272,0,GE-Phase,retraction,62699,64369,1670,272,1.0,519,-879
138040,139167,1127,0,GE-Phrase,254,137516,139540,2024,1127,1.0,524,-373
138040,139167,1127,0,GE-Phase,stroke,137917,138451,534,411,0.365,123,716
138040,139167,1127,0,GE-Phase,retraction,138451,139540,1089,716,0.635,-411,-373
3480,4837,1357,0,GE-Phrase,201,2987,4043,1056,563,0.415,493,794
3480,4837,1357,0,GE-Phrase,202,4043,6740,2697,794,0.585,-563,-1903
3480,4837,1357,0,GE-Phase,stroke,3473,4043,570,563,0.415,7,794
3480,4837,1357,0,GE-Phase,preparation,4043,4966,923,794,0.585,-563,-129
5391,7021,1630,0,GE-Phrase,202,4043,6740,2697,1349,0.828,1348,281
5391,7021,1630,0,GE-Phase,stroke,4966,6126,1160,735,0.451,425,895
5391,7021,1630,0,GE-Phase,retraction,6126,6740,614,614,0.377,-735,281
7441,8980,1539,0,GE-Phrase,203,7703,9547,1844,1277,0.83,-262,-567
7441,8980,1539,0,GE-Phase,preparation,7703,8514,811,811,0.527,-262,466
7441,8980,1539,0,GE-Phase,stroke,8514,9547,1033,466,0.303,-1073,-567
8980,9906,926,0,GE-Phrase,203,7703,9547,1844,567,0.612,1277,359
8980,9906,926,0,GE-Phrase,204,9547,12780,3233,359,0.388,-567,-2874
8980,9906,926,0,GE-Phase,stroke,8514,9547,1033,567,0.612,466,359
8980,9906,926,0,GE-Phase,stroke,9547,10299,752,359,0.388,-567,-393
61986,63218,1232,0,GE-Phrase,226,61392,64369,2977,1232,1.0,594,-1151
61986,63218,1232,0,GE-Phase,stroke,61691,62699,1008,713,0.579,295,519
61986,63218,1232,0,GE-Phase,retraction,62699,64369,1670,519,0.421,-713,-1151
63218,63490,272,0,GE-Phrase,226,61392,64369,2977,272,1.0,1826,-879
63218,63490,272,0,GE-Phase,retraction,62699,64369,1670,272,1.0,519,-879
138040,139167,1127,0,GE-Phrase,254,137516,139540,2024,1127,1.0,524,-373
138040,139167,1127,0,GE-Phase,stroke,137917,138451,534,411,0.365,123,716
138040,139167,1127,0,GE-Phase,retraction,138451,139540,1089,716,0.635,-411,-373
3480,4837,1357,0,GE-Phrase,201,2987,4043,1056,563,0.415,493,794
3480,4837,1357,0,GE-Phrase,202,4043,6740,2697,794,0.585,-563,-1903
3480,4837,1357,0,GE-Phase,stroke,3473,4043,570,563,0.415,7,794
3480,4837,1357,0,GE-Phase,preparation,4043,4966,923,794,0.585,-563,-129
5391,7021,1630,0,GE-Phrase,202,4043,6740,2697,1349,0.828,1348,281
5391,7021,1630,0,GE-Phase,stroke,4966,6126,1160,735,0.451,425,895
5391,7021,1630,0,GE-Phase,retraction,6126,6740,614,614,0.377,-735,281
7441,8980,1539,0,GE-Phrase,203,7703,9547,1844,1277,0.83,-262,-567
7441,8980,1539,0,GE-Phase,preparation,7703,8514,811,811,0.527,-262,466
7441,8980,1539,0,GE-Phase,stroke,8514,9547,1033,466,0.303,-1073,-567
8980,9906,926,0,GE-Phrase,203,7703,9547,1844,567,0.612,1277,359
8980,9906,926,0,GE-Phrase,204,9547,12780,3233,359,0.388,-567,-2874
8980,9906,926,0,GE-Phase,stroke,8514,9547,1033,567,0.612,466,359
8980,9906,926,0,GE-Phase,stroke,9547,10299,752,359,0.388,-567,-393
61986,63218,1232,0,GE-Phrase,226,61392,64369,2977,1232,1.0,594,-1151
61986,63218,1232,0,GE-Phase,stroke,61691,62699,1008,713,0.579,295,519
61986,63218,1232,0,GE-Phase,retraction,62699,64369,1670,519,0.421,-713,-1151
63218,63490,272,0,GE-Phrase,226,61392,64369,2977,272,1.0,1826,-879
63218,63490,272,0,GE-Phase,retraction,62699,64369,1670,272,1.0,519,-879
138040,139167,1127,0,GE-Phrase,254,137516,139540,2024,1127,1.0,524,-373
138040,139167,1127,0,GE-Phase,stroke,137917,138451,534,411,0.365,123,716
138040,139167,1127,0,GE-Phase,retraction,138451,139540,1089,716,0.635,-411,-373
3480,4837,1357,0,GE-Phrase,201,2987,4043,1056,563,0.415,493,794
3480,4837,1357,0,GE-Phrase,202,4043,6740,2697,794,0.585,-563,-1903
3480,4837,1357,0,GE-Phase,stroke,3473,4043,570,563,0.415,7,794
3480,4837,1357,0,GE-Phase,preparation,4043,4966,923,794,0.585,-563,-129
5391,7021,1630,0,GE-Phrase,202,4043,6740,2697,1349,0.828,1348,281
5391,7021,1630,0,GE-Phase,stroke,4966,6126,1160,735,0.451,425,895
5391,7021,1630,0,GE-Phase,retraction,6126,6740,614,614,0.377,-735,281
7441,8980,1539,0,GE-Phrase,203,7703,9547,1844,1277,0.83,-262,-567
7441,8980,1539,0,GE-Phase,preparation,7703,8514,811,811,0.527,-262,466
7441,8980,1539,0,GE-Phase,stroke,8514,9547,1033,466,0.303,-1073,-567
8980,9906,926,0,GE-Phrase,203,7703,9547,1844,567,0.612,1277,359
8980,9906,926,0,GE-Phrase,204,9547,12780,3233,359,0.388,-567,-2874
8980,9906,926,0,GE-Phase,stroke,8514,9547,1033,567,0.612,466,359
8980,9906,926,0,GE-Phase,stroke,9547,10299,752,359,0.388,-567,-393
61986,63218,1232,0,GE-Phrase,226,61392,64369,2977,1232,1.0,594,-1151
61986,63218,1232,0,GE-Phase,stroke,61691,62699,1008,713,0.579,295,519
61986,63218,1232,0,GE-Phase,retraction,62699,64369,1670,519,0.421,-713,-1151
63218,63490,272,0,GE-Phrase,226,61392,64369,2977,272,1.0,1826,-879
63218,63490,272,0,GE-Phase,retraction,62699,64369,1670,272,1.0,519,-879
138040,139167,1127,0,GE-Phrase,254,137516,139540,2024,1127,1.0,524,-373
138040,139167,1127,0,GE-Phase,stroke,137917,138451,534,411,0.365,123,716
138040,139167,1127,0,GE-Phase,retraction,138451,139540,1089,716,0.635,-411,-373
9631,12030,2399,0,GE-Phrase,205,9104,11228,2124,1597,0.666,527,802
9631,12030,2399,0,GE-Phrase,206,11228,13092,1864,802,0.334,-1597,-1062
9631,12030,2399,0,GE-Phase,preparation,9104,10503,1399,872,0.363,527,1527
9631,12030,2399,0,GE-Phase,stroke,10503,10898,395,395,0.165,-872,1132
9631,12030,2399,0,GE-Phase,retraction,10898,11228,330,330,0.138,-1267,802
9631,12030,2399,0,GE-Phase,preparation,11228,11616,388,388,0.162,-1597,414
9631,12030,2399,0,GE-Phase,stroke,11616,12216,600,414,0.173,-1985,-186
12030,13506,1476,0,GE-Phrase,206,11228,13092,1864,1062,0.72,802,414
12030,13506,1476,0,GE-Phrase,207,13092,14908,1816,414,0.28,-1062,-1402
12030,13506,1476,0,GE-Phase,stroke,11616,12216,600,186,0.126,414,1290
12030,13506,1476,0,GE-Phase,retraction,12216,13092,876,876,0.593,-186,414
12030,13506,1476,0,GE-Phase,preparation,13092,13708,616,414,0.28,-1062,-202
25187,26370,1183,0,GE-Phrase,212,23414,26572,3158,1183,1.0,1773,-202
25187,26370,1183,0,GE-Phase,stroke,23890,25250,1360,63,0.053,1297,1120
25187,26370,1183,0,GE-Phase,retraction,25250,26572,1322,1120,0.947,-63,-202
26370,27200,830,0,GE-Phrase,212,23414,26572,3158,202,0.243,2956,628
26370,27200,830,0,GE-Phrase,213,26572,28865,2293,628,0.757,-202,-1665
26370,27200,830,0,GE-Phase,retraction,25250,26572,1322,202,0.243,1120,628
26370,27200,830,0,GE-Phase,preparation,26572,27305,733,628,0.757,-202,-105
27200,28048,848,0,GE-Phrase,213,26572,28865,2293,848,1.0,628,-817
27200,28048,848,0,GE-Phase,preparation,26572,27305,733,105,0.124,628,743
27200,28048,848,0,GE-Phase,stroke,27305,28425,1120,743,0.876,-105,-377
28048,29000,952,0,GE-Phrase,213,26572,28865,2293,817,0.858,1476,135
28048,29000,952,0,GE-Phrase,214,28865,30267,1402,135,0.142,-817,-1267
28048,29000,952,0,GE-Phase,stroke,27305,28425,1120,377,0.396,743,575
28048,29000,952,0,GE-Phase,retraction,28425,28865,440,440,0.462,-377,135
28048,29000,952,0,GE-Phase,preparation,28865,29147,282,135,0.142,-817,-147
69250,70269,1019,0,GE-Phrase,233,69124,70078,954,828,0.813,126,191
69250,70269,1019,0,GE-Phrase,234,70078,71694,1616,191,0.187,-828,-1425
69250,70269,1019,0,GE-Phase,preparation,69124,69404,280,154,0.151,126,865
69250,70269,1019,0,GE-Phase,stroke,69404,70078,674,674,0.661,-154,191
69250,70269,1019,0,GE-Phase,preparation,70078,70626,548,191,0.187,-828,-357
123300,123678,378,0,GE-Phrase,261,123162,126484,3322,378,1.0,138,-2806
123300,123678,378,0,GE-Phase,preparation,123162,123543,381,243,0.643,138,135
123300,123678,378,0,GE-Phase,stroke,123543,125275,1732,135,0.357,-243,-1597
123678,123884,206,0,GE-Phrase,261,123162,126484,3322,206,1.0,516,-2600
123678,123884,206,0,GE-Phase,stroke,123543,125275,1732,206,1.0,135,-1391
123884,124760,876,0,GE-Phrase,261,123162,126484,3322,876,1.0,722,-1724
123884,124760,876,0,GE-Phase,stroke,123543,125275,1732,876,1.0,341,-515
124760,125900,1140,0,GE-Phrase,261,123162,126484,3322,1140,1.0,1598,-584
124760,125900,1140,0,GE-Phase,stroke,123543,125275,1732,515,0.452,1217,625
124760,125900,1140,0,GE-Phase,retraction,125275,126484,1209,625,0.548,-515,-584
125900,127426,1526,0,GE-Phrase,261,123162,126484,3322,584,0.383,2738,942
125900,127426,1526,0,GE-Phase,retraction,125275,126484,1209,584,0.383,625,942
131400,132715,1315,0,GE-Phrase,262,128821,132202,3381,802,0.61,2579,513
131400,132715,1315,0,GE-Phrase,263,132202,134077,1875,513,0.39,-802,-1362
131400,132715,1315,0,GE-Phase,stroke,131270,132202,932,802,0.61,130,513
131400,132715,1315,0,GE-Phase,preparation,132202,132712,510,510,0.388,-802,3
131400,132715,1315,0,GE-Phase,stroke,132712,133300,588,3,0.002,-1312,-585
132715,134762,2047,0,GE-Phrase,263,132202,134077,1875,1362,0.665,513,685
132715,134762,2047,0,GE-Phrase,264,134077,135782,1705,685,0.335,-1362,-1020
132715,134762,2047,0,GE-Phase,stroke,132712,133300,588,585,0.286,3,1462
132715,134762,2047,0,GE-Phase,retraction,133300,134077,777,777,0.38,-585,685
132715,134762,2047,0,GE-Phase,preparation,134077,134927,850,685,0.335,-1362,-165
136371,137155,784,0,GE-Phrase,265,135782,138288,2506,784,1.0,589,-1133
136371,137155,784,0,GE-Phase,preparation,135782,136557,775,186,0.237,589,598
136371,137155,784,0,GE-Phase,stroke,136557,137175,618,598,0.763,-186,-20
137155,137394,239,0,GE-Phrase,265,135782,138288,2506,239,1.0,1373,-894
137155,137394,239,0,GE-Phase,stroke,136557,137175,618,20,0.084,598,219
137155,137394,239,0,GE-Phase,retraction,137175,138288,1113,219,0.916,-20,-894
141050,143026,1976,0,GE-Phrase,266,138288,141167,2879,117,0.059,2762,1859
141050,143026,1976,0,GE-Phrase,267,141167,142467,1300,1300,0.658,-117,559
141050,143026,1976,0,GE-Phrase,268,142467,145380,2913,559,0.283,-1417,-2354
141050,143026,1976,0,GE-Phase,stroke,139895,141167,1272,117,0.059,1155,1859
141050,143026,1976,0,GE-Phase,stroke,141167,142045,878,878,0.444,-117,981
141050,143026,1976,0,GE-Phase,hold,142045,142467,422,422,0.214,-995,559
141050,143026,1976,0,GE-Phase,preparation,142467,143704,1237,559,0.283,-1417,-678
149300,150432,1132,0,GE-Phrase,270,147413,149490,2077,190,0.168,1887,942
149300,150432,1132,0,GE-Phrase,271,149490,151803,2313,942,0.832,-190,-1371
149300,150432,1132,0,GE-Phase,hold,148742,149490,748,190,0.168,558,942
149300,150432,1132,0,GE-Phase,preparation,149490,150125,635,635,0.561,-190,307
149300,150432,1132,0,GE-Phase,stroke,150125,151219,1094,307,0.271,-825,-787
9631,12030,2399,0,GE-Phrase,205,9104,11228,2124,1597,0.666,527,802
9631,12030,2399,0,GE-Phrase,206,11228,13092,1864,802,0.334,-1597,-1062
9631,12030,2399,0,GE-Phase,preparation,9104,10503,1399,872,0.363,527,1527
9631,12030,2399,0,GE-Phase,stroke,10503,10898,395,395,0.165,-872,1132
9631,12030,2399,0,GE-Phase,retraction,10898,11228,330,330,0.138,-1267,802
9631,12030,2399,0,GE-Phase,preparation,11228,11616,388,388,0.162,-1597,414
9631,12030,2399,0,GE-Phase,stroke,11616,12216,600,414,0.173,-1985,-186
12030,13506,1476,0,GE-Phrase,206,11228,13092,1864,1062,0.72,802,414
12030,13506,1476,0,GE-Phrase,207,13092,14908,1816,414,0.28,-1062,-1402
12030,13506,1476,0,GE-Phase,stroke,11616,12216,600,186,0.126,414,1290
12030,13506,1476,0,GE-Phase,retraction,12216,13092,876,876,0.593,-186,414
12030,13506,1476,0,GE-Phase,preparation,13092,13708,616,414,0.28,-1062,-202
25187,26370,1183,0,GE-Phrase,212,23414,26572,3158,1183,1.0,1773,-202
25187,26370,1183,0,GE-Phase,stroke,23890,25250,1360,63,0.053,1297,1120
25187,26370,1183,0,GE-Phase,retraction,25250,26572,1322,1120,0.947,-63,-202
26370,27200,830,0,GE-Phrase,212,23414,26572,3158,202,0.243,2956,628
26370,27200,830,0,GE-Phrase,213,26572,28865,2293,628,0.757,-202,-1665
26370,27200,830,0,GE-Phase,retraction,25250,26572,1322,202,0.243,1120,628
26370,27200,830,0,GE-Phase,preparation,26572,27305,733,628,0.757,-202,-105
27200,28048,848,0,GE-Phrase,213,26572,28865,2293,848,1.0,628,-817
27200,28048,848,0,GE-Phase,preparation,26572,27305,733,105,0.124,628,743
27200,28048,848,0,GE-Phase,stroke,27305,28425,1120,743,0.876,-105,-377
28048,29000,952,0,GE-Phrase,213,26572,28865,2293,817,0.858,1476,135
28048,29000,952,0,GE-Phrase,214,28865,30267,1402,135,0.142,-817,-1267
28048,29000,952,0,GE-Phase,stroke,27305,28425,1120,377,0.396,743,575
28048,29000,952,0,GE-Phase,retraction,28425,28865,440,440,0.462,-377,135
28048,29000,952,0,GE-Phase,preparation,28865,29147,282,135,0.142,-817,-147
69250,70269,1019,0,GE-Phrase,233,69124,70078,954,828,0.813,126,191
69250,70269,1019,0,GE-Phrase,234,70078,71694,1616,191,0.187,-828,-1425
69250,70269,1019,0,GE-Phase,preparation,69124,69404,280,154,0.151,126,865
69250,70269,1019,0,GE-Phase,stroke,69404,70078,674,674,0.661,-154,191
69250,70269,1019,0,GE-Phase,preparation,70078,70626,548,191,0.187,-828,-357
123300,123678,378,0,GE-Phrase,261,123162,126484,3322,378,1.0,138,-2806
123300,123678,378,0,GE-Phase,preparation,123162,123543,381,243,0.643,138,135
123300,123678,378,0,GE-Phase,stroke,123543,125275,1732,135,0.357,-243,-1597
123678,123884,206,0,GE-Phrase,261,123162,126484,3322,206,1.0,516,-2600
123678,123884,206,0,GE-Phase,stroke,123543,125275,1732,206,1.0,135,-1391
123884,124760,876,0,GE-Phrase,261,123162,126484,3322,876,1.0,722,-1724
123884,124760,876,0,GE-Phase,stroke,123543,125275,1732,876,1.0,341,-515
124760,125900,1140,0,GE-Phrase,261,123162,126484,3322,1140,1.0,1598,-584
124760,125900,1140,0,GE-Phase,stroke,123543,125275,1732,515,0.452,1217,625
124760,125900,1140,0,GE-Phase,retraction,125275,126484,1209,625,0.548,-515,-584
125900,127426,1526,0,GE-Phrase,261,123162,126484,3322,584,0.383,2738,942
125900,127426,1526,0,GE-Phase,retraction,125275,126484,1209,584,0.383,625,942
131400,132715,1315,0,GE-Phrase,262,128821,132202,3381,802,0.61,2579,513
131400,132715,1315,0,GE-Phrase,263,132202,134077,1875,513,0.39,-802,-1362
131400,132715,1315,0,GE-Phase,stroke,131270,132202,932,802,0.61,130,513
131400,132715,1315,0,GE-Phase,preparation,132202,132712,510,510,0.388,-802,3
131400,132715,1315,0,GE-Phase,stroke,132712,133300,588,3,0.002,-1312,-585
132715,134762,2047,0,GE-Phrase,263,132202,134077,1875,1362,0.665,513,685
132715,134762,2047,0,GE-Phrase,264,134077,135782,1705,685,0.335,-1362,-1020
132715,134762,2047,0,GE-Phase,stroke,132712,133300,588,585,0.286,3,1462
132715,134762,2047,0,GE-Phase,retraction,133300,134077,777,777,0.38,-585,685
132715,134762,2047,0,GE-Phase,preparation,134077,134927,850,685,0.335,-1362,-165
136371,137155,784,0,GE-Phrase,265,135782,138288,2506,784,1.0,589,-1133
136371,137155,784,0,GE-Phase,preparation,135782,136557,775,186,0.237,589,598
136371,137155,784,0,GE-Phase,stroke,136557,137175,618,598,0.763,-186,-20
137155,137394,239,0,GE-Phrase,265,135782,138288,2506,239,1.0,1373,-894
137155,137394,239,0,GE-Phase,stroke,136557,137175,618,20,0.084,598,219
137155,137394,239,0,GE-Phase,retraction,137175,138288,1113,219,0.916,-20,-894
141050,143026,1976,0,GE-Phrase,266,138288,141167,2879,117,0.059,2762,1859
141050,143026,1976,0,GE-Phrase,267,141167,142467,1300,1300,0.658,-117,559
141050,143026,1976,0,GE-Phrase,268,142467,145380,2913,559,0.283,-1417,-2354
141050,143026,1976,0,GE-Phase,stroke,139895,141167,1272,117,0.059,1155,1859
141050,143026,1976,0,GE-Phase,stroke,141167,142045,878,878,0.444,-117,981
141050,143026,1976,0,GE-Phase,hold,142045,142467,422,422,0.214,-995,559
141050,143026,1976,0,GE-Phase,preparation,142467,143704,1237,559,0.283,-1417,-678
149300,150432,1132,0,GE-Phrase,270,147413,149490,2077,190,0.168,1887,942
149300,150432,1132,0,GE-Phrase,271,149490,151803,2313,942,0.832,-190,-1371
149300,150432,1132,0,GE-Phase,hold,148742,149490,748,190,0.168,558,942
149300,150432,1132,0,GE-Phase,preparation,149490,150125,635,635,0.561,-190,307
149300,150432,1132,0,GE-Phase,stroke,150125,151219,1094,307,0.271,-825,-787
9631,12030,2399,0,GE-Phrase,205,9104,11228,2124,1597,0.666,527,802
9631,12030,2399,0,GE-Phrase,206,11228,13092,1864,802,0.334,-1597,-1062
9631,12030,2399,0,GE-Phase,preparation,9104,10503,1399,872,0.363,527,1527
9631,12030,2399,0,GE-Phase,stroke,10503,10898,395,395,0.165,-872,1132
9631,12030,2399,0,GE-Phase,retraction,10898,11228,330,330,0.138,-1267,802
9631,12030,2399,0,GE-Phase,preparation,11228,11616,388,388,0.162,-1597,414
9631,12030,2399,0,GE-Phase,stroke,11616,12216,600,414,0.173,-1985,-186
12030,13506,1476,0,GE-Phrase,206,11228,13092,1864,1062,0.72,802,414
12030,13506,1476,0,GE-Phrase,207,13092,14908,1816,414,0.28,-1062,-1402
12030,13506,1476,0,GE-Phase,stroke,11616,12216,600,186,0.126,414,1290
12030,13506,1476,0,GE-Phase,retraction,12216,13092,876,876,0.593,-186,414
12030,13506,1476,0,GE-Phase,preparation,13092,13708,616,414,0.28,-1062,-202
25187,26370,1183,0,GE-Phrase,212,23414,26572,3158,1183,1.0,1773,-202
25187,26370,1183,0,GE-Phase,stroke,23890,25250,1360,63,0.053,1297,1120
25187,26370,1183,0,GE-Phase,retraction,25250,26572,1322,1120,0.947,-63,-202
26370,27200,830,0,GE-Phrase,212,23414,26572,3158,202,0.243,2956,628
26370,27200,830,0,GE-Phrase,213,26572,28865,2293,628,0.757,-202,-1665
26370,27200,830,0,GE-Phase,retraction,25250,26572,1322,202,0.243,1120,628
26370,27200,830,0,GE-Phase,preparation,26572,27305,733,628,0.757,-202,-105
27200,28048,848,0,GE-Phrase,213,26572,28865,2293,848,1.0,628,-817
27200,28048,848,0,GE-Phase,preparation,26572,27305,733,105,0.124,628,743
27200,28048,848,0,GE-Phase,stroke,27305,28425,1120,743,0.876,-105,-377
28048,29000,952,0,GE-Phrase,213,26572,28865,2293,817,0.858,1476,135
28048,29000,952,0,GE-Phrase,214,28865,30267,1402,135,0.142,-817,-1267
28048,29000,952,0,GE-Phase,stroke,27305,28425,1120,377,0.396,743,575
28048,29000,952,0,GE-Phase,retraction,28425,28865,440,440,0.462,-377,135
28048,29000,952,0,GE-Phase,preparation,28865,29147,282,135,0.142,-817,-147
69250,70269,1019,0,GE-Phrase,233,69124,70078,954,828,0.813,126,191
69250,70269,1019,0,GE-Phrase,234,70078,71694,1616,191,0.187,-828,-1425
69250,70269,1019,0,GE-Phase,preparation,69124,69404,280,154,0.151,126,865
69250,70269,1019,0,GE-Phase,stroke,69404,70078,674,674,0.661,-154,191
69250,70269,1019,0,GE-Phase,preparation,70078,70626,548,191,0.187,-828,-357
123300,123678,378,0,GE-Phrase,261,123162,126484,3322,378,1.0,138,-2806
123300,123678,378,0,GE-Phase,preparation,123162,123543,381,243,0.643,138,135
123300,123678,378,0,GE-Phase,stroke,123543,125275,1732,135,0.357,-243,-1597
123678,123884,206,0,GE-Phrase,261,123162,126484,3322,206,1.0,516,-2600
123678,123884,206,0,GE-Phase,stroke,123543,125275,1732,206,1.0,135,-1391
123884,124760,876,0,GE-Phrase,261,123162,126484,3322,876,1.0,722,-1724
123884,124760,876,0,GE-Phase,stroke,123543,125275,1732,876,1.0,341,-515
124760,125900,1140,0,GE-Phrase,261,123162,126484,3322,1140,1.0,1598,-584
124760,125900,1140,0,GE-Phase,stroke,123543,125275,1732,515,0.452,1217,625
124760,125900,1140,0,GE-Phase,retraction,125275,126484,1209,625,0.548,-515,-584
125900,127426,1526,0,GE-Phrase,261,123162,126484,3322,584,0.383,2738,942
125900,127426,1526,0,GE-Phase,retraction,125275,126484,1209,584,0.383,625,942
131400,132715,1315,0,GE-Phrase,262,128821,132202,3381,802,0.61,2579,513
131400,132715,1315,0,GE-Phrase,263,132202,134077,1875,513,0.39,-802,-1362
131400,132715,1315,0,GE-Phase,stroke,131270,132202,932,802,0.61,130,513
131400,132715,1315,0,GE-Phase,preparation,132202,132712,510,510,0.388,-802,3
131400,132715,1315,0,GE-Phase,stroke,132712,133300,588,3,0.002,-1312,-585
132715,134762,2047,0,GE-Phrase,263,132202,134077,1875,1362,0.665,513,685
132715,134762,2047,0,GE-Phrase,264,134077,135782,1705,685,0.335,-1362,-1020
132715,134762,2047,0,GE-Phase,stroke,132712,133300,588,585,0.286,3,1462
132715,134762,2047,0,GE-Phase,retraction,133300,134077,777,777,0.38,-585,685
132715,134762,2047,0,GE-Phase,preparation,134077,134927,850,685,0.335,-1362,-165
136371,137155,784,0,GE-Phrase,265,135782,138288,2506,784,1.0,589,-1133
136371,137155,784,0,GE-Phase,preparation,135782,136557,775,186,0.237,589,598
136371,137155,784,0,GE-Phase,stroke,136557,137175,618,598,0.763,-186,-20
137155,137394,239,0,GE-Phrase,265,135782,138288,2506,239,1.0,1373,-894
137155,137394,239,0,GE-Phase,stroke,136557,137175,618,20,0.084,598,219
137155,137394,239,0,GE-Phase,retraction,137175,138288,1113,219,0.916,-20,-894
141050,143026,1976,0,GE-Phrase,266,138288,141167,2879,117,0.059,2762,1859
141050,143026,1976,0,GE-Phrase,267,141167,142467,1300,1300,0.658,-117,559
141050,143026,1976,0,GE-Phrase,268,142467,145380,2913,559,0.283,-1417,-2354
141050,143026,1976,0,GE-Phase,stroke,139895,141167,1272,117,0.059,1155,1859
141050,143026,1976,0,GE-Phase,stroke,141167,142045,878,878,0.444,-117,981
141050,143026,1976,0,GE-Phase,hold,142045,142467,422,422,0.214,-995,559
141050,143026,1976,0,GE-Phase,preparation,142467,143704,1237,559,0.283,-1417,-678
149300,150432,1132,0,GE-Phrase,270,147413,149490,2077,190,0.168,1887,942
149300,150432,1132,0,GE-Phrase,271,149490,151803,2313,942,0.832,-190,-1371
149300,150432,1132,0,GE-Phase,hold,148742,149490,748,190,0.168,558,942
149300,150432,1132,0,GE-Phase,preparation,149490,150125,635,635,0.561,-190,307
149300,150432,1132,0,GE-Phase,stroke,150125,151219,1094,307,0.271,-825,-787
9631,12030,2399,0,GE-Phrase,205,9104,11228,2124,1597,0.666,527,802
9631,12030,2399,0,GE-Phrase,206,11228,13092,1864,802,0.334,-1597,-1062
9631,12030,2399,0,GE-Phase,preparation,9104,10503,1399,872,0.363,527,1527
9631,12030,2399,0,GE-Phase,stroke,10503,10898,395,395,0.165,-872,1132
9631,12030,2399,0,GE-Phase,retraction,10898,11228,330,330,0.138,-1267,802
9631,12030,2399,0,GE-Phase,preparation,11228,11616,388,388,0.162,-1597,414
9631,12030,2399,0,GE-Phase,stroke,11616,12216,600,414,0.173,-1985,-186
12030,13506,1476,0,GE-Phrase,206,11228,13092,1864,1062,0.72,802,414
12030,13506,1476,0,GE-Phrase,207,13092,14908,1816,414,0.28,-1062,-1402
12030,13506,1476,0,GE-Phase,stroke,11616,12216,600,186,0.126,414,1290
12030,13506,1476,0,GE-Phase,retraction,12216,13092,876,876,0.593,-186,414
12030,13506,1476,0,GE-Phase,preparation,13092,13708,616,414,0.28,-1062,-202
25187,26370,1183,0,GE-Phrase,212,23414,26572,3158,1183,1.0,1773,-202
25187,26370,1183,0,GE-Phase,stroke,23890,25250,1360,63,0.053,1297,1120
25187,26370,1183,0,GE-Phase,retraction,25250,26572,1322,1120,0.947,-63,-202
26370,27200,830,0,GE-Phrase,212,23414,26572,3158,202,0.243,2956,628
26370,27200,830,0,GE-Phrase,213,26572,28865,2293,628,0.757,-202,-1665
26370,27200,830,0,GE-Phase,retraction,25250,26572,1322,202,0.243,1120,628
26370,27200,830,0,GE-Phase,preparation,26572,27305,733,628,0.757,-202,-105
27200,28048,848,0,GE-Phrase,213,26572,28865,2293,848,1.0,628,-817
27200,28048,848,0,GE-Phase,preparation,26572,27305,733,105,0.124,628,743
27200,28048,848,0,GE-Phase,stroke,27305,28425,1120,743,0.876,-105,-377
28048,29000,952,0,GE-Phrase,213,26572,28865,2293,817,0.858,1476,135
28048,29000,952,0,GE-Phrase,214,28865,30267,1402,135,0.142,-817,-1267
28048,29000,952,0,GE-Phase,stroke,27305,28425,1120,377,0.396,743,575
28048,29000,952,0,GE-Phase,retraction,28425,28865,440,440,0.462,-377,135
28048,29000,952,0,GE-Phase,preparation,28865,29147,282,135,0.142,-817,-147
69250,70269,1019,0,GE-Phrase,233,69124,70078,954,828,0.813,126,191
69250,70269,1019,0,GE-Phrase,234,70078,71694,1616,191,0.187,-828,-1425
69250,70269,1019,0,GE-Phase,preparation,69124,69404,280,154,0.151,126,865
69250,70269,1019,0,GE-Phase,stroke,69404,70078,674,674,0.661,-154,191
69250,70269,1019,0,GE-Phase,preparation,70078,70626,548,191,0.187,-828,-357
123300,123678,378,0,GE-Phrase,261,123162,126484,3322,378,1.0,138,-2806
123300,123678,378,0,GE-Phase,preparation,123162,123543,381,243,0.643,138,135
123300,123678,378,0,GE-Phase,stroke,123543,125275,1732,135,0.357,-243,-1597
123678,123884,206,0,GE-Phrase,261,123162,126484,3322,206,1.0,516,-2600
123678,123884,206,0,GE-Phase,stroke,123543,125275,1732,206,1.0,135,-1391
123884,124760,876,0,GE-Phrase,261,123162,126484,3322,876,1.0,722,-1724
123884,124760,876,0,GE-Phase,stroke,123543,125275,1732,876,1.0,341,-515
124760,125900,1140,0,GE-Phrase,261,123162,126484,3322,1140,1.0,1598,-584
124760,125900,1140,0,GE-Phase,stroke,123543,125275,1732,515,0.452,1217,625
124760,125900,1140,0,GE-Phase,retraction,125275,126484,1209,625,0.548,-515,-584
125900,127426,1526,0,GE-Phrase,261,123162,126484,3322,584,0.383,2738,942
125900,127426,1526,0,GE-Phase,retraction,125275,126484,1209,584,0.383,625,942
131400,132715,1315,0,GE-Phrase,262,128821,132202,3381,802,0.61,2579,513
131400,132715,1315,0,GE-Phrase,263,132202,134077,1875,513,0.39,-802,-1362
131400,132715,1315,0,GE-Phase,stroke,131270,132202,932,802,0.61,130,513
131400,132715,1315,0,GE-Phase,preparation,132202,132712,510,510,0.388,-802,3
131400,132715,1315,0,GE-Phase,stroke,132712,133300,588,3,0.002,-1312,-585
132715,134762,2047,0,GE-Phrase,263,132202,134077,1875,1362,0.665,513,685
132715,134762,2047,0,GE-Phrase,264,134077,135782,1705,685,0.335,-1362,-1020
132715,134762,2047,0,GE-Phase,stroke,132712,133300,588,585,0.286,3,1462
132715,134762,2047,0,GE-Phase,retraction,133300,134077,777,777,0.38,-585,685
132715,134762,2047,0,GE-Phase,preparation,134077,134927,850,685,0.335,-1362,-165
136371,137155,784,0,GE-Phrase,265,135782,138288,2506,784,1.0,589,-1133
136371,137155,784,0,GE-Phase,preparation,135782,136557,775,186,0.237,589,598
136371,137155,784,0,GE-Phase,stroke,136557,137175,618,598,0.763,-186,-20
137155,137394,239,0,GE-Phrase,265,135782,138288,2506,239,1.0,1373,-894
137155,137394,239,0,GE-Phase,stroke,136557,137175,618,20,0.084,598,219
137155,137394,239,0,GE-Phase,retraction,137175,138288,1113,219,0.916,-20,-894
141050,143026,1976,0,GE-Phrase,266,138288,141167,2879,117,0.059,2762,1859
141050,143026,1976,0,GE-Phrase,267,141167,142467,1300,1300,0.658,-117,559
141050,143026,1976,0,GE-Phrase,268,142467,145380,2913,559,0.283,-1417,-2354
141050,143026,1976,0,GE-Phase,stroke,139895,141167,1272,117,0.059,1155,1859
141050,143026,1976,0,GE-Phase,stroke,141167,142045,878,878,0.444,-117,981
141050,143026,1976,0,GE-Phase,hold,142045,142467,422,422,0.214,-995,559
141050,143026,1976,0,GE-Phase,preparation,142467,143704,1237,559,0.283,-1417,-678
149300,150432,1132,0,GE-Phrase,270,147413,149490,2077,190,0.168,1887,942
149300,150432,1132,0,GE-Phrase,271,149490,151803,2313,942,0.832,-190,-1371
149300,150432,1132,0,GE-Phase,hold,148742,149490,748,190,0.168,558,942
149300,150432,1132,0,GE-Phase,preparation,149490,150125,635,635,0.561,-190,307
149300,150432,1132,0,GE-Phase,stroke,150125,151219,1094,307,0.271,-825,-787
9631,12030,2399,0,GE-Phrase,205,9104,11228,2124,1597,0.666,527,802
9631,12030,2399,0,GE-Phrase,206,11228,13092,1864,802,0.334,-1597,-1062
9631,12030,2399,0,GE-Phase,preparation,9104,10503,1399,872,0.363,527,1527
9631,12030,2399,0,GE-Phase,stroke,10503,10898,395,395,0.165,-872,1132
9631,12030,2399,0,GE-Phase,retraction,10898,11228,330,330,0.138,-1267,802
9631,12030,2399,0,GE-Phase,preparation,11228,11616,388,388,0.162,-1597,414
9631,12030,2399,0,GE-Phase,stroke,11616,12216,600,414,0.173,-1985,-186
12030,13506,1476,0,GE-Phrase,206,11228,13092,1864,1062,0.72,802,414
12030,13506,1476,0,GE-Phrase,207,13092,14908,1816,414,0.28,-1062,-1402
12030,13506,1476,0,GE-Phase,stroke,11616,12216,600,186,0.126,414,1290
12030,13506,1476,0,GE-Phase,retraction,12216,13092,876,876,0.593,-186,414
12030,13506,1476,0,GE-Phase,preparation,13092,13708,616,414,0.28,-1062,-202
25187,26370,1183,0,GE-Phrase,212,23414,26572,3158,1183,1.0,1773,-202
25187,26370,1183,0,GE-Phase,stroke,23890,25250,1360,63,0.053,1297,1120
25187,26370,1183,0,GE-Phase,retraction,25250,26572,1322,1120,0.947,-63,-202
26370,27200,830,0,GE-Phrase,212,23414,26572,3158,202,0.243,2956,628
26370,27200,830,0,GE-Phrase,213,26572,28865,2293,628,0.757,-202,-1665
26370,27200,830,0,GE-Phase,retraction,25250,26572,1322,202,0.243,1120,628
26370,27200,830,0,GE-Phase,preparation,26572,27305,733,628,0.757,-202,-105
27200,28048,848,0,GE-Phrase,213,26572,28865,2293,848,1.0,628,-817
27200,28048,848,0,GE-Phase,preparation,26572,27305,733,105,0.124,628,743
27200,28048,848,0,GE-Phase,stroke,27305,28425,1120,743,0.876,-105,-377
28048,29000,952,0,GE-Phrase,213,26572,28865,2293,817,0.858,1476,135
28048,29000,952,0,GE-Phrase,214,28865,30267,1402,135,0.142,-817,-1267
28048,29000,952,0,GE-Phase,stroke,27305,28425,1120,377,0.396,743,575
28048,29000,952,0,GE-Phase,retraction,28425,28865,440,440,0.462,-377,135
28048,29000,952,0,GE-Phase,preparation,28865,29147,282,135,0.142,-817,-147
69250,70269,1019,0,GE-Phrase,233,69124,70078,954,828,0.813,126,191
69250,70269,1019,0,GE-Phrase,234,70078,71694,1616,191,0.187,-828,-1425
69250,70269,1019,0,GE-Phase,preparation,69124,69404,280,154,0.151,126,865
69250,70269,1019,0,GE-Phase,stroke,69404,70078,674,674,0.661,-154,191
69250,70269,1019,0,GE-Phase,preparation,70078,70626,548,191,0.187,-828,-357
123300,123678,378,0,GE-Phrase,261,123162,126484,3322,378,1.0,138,-2806
123300,123678,378,0,GE-Phase,preparation,123162,123543,381,243,0.643,138,135
123300,123678,378,0,GE-Phase,stroke,123543,125275,1732,135,0.357,-243,-1597
123678,123884,206,0,GE-Phrase,261,123162,126484,3322,206,1.0,516,-2600
123678,123884,206,0,GE-Phase,stroke,123543,125275,1732,206,1.0,135,-1391
123884,124760,876,0,GE-Phrase,261,123162,126484,3322,876,1.0,722,-1724
123884,124760,876,0,GE-Phase,stroke,123543,125275,1732,876,1.0,341,-515
124760,125900,1140,0,GE-Phrase,261,123162,126484,3322,1140,1.0,1598,-584
124760,125900,1140,0,GE-Phase,stroke,123543,125275,1732,515,0.452,1217,625
124760,125900,1140,0,GE-Phase,retraction,125275,126484,1209,625,0.548,-515,-584
125900,127426,1526,0,GE-Phrase,261,123162,126484,3322,584,0.383,2738,942
125900,127426,1526,0,GE-Phase,retraction,125275,126484,1209,584,0.383,625,942
131400,132715,1315,0,GE-Phrase,262,128821,132202,3381,802,0.61,2579,513
131400,132715,1315,0,GE-Phrase,263,132202,134077,1875,513,0.39,-802,-1362
131400,132715,1315,0,GE-Phase,stroke,131270,132202,932,802,0.61,130,513
131400,132715,1315,0,GE-Phase,preparation,132202,132712,510,510,0.388,-802,3
131400,132715,1315,0,GE-Phase,stroke,132712,133300,588,3,0.002,-1312,-585
132715,134762,2047,0,GE-Phrase,263,132202,134077,1875,1362,0.665,513,685
132715,134762,2047,0,GE-Phrase,264,134077,135782,1705,685,0.335,-1362,-1020
132715,134762,2047,0,GE-Phase,stroke,132712,133300,588,585,0.286,3,1462
132715,134762,2047,0,GE-Phase,retraction,133300,134077,777,777,0.38,-585,685
132715,134762,2047,0,GE-Phase,preparation,134077,134927,850,685,0.335,-1362,-165
136371,137155,784,0,GE-Phrase,265,135782,138288,2506,784,1.0,589,-1133
136371,137155,784,0,GE-Phase,preparation,135782,136557,775,186,0.237,589,598
136371,137155,784,0,GE-Phase,stroke,136557,137175,618,598,0.763,-186,-20
137155,137394,239,0,GE-Phrase,265,135782,138288,2506,239,1.0,1373,-894
137155,137394,239,0,GE-Phase,stroke,136557,137175,618,20,0.084,598,219
137155,137394,239,0,GE-Phase,retraction,137175,138288,1113,219,0.916,-20,-894
141050,143026,1976,0,GE-Phrase,266,138288,141167,2879,117,0.059,2762,1859
141050,143026,1976,0,GE-Phrase,267,141167,142467,1300,1300,0.658,-117,559
141050,143026,1976,0,GE-Phrase,268,142467,145380,2913,559,0.283,-1417,-2354
141050,143026,1976,0,GE-Phase,stroke,139895,141167,1272,117,0.059,1155,1859
141050,143026,1976,0,GE-Phase,stroke,141167,142045,878,878,0.444,-117,981
141050,143026,1976,0,GE-Phase,hold,142045,142467,422,422,0.214,-995,559
141050,143026,1976,0,GE-Phase,preparation,142467,143704,1237,559,0.283,-1417,-678
149300,150432,1132,0,GE-Phrase,270,147413,149490,2077,190,0.168,1887,942
149300,150432,1132,0,GE-Phrase,271,149490,151803,2313,942,0.832,-190,-1371
149300,150432,1132,0,GE-Phase,hold,148742,149490,748,190,0.168,558,942
149300,150432,1132,0,GE-Phase,preparation,149490,150125,635,635,0.561,-190,307
149300,150432,1132,0,GE-Phase,stroke,150125,151219,1094,307,0.271,-825,-787
9631,12030,2399,0,GE-Phrase,205,9104,11228,2124,1597,0.666,527,802
9631,12030,2399,0,GE-Phrase,206,11228,13092,1864,802,0.334,-1597,-1062
9631,12030,2399,0,GE-Phase,preparation,9104,10503,1399,872,0.363,527,1527
9631,12030,2399,0,GE-Phase,stroke,10503,10898,395,395,0.165,-872,1132
9631,12030,2399,0,GE-Phase,retraction,10898,11228,330,330,0.138,-1267,802
9631,12030,2399,0,GE-Phase,preparation,11228,11616,388,388,0.162,-1597,414
9631,12030,2399,0,GE-Phase,stroke,11616,12216,600,414,0.173,-1985,-186
12030,13506,1476,0,GE-Phrase,206,11228,13092,1864,1062,0.72,802,414
12030,13506,1476,0,GE-Phrase,207,13092,14908,1816,414,0.28,-1062,-1402
12030,13506,1476,0,GE-Phase,stroke,11616,12216,600,186,0.126,414,1290
12030,13506,1476,0,GE-Phase,retraction,12216,13092,876,876,0.593,-186,414
12030,13506,1476,0,GE-Phase,preparation,13092,13708,616,414,0.28,-1062,-202
25187,26370,1183,0,GE-Phrase,212,23414,26572,3158,1183,1.0,1773,-202
25187,26370,1183,0,GE-Phase,stroke,23890,25250,1360,63,0.053,1297,1120
25187,26370,1183,0,GE-Phase,retraction,25250,26572,1322,1120,0.947,-63,-202
26370,27200,830,0,GE-Phrase,212,23414,26572,3158,202,0.243,2956,628
26370,27200,830,0,GE-Phrase,213,26572,28865,2293,628,0.757,-202,-1665
26370,27200,830,0,GE-Phase,retraction,25250,26572,1322,202,0.243,1120,628
26370,27200,830,0,GE-Phase,preparation,26572,27305,733,628,0.757,-202,-105
27200,28048,848,0,GE-Phrase,213,26572,28865,2293,848,1.0,628,-817
27200,28048,848,0,GE-Phase,preparation,26572,27305,733,105,0.124,628,743
27200,28048,848,0,GE-Phase,stroke,27305,28425,1120,743,0.876,-105,-377
28048,29000,952,0,GE-Phrase,213,26572,28865,2293,817,0.858,1476,135
28048,29000,952,0,GE-Phrase,214,28865,30267,1402,135,0.142,-817,-1267
28048,29000,952,0,GE-Phase,stroke,27305,28425,1120,377,0.396,743,575
28048,29000,952,0,GE-Phase,retraction,28425,28865,440,440,0.462,-377,135
28048,29000,952,0,GE-Phase,preparation,28865,29147,282,135,0.142,-817,-147
69250,70269,1019,0,GE-Phrase,233,69124,70078,954,828,0.813,126,191
69250,70269,1019,0,GE-Phrase,234,70078,71694,1616,191,0.187,-828,-1425
69250,70269,1019,0,GE-Phase,preparation,69124,69404,280,154,0.151,126,865
69250,70269,1019,0,GE-Phase,stroke,69404,70078,674,674,0.661,-154,191
69250,70269,1019,0,GE-Phase,preparation,70078,70626,548,191,0.187,-828,-357
123300,123678,378,0,GE-Phrase,261,123162,126484,3322,378,1.0,138,-2806
123300,123678,378,0,GE-Phase,preparation,123162,123543,381,243,0.643,138,135
123300,123678,378,0,GE-Phase,stroke,123543,125275,1732,135,0.357,-243,-1597
123678,123884,206,0,GE-Phrase,261,123162,126484,3322,206,1.0,516,-2600
123678,123884,206,0,GE-Phase,stroke,123543,125275,1732,206,1.0,135,-1391
123884,124760,876,0,GE-Phrase,261,123162,126484,3322,876,1.0,722,-1724
123884,124760,876,0,GE-Phase,stroke,123543,125275,1732,876,1.0,341,-515
124760,125900,1140,0,GE-Phrase,261,123162,126484,3322,1140,1.0,1598,-584
124760,125900,1140,0,GE-Phase,stroke,123543,125275,1732,515,0.452,1217,625
124760,125900,1140,0,GE-Phase,retraction,125275,126484,1209,625,0.548,-515,-584
125900,127426,1526,0,GE-Phrase,261,123162,126484,3322,584,0.383,2738,942
125900,127426,1526,0,GE-Phase,retraction,125275,126484,1209,584,0.383,625,942
131400,132715,1315,0,GE-Phrase,262,128821,132202,3381,802,0.61,2579,513
131400,132715,1315,0,GE-Phrase,263,132202,134077,1875,513,0.39,-802,-1362
131400,132715,1315,0,GE-Phase,stroke,131270,132202,932,802,0.61,130,513
131400,132715,1315,0,GE-Phase,preparation,132202,132712,510,510,0.388,-802,3
131400,132715,1315,0,GE-Phase,stroke,132712,133300,588,3,0.002,-1312,-585
132715,134762,2047,0,GE-Phrase,263,132202,134077,1875,1362,0.665,513,685
132715,134762,2047,0,GE-Phrase,264,134077,135782,1705,685,0.335,-1362,-1020
132715,134762,2047,0,GE-Phase,stroke,132712,133300,588,585,0.286,3,1462
132715,134762,2047,0,GE-Phase,retraction,133300,134077,777,777,0.38,-585,685
132715,134762,2047,0,GE-Phase,preparation,134077,134927,850,685,0.335,-1362,-165
136371,137155,784,0,GE-Phrase,265,135782,138288,2506,784,1.0,589,-1133
136371,137155,784,0,GE-Phase,preparation,135782,136557,775,186,0.237,589,598
136371,137155,784,0,GE-Phase,stroke,136557,137175,618,598,0.763,-186,-20
137155,137394,239,0,GE-Phrase,265,135782,138288,2506,239,1.0,1373,-894
137155,137394,239,0,GE-Phase,stroke,136557,137175,618,20,0.084,598,219
137155,137394,239,0,GE-Phase,retraction,137175,138288,1113,219,0.916,-20,-894
141050,143026,1976,0,GE-Phrase,266,138288,141167,2879,117,0.059,2762,1859
141050,143026,1976,0,GE-Phrase,267,141167,142467,1300,1300,0.658,-117,559
141050,143026,1976,0,GE-Phrase,268,142467,145380,2913,559,0.283,-1417,-2354
141050,143026,1976,0,GE-Phase,stroke,139895,141167,1272,117,0.059,1155,1859
141050,143026,1976,0,GE-Phase,stroke,141167,142045,878,878,0.444,-117,981
141050,143026,1976,0,GE-Phase,hold,142045,142467,422,422,0.214,-995,559
141050,143026,1976,0,GE-Phase,preparation,142467,143704,1237,559,0.283,-1417,-678
149300,150432,1132,0,GE-Phrase,270,147413,149490,2077,190,0.168,1887,942
149300,150432,1132,0,GE-Phrase,271,149490,151803,2313,942,0.832,-190,-1371
149300,150432,1132,0,GE-Phase,hold,148742,149490,748,190,0.168,558,942
149300,150432,1132,0,GE-Phase,preparation,149490,150125,635,635,0.561,-190,307
149300,150432,1132,0,GE-Phase,stroke,150125,151219,1094,307,0.271,-825,-787
9631,12030,2399,0,GE-Phrase,205,9104,11228,2124,1597,0.666,527,802
9631,12030,2399,0,GE-Phrase,206,11228,13092,1864,802,0.334,-1597,-1062
9631,12030,2399,0,GE-Phase,preparation,9104,10503,1399,872,0.363,527,1527
9631,12030,2399,0,GE-Phase,stroke,10503,10898,395,395,0.165,-872,1132
9631,12030,2399,0,GE-Phase,retraction,10898,11228,330,330,0.138,-1267,802
9631,12030,2399,0,GE-Phase,preparation,11228,11616,388,388,0.162,-1597,414
9631,12030,2399,0,GE-Phase,stroke,11616,12216,600,414,0.173,-1985,-186
12030,13506,1476,0,GE-Phrase,206,11228,13092,1864,1062,0.72,802,414
12030,13506,1476,0,GE-Phrase,207,13092,14908,1816,414,0.28,-1062,-1402
12030,13506,1476,0,GE-Phase,stroke,11616,12216,600,186,0.126,414,1290
12030,13506,1476,0,GE-Phase,retraction,12216,13092,876,876,0.593,-186,414
12030,13506,1476,0,GE-Phase,preparation,13092,13708,616,414,0.28,-1062,-202
25187,26370,1183,0,GE-Phrase,212,23414,26572,3158,1183,1.0,1773,-202
25187,26370,1183,0,GE-Phase,stroke,23890,25250,1360,63,0.053,1297,1120
25187,26370,1183,0,GE-Phase,retraction,25250,26572,1322,1120,0.947,-63,-202
26370,27200,830,0,GE-Phrase,212,23414,26572,3158,202,0.243,2956,628
26370,27200,830,0,GE-Phrase,213,26572,28865,2293,628,0.757,-202,-1665
26370,27200,830,0,GE-Phase,retraction,25250,26572,1322,202,0.243,1120,628
26370,27200,830,0,GE-Phase,preparation,26572,27305,733,628,0.757,-202,-105
27200,28048,848,0,GE-Phrase,213,26572,28865,2293,848,1.0,628,-817
27200,28048,848,0,GE-Phase,preparation,26572,27305,733,105,0.124,628,743
27200,28048,848,0,GE-Phase,stroke,27305,28425,1120,743,0.876,-105,-377
28048,29000,952,0,GE-Phrase,213,26572,28865,2293,817,0.858,1476,135
28048,29000,952,0,GE-Phrase,214,28865,30267,1402,135,0.142,-817,-1267
28048,29000,952,0,GE-Phase,stroke,27305,28425,1120,377,0.396,743,575
28048,29000,952,0,GE-Phase,retraction,28425,28865,440,440,0.462,-377,135
28048,29000,952,0,GE-Phase,preparation,28865,29147,282,135,0.142,-817,-147
69250,70269,1019,0,GE-Phrase,233,69124,70078,954,828,0.813,126,191
69250,70269,1019,0,GE-Phrase,234,70078,71694,1616,191,0.187,-828,-1425
69250,70269,1019,0,GE-Phase,preparation,69124,69404,280,154,0.151,126,865
69250,70269,1019,0,GE-Phase,stroke,69404,70078,674,674,0.661,-154,191
69250,70269,1019,0,GE-Phase,preparation,70078,70626,548,191,0.187,-828,-357
123300,123678,378,0,GE-Phrase,261,123162,126484,3322,378,1.0,138,-2806
123300,123678,378,0,GE-Phase,preparation,123162,123543,381,243,0.643,138,135
123300,123678,378,0,GE-Phase,stroke,123543,125275,1732,135,0.357,-243,-1597
123678,123884,206,0,GE-Phrase,261,123162,126484,3322,206,1.0,516,-2600
123678,123884,206,0,GE-Phase,stroke,123543,125275,1732,206,1.0,135,-1391
123884,124760,876,0,GE-Phrase,261,123162,126484,3322,876,1.0,722,-1724
123884,124760,876,0,GE-Phase,stroke,123543,125275,1732,876,1.0,341,-515
124760,125900,1140,0,GE-Phrase,261,123162,126484,3322,1140,1.0,1598,-584
124760,125900,1140,0,GE-Phase,stroke,123543,125275,1732,515,0.452,1217,625
124760,125900,1140,0,GE-Phase,retraction,125275,126484,1209,625,0.548,-515,-584
125900,127426,1526,0,GE-Phrase,261,123162,126484,3322,584,0.383,2738,942
125900,127426,1526,0,GE-Phase,retraction,125275,126484,1209,584,0.383,625,942
131400,132715,1315,0,GE-Phrase,262,128821,132202,3381,802,0.61,2579,513
131400,132715,1315,0,GE-Phrase,263,132202,134077,1875,513,0.39,-802,-1362
131400,132715,1315,0,GE-Phase,stroke,131270,132202,932,802,0.61,130,513
131400,132715,1315,0,GE-Phase,preparation,132202,132712,510,510,0.388,-802,3
131400,132715,1315,0,GE-Phase,stroke,132712,133300,588,3,0.002,-1312,-585
132715,134762,2047,0,GE-Phrase,263,132202,134077,1875,1362,0.665,513,685
132715,134762,2047,0,GE-Phrase,264,134077,135782,1705,685,0.335,-1362,-1020
132715,134762,2047,0,GE-Phase,stroke,132712,133300,588,585,0.286,3,1462
132715,134762,2047,0,GE-Phase,retraction,133300,134077,777,777,0.38,-585,685
132715,134762,2047,0,GE-Phase,preparation,134077,134927,850,685,0.335,-1362,-165
136371,137155,784,0,GE-Phrase,265,135782,138288,2506,784,1.0,589,-1133
136371,137155,784,0,GE-Phase,preparation,135782,136557,775,186,0.237,589,598
136371,137155,784,0,GE-Phase,stroke,136557,137175,618,598,0.763,-186,-20
137155,137394,239,0,GE-Phrase,265,135782,138288,2506,239,1.0,1373,-894
137155,137394,239,0,GE-Phase,stroke,136557,137175,618,20,0.084,598,219
137155,137394,239,0,GE-Phase,retraction,137175,138288,1113,219,0.916,-20,-894
141050,143026,1976,0,GE-Phrase,266,138288,141167,2879,117,0.059,2762,1859
141050,143026,1976,0,GE-Phrase,267,141167,142467,1300,1300,0.658,-117,559
141050,143026,1976,0,GE-Phrase,268,142467,145380,2913,559,0.283,-1417,-2354
141050,143026,1976,0,GE-Phase,stroke,139895,141167,1272,117,0.059,1155,1859
141050,143026,1976,0,GE-Phase,stroke,141167,142045,878,878,0.444,-117,981
141050,143026,1976,0,GE-Phase,hold,142045,142467,422,422,0.214,-995,559
141050,143026,1976,0,GE-Phase,preparation,142467,143704,1237,559,0.283,-1417,-678
149300,150432,1132,0,GE-Phrase,270,147413,149490,2077,190,0.168,1887,942
149300,150432,1132,0,GE-Phrase,271,149490,151803,2313,942,0.832,-190,-1371
149300,150432,1132,0,GE-Phase,hold,148742,149490,748,190,0.168,558,942
149300,150432,1132,0,GE-Phase,preparation,149490,150125,635,635,0.561,-190,307
149300,150432,1132,0,GE-Phase,stroke,150125,151219,1094,307,0.271,-825,-787
9631,12030,2399,0,GE-Phrase,205,9104,11228,2124,1597,0.666,527,802
9631,12030,2399,0,GE-Phrase,206,11228,13092,1864,802,0.334,-1597,-1062
9631,12030,2399,0,GE-Phase,preparation,9104,10503,1399,872,0.363,527,1527
9631,12030,2399,0,GE-Phase,stroke,10503,10898,395,395,0.165,-872,1132
9631,12030,2399,0,GE-Phase,retraction,10898,11228,330,330,0.138,-1267,802
9631,12030,2399,0,GE-Phase,preparation,11228,11616,388,388,0.162,-1597,414
9631,12030,2399,0,GE-Phase,stroke,11616,12216,600,414,0.173,-1985,-186
12030,13506,1476,0,GE-Phrase,206,11228,13092,1864,1062,0.72,802,414
12030,13506,1476,0,GE-Phrase,207,13092,14908,1816,414,0.28,-1062,-1402
12030,13506,1476,0,GE-Phase,stroke,11616,12216,600,186,0.126,414,1290
12030,13506,1476,0,GE-Phase,retraction,12216,13092,876,876,0.593,-186,414
12030,13506,1476,0,GE-Phase,preparation,13092,13708,616,414,0.28,-1062,-202
25187,26370,1183,0,GE-Phrase,212,23414,26572,3158,1183,1.0,1773,-202
25187,26370,1183,0,GE-Phase,stroke,23890,25250,1360,63,0.053,1297,1120
25187,26370,1183,0,GE-Phase,retraction,25250,26572,1322,1120,0.947,-63,-202
26370,27200,830,0,GE-Phrase,212,23414,26572,3158,202,0.243,2956,628
26370,27200,830,0,GE-Phrase,213,26572,28865,2293,628,0.757,-202,-1665
26370,27200,830,0,GE-Phase,retraction,25250,26572,1322,202,0.243,1120,628
26370,27200,830,0,GE-Phase,preparation,26572,27305,733,628,0.757,-202,-105
27200,28048,848,0,GE-Phrase,213,26572,28865,2293,848,1.0,628,-817
27200,28048,848,0,GE-Phase,preparation,26572,27305,733,105,0.124,628,743
27200,28048,848,0,GE-Phase,stroke,27305,28425,1120,743,0.876,-105,-377
28048,29000,952,0,GE-Phrase,213,26572,28865,2293,817,0.858,1476,135
28048,29000,952,0,GE-Phrase,214,28865,30267,1402,135,0.142,-817,-1267
28048,29000,952,0,GE-Phase,stroke,27305,28425,1120,377,0.396,743,575
28048,29000,952,0,GE-Phase,retraction,28425,28865,440,440,0.462,-377,135
28048,29000,952,0,GE-Phase,preparation,28865,29147,282,135,0.142,-817,-147
69250,70269,1019,0,GE-Phrase,233,69124,70078,954,828,0.813,126,191
69250,70269,1019,0,GE-Phrase,234,70078,71694,1616,191,0.187,-828,-1425
69250,70269,1019,0,GE-Phase,preparation,69124,69404,280,154,0.151,126,865
69250,70269,1019,0,GE-Phase,stroke,69404,70078,674,674,0.661,-154,191
69250,70269,1019,0,GE-Phase,preparation,70078,70626,548,191,0.187,-828,-357
123300,123678,378,0,GE-Phrase,261,123162,126484,3322,378,1.0,138,-2806
123300,123678,378,0,GE-Phase,preparation,123162,123543,381,243,0.643,138,135
123300,123678,378,0,GE-Phase,stroke,123543,125275,1732,135,0.357,-243,-1597
123678,123884,206,0,GE-Phrase,261,123162,126484,3322,206,1.0,516,-2600
123678,123884,206,0,GE-Phase,stroke,123543,125275,1732,206,1.0,135,-1391
123884,124760,876,0,GE-Phrase,261,123162,126484,3322,876,1.0,722,-1724
123884,124760,876,0,GE-Phase,stroke,123543,125275,1732,876,1.0,341,-515
124760,125900,1140,0,GE-Phrase,261,123162,126484,3322,1140,1.0,1598,-584
124760,125900,1140,0,GE-Phase,stroke,123543,125275,1732,515,0.452,1217,625
124760,125900,1140,0,GE-Phase,retraction,125275,126484,1209,625,0.548,-515,-584
125900,127426,1526,0,GE-Phrase,261,123162,126484,3322,584,0.383,2738,942
125900,127426,1526,0,GE-Phase,retraction,125275,126484,1209,584,0.383,625,942
131400,132715,1315,0,GE-Phrase,262,128821,132202,3381,802,0.61,2579,513
131400,132715,1315,0,GE-Phrase,263,132202,134077,1875,513,0.39,-802,-1362
131400,132715,1315,0,GE-Phase,stroke,131270,132202,932,802,0.61,130,513
131400,132715,1315,0,GE-Phase,preparation,132202,132712,510,510,0.388,-802,3
131400,132715,1315,0,GE-Phase,stroke,132712,133300,588,3,0.002,-1312,-585
132715,134762,2047,0,GE-Phrase,263,132202,134077,1875,1362,0.665,513,685
132715,134762,2047,0,GE-Phrase,264,134077,135782,1705,685,0.335,-1362,-1020
132715,134762,2047,0,GE-Phase,stroke,132712,133300,588,585,0.286,3,1462
132715,134762,2047,0,GE-Phase,retraction,133300,134077,777,777,0.38,-585,685
132715,134762,2047,0,GE-Phase,preparation,134077,134927,850,685,0.335,-1362,-165
136371,137155,784,0,GE-Phrase,265,135782,138288,2506,784,1.0,589,-1133
136371,137155,784,0,GE-Phase,preparation,135782,136557,775,186,0.237,589,598
136371,137155,784,0,GE-Phase,stroke,136557,137175,618,598,0.763,-186,-20
137155,137394,239,0,GE-Phrase,265,135782,138288,2506,239,1.0,1373,-894
137155,137394,239,0,GE-Phase,stroke,136557,137175,618,20,0.084,598,219
137155,137394,239,0,GE-Phase,retraction,137175,138288,1113,219,0.916,-20,-894
141050,143026,1976,0,GE-Phrase,266,138288,141167,2879,117,0.059,2762,1859
141050,143026,1976,0,GE-Phrase,267,141167,142467,1300,1300,0.658,-117,559
141050,143026,1976,0,GE-Phrase,268,142467,145380,2913,559,0.283,-1417,-2354
141050,143026,1976,0,GE-Phase,stroke,139895,141167,1272,117,0.059,1155,1859
141050,143026,1976,0,GE-Phase,stroke,141167,142045,878,878,0.444,-117,981
141050,143026,1976,0,GE-Phase,hold,142045,142467,422,422,0.214,-995,559
141050,143026,1976,0,GE-Phase,preparation,142467,143704,1237,559,0.283,-1417,-678
149300,150432,1132,0,GE-Phrase,270,147413,149490,2077,190,0.168,1887,942
149300,150432,1132,0,GE-Phrase,271,149490,151803,2313,942,0.832,-190,-1371
149300,150432,1132,0,GE-Phase,hold,148742,149490,748,190,0.168,558,942
149300,150432,1132,0,GE-Phase,preparation,149490,150125,635,635,0.561,-190,307
149300,150432,1132,0,GE-Phase,stroke,150125,151219,1094,307,0.271,-825,-787
9631,12030,2399,0,GE-Phrase,205,9104,11228,2124,1597,0.666,527,802
9631,12030,2399,0,GE-Phrase,206,11228,13092,1864,802,0.334,-1597,-1062
9631,12030,2399,0,GE-Phase,preparation,9104,10503,1399,872,0.363,527,1527
9631,12030,2399,0,GE-Phase,stroke,10503,10898,395,395,0.165,-872,1132
9631,12030,2399,0,GE-Phase,retraction,10898,11228,330,330,0.138,-1267,802
9631,12030,2399,0,GE-Phase,preparation,11228,11616,388,388,0.162,-1597,414
9631,12030,2399,0,GE-Phase,stroke,11616,12216,600,414,0.173,-1985,-186
12030,13506,1476,0,GE-Phrase,206,11228,13092,1864,1062,0.72,802,414
12030,13506,1476,0,GE-Phrase,207,13092,14908,1816,414,0.28,-1062,-1402
12030,13506,1476,0,GE-Phase,stroke,11616,12216,600,186,0.126,414,1290
12030,13506,1476,0,GE-Phase,retraction,12216,13092,876,876,0.593,-186,414
12030,13506,1476,0,GE-Phase,preparation,13092,13708,616,414,0.28,-1062,-202
25187,26370,1183,0,GE-Phrase,212,23414,26572,3158,1183,1.0,1773,-202
25187,26370,1183,0,GE-Phase,stroke,23890,25250,1360,63,0.053,1297,1120
25187,26370,1183,0,GE-Phase,retraction,25250,26572,1322,1120,0.947,-63,-202
26370,27200,830,0,GE-Phrase,212,23414,26572,3158,202,0.243,2956,628
26370,27200,830,0,GE-Phrase,213,26572,28865,2293,628,0.757,-202,-1665
26370,27200,830,0,GE-Phase,retraction,25250,26572,1322,202,0.243,1120,628
26370,27200,830,0,GE-Phase,preparation,26572,27305,733,628,0.757,-202,-105
27200,28048,848,0,GE-Phrase,213,26572,28865,2293,848,1.0,628,-817
27200,28048,848,0,GE-Phase,preparation,26572,27305,733,105,0.124,628,743
27200,28048,848,0,GE-Phase,stroke,27305,28425,1120,743,0.876,-105,-377
28048,29000,952,0,GE-Phrase,213,26572,28865,2293,817,0.858,1476,135
28048,29000,952,0,GE-Phrase,214,28865,30267,1402,135,0.142,-817,-1267
28048,29000,952,0,GE-Phase,stroke,27305,28425,1120,377,0.396,743,575
28048,29000,952,0,GE-Phase,retraction,28425,28865,440,440,0.462,-377,135
28048,29000,952,0,GE-Phase,preparation,28865,29147,282,135,0.142,-817,-147
69250,70269,1019,0,GE-Phrase,233,69124,70078,954,828,0.813,126,191
69250,70269,1019,0,GE-Phrase,234,70078,71694,1616,191,0.187,-828,-1425
69250,70269,1019,0,GE-Phase,preparation,69124,69404,280,154,0.151,126,865
69250,70269,1019,0,GE-Phase,stroke,69404,70078,674,674,0.661,-154,191
69250,70269,1019,0,GE-Phase,preparation,70078,70626,548,191,0.187,-828,-357
123300,123678,378,0,GE-Phrase,261,123162,126484,3322,378,1.0,138,-2806
123300,123678,378,0,GE-Phase,preparation,123162,123543,381,243,0.643,138,135
123300,123678,378,0,GE-Phase,stroke,123543,125275,1732,135,0.357,-243,-1597
123678,123884,206,0,GE-Phrase,261,123162,126484,3322,206,1.0,516,-2600
123678,123884,206,0,GE-Phase,stroke,123543,125275,1732,206,1.0,135,-1391
123884,124760,876,0,GE-Phrase,261,123162,126484,3322,876,1.0,722,-1724
123884,124760,876,0,GE-Phase,stroke,123543,125275,1732,876,1.0,341,-515
124760,125900,1140,0,GE-Phrase,261,123162,126484,3322,1140,1.0,1598,-584
124760,125900,1140,0,GE-Phase,stroke,123543,125275,1732,515,0.452,1217,625
124760,125900,1140,0,GE-Phase,retraction,125275,126484,1209,625,0.548,-515,-584
125900,127426,1526,0,GE-Phrase,261,123162,126484,3322,584,0.383,2738,942
125900,127426,1526,0,GE-Phase,retraction,125275,126484,1209,584,0.383,625,942
131400,132715,1315,0,GE-Phrase,262,128821,132202,3381,802,0.61,2579,513
131400,132715,1315,0,GE-Phrase,263,132202,134077,1875,513,0.39,-802,-1362
131400,132715,1315,0,GE-Phase,stroke,131270,132202,932,802,0.61,130,513
131400,132715,1315,0,GE-Phase,preparation,132202,132712,510,510,0.388,-802,3
131400,132715,1315,0,GE-Phase,stroke,132712,133300,588,3,0.002,-1312,-585
132715,134762,2047,0,GE-Phrase,263,132202,134077,1875,1362,0.665,513,685
132715,134762,2047,0,GE-Phrase,264,134077,135782,1705,685,0.335,-1362,-1020
132715,134762,2047,0,GE-Phase,stroke,132712,133300,588,585,0.286,3,1462
132715,134762,2047,0,GE-Phase,retraction,133300,134077,777,777,0.38,-585,685
132715,134762,2047,0,GE-Phase,preparation,134077,134927,850,685,0.335,-1362,-165
136371,137155,784,0,GE-Phrase,265,135782,138288,2506,784,1.0,589,-1133
136371,137155,784,0,GE-Phase,preparation,135782,136557,775,186,0.237,589,598
136371,137155,784,0,GE-Phase,stroke,136557,137175,618,598,0.763,-186,-20
137155,137394,239,0,GE-Phrase,265,135782,138288,2506,239,1.0,1373,-894
137155,137394,239,0,GE-Phase,stroke,136557,137175,618,20,0.084,598,219
137155,137394,239,0,GE-Phase,retraction,137175,138288,1113,219,0.916,-20,-894
141050,143026,1976,0,GE-Phrase,266,138288,141167,2879,117,0.059,2762,1859
141050,143026,1976,0,GE-Phrase,267,141167,142467,1300,1300,0.658,-117,559
141050,143026,1976,0,GE-Phrase,268,142467,145380,2913,559,0.283,-1417,-2354
141050,143026,1976,0,GE-Phase,stroke,139895,141167,1272,117,0.059,1155,1859
141050,143026,1976,0,GE-Phase,stroke,141167,142045,878,878,0.444,-117,981
141050,143026,1976,0,GE-Phase,hold,142045,142467,422,422,0.214,-995,559
141050,143026,1976,0,GE-Phase,preparation,142467,143704,1237,559,0.283,-1417,-678
149300,150432,1132,0,GE-Phrase,270,147413,149490,2077,190,0.168,1887,942
149300,150432,1132,0,GE-Phrase,271,149490,151803,2313,942,0.832,-190,-1371
149300,150432,1132,0,GE-Phase,hold,148742,149490,748,190,0.168,558,942
149300,150432,1132,0,GE-Phase,preparation,149490,150125,635,635,0.561,-190,307
149300,150432,1132,0,GE-Phase,stroke,150125,151219,1094,307,0.271,-825,-787
9631,12030,2399,0,GE-Phrase,205,9104,11228,2124,1597,0.666,527,802
9631,12030,2399,0,GE-Phrase,206,11228,13092,1864,802,0.334,-1597,-1062
9631,12030,2399,0,GE-Phase,preparation,9104,10503,1399,872,0.363,527,1527
9631,12030,2399,0,GE-Phase,stroke,10503,10898,395,395,0.165,-872,1132
9631,12030,2399,0,GE-Phase,retraction,10898,11228,330,330,0.138,-1267,802
9631,12030,2399,0,GE-Phase,preparation,11228,11616,388,388,0.162,-1597,414
9631,12030,2399,0,GE-Phase,stroke,11616,12216,600,414,0.173,-1985,-186
12030,13506,1476,0,GE-Phrase,206,11228,13092,1864,1062,0.72,802,414
12030,13506,1476,0,GE-Phrase,207,13092,14908,1816,414,0.28,-1062,-1402
12030,13506,1476,0,GE-Phase,stroke,11616,12216,600,186,0.126,414,1290
12030,13506,1476,0,GE-Phase,retraction,12216,13092,876,876,0.593,-186,414
12030,13506,1476,0,GE-Phase,preparation,13092,13708,616,414,0.28,-1062,-202
25187,26370,1183,0,GE-Phrase,212,23414,26572,3158,1183,1.0,1773,-202
25187,26370,1183,0,GE-Phase,stroke,23890,25250,1360,63,0.053,1297,1120
25187,26370,1183,0,GE-Phase,retraction,25250,26572,1322,1120,0.947,-63,-202
26370,27200,830,0,GE-Phrase,212,23414,26572,3158,202,0.243,2956,628
26370,27200,830,0,GE-Phrase,213,26572,28865,2293,628,0.757,-202,-1665
26370,27200,830,0,GE-Phase,retraction,25250,26572,1322,202,0.243,1120,628
26370,27200,830,0,GE-Phase,preparation,26572,27305,733,628,0.757,-202,-105
27200,28048,848,0,GE-Phrase,213,26572,28865,2293,848,1.0,628,-817
27200,28048,848,0,GE-Phase,preparation,26572,27305,733,105,0.124,628,743
27200,28048,848,0,GE-Phase,stroke,27305,28425,1120,743,0.876,-105,-377
28048,29000,952,0,GE-Phrase,213,26572,28865,2293,817,0.858,1476,135
28048,29000,952,0,GE-Phrase,214,28865,30267,1402,135,0.142,-817,-1267
28048,29000,952,0,GE-Phase,stroke,27305,28425,1120,377,0.396,743,575
28048,29000,952,0,GE-Phase,retraction,28425,28865,440,440,0.462,-377,135
28048,29000,952,0,GE-Phase,preparation,28865,29147,282,135,0.142,-817,-147
69250,70269,1019,0,GE-Phrase,233,69124,70078,954,828,0.813,126,191
69250,70269,1019,0,GE-Phrase,234,70078,71694,1616,191,0.187,-828,-1425
69250,70269,1019,0,GE-Phase,preparation,69124,69404,280,154,0.151,126,865
69250,70269,1019,0,GE-Phase,stroke,69404,70078,674,674,0.661,-154,191
69250,70269,1019,0,GE-Phase,preparation,70078,70626,548,191,0.187,-828,-357
123300,123678,378,0,GE-Phrase,261,123162,126484,3322,378,1.0,138,-2806
123300,123678,378,0,GE-Phase,preparation,123162,123543,381,243,0.643,138,135
123300,123678,378,0,GE-Phase,stroke,123543,125275,1732,135,0.357,-243,-1597
123678,123884,206,0,GE-Phrase,261,123162,126484,3322,206,1.0,516,-2600
123678,123884,206,0,GE-Phase,stroke,123543,125275,1732,206,1.0,135,-1391
123884,124760,876,0,GE-Phrase,261,123162,126484,3322,876,1.0,722,-1724
123884,124760,876,0,GE-Phase,stroke,123543,125275,1732,876,1.0,341,-515
124760,125900,1140,0,GE-Phrase,261,123162,126484,3322,1140,1.0,1598,-584
124760,125900,1140,0,GE-Phase,stroke,123543,125275,1732,515,0.452,1217,625
124760,125900,1140,0,GE-Phase,retraction,125275,126484,1209,625,0.548,-515,-584
125900,127426,1526,0,GE-Phrase,261,123162,126484,3322,584,0.383,2738,942
125900,127426,1526,0,GE-Phase,retraction,125275,126484,1209,584,0.383,625,942
131400,132715,1315,0,GE-Phrase,262,128821,132202,3381,802,0.61,2579,513
131400,132715,1315,0,GE-Phrase,263,132202,134077,1875,513,0.39,-802,-1362
131400,132715,1315,0,GE-Phase,stroke,131270,132202,932,802,0.61,130,513
131400,132715,1315,0,GE-Phase,preparation,132202,132712,510,510,0.388,-802,3
131400,132715,1315,0,GE-Phase,stroke,132712,133300,588,3,0.002,-1312,-585
132715,134762,2047,0,GE-Phrase,263,132202,134077,1875,1362,0.665,513,685
132715,134762,2047,0,GE-Phrase,264,134077,135782,1705,685,0.335,-1362,-1020
132715,134762,2047,0,GE-Phase,stroke,132712,133300,588,585,0.286,3,1462
132715,134762,2047,0,GE-Phase,retraction,133300,134077,777,777,0.38,-585,685
132715,134762,2047,0,GE-Phase,preparation,134077,134927,850,685,0.335,-1362,-165
136371,137155,784,0,GE-Phrase,265,135782,138288,2506,784,1.0,589,-1133
136371,137155,784,0,GE-Phase,preparation,135782,136557,775,186,0.237,589,598
136371,137155,784,0,GE-Phase,stroke,136557,137175,618,598,0.763,-186,-20
137155,137394,239,0,GE-Phrase,265,135782,138288,2506,239,1.0,1373,-894
137155,137394,239,0,GE-Phase,stroke,136557,137175,618,20,0.084,598,219
137155,137394,239,0,GE-Phase,retraction,137175,138288,1113,219,0.916,-20,-894
141050,143026,1976,0,GE-Phrase,266,138288,141167,2879,117,0.059,2762,1859
141050,143026,1976,0,GE-Phrase,267,141167,142467,1300,1300,0.658,-117,559
141050,143026,1976,0,GE-Phrase,268,142467,145380,2913,559,0.283,-1417,-2354
141050,143026,1976,0,GE-Phase,stroke,139895,141167,1272,117,0.059,1155,1859
141050,143026,1976,0,GE-Phase,stroke,141167,142045,878,878,0.444,-117,981
141050,143026,1976,0,GE-Phase,hold,142045,142467,422,422,0.214,-995,559
141050,143026,1976,0,GE-Phase,preparation,142467,143704,1237,559,0.283,-1417,-678
149300,150432,1132,0,GE-Phrase,270,147413,149490,2077,190,0.168,1887,942
149300,150432,1132,0,GE-Phrase,271,149490,151803,2313,942,0.832,-190,-1371
149300,150432,1132,0,GE-Phase,hold,148742,149490,748,190,0.168,558,942
149300,150432,1132,0,GE-Phase,preparation,149490,150125,635,635,0.561,-190,307
149300,150432,1132,0,GE-Phase,stroke,150125,151219,1094,307,0.271,-825,-787
9631,12030,2399,0,GE-Phrase,205,9104,11228,2124,1597,0.666,527,802
9631,12030,2399,0,GE-Phrase,206,11228,13092,1864,802,0.334,-1597,-1062
9631,12030,2399,0,GE-Phase,preparation,9104,10503,1399,872,0.363,527,1527
9631,12030,2399,0,GE-Phase,stroke,10503,10898,395,395,0.165,-872,1132
9631,12030,2399,0,GE-Phase,retraction,10898,11228,330,330,0.138,-1267,802
9631,12030,2399,0,GE-Phase,preparation,11228,11616,388,388,0.162,-1597,414
9631,12030,2399,0,GE-Phase,stroke,11616,12216,600,414,0.173,-1985,-186
12030,13506,1476,0,GE-Phrase,206,11228,13092,1864,1062,0.72,802,414
12030,13506,1476,0,GE-Phrase,207,13092,14908,1816,414,0.28,-1062,-1402
12030,13506,1476,0,GE-Phase,stroke,11616,12216,600,186,0.126,414,1290
12030,13506,1476,0,GE-Phase,retraction,12216,13092,876,876,0.593,-186,414
12030,13506,1476,0,GE-Phase,preparation,13092,13708,616,414,0.28,-1062,-202
25187,26370,1183,0,GE-Phrase,212,23414,26572,3158,1183,1.0,1773,-202
25187,26370,1183,0,GE-Phase,stroke,23890,25250,1360,63,0.053,1297,1120
25187,26370,1183,0,GE-Phase,retraction,25250,26572,1322,1120,0.947,-63,-202
26370,27200,830,0,GE-Phrase,212,23414,26572,3158,202,0.243,2956,628
26370,27200,830,0,GE-Phrase,213,26572,28865,2293,628,0.757,-202,-1665
26370,27200,830,0,GE-Phase,retraction,25250,26572,1322,202,0.243,1120,628
26370,27200,830,0,GE-Phase,preparation,26572,27305,733,628,0.757,-202,-105
27200,28048,848,0,GE-Phrase,213,26572,28865,2293,848,1.0,628,-817
27200,28048,848,0,GE-Phase,preparation,26572,27305,733,105,0.124,628,743
27200,28048,848,0,GE-Phase,stroke,27305,28425,1120,743,0.876,-105,-377
28048,29000,952,0,GE-Phrase,213,26572,28865,2293,817,0.858,1476,135
28048,29000,952,0,GE-Phrase,214,28865,30267,1402,135,0.142,-817,-1267
28048,29000,952,0,GE-Phase,stroke,27305,28425,1120,377,0.396,743,575
28048,29000,952,0,GE-Phase,retraction,28425,28865,440,440,0.462,-377,135
28048,29000,952,0,GE-Phase,preparation,28865,29147,282,135,0.142,-817,-147
69250,70269,1019,0,GE-Phrase,233,69124,70078,954,828,0.813,126,191
69250,70269,1019,0,GE-Phrase,234,70078,71694,1616,191,0.187,-828,-1425
69250,70269,1019,0,GE-Phase,preparation,69124,69404,280,154,0.151,126,865
69250,70269,1019,0,GE-Phase,stroke,69404,70078,674,674,0.661,-154,191
69250,70269,1019,0,GE-Phase,preparation,70078,70626,548,191,0.187,-828,-357
123300,123678,378,0,GE-Phrase,261,123162,126484,3322,378,1.0,138,-2806
123300,123678,378,0,GE-Phase,preparation,123162,123543,381,243,0.643,138,135
123300,123678,378,0,GE-Phase,stroke,123543,125275,1732,135,0.357,-243,-1597
123678,123884,206,0,GE-Phrase,261,123162,126484,3322,206,1.0,516,-2600
123678,123884,206,0,GE-Phase,stroke,123543,125275,1732,206,1.0,135,-1391
123884,124760,876,0,GE-Phrase,261,123162,126484,3322,876,1.0,722,-1724
123884,124760,876,0,GE-Phase,stroke,123543,125275,1732,876,1.0,341,-515
124760,125900,1140,0,GE-Phrase,261,123162,126484,3322,1140,1.0,1598,-584
124760,125900,1140,0,GE-Phase,stroke,123543,125275,1732,515,0.452,1217,625
124760,125900,1140,0,GE-Phase,retraction,125275,126484,1209,625,0.548,-515,-584
125900,127426,1526,0,GE-Phrase,261,123162,126484,3322,584,0.383,2738,942
125900,127426,1526,0,GE-Phase,retraction,125275,126484,1209,584,0.383,625,942
131400,132715,1315,0,GE-Phrase,262,128821,132202,3381,802,0.61,2579,513
131400,132715,1315,0,GE-Phrase,263,132202,134077,1875,513,0.39,-802,-1362
131400,132715,1315,0,GE-Phase,stroke,131270,132202,932,802,0.61,130,513
131400,132715,1315,0,GE-Phase,preparation,132202,132712,510,510,0.388,-802,3
131400,132715,1315,0,GE-Phase,stroke,132712,133300,588,3,0.002,-1312,-585
132715,134762,2047,0,GE-Phrase,263,132202,134077,1875,1362,0.665,513,685
132715,134762,2047,0,GE-Phrase,264,134077,135782,1705,685,0.335,-1362,-1020
132715,134762,2047,0,GE-Phase,stroke,132712,133300,588,585,0.286,3,1462
132715,134762,2047,0,GE-Phase,retraction,133300,134077,777,777,0.38,-585,685
132715,134762,2047,0,GE-Phase,preparation,134077,134927,850,685,0.335,-1362,-165
136371,137155,784,0,GE-Phrase,265,135782,138288,2506,784,1.0,589,-1133
136371,137155,784,0,GE-Phase,preparation,135782,136557,775,186,0.237,589,598
136371,137155,784,0,GE-Phase,stroke,136557,137175,618,598,0.763,-186,-20
137155,137394,239,0,GE-Phrase,265,135782,138288,2506,239,1.0,1373,-894
137155,137394,239,0,GE-Phase,stroke,136557,137175,618,20,0.084,598,219
137155,137394,239,0,GE-Phase,retraction,137175,138288,1113,219,0.916,-20,-894
141050,143026,1976,0,GE-Phrase,266,138288,141167,2879,117,0.059,2762,1859
141050,143026,1976,0,GE-Phrase,267,141167,142467,1300,1300,0.658,-117,559
141050,143026,1976,0,GE-Phrase,268,142467,145380,2913,559,0.283,-1417,-2354
141050,143026,1976,0,GE-Phase,stroke,139895,141167,1272,117,0.059,1155,1859
141050,143026,1976,0,GE-Phase,stroke,141167,142045,878,878,0.444,-117,981
141050,143026,1976,0,GE-Phase,hold,142045,142467,422,422,0.214,-995,559
141050,143026,1976,0,GE-Phase,preparation,142467,143704,1237,559,0.283,-1417,-678
149300,150432,1132,0,GE-Phrase,270,147413,149490,2077,190,0.168,1887,942
149300,150432,1132,0,GE-Phrase,271,149490,151803,2313,942,0.832,-190,-1371
149300,150432,1132,0,GE-Phase,hold,148742,149490,748,190,0.168,558,942
149300,150432,1132,0,GE-Phase,preparation,149490,150125,635,635,0.561,-190,307
149300,150432,1132,0,GE-Phase,stroke,150125,151219,1094,307,0.271,-825,-787
9631,12030,2399,0,GE-Phrase,205,9104,11228,2124,1597,0.666,527,802
9631,12030,2399,0,GE-Phrase,206,11228,13092,1864,802,0.334,-1597,-1062
9631,12030,2399,0,GE-Phase,preparation,9104,10503,1399,872,0.363,527,1527
9631,12030,2399,0,GE-Phase,stroke,10503,10898,395,395,0.165,-872,1132
9631,12030,2399,0,GE-Phase,retraction,10898,11228,330,330,0.138,-1267,802
9631,12030,2399,0,GE-Phase,preparation,11228,11616,388,388,0.162,-1597,414
9631,12030,2399,0,GE-Phase,stroke,11616,12216,600,414,0.173,-1985,-186
12030,13506,1476,0,GE-Phrase,206,11228,13092,1864,1062,0.72,802,414
12030,13506,1476,0,GE-Phrase,207,13092,14908,1816,414,0.28,-1062,-1402
12030,13506,1476,0,GE-Phase,stroke,11616,12216,600,186,0.126,414,1290
12030,13506,1476,0,GE-Phase,retraction,12216,13092,876,876,0.593,-186,414
12030,13506,1476,0,GE-Phase,preparation,13092,13708,616,414,0.28,-1062,-202
25187,26370,1183,0,GE-Phrase,212,23414,26572,3158,1183,1.0,1773,-202
25187,26370,1183,0,GE-Phase,stroke,23890,25250,1360,63,0.053,1297,1120
25187,26370,1183,0,GE-Phase,retraction,25250,26572,1322,1120,0.947,-63,-202
26370,27200,830,0,GE-Phrase,212,23414,26572,3158,202,0.243,2956,628
26370,27200,830,0,GE-Phrase,213,26572,28865,2293,628,0.757,-202,-1665
26370,27200,830,0,GE-Phase,retraction,25250,26572,1322,202,0.243,1120,628
26370,27200,830,0,GE-Phase,preparation,26572,27305,733,628,0.757,-202,-105
27200,28048,848,0,GE-Phrase,213,26572,28865,2293,848,1.0,628,-817
27200,28048,848,0,GE-Phase,preparation,26572,27305,733,105,0.124,628,743
27200,28048,848,0,GE-Phase,stroke,27305,28425,1120,743,0.876,-105,-377
28048,29000,952,0,GE-Phrase,213,26572,28865,2293,817,0.858,1476,135
28048,29000,952,0,GE-Phrase,214,28865,30267,1402,135,0.142,-817,-1267
28048,29000,952,0,GE-Phase,stroke,27305,28425,1120,377,0.396,743,575
28048,29000,952,0,GE-Phase,retraction,28425,28865,440,440,0.462,-377,135
28048,29000,952,0,GE-Phase,preparation,28865,29147,282,135,0.142,-817,-147
69250,70269,1019,0,GE-Phrase,233,69124,70078,954,828,0.813,126,191
69250,70269,1019,0,GE-Phrase,234,70078,71694,1616,191,0.187,-828,-1425
69250,70269,1019,0,GE-Phase,preparation,69124,69404,280,154,0.151,126,865
69250,70269,1019,0,GE-Phase,stroke,69404,70078,674,674,0.661,-154,191
69250,70269,1019,0,GE-Phase,preparation,70078,70626,548,191,0.187,-828,-357
123300,123678,378,0,GE-Phrase,261,123162,126484,3322,378,1.0,138,-2806
123300,123678,378,0,GE-Phase,preparation,123162,123543,381,243,0.643,138,135
123300,123678,378,0,GE-Phase,stroke,123543,125275,1732,135,0.357,-243,-1597
123678,123884,206,0,GE-Phrase,261,123162,126484,3322,206,1.0,516,-2600
123678,123884,206,0,GE-Phase,stroke,123543,125275,1732,206,1.0,135,-1391
123884,124760,876,0,GE-Phrase,261,123162,126484,3322,876,1.0,722,-1724
123884,124760,876,0,GE-Phase,stroke,123543,125275,1732,876,1.0,341,-515
124760,125900,1140,0,GE-Phrase,261,123162,126484,3322,1140,1.0,1598,-584
124760,125900,1140,0,GE-Phase,stroke,123543,125275,1732,515,0.452,1217,625
124760,125900,1140,0,GE-Phase,retraction,125275,126484,1209,625,0.548,-515,-584
125900,127426,1526,0,GE-Phrase,261,123162,126484,3322,584,0.383,2738,942
125900,127426,1526,0,GE-Phase,retraction,125275,126484,1209,584,0.383,625,942
131400,132715,1315,0,GE-Phrase,262,128821,132202,3381,802,0.61,2579,513
131400,132715,1315,0,GE-Phrase,263,132202,134077,1875,513,0.39,-802,-1362
131400,132715,1315,0,GE-Phase,stroke,131270,132202,932,802,0.61,130,513
131400,132715,1315,0,GE-Phase,preparation,132202,132712,510,510,0.388,-802,3
131400,132715,1315,0,GE-Phase,stroke,132712,133300,588,3,0.002,-1312,-585
132715,134762,2047,0,GE-Phrase,263,132202,134077,1875,1362,0.665,513,685
132715,134762,2047,0,GE-Phrase,264,134077,135782,1705,685,0.335,-1362,-1020
132715,134762,2047,0,GE-Phase,stroke,132712,133300,588,585,0.286,3,1462
132715,134762,2047,0,GE-Phase,retraction,133300,134077,777,777,0.38,-585,685
132715,134762,2047,0,GE-Phase,preparation,134077,134927,850,685,0.335,-1362,-165
136371,137155,784,0,GE-Phrase,265,135782,138288,2506,784,1.0,589,-1133
136371,137155,784,0,GE-Phase,preparation,135782,136557,775,186,0.237,589,598
136371,137155,784,0,GE-Phase,stroke,136557,137175,618,598,0.763,-186,-20
137155,137394,239,0,GE-Phrase,265,135782,138288,2506,239,1.0,1373,-894
137155,137394,239,0,GE-Phase,stroke,136557,137175,618,20,0.084,598,219
137155,137394,239,0,GE-Phase,retraction,137175,138288,1113,219,0.916,-20,-894
141050,143026,1976,0,GE-Phrase,266,138288,141167,2879,117,0.059,2762,1859
141050,143026,1976,0,GE-Phrase,267,141167,142467,1300,1300,0.658,-117,559
141050,143026,1976,0,GE-Phrase,268,142467,145380,2913,559,0.283,-1417,-2354
141050,143026,1976,0,GE-Phase,stroke,139895,141167,1272,117,0.059,1155,1859
141050,143026,1976,0,GE-Phase,stroke,141167,142045,878,878,0.444,-117,981
141050,143026,1976,0,GE-Phase,hold,142045,142467,422,422,0.214,-995,559
141050,143026,1976,0,GE-Phase,preparation,142467,143704,1237,559,0.283,-1417,-678
149300,150432,1132,0,GE-Phrase,270,147413,149490,2077,190,0.168,1887,942
149300,150432,1132,0,GE-Phrase,271,149490,151803,2313,942,0.832,-190,-1371
149300,150432,1132,0,GE-Phase,hold,148742,149490,748,190,0.168,558,942
149300,150432,1132,0,GE-Phase,preparation,149490,150125,635,635,0.561,-190,307
149300,150432,1132,0,GE-Phase,stroke,150125,151219,1094,307,0.271,-825,-787
9631,12030,2399,0,GE-Phrase,205,9104,11228,2124,1597,0.666,527,802
9631,12030,2399,0,GE-Phrase,206,11228,13092,1864,802,0.334,-1597,-1062
9631,12030,2399,0,GE-Phase,preparation,9104,10503,1399,872,0.363,527,1527
9631,12030,2399,0,GE-Phase,stroke,10503,10898,395,395,0.165,-872,1132
9631,12030,2399,0,GE-Phase,retraction,10898,11228,330,330,0.138,-1267,802
9631,12030,2399,0,GE-Phase,preparation,11228,11616,388,388,0.162,-1597,414
9631,12030,2399,0,GE-Phase,stroke,11616,12216,600,414,0.173,-1985,-186
12030,13506,1476,0,GE-Phrase,206,11228,13092,1864,1062,0.72,802,414
12030,13506,1476,0,GE-Phrase,207,13092,14908,1816,414,0.28,-1062,-1402
12030,13506,1476,0,GE-Phase,stroke,11616,12216,600,186,0.126,414,1290
12030,13506,1476,0,GE-Phase,retraction,12216,13092,876,876,0.593,-186,414
12030,13506,1476,0,GE-Phase,preparation,13092,13708,616,414,0.28,-1062,-202
25187,26370,1183,0,GE-Phrase,212,23414,26572,3158,1183,1.0,1773,-202
25187,26370,1183,0,GE-Phase,stroke,23890,25250,1360,63,0.053,1297,1120
25187,26370,1183,0,GE-Phase,retraction,25250,26572,1322,1120,0.947,-63,-202
26370,27200,830,0,GE-Phrase,212,23414,26572,3158,202,0.243,2956,628
26370,27200,830,0,GE-Phrase,213,26572,28865,2293,628,0.757,-202,-1665
26370,27200,830,0,GE-Phase,retraction,25250,26572,1322,202,0.243,1120,628
26370,27200,830,0,GE-Phase,preparation,26572,27305,733,628,0.757,-202,-105
27200,28048,848,0,GE-Phrase,213,26572,28865,2293,848,1.0,628,-817
27200,28048,848,0,GE-Phase,preparation,26572,27305,733,105,0.124,628,743
27200,28048,848,0,GE-Phase,stroke,27305,28425,1120,743,0.876,-105,-377
28048,29000,952,0,GE-Phrase,213,26572,28865,2293,817,0.858,1476,135
28048,29000,952,0,GE-Phrase,214,28865,30267,1402,135,0.142,-817,-1267
28048,29000,952,0,GE-Phase,stroke,27305,28425,1120,377,0.396,743,575
28048,29000,952,0,GE-Phase,retraction,28425,28865,440,440,0.462,-377,135
28048,29000,952,0,GE-Phase,preparation,28865,29147,282,135,0.142,-817,-147
69250,70269,1019,0,GE-Phrase,233,69124,70078,954,828,0.813,126,191
69250,70269,1019,0,GE-Phrase,234,70078,71694,1616,191,0.187,-828,-1425
69250,70269,1019,0,GE-Phase,preparation,69124,69404,280,154,0.151,126,865
69250,70269,1019,0,GE-Phase,stroke,69404,70078,674,674,0.661,-154,191
69250,70269,1019,0,GE-Phase,preparation,70078,70626,548,191,0.187,-828,-357
123300,123678,378,0,GE-Phrase,261,123162,126484,3322,378,1.0,138,-2806
123300,123678,378,0,GE-Phase,preparation,123162,123543,381,243,0.643,138,135
123300,123678,378,0,GE-Phase,stroke,123543,125275,1732,135,0.357,-243,-1597
123678,123884,206,0,GE-Phrase,261,123162,126484,3322,206,1.0,516,-2600
123678,123884,206,0,GE-Phase,stroke,123543,125275,1732,206,1.0,135,-1391
123884,124760,876,0,GE-Phrase,261,123162,126484,3322,876,1.0,722,-1724
123884,124760,876,0,GE-Phase,stroke,123543,125275,1732,876,1.0,341,-515
124760,125900,1140,0,GE-Phrase,261,123162,126484,3322,1140,1.0,1598,-584
124760,125900,1140,0,GE-Phase,stroke,123543,125275,1732,515,0.452,1217,625
124760,125900,1140,0,GE-Phase,retraction,125275,126484,1209,625,0.548,-515,-584
125900,127426,1526,0,GE-Phrase,261,123162,126484,3322,584,0.383,2738,942
125900,127426,1526,0,GE-Phase,retraction,125275,126484,1209,584,0.383,625,942
131400,132715,1315,0,GE-Phrase,262,128821,132202,3381,802,0.61,2579,513
131400,132715,1315,0,GE-Phrase,263,132202,134077,1875,513,0.39,-802,-1362
131400,132715,1315,0,GE-Phase,stroke,131270,132202,932,802,0.61,130,513
131400,132715,1315,0,GE-Phase,preparation,132202,132712,510,510,0.388,-802,3
131400,132715,1315,0,GE-Phase,stroke,132712,133300,588,3,0.002,-1312,-585
132715,134762,2047,0,GE-Phrase,263,132202,134077,1875,1362,0.665,513,685
132715,134762,2047,0,GE-Phrase,264,134077,135782,1705,685,0.335,-1362,-1020
132715,134762,2047,0,GE-Phase,stroke,132712,133300,588,585,0.286,3,1462
132715,134762,2047,0,GE-Phase,retraction,133300,134077,777,777,0.38,-585,685
132715,134762,2047,0,GE-Phase,preparation,134077,134927,850,685,0.335,-1362,-165
136371,137155,784,0,GE-Phrase,265,135782,138288,2506,784,1.0,589,-1133
136371,137155,784,0,GE-Phase,preparation,135782,136557,775,186,0.237,589,598
136371,137155,784,0,GE-Phase,stroke,136557,137175,618,598,0.763,-186,-20
137155,137394,239,0,GE-Phrase,265,135782,138288,2506,239,1.0,1373,-894
137155,137394,239,0,GE-Phase,stroke,136557,137175,618,20,0.084,598,219
137155,137394,239,0,GE-Phase,retraction,137175,138288,1113,219,0.916,-20,-894
141050,143026,1976,0,GE-Phrase,266,138288,141167,2879,117,0.059,2762,1859
141050,143026,1976,0,GE-Phrase,267,141167,142467,1300,1300,0.658,-117,559
141050,143026,1976,0,GE-Phrase,268,142467,145380,2913,559,0.283,-1417,-2354
141050,143026,1976,0,GE-Phase,stroke,139895,141167,1272,117,0.059,1155,1859
141050,143026,1976,0,GE-Phase,stroke,141167,142045,878,878,0.444,-117,981
141050,143026,1976,0,GE-Phase,hold,142045,142467,422,422,0.214,-995,559
141050,143026,1976,0,GE-Phase,preparation,142467,143704,1237,559,0.283,-1417,-678
149300,150432,1132,0,GE-Phrase,270,147413,149490,2077,190,0.168,1887,942
149300,150432,1132,0,GE-Phrase,271,149490,151803,2313,942,0.832,-190,-1371
149300,150432,1132,0,GE-Phase,hold,148742,149490,748,190,0.168,558,942
149300,150432,1132,0,GE-Phase,preparation,149490,150125,635,635,0.561,-190,307
149300,150432,1132,0,GE-Phase,stroke,150125,151219,1094,307,0.271,-825,-787
9631,12030,2399,0,GE-Phrase,205,9104,11228,2124,1597,0.666,527,802
9631,12030,2399,0,GE-Phrase,206,11228,13092,1864,802,0.334,-1597,-1062
9631,12030,2399,0,GE-Phase,preparation,9104,10503,1399,872,0.363,527,1527
9631,12030,2399,0,GE-Phase,stroke,10503,10898,395,395,0.165,-872,1132
9631,12030,2399,0,GE-Phase,retraction,10898,11228,330,330,0.138,-1267,802
9631,12030,2399,0,GE-Phase,preparation,11228,11616,388,388,0.162,-1597,414
9631,12030,2399,0,GE-Phase,stroke,11616,12216,600,414,0.173,-1985,-186
12030,13506,1476,0,GE-Phrase,206,11228,13092,1864,1062,0.72,802,414
12030,13506,1476,0,GE-Phrase,207,13092,14908,1816,414,0.28,-1062,-1402
12030,13506,1476,0,GE-Phase,stroke,11616,12216,600,186,0.126,414,1290
12030,13506,1476,0,GE-Phase,retraction,12216,13092,876,876,0.593,-186,414
12030,13506,1476,0,GE-Phase,preparation,13092,13708,616,414,0.28,-1062,-202
25187,26370,1183,0,GE-Phrase,212,23414,26572,3158,1183,1.0,1773,-202
25187,26370,1183,0,GE-Phase,stroke,23890,25250,1360,63,0.053,1297,1120
25187,26370,1183,0,GE-Phase,retraction,25250,26572,1322,1120,0.947,-63,-202
26370,27200,830,0,GE-Phrase,212,23414,26572,3158,202,0.243,2956,628
26370,27200,830,0,GE-Phrase,213,26572,28865,2293,628,0.757,-202,-1665
26370,27200,830,0,GE-Phase,retraction,25250,26572,1322,202,0.243,1120,628
26370,27200,830,0,GE-Phase,preparation,26572,27305,733,628,0.757,-202,-105
27200,28048,848,0,GE-Phrase,213,26572,28865,2293,848,1.0,628,-817
27200,28048,848,0,GE-Phase,preparation,26572,27305,733,105,0.124,628,743
27200,28048,848,0,GE-Phase,stroke,27305,28425,1120,743,0.876,-105,-377
28048,29000,952,0,GE-Phrase,213,26572,28865,2293,817,0.858,1476,135
28048,29000,952,0,GE-Phrase,214,28865,30267,1402,135,0.142,-817,-1267
28048,29000,952,0,GE-Phase,stroke,27305,28425,1120,377,0.396,743,575
28048,29000,952,0,GE-Phase,retraction,28425,28865,440,440,0.462,-377,135
28048,29000,952,0,GE-Phase,preparation,28865,29147,282,135,0.142,-817,-147
69250,70269,1019,0,GE-Phrase,233,69124,70078,954,828,0.813,126,191
69250,70269,1019,0,GE-Phrase,234,70078,71694,1616,191,0.187,-828,-1425
69250,70269,1019,0,GE-Phase,preparation,69124,69404,280,154,0.151,126,865
69250,70269,1019,0,GE-Phase,stroke,69404,70078,674,674,0.661,-154,191
69250,70269,1019,0,GE-Phase,preparation,70078,70626,548,191,0.187,-828,-357
123300,123678,378,0,GE-Phrase,261,123162,126484,3322,378,1.0,138,-2806
123300,123678,378,0,GE-Phase,preparation,123162,123543,381,243,0.643,138,135
123300,123678,378,0,GE-Phase,stroke,123543,125275,1732,135,0.357,-243,-1597
123678,123884,206,0,GE-Phrase,261,123162,126484,3322,206,1.0,516,-2600
123678,123884,206,0,GE-Phase,stroke,123543,125275,1732,206,1.0,135,-1391
123884,124760,876,0,GE-Phrase,261,123162,126484,3322,876,1.0,722,-1724
123884,124760,876,0,GE-Phase,stroke,123543,125275,1732,876,1.0,341,-515
124760,125900,1140,0,GE-Phrase,261,123162,126484,3322,1140,1.0,1598,-584
124760,125900,1140,0,GE-Phase,stroke,123543,125275,1732,515,0.452,1217,625
124760,125900,1140,0,GE-Phase,retraction,125275,126484,1209,625,0.548,-515,-584
125900,127426,1526,0,GE-Phrase,261,123162,126484,3322,584,0.383,2738,942
125900,127426,1526,0,GE-Phase,retraction,125275,126484,1209,584,0.383,625,942
131400,132715,1315,0,GE-Phrase,262,128821,132202,3381,802,0.61,2579,513
131400,132715,1315,0,GE-Phrase,263,132202,134077,1875,513,0.39,-802,-1362
131400,132715,1315,0,GE-Phase,stroke,131270,132202,932,802,0.61,130,513
131400,132715,1315,0,GE-Phase,preparation,132202,132712,510,510,0.388,-802,3
131400,132715,1315,0,GE-Phase,stroke,132712,133300,588,3,0.002,-1312,-585
132715,134762,2047,0,GE-Phrase,263,132202,134077,1875,1362,0.665,513,685
132715,134762,2047,0,GE-Phrase,264,134077,135782,1705,685,0.335,-1362,-1020
132715,134762,2047,0,GE-Phase,stroke,132712,133300,588,585,0.286,3,1462
132715,134762,2047,0,GE-Phase,retraction,133300,134077,777,777,0.38,-585,685
132715,134762,2047,0,GE-Phase,preparation,134077,134927,850,685,0.335,-1362,-165
136371,137155,784,0,GE-Phrase,265,135782,138288,2506,784,1.0,589,-1133
136371,137155,784,0,GE-Phase,preparation,135782,136557,775,186,0.237,589,598
136371,137155,784,0,GE-Phase,stroke,136557,137175,618,598,0.763,-186,-20
137155,137394,239,0,GE-Phrase,265,135782,138288,2506,239,1.0,1373,-894
137155,137394,239,0,GE-Phase,stroke,136557,137175,618,20,0.084,598,219
137155,137394,239,0,GE-Phase,retraction,137175,138288,1113,219,0.916,-20,-894
141050,143026,1976,0,GE-Phrase,266,138288,141167,2879,117,0.059,2762,1859
141050,143026,1976,0,GE-Phrase,267,141167,142467,1300,1300,0.658,-117,559
141050,143026,1976,0,GE-Phrase,268,142467,145380,2913,559,0.283,-1417,-2354
141050,143026,1976,0,GE-Phase,stroke,139895,141167,1272,117,0.059,1155,1859
141050,143026,1976,0,GE-Phase,stroke,141167,142045,878,878,0.444,-117,981
141050,143026,1976,0,GE-Phase,hold,142045,142467,422,422,0.214,-995,559
141050,143026,1976,0,GE-Phase,preparation,142467,143704,1237,559,0.283,-1417,-678
149300,150432,1132,0,GE-Phrase,270,147413,149490,2077,190,0.168,1887,942
149300,150432,1132,0,GE-Phrase,271,149490,151803,2313,942,0.832,-190,-1371
149300,150432,1132,0,GE-Phase,hold,148742,149490,748,190,0.168,558,942
149300,150432,1132,0,GE-Phase,preparation,149490,150125,635,635,0.561,-190,307
149300,150432,1132,0,GE-Phase,stroke,150125,151219,1094,307,0.271,-825,-787
9631,12030,2399,0,GE-Phrase,205,9104,11228,2124,1597,0.666,527,802
9631,12030,2399,0,GE-Phrase,206,11228,13092,1864,802,0.334,-1597,-1062
9631,12030,2399,0,GE-Phase,preparation,9104,10503,1399,872,0.363,527,1527
9631,12030,2399,0,GE-Phase,stroke,10503,10898,395,395,0.165,-872,1132
9631,12030,2399,0,GE-Phase,retraction,10898,11228,330,330,0.138,-1267,802
9631,12030,2399,0,GE-Phase,preparation,11228,11616,388,388,0.162,-1597,414
9631,12030,2399,0,GE-Phase,stroke,11616,12216,600,414,0.173,-1985,-186
12030,13506,1476,0,GE-Phrase,206,11228,13092,1864,1062,0.72,802,414
12030,13506,1476,0,GE-Phrase,207,13092,14908,1816,414,0.28,-1062,-1402
12030,13506,1476,0,GE-Phase,stroke,11616,12216,600,186,0.126,414,1290
12030,13506,1476,0,GE-Phase,retraction,12216,13092,876,876,0.593,-186,414
12030,13506,1476,0,GE-Phase,preparation,13092,13708,616,414,0.28,-1062,-202
25187,26370,1183,0,GE-Phrase,212,23414,26572,3158,1183,1.0,1773,-202
25187,26370,1183,0,GE-Phase,stroke,23890,25250,1360,63,0.053,1297,1120
25187,26370,1183,0,GE-Phase,retraction,25250,26572,1322,1120,0.947,-63,-202
26370,27200,830,0,GE-Phrase,212,23414,26572,3158,202,0.243,2956,628
26370,27200,830,0,GE-Phrase,213,26572,28865,2293,628,0.757,-202,-1665
26370,27200,830,0,GE-Phase,retraction,25250,26572,1322,202,0.243,1120,628
26370,27200,830,0,GE-Phase,preparation,26572,27305,733,628,0.757,-202,-105
27200,28048,848,0,GE-Phrase,213,26572,28865,2293,848,1.0,628,-817
27200,28048,848,0,GE-Phase,preparation,26572,27305,733,105,0.124,628,743
27200,28048,848,0,GE-Phase,stroke,27305,28425,1120,743,0.876,-105,-377
28048,29000,952,0,GE-Phrase,213,26572,28865,2293,817,0.858,1476,135
28048,29000,952,0,GE-Phrase,214,28865,30267,1402,135,0.142,-817,-1267
28048,29000,952,0,GE-Phase,stroke,27305,28425,1120,377,0.396,743,575
28048,29000,952,0,GE-Phase,retraction,28425,28865,440,440,0.462,-377,135
28048,29000,952,0,GE-Phase,preparation,28865,29147,282,135,0.142,-817,-147
69250,70269,1019,0,GE-Phrase,233,69124,70078,954,828,0.813,126,191
69250,70269,1019,0,GE-Phrase,234,70078,71694,1616,191,0.187,-828,-1425
69250,70269,1019,0,GE-Phase,preparation,69124,69404,280,154,0.151,126,865
69250,70269,1019,0,GE-Phase,stroke,69404,70078,674,674,0.661,-154,191
69250,70269,1019,0,GE-Phase,preparation,70078,70626,548,191,0.187,-828,-357
123300,123678,378,0,GE-Phrase,261,123162,126484,3322,378,1.0,138,-2806
123300,123678,378,0,GE-Phase,preparation,123162,123543,381,243,0.643,138,135
123300,123678,378,0,GE-Phase,stroke,123543,125275,1732,135,0.357,-243,-1597
123678,123884,206,0,GE-Phrase,261,123162,126484,3322,206,1.0,516,-2600
123678,123884,206,0,GE-Phase,stroke,123543,125275,1732,206,1.0,135,-1391
123884,124760,876,0,GE-Phrase,261,123162,126484,3322,876,1.0,722,-1724
123884,124760,876,0,GE-Phase,stroke,123543,125275,1732,876,1.0,341,-515
124760,125900,1140,0,GE-Phrase,261,123162,126484,3322,1140,1.0,1598,-584
124760,125900,1140,0,GE-Phase,stroke,123543,125275,1732,515,0.452,1217,625
124760,125900,1140,0,GE-Phase,retraction,125275,126484,1209,625,0.548,-515,-584
125900,127426,1526,0,GE-Phrase,261,123162,126484,3322,584,0.383,2738,942
125900,127426,1526,0,GE-Phase,retraction,125275,126484,1209,584,0.383,625,942
131400,132715,1315,0,GE-Phrase,262,128821,132202,3381,802,0.61,2579,513
131400,132715,1315,0,GE-Phrase,263,132202,134077,1875,513,0.39,-802,-1362
131400,132715,1315,0,GE-Phase,stroke,131270,132202,932,802,0.61,130,513
131400,132715,1315,0,GE-Phase,preparation,132202,132712,510,510,0.388,-802,3
131400,132715,1315,0,GE-Phase,stroke,132712,133300,588,3,0.002,-1312,-585
132715,134762,2047,0,GE-Phrase,263,132202,134077,1875,1362,0.665,513,685
132715,134762,2047,0,GE-Phrase,264,134077,135782,1705,685,0.335,-1362,-1020
132715,134762,2047,0,GE-Phase,stroke,132712,133300,588,585,0.286,3,1462
132715,134762,2047,0,GE-Phase,retraction,133300,134077,777,777,0.38,-585,685
132715,134762,2047,0,GE-Phase,preparation,134077,134927,850,685,0.335,-1362,-165
136371,137155,784,0,GE-Phrase,265,135782,138288,2506,784,1.0,589,-1133
136371,137155,784,0,GE-Phase,preparation,135782,136557,775,186,0.237,589,598
136371,137155,784,0,GE-Phase,stroke,136557,137175,618,598,0.763,-186,-20
137155,137394,239,0,GE-Phrase,265,135782,138288,2506,239,1.0,1373,-894
137155,137394,239,0,GE-Phase,stroke,136557,137175,618,20,0.084,598,219
137155,137394,239,0,GE-Phase,retraction,137175,138288,1113,219,0.916,-20,-894
141050,143026,1976,0,GE-Phrase,266,138288,141167,2879,117,0.059,2762,1859
141050,143026,1976,0,GE-Phrase,267,141167,142467,1300,1300,0.658,-117,559
141050,143026,1976,0,GE-Phrase,268,142467,145380,2913,559,0.283,-1417,-2354
141050,143026,1976,0,GE-Phase,stroke,139895,141167,1272,117,0.059,1155,1859
141050,143026,1976,0,GE-Phase,stroke,141167,142045,878,878,0.444,-117,981
141050,143026,1976,0,GE-Phase,hold,142045,142467,422,422,0.214,-995,559
141050,143026,1976,0,GE-Phase,preparation,142467,143704,1237,559,0.283,-1417,-678
149300,150432,1132,0,GE-Phrase,270,147413,149490,2077,190,0.168,1887,942
149300,150432,1132,0,GE-Phrase,271,149490,151803,2313,942,0.832,-190,-1371
149300,150432,1132,0,GE-Phase,hold,148742,149490,748,190,0.168,558,942
149300,150432,1132,0,GE-Phase,preparation,149490,150125,635,635,0.561,-190,307
149300,150432,1132,0,GE-Phase,stroke,150125,151219,1094,307,0.271,-825,-787
9631,12030,2399,0,GE-Phrase,205,9104,11228,2124,1597,0.666,527,802
9631,12030,2399,0,GE-Phrase,206,11228,13092,1864,802,0.334,-1597,-1062
9631,12030,2399,0,GE-Phase,preparation,9104,10503,1399,872,0.363,527,1527
9631,12030,2399,0,GE-Phase,stroke,10503,10898,395,395,0.165,-872,1132
9631,12030,2399,0,GE-Phase,retraction,10898,11228,330,330,0.138,-1267,802
9631,12030,2399,0,GE-Phase,preparation,11228,11616,388,388,0.162,-1597,414
9631,12030,2399,0,GE-Phase,stroke,11616,12216,600,414,0.173,-1985,-186
12030,13506,1476,0,GE-Phrase,206,11228,13092,1864,1062,0.72,802,414
12030,13506,1476,0,GE-Phrase,207,13092,14908,1816,414,0.28,-1062,-1402
12030,13506,1476,0,GE-Phase,stroke,11616,12216,600,186,0.126,414,1290
12030,13506,1476,0,GE-Phase,retraction,12216,13092,876,876,0.593,-186,414
12030,13506,1476,0,GE-Phase,preparation,13092,13708,616,414,0.28,-1062,-202
25187,26370,1183,0,GE-Phrase,212,23414,26572,3158,1183,1.0,1773,-202
25187,26370,1183,0,GE-Phase,stroke,23890,25250,1360,63,0.053,1297,1120
25187,26370,1183,0,GE-Phase,retraction,25250,26572,1322,1120,0.947,-63,-202
26370,27200,830,0,GE-Phrase,212,23414,26572,3158,202,0.243,2956,628
26370,27200,830,0,GE-Phrase,213,26572,28865,2293,628,0.757,-202,-1665
26370,27200,830,0,GE-Phase,retraction,25250,26572,1322,202,0.243,1120,628
26370,27200,830,0,GE-Phase,preparation,26572,27305,733,628,0.757,-202,-105
27200,28048,848,0,GE-Phrase,213,26572,28865,2293,848,1.0,628,-817
27200,28048,848,0,GE-Phase,preparation,26572,27305,733,105,0.124,628,743
27200,28048,848,0,GE-Phase,stroke,27305,28425,1120,743,0.876,-105,-377
28048,29000,952,0,GE-Phrase,213,26572,28865,2293,817,0.858,1476,135
28048,29000,952,0,GE-Phrase,214,28865,30267,1402,135,0.142,-817,-1267
28048,29000,952,0,GE-Phase,stroke,27305,28425,1120,377,0.396,743,575
28048,29000,952,0,GE-Phase,retraction,28425,28865,440,440,0.462,-377,135
28048,29000,952,0,GE-Phase,preparation,28865,29147,282,135,0.142,-817,-147
69250,70269,1019,0,GE-Phrase,233,69124,70078,954,828,0.813,126,191
69250,70269,1019,0,GE-Phrase,234,70078,71694,1616,191,0.187,-828,-1425
69250,70269,1019,0,GE-Phase,preparation,69124,69404,280,154,0.151,126,865
69250,70269,1019,0,GE-Phase,stroke,69404,70078,674,674,0.661,-154,191
69250,70269,1019,0,GE-Phase,preparation,70078,70626,548,191,0.187,-828,-357
123300,123678,378,0,GE-Phrase,261,123162,126484,3322,378,1.0,138,-2806
123300,123678,378,0,GE-Phase,preparation,123162,123543,381,243,0.643,138,135
123300,123678,378,0,GE-Phase,stroke,123543,125275,1732,135,0.357,-243,-1597
123678,123884,206,0,GE-Phrase,261,123162,126484,3322,206,1.0,516,-2600
123678,123884,206,0,GE-Phase,stroke,123543,125275,1732,206,1.0,135,-1391
123884,124760,876,0,GE-Phrase,261,123162,126484,3322,876,1.0,722,-1724
123884,124760,876,0,GE-Phase,stroke,123543,125275,1732,876,1.0,341,-515
124760,125900,1140,0,GE-Phrase,261,123162,126484,3322,1140,1.0,1598,-584
124760,125900,1140,0,GE-Phase,stroke,123543,125275,1732,515,0.452,1217,625
124760,125900,1140,0,GE-Phase,retraction,125275,126484,1209,625,0.548,-515,-584
125900,127426,1526,0,GE-Phrase,261,123162,126484,3322,584,0.383,2738,942
125900,127426,1526,0,GE-Phase,retraction,125275,126484,1209,584,0.383,625,942
131400,132715,1315,0,GE-Phrase,262,128821,132202,3381,802,0.61,2579,513
131400,132715,1315,0,GE-Phrase,263,132202,134077,1875,513,0.39,-802,-1362
131400,132715,1315,0,GE-Phase,stroke,131270,132202,932,802,0.61,130,513
131400,132715,1315,0,GE-Phase,preparation,132202,132712,510,510,0.388,-802,3
131400,132715,1315,0,GE-Phase,stroke,132712,133300,588,3,0.002,-1312,-585
132715,134762,2047,0,GE-Phrase,263,132202,134077,1875,1362,0.665,513,685
132715,134762,2047,0,GE-Phrase,264,134077,135782,1705,685,0.335,-1362,-1020
132715,134762,2047,0,GE-Phase,stroke,132712,133300,588,585,0.286,3,1462
132715,134762,2047,0,GE-Phase,retraction,133300,134077,777,777,0.38,-585,685
132715,134762,2047,0,GE-Phase,preparation,134077,134927,850,685,0.335,-1362,-165
136371,137155,784,0,GE-Phrase,265,135782,138288,2506,784,1.0,589,-1133
136371,137155,784,0,GE-Phase,preparation,135782,136557,775,186,0.237,589,598
136371,137155,784,0,GE-Phase,stroke,136557,137175,618,598,0.763,-186,-20
137155,137394,239,0,GE-Phrase,265,135782,138288,2506,239,1.0,1373,-894
137155,137394,239,0,GE-Phase,stroke,136557,137175,618,20,0.084,598,219
137155,137394,239,0,GE-Phase,retraction,137175,138288,1113,219,0.916,-20,-894
141050,143026,1976,0,GE-Phrase,266,138288,141167,2879,117,0.059,2762,1859
141050,143026,1976,0,GE-Phrase,267,141167,142467,1300,1300,0.658,-117,559
141050,143026,1976,0,GE-Phrase,268,142467,145380,2913,559,0.283,-1417,-2354
141050,143026,1976,0,GE-Phase,stroke,139895,141167,1272,117,0.059,1155,1859
141050,143026,1976,0,GE-Phase,stroke,141167,142045,878,878,0.444,-117,981
141050,143026,1976,0,GE-Phase,hold,142045,142467,422,422,0.214,-995,559
141050,143026,1976,0,GE-Phase,preparation,142467,143704,1237,559,0.283,-1417,-678
149300,150432,1132,0,GE-Phrase,270,147413,149490,2077,190,0.168,1887,942
149300,150432,1132,0,GE-Phrase,271,149490,151803,2313,942,0.832,-190,-1371
149300,150432,1132,0,GE-Phase,hold,148742,149490,748,190,0.168,558,942
149300,150432,1132,0,GE-Phase,preparation,149490,150125,635,635,0.561,-190,307
149300,150432,1132,0,GE-Phase,stroke,150125,151219,1094,307,0.271,-825,-787
9631,12030,2399,0,GE-Phrase,205,9104,11228,2124,1597,0.666,527,802
9631,12030,2399,0,GE-Phrase,206,11228,13092,1864,802,0.334,-1597,-1062
9631,12030,2399,0,GE-Phase,preparation,9104,10503,1399,872,0.363,527,1527
9631,12030,2399,0,GE-Phase,stroke,10503,10898,395,395,0.165,-872,1132
9631,12030,2399,0,GE-Phase,retraction,10898,11228,330,330,0.138,-1267,802
9631,12030,2399,0,GE-Phase,preparation,11228,11616,388,388,0.162,-1597,414
9631,12030,2399,0,GE-Phase,stroke,11616,12216,600,414,0.173,-1985,-186
12030,13506,1476,0,GE-Phrase,206,11228,13092,1864,1062,0.72,802,414
12030,13506,1476,0,GE-Phrase,207,13092,14908,1816,414,0.28,-1062,-1402
12030,13506,1476,0,GE-Phase,stroke,11616,12216,600,186,0.126,414,1290
12030,13506,1476,0,GE-Phase,retraction,12216,13092,876,876,0.593,-186,414
12030,13506,1476,0,GE-Phase,preparation,13092,13708,616,414,0.28,-1062,-202
25187,26370,1183,0,GE-Phrase,212,23414,26572,3158,1183,1.0,1773,-202
25187,26370,1183,0,GE-Phase,stroke,23890,25250,1360,63,0.053,1297,1120
25187,26370,1183,0,GE-Phase,retraction,25250,26572,1322,1120,0.947,-63,-202
26370,27200,830,0,GE-Phrase,212,23414,26572,3158,202,0.243,2956,628
26370,27200,830,0,GE-Phrase,213,26572,28865,2293,628,0.757,-202,-1665
26370,27200,830,0,GE-Phase,retraction,25250,26572,1322,202,0.243,1120,628
26370,27200,830,0,GE-Phase,preparation,26572,27305,733,628,0.757,-202,-105
27200,28048,848,0,GE-Phrase,213,26572,28865,2293,848,1.0,628,-817
27200,28048,848,0,GE-Phase,preparation,26572,27305,733,105,0.124,628,743
27200,28048,848,0,GE-Phase,stroke,27305,28425,1120,743,0.876,-105,-377
28048,29000,952,0,GE-Phrase,213,26572,28865,2293,817,0.858,1476,135
28048,29000,952,0,GE-Phrase,214,28865,30267,1402,135,0.142,-817,-1267
28048,29000,952,0,GE-Phase,stroke,27305,28425,1120,377,0.396,743,575
28048,29000,952,0,GE-Phase,retraction,28425,28865,440,440,0.462,-377,135
28048,29000,952,0,GE-Phase,preparation,28865,29147,282,135,0.142,-817,-147
69250,70269,1019,0,GE-Phrase,233,69124,70078,954,828,0.813,126,191
69250,70269,1019,0,GE-Phrase,234,70078,71694,1616,191,0.187,-828,-1425
69250,70269,1019,0,GE-Phase,preparation,69124,69404,280,154,0.151,126,865
69250,70269,1019,0,GE-Phase,stroke,69404,70078,674,674,0.661,-154,191
69250,70269,1019,0,GE-Phase,preparation,70078,70626,548,191,0.187,-828,-357
123300,123678,378,0,GE-Phrase,261,123162,126484,3322,378,1.0,138,-2806
123300,123678,378,0,GE-Phase,preparation,123162,123543,381,243,0.643,138,135
123300,123678,378,0,GE-Phase,stroke,123543,125275,1732,135,0.357,-243,-1597
123678,123884,206,0,GE-Phrase,261,123162,126484,3322,206,1.0,516,-2600
123678,123884,206,0,GE-Phase,stroke,123543,125275,1732,206,1.0,135,-1391
123884,124760,876,0,GE-Phrase,261,123162,126484,3322,876,1.0,722,-1724
123884,124760,876,0,GE-Phase,stroke,123543,125275,1732,876,1.0,341,-515
124760,125900,1140,0,GE-Phrase,261,123162,126484,3322,1140,1.0,1598,-584
124760,125900,1140,0,GE-Phase,stroke,123543,125275,1732,515,0.452,1217,625
124760,125900,1140,0,GE-Phase,retraction,125275,126484,1209,625,0.548,-515,-584
125900,127426,1526,0,GE-Phrase,261,123162,126484,3322,584,0.383,2738,942
125900,127426,1526,0,GE-Phase,retraction,125275,126484,1209,584,0.383,625,942
131400,132715,1315,0,GE-Phrase,262,128821,132202,3381,802,0.61,2579,513
131400,132715,1315,0,GE-Phrase,263,132202,134077,1875,513,0.39,-802,-1362
131400,132715,1315,0,GE-Phase,stroke,131270,132202,932,802,0.61,130,513
131400,132715,1315,0,GE-Phase,preparation,132202,132712,510,510,0.388,-802,3
131400,132715,1315,0,GE-Phase,stroke,132712,133300,588,3,0.002,-1312,-585
132715,134762,2047,0,GE-Phrase,263,132202,134077,1875,1362,0.665,513,685
132715,134762,2047,0,GE-Phrase,264,134077,135782,1705,685,0.335,-1362,-1020
132715,134762,2047,0,GE-Phase,stroke,132712,133300,588,585,0.286,3,1462
132715,134762,2047,0,GE-Phase,retraction,133300,134077,777,777,0.38,-585,685
132715,134762,2047,0,GE-Phase,preparation,134077,134927,850,685,0.335,-1362,-165
136371,137155,784,0,GE-Phrase,265,135782,138288,2506,784,1.0,589,-1133
136371,137155,784,0,GE-Phase,preparation,135782,136557,775,186,0.237,589,598
136371,137155,784,0,GE-Phase,stroke,136557,137175,618,598,0.763,-186,-20
137155,137394,239,0,GE-Phrase,265,135782,138288,2506,239,1.0,1373,-894
137155,137394,239,0,GE-Phase,stroke,136557,137175,618,20,0.084,598,219
137155,137394,239,0,GE-Phase,retraction,137175,138288,1113,219,0.916,-20,-894
141050,143026,1976,0,GE-Phrase,266,138288,141167,2879,117,0.059,2762,1859
141050,143026,1976,0,GE-Phrase,267,141167,142467,1300,1300,0.658,-117,559
141050,143026,1976,0,GE-Phrase,268,142467,145380,2913,559,0.283,-1417,-2354
141050,143026,1976,0,GE-Phase,stroke,139895,141167,1272,117,0.059,1155,1859
141050,143026,1976,0,GE-Phase,stroke,141167,142045,878,878,0.444,-117,981
141050,143026,1976,0,GE-Phase,hold,142045,142467,422,422,0.214,-995,559
141050,143026,1976,0,GE-Phase,preparation,142467,143704,1237,559,0.283,-1417,-678
149300,150432,1132,0,GE-Phrase,270,147413,149490,2077,190,0.168,1887,942
149300,150432,1132,0,GE-Phrase,271,149490,151803,2313,942,0.832,-190,-1371
149300,150432,1132,0,GE-Phase,hold,148742,149490,748,190,0.168,558,942
149300,150432,1132,0,GE-Phase,preparation,149490,150125,635,635,0.561,-190,307
149300,150432,1132,0,GE-Phase,stroke,150125,151219,1094,307,0.271,-825,-787
9631,12030,2399,0,GE-Phrase,205,9104,11228,2124,1597,0.666,527,802
9631,12030,2399,0,GE-Phrase,206,11228,13092,1864,802,0.334,-1597,-1062
9631,12030,2399,0,GE-Phase,preparation,9104,10503,1399,872,0.363,527,1527
9631,12030,2399,0,GE-Phase,stroke,10503,10898,395,395,0.165,-872,1132
9631,12030,2399,0,GE-Phase,retraction,10898,11228,330,330,0.138,-1267,802
9631,12030,2399,0,GE-Phase,preparation,11228,11616,388,388,0.162,-1597,414
9631,12030,2399,0,GE-Phase,stroke,11616,12216,600,414,0.173,-1985,-186
12030,13506,1476,0,GE-Phrase,206,11228,13092,1864,1062,0.72,802,414
12030,13506,1476,0,GE-Phrase,207,13092,14908,1816,414,0.28,-1062,-1402
12030,13506,1476,0,GE-Phase,stroke,11616,12216,600,186,0.126,414,1290
12030,13506,1476,0,GE-Phase,retraction,12216,13092,876,876,0.593,-186,414
12030,13506,1476,0,GE-Phase,preparation,13092,13708,616,414,0.28,-1062,-202
25187,26370,1183,0,GE-Phrase,212,23414,26572,3158,1183,1.0,1773,-202
25187,26370,1183,0,GE-Phase,stroke,23890,25250,1360,63,0.053,1297,1120
25187,26370,1183,0,GE-Phase,retraction,25250,26572,1322,1120,0.947,-63,-202
26370,27200,830,0,GE-Phrase,212,23414,26572,3158,202,0.243,2956,628
26370,27200,830,0,GE-Phrase,213,26572,28865,2293,628,0.757,-202,-1665
26370,27200,830,0,GE-Phase,retraction,25250,26572,1322,202,0.243,1120,628
26370,27200,830,0,GE-Phase,preparation,26572,27305,733,628,0.757,-202,-105
27200,28048,848,0,GE-Phrase,213,26572,28865,2293,848,1.0,628,-817
27200,28048,848,0,GE-Phase,preparation,26572,27305,733,105,0.124,628,743
27200,28048,848,0,GE-Phase,stroke,27305,28425,1120,743,0.876,-105,-377
28048,29000,952,0,GE-Phrase,213,26572,28865,2293,817,0.858,1476,135
28048,29000,952,0,GE-Phrase,214,28865,30267,1402,135,0.142,-817,-1267
28048,29000,952,0,GE-Phase,stroke,27305,28425,1120,377,0.396,743,575
28048,29000,952,0,GE-Phase,retraction,28425,28865,440,440,0.462,-377,135
28048,29000,952,0,GE-Phase,preparation,28865,29147,282,135,0.142,-817,-147
69250,70269,1019,0,GE-Phrase,233,69124,70078,954,828,0.813,126,191
69250,70269,1019,0,GE-Phrase,234,70078,71694,1616,191,0.187,-828,-1425
69250,70269,1019,0,GE-Phase,preparation,69124,69404,280,154,0.151,126,865
69250,70269,1019,0,GE-Phase,stroke,69404,70078,674,674,0.661,-154,191
69250,70269,1019,0,GE-Phase,preparation,70078,70626,548,191,0.187,-828,-357
123300,123678,378,0,GE-Phrase,261,123162,126484,3322,378,1.0,138,-2806
123300,123678,378,0,GE-Phase,preparation,123162,123543,381,243,0.643,138,135
123300,123678,378,0,GE-Phase,stroke,123543,125275,1732,135,0.357,-243,-1597
123678,123884,206,0,GE-Phrase,261,123162,126484,3322,206,1.0,516,-2600
123678,123884,206,0,GE-Phase,stroke,123543,125275,1732,206,1.0,135,-1391
123884,124760,876,0,GE-Phrase,261,123162,126484,3322,876,1.0,722,-1724
123884,124760,876,0,GE-Phase,stroke,123543,125275,1732,876,1.0,341,-515
124760,125900,1140,0,GE-Phrase,261,123162,126484,3322,1140,1.0,1598,-584
124760,125900,1140,0,GE-Phase,stroke,123543,125275,1732,515,0.452,1217,625
124760,125900,1140,0,GE-Phase,retraction,125275,126484,1209,625,0.548,-515,-584
125900,127426,1526,0,GE-Phrase,261,123162,126484,3322,584,0.383,2738,942
125900,127426,1526,0,GE-Phase,retraction,125275,126484,1209,584,0.383,625,942
131400,132715,1315,0,GE-Phrase,262,128821,132202,3381,802,0.61,2579,513
131400,132715,1315,0,GE-Phrase,263,132202,134077,1875,513,0.39,-802,-1362
131400,132715,1315,0,GE-Phase,stroke,131270,132202,932,802,0.61,130,513
131400,132715,1315,0,GE-Phase,preparation,132202,132712,510,510,0.388,-802,3
131400,132715,1315,0,GE-Phase,stroke,132712,133300,588,3,0.002,-1312,-585
132715,134762,2047,0,GE-Phrase,263,132202,134077,1875,1362,0.665,513,685
132715,134762,2047,0,GE-Phrase,264,134077,135782,1705,685,0.335,-1362,-1020
132715,134762,2047,0,GE-Phase,stroke,132712,133300,588,585,0.286,3,1462
132715,134762,2047,0,GE-Phase,retraction,133300,134077,777,777,0.38,-585,685
132715,134762,2047,0,GE-Phase,preparation,134077,134927,850,685,0.335,-1362,-165
136371,137155,784,0,GE-Phrase,265,135782,138288,2506,784,1.0,589,-1133
136371,137155,784,0,GE-Phase,preparation,135782,136557,775,186,0.237,589,598
136371,137155,784,0,GE-Phase,stroke,136557,137175,618,598,0.763,-186,-20
137155,137394,239,0,GE-Phrase,265,135782,138288,2506,239,1.0,1373,-894
137155,137394,239,0,GE-Phase,stroke,136557,137175,618,20,0.084,598,219
137155,137394,239,0,GE-Phase,retraction,137175,138288,1113,219,0.916,-20,-894
141050,143026,1976,0,GE-Phrase,266,138288,141167,2879,117,0.059,2762,1859
141050,143026,1976,0,GE-Phrase,267,141167,142467,1300,1300,0.658,-117,559
141050,143026,1976,0,GE-Phrase,268,142467,145380,2913,559,0.283,-1417,-2354
141050,143026,1976,0,GE-Phase,stroke,139895,141167,1272,117,0.059,1155,1859
141050,143026,1976,0,GE-Phase,stroke,141167,142045,878,878,0.444,-117,981
141050,143026,1976,0,GE-Phase,hold,142045,142467,422,422,0.214,-995,559
141050,143026,1976,0,GE-Phase,preparation,142467,143704,1237,559,0.283,-1417,-678
149300,150432,1132,0,GE-Phrase,270,147413,149490,2077,190,0.168,1887,942
149300,150432,1132,0,GE-Phrase,271,149490,151803,2313,942,0.832,-190,-1371
149300,150432,1132,0,GE-Phase,hold,148742,149490,748,190,0.168,558,942
149300,150432,1132,0,GE-Phase,preparation,149490,150125,635,635,0.561,-190,307
149300,150432,1132,0,GE-Phase,stroke,150125,151219,1094,307,0.271,-825,-787
9631,12030,2399,0,GE-Phrase,205,9104,11228,2124,1597,0.666,527,802
9631,12030,2399,0,GE-Phrase,206,11228,13092,1864,802,0.334,-1597,-1062
9631,12030,2399,0,GE-Phase,preparation,9104,10503,1399,872,0.363,527,1527
9631,12030,2399,0,GE-Phase,stroke,10503,10898,395,395,0.165,-872,1132
9631,12030,2399,0,GE-Phase,retraction,10898,11228,330,330,0.138,-1267,802
9631,12030,2399,0,GE-Phase,preparation,11228,11616,388,388,0.162,-1597,414
9631,12030,2399,0,GE-Phase,stroke,11616,12216,600,414,0.173,-1985,-186
12030,13506,1476,0,GE-Phrase,206,11228,13092,1864,1062,0.72,802,414
12030,13506,1476,0,GE-Phrase,207,13092,14908,1816,414,0.28,-1062,-1402
12030,13506,1476,0,GE-Phase,stroke,11616,12216,600,186,0.126,414,1290
12030,13506,1476,0,GE-Phase,retraction,12216,13092,876,876,0.593,-186,414
12030,13506,1476,0,GE-Phase,preparation,13092,13708,616,414,0.28,-1062,-202
25187,26370,1183,0,GE-Phrase,212,23414,26572,3158,1183,1.0,1773,-202
25187,26370,1183,0,GE-Phase,stroke,23890,25250,1360,63,0.053,1297,1120
25187,26370,1183,0,GE-Phase,retraction,25250,26572,1322,1120,0.947,-63,-202
26370,27200,830,0,GE-Phrase,212,23414,26572,3158,202,0.243,2956,628
26370,27200,830,0,GE-Phrase,213,26572,28865,2293,628,0.757,-202,-1665
26370,27200,830,0,GE-Phase,retraction,25250,26572,1322,202,0.243,1120,628
26370,27200,830,0,GE-Phase,preparation,26572,27305,733,628,0.757,-202,-105
27200,28048,848,0,GE-Phrase,213,26572,28865,2293,848,1.0,628,-817
27200,28048,848,0,GE-Phase,preparation,26572,27305,733,105,0.124,628,743
27200,28048,848,0,GE-Phase,stroke,27305,28425,1120,743,0.876,-105,-377
28048,29000,952,0,GE-Phrase,213,26572,28865,2293,817,0.858,1476,135
28048,29000,952,0,GE-Phrase,214,28865,30267,1402,135,0.142,-817,-1267
28048,29000,952,0,GE-Phase,stroke,27305,28425,1120,377,0.396,743,575
28048,29000,952,0,GE-Phase,retraction,28425,28865,440,440,0.462,-377,135
28048,29000,952,0,GE-Phase,preparation,28865,29147,282,135,0.142,-817,-147
69250,70269,1019,0,GE-Phrase,233,69124,70078,954,828,0.813,126,191
69250,70269,1019,0,GE-Phrase,234,70078,71694,1616,191,0.187,-828,-1425
69250,70269,1019,0,GE-Phase,preparation,69124,69404,280,154,0.151,126,865
69250,70269,1019,0,GE-Phase,stroke,69404,70078,674,674,0.661,-154,191
69250,70269,1019,0,GE-Phase,preparation,70078,70626,548,191,0.187,-828,-357
123300,123678,378,0,GE-Phrase,261,123162,126484,3322,378,1.0,138,-2806
123300,123678,378,0,GE-Phase,preparation,123162,123543,381,243,0.643,138,135
123300,123678,378,0,GE-Phase,stroke,123543,125275,1732,135,0.357,-243,-1597
123678,123884,206,0,GE-Phrase,261,123162,126484,3322,206,1.0,516,-2600
123678,123884,206,0,GE-Phase,stroke,123543,125275,1732,206,1.0,135,-1391
123884,124760,876,0,GE-Phrase,261,123162,126484,3322,876,1.0,722,-1724
123884,124760,876,0,GE-Phase,stroke,123543,125275,1732,876,1.0,341,-515
124760,125900,1140,0,GE-Phrase,261,123162,126484,3322,1140,1.0,1598,-584
124760,125900,1140,0,GE-Phase,stroke,123543,125275,1732,515,0.452,1217,625
124760,125900,1140,0,GE-Phase,retraction,125275,126484,1209,625,0.548,-515,-584
125900,127426,1526,0,GE-Phrase,261,123162,126484,3322,584,0.383,2738,942
125900,127426,1526,0,GE-Phase,retraction,125275,126484,1209,584,0.383,625,942
131400,132715,1315,0,GE-Phrase,262,128821,132202,3381,802,0.61,2579,513
131400,132715,1315,0,GE-Phrase,263,132202,134077,1875,513,0.39,-802,-1362
131400,132715,1315,0,GE-Phase,stroke,131270,132202,932,802,0.61,130,513
131400,132715,1315,0,GE-Phase,preparation,132202,132712,510,510,0.388,-802,3
131400,132715,1315,0,GE-Phase,stroke,132712,133300,588,3,0.002,-1312,-585
132715,134762,2047,0,GE-Phrase,263,132202,134077,1875,1362,0.665,513,685
132715,134762,2047,0,GE-Phrase,264,134077,135782,1705,685,0.335,-1362,-1020
132715,134762,2047,0,GE-Phase,stroke,132712,133300,588,585,0.286,3,1462
132715,134762,2047,0,GE-Phase,retraction,133300,134077,777,777,0.38,-585,685
132715,134762,2047,0,GE-Phase,preparation,134077,134927,850,685,0.335,-1362,-165
136371,137155,784,0,GE-Phrase,265,135782,138288,2506,784,1.0,589,-1133
136371,137155,784,0,GE-Phase,preparation,135782,136557,775,186,0.237,589,598
136371,137155,784,0,GE-Phase,stroke,136557,137175,618,598,0.763,-186,-20
137155,137394,239,0,GE-Phrase,265,135782,138288,2506,239,1.0,1373,-894
137155,137394,239,0,GE-Phase,stroke,136557,137175,618,20,0.084,598,219
137155,137394,239,0,GE-Phase,retraction,137175,138288,1113,219,0.916,-20,-894
141050,143026,1976,0,GE-Phrase,266,138288,141167,2879,117,0.059,2762,1859
141050,143026,1976,0,GE-Phrase,267,141167,142467,1300,1300,0.658,-117,559
141050,143026,1976,0,GE-Phrase,268,142467,145380,2913,559,0.283,-1417,-2354
141050,143026,1976,0,GE-Phase,stroke,139895,141167,1272,117,0.059,1155,1859
141050,143026,1976,0,GE-Phase,stroke,141167,142045,878,878,0.444,-117,981
141050,143026,1976,0,GE-Phase,hold,142045,142467,422,422,0.214,-995,559
141050,143026,1976,0,GE-Phase,preparation,142467,143704,1237,559,0.283,-1417,-678
149300,150432,1132,0,GE-Phrase,270,147413,149490,2077,190,0.168,1887,942
149300,150432,1132,0,GE-Phrase,271,149490,151803,2313,942,0.832,-190,-1371
149300,150432,1132,0,GE-Phase,hold,148742,149490,748,190,0.168,558,942
149300,150432,1132,0,GE-Phase,preparation,149490,150125,635,635,0.561,-190,307
149300,150432,1132,0,GE-Phase,stroke,150125,151219,1094,307,0.271,-825,-787
9631,12030,2399,0,GE-Phrase,205,9104,11228,2124,1597,0.666,527,802
9631,12030,2399,0,GE-Phrase,206,11228,13092,1864,802,0.334,-1597,-1062
9631,12030,2399,0,GE-Phase,preparation,9104,10503,1399,872,0.363,527,1527
9631,12030,2399,0,GE-Phase,stroke,10503,10898,395,395,0.165,-872,1132
9631,12030,2399,0,GE-Phase,retraction,10898,11228,330,330,0.138,-1267,802
9631,12030,2399,0,GE-Phase,preparation,11228,11616,388,388,0.162,-1597,414
9631,12030,2399,0,GE-Phase,stroke,11616,12216,600,414,0.173,-1985,-186
12030,13506,1476,0,GE-Phrase,206,11228,13092,1864,1062,0.72,802,414
12030,13506,1476,0,GE-Phrase,207,13092,14908,1816,414,0.28,-1062,-1402
12030,13506,1476,0,GE-Phase,stroke,11616,12216,600,186,0.126,414,1290
12030,13506,1476,0,GE-Phase,retraction,12216,13092,876,876,0.593,-186,414
12030,13506,1476,0,GE-Phase,preparation,13092,13708,616,414,0.28,-1062,-202
25187,26370,1183,0,GE-Phrase,212,23414,26572,3158,1183,1.0,1773,-202
25187,26370,1183,0,GE-Phase,stroke,23890,25250,1360,63,0.053,1297,1120
25187,26370,1183,0,GE-Phase,retraction,25250,26572,1322,1120,0.947,-63,-202
26370,27200,830,0,GE-Phrase,212,23414,26572,3158,202,0.243,2956,628
26370,27200,830,0,GE-Phrase,213,26572,28865,2293,628,0.757,-202,-1665
26370,27200,830,0,GE-Phase,retraction,25250,26572,1322,202,0.243,1120,628
26370,27200,830,0,GE-Phase,preparation,26572,27305,733,628,0.757,-202,-105
27200,28048,848,0,GE-Phrase,213,26572,28865,2293,848,1.0,628,-817
27200,28048,848,0,GE-Phase,preparation,26572,27305,733,105,0.124,628,743
27200,28048,848,0,GE-Phase,stroke,27305,28425,1120,743,0.876,-105,-377
28048,29000,952,0,GE-Phrase,213,26572,28865,2293,817,0.858,1476,135
28048,29000,952,0,GE-Phrase,214,28865,30267,1402,135,0.142,-817,-1267
28048,29000,952,0,GE-Phase,stroke,27305,28425,1120,377,0.396,743,575
28048,29000,952,0,GE-Phase,retraction,28425,28865,440,440,0.462,-377,135
28048,29000,952,0,GE-Phase,preparation,28865,29147,282,135,0.142,-817,-147
69250,70269,1019,0,GE-Phrase,233,69124,70078,954,828,0.813,126,191
69250,70269,1019,0,GE-Phrase,234,70078,71694,1616,191,0.187,-828,-1425
69250,70269,1019,0,GE-Phase,preparation,69124,69404,280,154,0.151,126,865
69250,70269,1019,0,GE-Phase,stroke,69404,70078,674,674,0.661,-154,191
69250,70269,1019,0,GE-Phase,preparation,70078,70626,548,191,0.187,-828,-357
123300,123678,378,0,GE-Phrase,261,123162,126484,3322,378,1.0,138,-2806
123300,123678,378,0,GE-Phase,preparation,123162,123543,381,243,0.643,138,135
123300,123678,378,0,GE-Phase,stroke,123543,125275,1732,135,0.357,-243,-1597
123678,123884,206,0,GE-Phrase,261,123162,126484,3322,206,1.0,516,-2600
123678,123884,206,0,GE-Phase,stroke,123543,125275,1732,206,1.0,135,-1391
123884,124760,876,0,GE-Phrase,261,123162,126484,3322,876,1.0,722,-1724
123884,124760,876,0,GE-Phase,stroke,123543,125275,1732,876,1.0,341,-515
124760,125900,1140,0,GE-Phrase,261,123162,126484,3322,1140,1.0,1598,-584
124760,125900,1140,0,GE-Phase,stroke,123543,125275,1732,515,0.452,1217,625
124760,125900,1140,0,GE-Phase,retraction,125275,126484,1209,625,0.548,-515,-584
125900,127426,1526,0,GE-Phrase,261,123162,126484,3322,584,0.383,2738,942
125900,127426,1526,0,GE-Phase,retraction,125275,126484,1209,584,0.383,625,942
131400,132715,1315,0,GE-Phrase,262,128821,132202,3381,802,0.61,2579,513
131400,132715,1315,0,GE-Phrase,263,132202,134077,1875,513,0.39,-802,-1362
131400,132715,1315,0,GE-Phase,stroke,131270,132202,932,802,0.61,130,513
131400,132715,1315,0,GE-Phase,preparation,132202,132712,510,510,0.388,-802,3
131400,132715,1315,0,GE-Phase,stroke,132712,133300,588,3,0.002,-1312,-585
132715,134762,2047,0,GE-Phrase,263,132202,134077,1875,1362,0.665,513,685
132715,134762,2047,0,GE-Phrase,264,134077,135782,1705,685,0.335,-1362,-1020
132715,134762,2047,0,GE-Phase,stroke,132712,133300,588,585,0.286,3,1462
132715,134762,2047,0,GE-Phase,retraction,133300,134077,777,777,0.38,-585,685
132715,134762,2047,0,GE-Phase,preparation,134077,134927,850,685,0.335,-1362,-165
136371,137155,784,0,GE-Phrase,265,135782,138288,2506,784,1.0,589,-1133
136371,137155,784,0,GE-Phase,preparation,135782,136557,775,186,0.237,589,598
136371,137155,784,0,GE-Phase,stroke,136557,137175,618,598,0.763,-186,-20
137155,137394,239,0,GE-Phrase,265,135782,138288,2506,239,1.0,1373,-894
137155,137394,239,0,GE-Phase,stroke,136557,137175,618,20,0.084,598,219
137155,137394,239,0,GE-Phase,retraction,137175,138288,1113,219,0.916,-20,-894
141050,143026,1976,0,GE-Phrase,266,138288,141167,2879,117,0.059,2762,1859
141050,143026,1976,0,GE-Phrase,267,141167,142467,1300,1300,0.658,-117,559
141050,143026,1976,0,GE-Phrase,268,142467,145380,2913,559,0.283,-1417,-2354
141050,143026,1976,0,GE-Phase,stroke,139895,141167,1272,117,0.059,1155,1859
141050,143026,1976,0,GE-Phase,stroke,141167,142045,878,878,0.444,-117,981
141050,143026,1976,0,GE-Phase,hold,142045,142467,422,422,0.214,-995,559
141050,143026,1976,0,GE-Phase,preparation,142467,143704,1237,559,0.283,-1417,-678
149300,150432,1132,0,GE-Phrase,270,147413,149490,2077,190,0.168,1887,942
149300,150432,1132,0,GE-Phrase,271,149490,151803,2313,942,0.832,-190,-1371
149300,150432,1132,0,GE-Phase,hold,148742,149490,748,190,0.168,558,942
149300,150432,1132,0,GE-Phase,preparation,149490,150125,635,635,0.561,-190,307
149300,150432,1132,0,GE-Phase,stroke,150125,151219,1094,307,0.271,-825,-787
9631,12030,2399,0,GE-Phrase,205,9104,11228,2124,1597,0.666,527,802
9631,12030,2399,0,GE-Phrase,206,11228,13092,1864,802,0.334,-1597,-1062
9631,12030,2399,0,GE-Phase,preparation,9104,10503,1399,872,0.363,527,1527
9631,12030,2399,0,GE-Phase,stroke,10503,10898,395,395,0.165,-872,1132
9631,12030,2399,0,GE-Phase,retraction,10898,11228,330,330,0.138,-1267,802
9631,12030,2399,0,GE-Phase,preparation,11228,11616,388,388,0.162,-1597,414
9631,12030,2399,0,GE-Phase,stroke,11616,12216,600,414,0.173,-1985,-186
12030,13506,1476,0,GE-Phrase,206,11228,13092,1864,1062,0.72,802,414
12030,13506,1476,0,GE-Phrase,207,13092,14908,1816,414,0.28,-1062,-1402
12030,13506,1476,0,GE-Phase,stroke,11616,12216,600,186,0.126,414,1290
12030,13506,1476,0,GE-Phase,retraction,12216,13092,876,876,0.593,-186,414
12030,13506,1476,0,GE-Phase,preparation,13092,13708,616,414,0.28,-1062,-202
25187,26370,1183,0,GE-Phrase,212,23414,26572,3158,1183,1.0,1773,-202
25187,26370,1183,0,GE-Phase,stroke,23890,25250,1360,63,0.053,1297,1120
25187,26370,1183,0,GE-Phase,retraction,25250,26572,1322,1120,0.947,-63,-202
26370,27200,830,0,GE-Phrase,212,23414,26572,3158,202,0.243,2956,628
26370,27200,830,0,GE-Phrase,213,26572,28865,2293,628,0.757,-202,-1665
26370,27200,830,0,GE-Phase,retraction,25250,26572,1322,202,0.243,1120,628
26370,27200,830,0,GE-Phase,preparation,26572,27305,733,628,0.757,-202,-105
27200,28048,848,0,GE-Phrase,213,26572,28865,2293,848,1.0,628,-817
27200,28048,848,0,GE-Phase,preparation,26572,27305,733,105,0.124,628,743
27200,28048,848,0,GE-Phase,stroke,27305,28425,1120,743,0.876,-105,-377
28048,29000,952,0,GE-Phrase,213,26572,28865,2293,817,0.858,1476,135
28048,29000,952,0,GE-Phrase,214,28865,30267,1402,135,0.142,-817,-1267
28048,29000,952,0,GE-Phase,stroke,27305,28425,1120,377,0.396,743,575
28048,29000,952,0,GE-Phase,retraction,28425,28865,440,440,0.462,-377,135
28048,29000,952,0,GE-Phase,preparation,28865,29147,282,135,0.142,-817,-147
69250,70269,1019,0,GE-Phrase,233,69124,70078,954,828,0.813,126,191
69250,70269,1019,0,GE-Phrase,234,70078,71694,1616,191,0.187,-828,-1425
69250,70269,1019,0,GE-Phase,preparation,69124,69404,280,154,0.151,126,865
69250,70269,1019,0,GE-Phase,stroke,69404,70078,674,674,0.661,-154,191
69250,70269,1019,0,GE-Phase,preparation,70078,70626,548,191,0.187,-828,-357
123300,123678,378,0,GE-Phrase,261,123162,126484,3322,378,1.0,138,-2806
123300,123678,378,0,GE-Phase,preparation,123162,123543,381,243,0.643,138,135
123300,123678,378,0,GE-Phase,stroke,123543,125275,1732,135,0.357,-243,-1597
123678,123884,206,0,GE-Phrase,261,123162,126484,3322,206,1.0,516,-2600
123678,123884,206,0,GE-Phase,stroke,123543,125275,1732,206,1.0,135,-1391
123884,124760,876,0,GE-Phrase,261,123162,126484,3322,876,1.0,722,-1724
123884,124760,876,0,GE-Phase,stroke,123543,125275,1732,876,1.0,341,-515
124760,125900,1140,0,GE-Phrase,261,123162,126484,3322,1140,1.0,1598,-584
124760,125900,1140,0,GE-Phase,stroke,123543,125275,1732,515,0.452,1217,625
124760,125900,1140,0,GE-Phase,retraction,125275,126484,1209,625,0.548,-515,-584
125900,127426,1526,0,GE-Phrase,261,123162,126484,3322,584,0.383,2738,942
125900,127426,1526,0,GE-Phase,retraction,125275,126484,1209,584,0.383,625,942
131400,132715,1315,0,GE-Phrase,262,128821,132202,3381,802,0.61,2579,513
131400,132715,1315,0,GE-Phrase,263,132202,134077,1875,513,0.39,-802,-1362
131400,132715,1315,0,GE-Phase,stroke,131270,132202,932,802,0.61,130,513
131400,132715,1315,0,GE-Phase,preparation,132202,132712,510,510,0.388,-802,3
131400,132715,1315,0,GE-Phase,stroke,132712,133300,588,3,0.002,-1312,-585
132715,134762,2047,0,GE-Phrase,263,132202,134077,1875,1362,0.665,513,685
132715,134762,2047,0,GE-Phrase,264,134077,135782,1705,685,0.335,-1362,-1020
132715,134762,2047,0,GE-Phase,stroke,132712,133300,588,585,0.286,3,1462
132715,134762,2047,0,GE-Phase,retraction,133300,134077,777,777,0.38,-585,685
132715,134762,2047,0,GE-Phase,preparation,134077,134927,850,685,0.335,-1362,-165
136371,137155,784,0,GE-Phrase,265,135782,138288,2506,784,1.0,589,-1133
136371,137155,784,0,GE-Phase,preparation,135782,136557,775,186,0.237,589,598
136371,137155,784,0,GE-Phase,stroke,136557,137175,618,598,0.763,-186,-20
137155,137394,239,0,GE-Phrase,265,135782,138288,2506,239,1.0,1373,-894
137155,137394,239,0,GE-Phase,stroke,136557,137175,618,20,0.084,598,219
137155,137394,239,0,GE-Phase,retraction,137175,138288,1113,219,0.916,-20,-894
141050,143026,1976,0,GE-Phrase,266,138288,141167,2879,117,0.059,2762,1859
141050,143026,1976,0,GE-Phrase,267,141167,142467,1300,1300,0.658,-117,559
141050,143026,1976,0,GE-Phrase,268,142467,145380,2913,559,0.283,-1417,-2354
141050,143026,1976,0,GE-Phase,stroke,139895,141167,1272,117,0.059,1155,1859
141050,143026,1976,0,GE-Phase,stroke,141167,142045,878,878,0.444,-117,981
141050,143026,1976,0,GE-Phase,hold,142045,142467,422,422,0.214,-995,559
141050,143026,1976,0,GE-Phase,preparation,142467,143704,1237,559,0.283,-1417,-678
149300,150432,1132,0,GE-Phrase,270,147413,149490,2077,190,0.168,1887,942
149300,150432,1132,0,GE-Phrase,271,149490,151803,2313,942,0.832,-190,-1371
149300,150432,1132,0,GE-Phase,hold,148742,149490,748,190,0.168,558,942
149300,150432,1132,0,GE-Phase,preparation,149490,150125,635,635,0.561,-190,307
149300,150432,1132,0,GE-Phase,stroke,150125,151219,1094,307,0.271,-825,-787
9631,12030,2399,0,GE-Phrase,205,9104,11228,2124,1597,0.666,527,802
9631,12030,2399,0,GE-Phrase,206,11228,13092,1864,802,0.334,-1597,-1062
9631,12030,2399,0,GE-Phase,preparation,9104,10503,1399,872,0.363,527,1527
9631,12030,2399,0,GE-Phase,stroke,10503,10898,395,395,0.165,-872,1132
9631,12030,2399,0,GE-Phase,retraction,10898,11228,330,330,0.138,-1267,802
9631,12030,2399,0,GE-Phase,preparation,11228,11616,388,388,0.162,-1597,414
9631,12030,2399,0,GE-Phase,stroke,11616,12216,600,414,0.173,-1985,-186
12030,13506,1476,0,GE-Phrase,206,11228,13092,1864,1062,0.72,802,414
12030,13506,1476,0,GE-Phrase,207,13092,14908,1816,414,0.28,-1062,-1402
12030,13506,1476,0,GE-Phase,stroke,11616,12216,600,186,0.126,414,1290
12030,13506,1476,0,GE-Phase,retraction,12216,13092,876,876,0.593,-186,414
12030,13506,1476,0,GE-Phase,preparation,13092,13708,616,414,0.28,-1062,-202
25187,26370,1183,0,GE-Phrase,212,23414,26572,3158,1183,1.0,1773,-202
25187,26370,1183,0,GE-Phase,stroke,23890,25250,1360,63,0.053,1297,1120
25187,26370,1183,0,GE-Phase,retraction,25250,26572,1322,1120,0.947,-63,-202
26370,27200,830,0,GE-Phrase,212,23414,26572,3158,202,0.243,2956,628
26370,27200,830,0,GE-Phrase,213,26572,28865,2293,628,0.757,-202,-1665
26370,27200,830,0,GE-Phase,retraction,25250,26572,1322,202,0.243,1120,628
26370,27200,830,0,GE-Phase,preparation,26572,27305,733,628,0.757,-202,-105
27200,28048,848,0,GE-Phrase,213,26572,28865,2293,848,1.0,628,-817
27200,28048,848,0,GE-Phase,preparation,26572,27305,733,105,0.124,628,743
27200,28048,848,0,GE-Phase,stroke,27305,28425,1120,743,0.876,-105,-377
28048,29000,952,0,GE-Phrase,213,26572,28865,2293,817,0.858,1476,135
28048,29000,952,0,GE-Phrase,214,28865,30267,1402,135,0.142,-817,-1267
28048,29000,952,0,GE-Phase,stroke,27305,28425,1120,377,0.396,743,575
28048,29000,952,0,GE-Phase,retraction,28425,28865,440,440,0.462,-377,135
28048,29000,952,0,GE-Phase,preparation,28865,29147,282,135,0.142,-817,-147
69250,70269,1019,0,GE-Phrase,233,69124,70078,954,828,0.813,126,191
69250,70269,1019,0,GE-Phrase,234,70078,71694,1616,191,0.187,-828,-1425
69250,70269,1019,0,GE-Phase,preparation,69124,69404,280,154,0.151,126,865
69250,70269,1019,0,GE-Phase,stroke,69404,70078,674,674,0.661,-154,191
69250,70269,1019,0,GE-Phase,preparation,70078,70626,548,191,0.187,-828,-357
123300,123678,378,0,GE-Phrase,261,123162,126484,3322,378,1.0,138,-2806
123300,123678,378,0,GE-Phase,preparation,123162,123543,381,243,0.643,138,135
123300,123678,378,0,GE-Phase,stroke,123543,125275,1732,135,0.357,-243,-1597
123678,123884,206,0,GE-Phrase,261,123162,126484,3322,206,1.0,516,-2600
123678,123884,206,0,GE-Phase,stroke,123543,125275,1732,206,1.0,135,-1391
123884,124760,876,0,GE-Phrase,261,123162,126484,3322,876,1.0,722,-1724
123884,124760,876,0,GE-Phase,stroke,123543,125275,1732,876,1.0,341,-515
124760,125900,1140,0,GE-Phrase,261,123162,126484,3322,1140,1.0,1598,-584
124760,125900,1140,0,GE-Phase,stroke,123543,125275,1732,515,0.452,1217,625
124760,125900,1140,0,GE-Phase,retraction,125275,126484,1209,625,0.548,-515,-584
125900,127426,1526,0,GE-Phrase,261,123162,126484,3322,584,0.383,2738,942
125900,127426,1526,0,GE-Phase,retraction,125275,126484,1209,584,0.383,625,942
131400,132715,1315,0,GE-Phrase,262,128821,132202,3381,802,0.61,2579,513
131400,132715,1315,0,GE-Phrase,263,132202,134077,1875,513,0.39,-802,-1362
131400,132715,1315,0,GE-Phase,stroke,131270,132202,932,802,0.61,130,513
131400,132715,1315,0,GE-Phase,preparation,132202,132712,510,510,0.388,-802,3
131400,132715,1315,0,GE-Phase,stroke,132712,133300,588,3,0.002,-1312,-585
132715,134762,2047,0,GE-Phrase,263,132202,134077,1875,1362,0.665,513,685
132715,134762,2047,0,GE-Phrase,264,134077,135782,1705,685,0.335,-1362,-1020
132715,134762,2047,0,GE-Phase,stroke,132712,133300,588,585,0.286,3,1462
132715,134762,2047,0,GE-Phase,retraction,133300,134077,777,777,0.38,-585,685
132715,134762,2047,0,GE-Phase,preparation,134077,134927,850,685,0.335,-1362,-165
136371,137155,784,0,GE-Phrase,265,135782,138288,2506,784,1.0,589,-1133
136371,137155,784,0,GE-Phase,preparation,135782,136557,775,186,0.237,589,598
136371,137155,784,0,GE-Phase,stroke,136557,137175,618,598,0.763,-186,-20
137155,137394,239,0,GE-Phrase,265,135782,138288,2506,239,1.0,1373,-894
137155,137394,239,0,GE-Phase,stroke,136557,137175,618,20,0.084,598,219
137155,137394,239,0,GE-Phase,retraction,137175,138288,1113,219,0.916,-20,-894
141050,143026,1976,0,GE-Phrase,266,138288,141167,2879,117,0.059,2762,1859
141050,143026,1976,0,GE-Phrase,267,141167,142467,1300,1300,0.658,-117,559
141050,143026,1976,0,GE-Phrase,268,142467,145380,2913,559,0.283,-1417,-2354
141050,143026,1976,0,GE-Phase,stroke,139895,141167,1272,117,0.059,1155,1859
141050,143026,1976,0,GE-Phase,stroke,141167,142045,878,878,0.444,-117,981
141050,143026,1976,0,GE-Phase,hold,142045,142467,422,422,0.214,-995,559
141050,143026,1976,0,GE-Phase,preparation,142467,143704,1237,559,0.283,-1417,-678
149300,150432,1132,0,GE-Phrase,270,147413,149490,2077,190,0.168,1887,942
149300,150432,1132,0,GE-Phrase,271,149490,151803,2313,942,0.832,-190,-1371
149300,150432,1132,0,GE-Phase,hold,148742,149490,748,190,0.168,558,942
149300,150432,1132,0,GE-Phase,preparation,149490,150125,635,635,0.561,-190,307
149300,150432,1132,0,GE-Phase,stroke,150125,151219,1094,307,0.271,-825,-787
9631,12030,2399,0,GE-Phrase,205,9104,11228,2124,1597,0.666,527,802
9631,12030,2399,0,GE-Phrase,206,11228,13092,1864,802,0.334,-1597,-1062
9631,12030,2399,0,GE-Phase,preparation,9104,10503,1399,872,0.363,527,1527
9631,12030,2399,0,GE-Phase,stroke,10503,10898,395,395,0.165,-872,1132
9631,12030,2399,0,GE-Phase,retraction,10898,11228,330,330,0.138,-1267,802
9631,12030,2399,0,GE-Phase,preparation,11228,11616,388,388,0.162,-1597,414
9631,12030,2399,0,GE-Phase,stroke,11616,12216,600,414,0.173,-1985,-186
12030,13506,1476,0,GE-Phrase,206,11228,13092,1864,1062,0.72,802,414
12030,13506,1476,0,GE-Phrase,207,13092,14908,1816,414,0.28,-1062,-1402
12030,13506,1476,0,GE-Phase,stroke,11616,12216,600,186,0.126,414,1290
12030,13506,1476,0,GE-Phase,retraction,12216,13092,876,876,0.593,-186,414
12030,13506,1476,0,GE-Phase,preparation,13092,13708,616,414,0.28,-1062,-202
25187,26370,1183,0,GE-Phrase,212,23414,26572,3158,1183,1.0,1773,-202
25187,26370,1183,0,GE-Phase,stroke,23890,25250,1360,63,0.053,1297,1120
25187,26370,1183,0,GE-Phase,retraction,25250,26572,1322,1120,0.947,-63,-202
26370,27200,830,0,GE-Phrase,212,23414,26572,3158,202,0.243,2956,628
26370,27200,830,0,GE-Phrase,213,26572,28865,2293,628,0.757,-202,-1665
26370,27200,830,0,GE-Phase,retraction,25250,26572,1322,202,0.243,1120,628
26370,27200,830,0,GE-Phase,preparation,26572,27305,733,628,0.757,-202,-105
27200,28048,848,0,GE-Phrase,213,26572,28865,2293,848,1.0,628,-817
27200,28048,848,0,GE-Phase,preparation,26572,27305,733,105,0.124,628,743
27200,28048,848,0,GE-Phase,stroke,27305,28425,1120,743,0.876,-105,-377
28048,29000,952,0,GE-Phrase,213,26572,28865,2293,817,0.858,1476,135
28048,29000,952,0,GE-Phrase,214,28865,30267,1402,135,0.142,-817,-1267
28048,29000,952,0,GE-Phase,stroke,27305,28425,1120,377,0.396,743,575
28048,29000,952,0,GE-Phase,retraction,28425,28865,440,440,0.462,-377,135
28048,29000,952,0,GE-Phase,preparation,28865,29147,282,135,0.142,-817,-147
69250,70269,1019,0,GE-Phrase,233,69124,70078,954,828,0.813,126,191
69250,70269,1019,0,GE-Phrase,234,70078,71694,1616,191,0.187,-828,-1425
69250,70269,1019,0,GE-Phase,preparation,69124,69404,280,154,0.151,126,865
69250,70269,1019,0,GE-Phase,stroke,69404,70078,674,674,0.661,-154,191
69250,70269,1019,0,GE-Phase,preparation,70078,70626,548,191,0.187,-828,-357
123300,123678,378,0,GE-Phrase,261,123162,126484,3322,378,1.0,138,-2806
123300,123678,378,0,GE-Phase,preparation,123162,123543,381,243,0.643,138,135
123300,123678,378,0,GE-Phase,stroke,123543,125275,1732,135,0.357,-243,-1597
123678,123884,206,0,GE-Phrase,261,123162,126484,3322,206,1.0,516,-2600
123678,123884,206,0,GE-Phase,stroke,123543,125275,1732,206,1.0,135,-1391
123884,124760,876,0,GE-Phrase,261,123162,126484,3322,876,1.0,722,-1724
123884,124760,876,0,GE-Phase,stroke,123543,125275,1732,876,1.0,341,-515
124760,125900,1140,0,GE-Phrase,261,123162,126484,3322,1140,1.0,1598,-584
124760,125900,1140,0,GE-Phase,stroke,123543,125275,1732,515,0.452,1217,625
124760,125900,1140,0,GE-Phase,retraction,125275,126484,1209,625,0.548,-515,-584
125900,127426,1526,0,GE-Phrase,261,123162,126484,3322,584,0.383,2738,942
125900,127426,1526,0,GE-Phase,retraction,125275,126484,1209,584,0.383,625,942
131400,132715,1315,0,GE-Phrase,262,128821,132202,3381,802,0.61,2579,513
131400,132715,1315,0,GE-Phrase,263,132202,134077,1875,513,0.39,-802,-1362
131400,132715,1315,0,GE-Phase,stroke,131270,132202,932,802,0.61,130,513
131400,132715,1315,0,GE-Phase,preparation,132202,132712,510,510,0.388,-802,3
131400,132715,1315,0,GE-Phase,stroke,132712,133300,588,3,0.002,-1312,-585
132715,134762,2047,0,GE-Phrase,263,132202,134077,1875,1362,0.665,513,685
132715,134762,2047,0,GE-Phrase,264,134077,135782,1705,685,0.335,-1362,-1020
132715,134762,2047,0,GE-Phase,stroke,132712,133300,588,585,0.286,3,1462
132715,134762,2047,0,GE-Phase,retraction,133300,134077,777,777,0.38,-585,685
132715,134762,2047,0,GE-Phase,preparation,134077,134927,850,685,0.335,-1362,-165
136371,137155,784,0,GE-Phrase,265,135782,138288,2506,784,1.0,589,-1133
136371,137155,784,0,GE-Phase,preparation,135782,136557,775,186,0.237,589,598
136371,137155,784,0,GE-Phase,stroke,136557,137175,618,598,0.763,-186,-20
137155,137394,239,0,GE-Phrase,265,135782,138288,2506,239,1.0,1373,-894
137155,137394,239,0,GE-Phase,stroke,136557,137175,618,20,0.084,598,219
137155,137394,239,0,GE-Phase,retraction,137175,138288,1113,219,0.916,-20,-894
141050,143026,1976,0,GE-Phrase,266,138288,141167,2879,117,0.059,2762,1859
141050,143026,1976,0,GE-Phrase,267,141167,142467,1300,1300,0.658,-117,559
141050,143026,1976,0,GE-Phrase,268,142467,145380,2913,559,0.283,-1417,-2354
141050,143026,1976,0,GE-Phase,stroke,139895,141167,1272,117,0.059,1155,1859
141050,143026,1976,0,GE-Phase,stroke,141167,142045,878,878,0.444,-117,981
141050,143026,1976,0,GE-Phase,hold,142045,142467,422,422,0.214,-995,559
141050,143026,1976,0,GE-Phase,preparation,142467,143704,1237,559,0.283,-1417,-678
149300,150432,1132,0,GE-Phrase,270,147413,149490,2077,190,0.168,1887,942
149300,150432,1132,0,GE-Phrase,271,149490,151803,2313,942,0.832,-190,-1371
149300,150432,1132,0,GE-Phase,hold,148742,149490,748,190,0.168,558,942
149300,150432,1132,0,GE-Phase,preparation,149490,150125,635,635,0.561,-190,307
149300,150432,1132,0,GE-Phase,stroke,150125,151219,1094,307,0.271,-825,-787
9631,12030,2399,0,GE-Phrase,205,9104,11228,2124,1597,0.666,527,802
9631,12030,2399,0,GE-Phrase,206,11228,13092,1864,802,0.334,-1597,-1062
9631,12030,2399,0,GE-Phase,preparation,9104,10503,1399,872,0.363,527,1527
9631,12030,2399,0,GE-Phase,stroke,10503,10898,395,395,0.165,-872,1132
9631,12030,2399,0,GE-Phase,retraction,10898,11228,330,330,0.138,-1267,802
9631,12030,2399,0,GE-Phase,preparation,11228,11616,388,388,0.162,-1597,414
9631,12030,2399,0,GE-Phase,stroke,11616,12216,600,414,0.173,-1985,-186
12030,13506,1476,0,GE-Phrase,206,11228,13092,1864,1062,0.72,802,414
12030,13506,1476,0,GE-Phrase,207,13092,14908,1816,414,0.28,-1062,-1402
12030,13506,1476,0,GE-Phase,stroke,11616,12216,600,186,0.126,414,1290
12030,13506,1476,0,GE-Phase,retraction,12216,13092,876,876,0.593,-186,414
12030,13506,1476,0,GE-Phase,preparation,13092,13708,616,414,0.28,-1062,-202
25187,26370,1183,0,GE-Phrase,212,23414,26572,3158,1183,1.0,1773,-202
25187,26370,1183,0,GE-Phase,stroke,23890,25250,1360,63,0.053,1297,1120
25187,26370,1183,0,GE-Phase,retraction,25250,26572,1322,1120,0.947,-63,-202
26370,27200,830,0,GE-Phrase,212,23414,26572,3158,202,0.243,2956,628
26370,27200,830,0,GE-Phrase,213,26572,28865,2293,628,0.757,-202,-1665
26370,27200,830,0,GE-Phase,retraction,25250,26572,1322,202,0.243,1120,628
26370,27200,830,0,GE-Phase,preparation,26572,27305,733,628,0.757,-202,-105
27200,28048,848,0,GE-Phrase,213,26572,28865,2293,848,1.0,628,-817
27200,28048,848,0,GE-Phase,preparation,26572,27305,733,105,0.124,628,743
27200,28048,848,0,GE-Phase,stroke,27305,28425,1120,743,0.876,-105,-377
28048,29000,952,0,GE-Phrase,213,26572,28865,2293,817,0.858,1476,135
28048,29000,952,0,GE-Phrase,214,28865,30267,1402,135,0.142,-817,-1267
28048,29000,952,0,GE-Phase,stroke,27305,28425,1120,377,0.396,743,575
28048,29000,952,0,GE-Phase,retraction,28425,28865,440,440,0.462,-377,135
28048,29000,952,0,GE-Phase,preparation,28865,29147,282,135,0.142,-817,-147
69250,70269,1019,0,GE-Phrase,233,69124,70078,954,828,0.813,126,191
69250,70269,1019,0,GE-Phrase,234,70078,71694,1616,191,0.187,-828,-1425
69250,70269,1019,0,GE-Phase,preparation,69124,69404,280,154,0.151,126,865
69250,70269,1019,0,GE-Phase,stroke,69404,70078,674,674,0.661,-154,191
69250,70269,1019,0,GE-Phase,preparation,70078,70626,548,191,0.187,-828,-357
123300,123678,378,0,GE-Phrase,261,123162,126484,3322,378,1.0,138,-2806
123300,123678,378,0,GE-Phase,preparation,123162,123543,381,243,0.643,138,135
123300,123678,378,0,GE-Phase,stroke,123543,125275,1732,135,0.357,-243,-1597
123678,123884,206,0,GE-Phrase,261,123162,126484,3322,206,1.0,516,-2600
123678,123884,206,0,GE-Phase,stroke,123543,125275,1732,206,1.0,135,-1391
123884,124760,876,0,GE-Phrase,261,123162,126484,3322,876,1.0,722,-1724
123884,124760,876,0,GE-Phase,stroke,123543,125275,1732,876,1.0,341,-515
124760,125900,1140,0,GE-Phrase,261,123162,126484,3322,1140,1.0,1598,-584
124760,125900,1140,0,GE-Phase,stroke,123543,125275,1732,515,0.452,1217,625
124760,125900,1140,0,GE-Phase,retraction,125275,126484,1209,625,0.548,-515,-584
125900,127426,1526,0,GE-Phrase,261,123162,126484,3322,584,0.383,2738,942
125900,127426,1526,0,GE-Phase,retraction,125275,126484,1209,584,0.383,625,942
131400,132715,1315,0,GE-Phrase,262,128821,132202,3381,802,0.61,2579,513
131400,132715,1315,0,GE-Phrase,263,132202,134077,1875,513,0.39,-802,-1362
131400,132715,1315,0,GE-Phase,stroke,131270,132202,932,802,0.61,130,513
131400,132715,1315,0,GE-Phase,preparation,132202,132712,510,510,0.388,-802,3
131400,132715,1315,0,GE-Phase,stroke,132712,133300,588,3,0.002,-1312,-585
132715,134762,2047,0,GE-Phrase,263,132202,134077,1875,1362,0.665,513,685
132715,134762,2047,0,GE-Phrase,264,134077,135782,1705,685,0.335,-1362,-1020
132715,134762,2047,0,GE-Phase,stroke,132712,133300,588,585,0.286,3,1462
132715,134762,2047,0,GE-Phase,retraction,133300,134077,777,777,0.38,-585,685
132715,134762,2047,0,GE-Phase,preparation,134077,134927,850,685,0.335,-1362,-165
136371,137155,784,0,GE-Phrase,265,135782,138288,2506,784,1.0,589,-1133
136371,137155,784,0,GE-Phase,preparation,135782,136557,775,186,0.237,589,598
136371,137155,784,0,GE-Phase,stroke,136557,137175,618,598,0.763,-186,-20
137155,137394,239,0,GE-Phrase,265,135782,138288,2506,239,1.0,1373,-894
137155,137394,239,0,GE-Phase,stroke,136557,137175,618,20,0.084,598,219
137155,137394,239,0,GE-Phase,retraction,137175,138288,1113,219,0.916,-20,-894
141050,143026,1976,0,GE-Phrase,266,138288,141167,2879,117,0.059,2762,1859
141050,143026,1976,0,GE-Phrase,267,141167,142467,1300,1300,0.658,-117,559
141050,143026,1976,0,GE-Phrase,268,142467,145380,2913,559,0.283,-1417,-2354
141050,143026,1976,0,GE-Phase,stroke,139895,141167,1272,117,0.059,1155,1859
141050,143026,1976,0,GE-Phase,stroke,141167,142045,878,878,0.444,-117,981
141050,143026,1976,0,GE-Phase,hold,142045,142467,422,422,0.214,-995,559
141050,143026,1976,0,GE-Phase,preparation,142467,143704,1237,559,0.283,-1417,-678
149300,150432,1132,0,GE-Phrase,270,147413,149490,2077,190,0.168,1887,942
149300,150432,1132,0,GE-Phrase,271,149490,151803,2313,942,0.832,-190,-1371
149300,150432,1132,0,GE-Phase,hold,148742,149490,748,190,0.168,558,942
149300,150432,1132,0,GE-Phase,preparation,149490,150125,635,635,0.561,-190,307
149300,150432,1132,0,GE-Phase,stroke,150125,151219,1094,307,0.271,-825,-787
9631,12030,2399,0,GE-Phrase,205,9104,11228,2124,1597,0.666,527,802
9631,12030,2399,0,GE-Phrase,206,11228,13092,1864,802,0.334,-1597,-1062
9631,12030,2399,0,GE-Phase,preparation,9104,10503,1399,872,0.363,527,1527
9631,12030,2399,0,GE-Phase,stroke,10503,10898,395,395,0.165,-872,1132
9631,12030,2399,0,GE-Phase,retraction,10898,11228,330,330,0.138,-1267,802
9631,12030,2399,0,GE-Phase,preparation,11228,11616,388,388,0.162,-1597,414
9631,12030,2399,0,GE-Phase,stroke,11616,12216,600,414,0.173,-1985,-186
12030,13506,1476,0,GE-Phrase,206,11228,13092,1864,1062,0.72,802,414
12030,13506,1476,0,GE-Phrase,207,13092,14908,1816,414,0.28,-1062,-1402
12030,13506,1476,0,GE-Phase,stroke,11616,12216,600,186,0.126,414,1290
12030,13506,1476,0,GE-Phase,retraction,12216,13092,876,876,0.593,-186,414
12030,13506,1476,0,GE-Phase,preparation,13092,13708,616,414,0.28,-1062,-202
25187,26370,1183,0,GE-Phrase,212,23414,26572,3158,1183,1.0,1773,-202
25187,26370,1183,0,GE-Phase,stroke,23890,25250,1360,63,0.053,1297,1120
25187,26370,1183,0,GE-Phase,retraction,25250,26572,1322,1120,0.947,-63,-202
26370,27200,830,0,GE-Phrase,212,23414,26572,3158,202,0.243,2956,628
26370,27200,830,0,GE-Phrase,213,26572,28865,2293,628,0.757,-202,-1665
26370,27200,830,0,GE-Phase,retraction,25250,26572,1322,202,0.243,1120,628
26370,27200,830,0,GE-Phase,preparation,26572,27305,733,628,0.757,-202,-105
27200,28048,848,0,GE-Phrase,213,26572,28865,2293,848,1.0,628,-817
27200,28048,848,0,GE-Phase,preparation,26572,27305,733,105,0.124,628,743
27200,28048,848,0,GE-Phase,stroke,27305,28425,1120,743,0.876,-105,-377
28048,29000,952,0,GE-Phrase,213,26572,28865,2293,817,0.858,1476,135
28048,29000,952,0,GE-Phrase,214,28865,30267,1402,135,0.142,-817,-1267
28048,29000,952,0,GE-Phase,stroke,27305,28425,1120,377,0.396,743,575
28048,29000,952,0,GE-Phase,retraction,28425,28865,440,440,0.462,-377,135
28048,29000,952,0,GE-Phase,preparation,28865,29147,282,135,0.142,-817,-147
69250,70269,1019,0,GE-Phrase,233,69124,70078,954,828,0.813,126,191
69250,70269,1019,0,GE-Phrase,234,70078,71694,1616,191,0.187,-828,-1425
69250,70269,1019,0,GE-Phase,preparation,69124,69404,280,154,0.151,126,865
69250,70269,1019,0,GE-Phase,stroke,69404,70078,674,674,0.661,-154,191
69250,70269,1019,0,GE-Phase,preparation,70078,70626,548,191,0.187,-828,-357
123300,123678,378,0,GE-Phrase,261,123162,126484,3322,378,1.0,138,-2806
123300,123678,378,0,GE-Phase,preparation,123162,123543,381,243,0.643,138,135
123300,123678,378,0,GE-Phase,stroke,123543,125275,1732,135,0.357,-243,-1597
123678,123884,206,0,GE-Phrase,261,123162,126484,3322,206,1.0,516,-2600
123678,123884,206,0,GE-Phase,stroke,123543,125275,1732,206,1.0,135,-1391
123884,124760,876,0,GE-Phrase,261,123162,126484,3322,876,1.0,722,-1724
123884,124760,876,0,GE-Phase,stroke,123543,125275,1732,876,1.0,341,-515
124760,125900,1140,0,GE-Phrase,261,123162,126484,3322,1140,1.0,1598,-584
124760,125900,1140,0,GE-Phase,stroke,123543,125275,1732,515,0.452,1217,625
124760,125900,1140,0,GE-Phase,retraction,125275,126484,1209,625,0.548,-515,-584
125900,127426,1526,0,GE-Phrase,261,123162,126484,3322,584,0.383,2738,942
125900,127426,1526,0,GE-Phase,retraction,125275,126484,1209,584,0.383,625,942
131400,132715,1315,0,GE-Phrase,262,128821,132202,3381,802,0.61,2579,513
131400,132715,1315,0,GE-Phrase,263,132202,134077,1875,513,0.39,-802,-1362
131400,132715,1315,0,GE-Phase,stroke,131270,132202,932,802,0.61,130,513
131400,132715,1315,0,GE-Phase,preparation,132202,132712,510,510,0.388,-802,3
131400,132715,1315,0,GE-Phase,stroke,132712,133300,588,3,0.002,-1312,-585
132715,134762,2047,0,GE-Phrase,263,132202,134077,1875,1362,0.665,513,685
132715,134762,2047,0,GE-Phrase,264,134077,135782,1705,685,0.335,-1362,-1020
132715,134762,2047,0,GE-Phase,stroke,132712,133300,588,585,0.286,3,1462
132715,134762,2047,0,GE-Phase,retraction,133300,134077,777,777,0.38,-585,685
132715,134762,2047,0,GE-Phase,preparation,134077,134927,850,685,0.335,-1362,-165
136371,137155,784,0,GE-Phrase,265,135782,138288,2506,784,1.0,589,-1133
136371,137155,784,0,GE-Phase,preparation,135782,136557,775,186,0.237,589,598
136371,137155,784,0,GE-Phase,stroke,136557,137175,618,598,0.763,-186,-20
137155,137394,239,0,GE-Phrase,265,135782,138288,2506,239,1.0,1373,-894
137155,137394,239,0,GE-Phase,stroke,136557,137175,618,20,0.084,598,219
137155,137394,239,0,GE-Phase,retraction,137175,138288,1113,219,0.916,-20,-894
141050,143026,1976,0,GE-Phrase,266,138288,141167,2879,117,0.059,2762,1859
141050,143026,1976,0,GE-Phrase,267,141167,142467,1300,1300,0.658,-117,559
141050,143026,1976,0,GE-Phrase,268,142467,145380,2913,559,0.283,-1417,-2354
141050,143026,1976,0,GE-Phase,stroke,139895,141167,1272,117,0.059,1155,1859
141050,143026,1976,0,GE-Phase,stroke,141167,142045,878,878,0.444,-117,981
141050,143026,1976,0,GE-Phase,hold,142045,142467,422,422,0.214,-995,559
141050,143026,1976,0,GE-Phase,preparation,142467,143704,1237,559,0.283,-1417,-678
149300,150432,1132,0,GE-Phrase,270,147413,149490,2077,190,0.168,1887,942
149300,150432,1132,0,GE-Phrase,271,149490,151803,2313,942,0.832,-190,-1371
149300,150432,1132,0,GE-Phase,hold,148742,149490,748,190,0.168,558,942
149300,150432,1132,0,GE-Phase,preparation,149490,150125,635,635,0.561,-190,307
149300,150432,1132,0,GE-Phase,stroke,150125,151219,1094,307,0.271,-825,-787
9631,12030,2399,0,GE-Phrase,205,9104,11228,2124,1597,0.666,527,802
9631,12030,2399,0,GE-Phrase,206,11228,13092,1864,802,0.334,-1597,-1062
9631,12030,2399,0,GE-Phase,preparation,9104,10503,1399,872,0.363,527,1527
9631,12030,2399,0,GE-Phase,stroke,10503,10898,395,395,0.165,-872,1132
9631,12030,2399,0,GE-Phase,retraction,10898,11228,330,330,0.138,-1267,802
9631,12030,2399,0,GE-Phase,preparation,11228,11616,388,388,0.162,-1597,414
9631,12030,2399,0,GE-Phase,stroke,11616,12216,600,414,0.173,-1985,-186
12030,13506,1476,0,GE-Phrase,206,11228,13092,1864,1062,0.72,802,414
12030,13506,1476,0,GE-Phrase,207,13092,14908,1816,414,0.28,-1062,-1402
12030,13506,1476,0,GE-Phase,stroke,11616,12216,600,186,0.126,414,1290
12030,13506,1476,0,GE-Phase,retraction,12216,13092,876,876,0.593,-186,414
12030,13506,1476,0,GE-Phase,preparation,13092,13708,616,414,0.28,-1062,-202
25187,26370,1183,0,GE-Phrase,212,23414,26572,3158,1183,1.0,1773,-202
25187,26370,1183,0,GE-Phase,stroke,23890,25250,1360,63,0.053,1297,1120
25187,26370,1183,0,GE-Phase,retraction,25250,26572,1322,1120,0.947,-63,-202
26370,27200,830,0,GE-Phrase,212,23414,26572,3158,202,0.243,2956,628
26370,27200,830,0,GE-Phrase,213,26572,28865,2293,628,0.757,-202,-1665
26370,27200,830,0,GE-Phase,retraction,25250,26572,1322,202,0.243,1120,628
26370,27200,830,0,GE-Phase,preparation,26572,27305,733,628,0.757,-202,-105
27200,28048,848,0,GE-Phrase,213,26572,28865,2293,848,1.0,628,-817
27200,28048,848,0,GE-Phase,preparation,26572,27305,733,105,0.124,628,743
27200,28048,848,0,GE-Phase,stroke,27305,28425,1120,743,0.876,-105,-377
28048,29000,952,0,GE-Phrase,213,26572,28865,2293,817,0.858,1476,135
28048,29000,952,0,GE-Phrase,214,28865,30267,1402,135,0.142,-817,-1267
28048,29000,952,0,GE-Phase,stroke,27305,28425,1120,377,0.396,743,575
28048,29000,952,0,GE-Phase,retraction,28425,28865,440,440,0.462,-377,135
28048,29000,952,0,GE-Phase,preparation,28865,29147,282,135,0.142,-817,-147
69250,70269,1019,0,GE-Phrase,233,69124,70078,954,828,0.813,126,191
69250,70269,1019,0,GE-Phrase,234,70078,71694,1616,191,0.187,-828,-1425
69250,70269,1019,0,GE-Phase,preparation,69124,69404,280,154,0.151,126,865
69250,70269,1019,0,GE-Phase,stroke,69404,70078,674,674,0.661,-154,191
69250,70269,1019,0,GE-Phase,preparation,70078,70626,548,191,0.187,-828,-357
123300,123678,378,0,GE-Phrase,261,123162,126484,3322,378,1.0,138,-2806
123300,123678,378,0,GE-Phase,preparation,123162,123543,381,243,0.643,138,135
123300,123678,378,0,GE-Phase,stroke,123543,125275,1732,135,0.357,-243,-1597
123678,123884,206,0,GE-Phrase,261,123162,126484,3322,206,1.0,516,-2600
123678,123884,206,0,GE-Phase,stroke,123543,125275,1732,206,1.0,135,-1391
123884,124760,876,0,GE-Phrase,261,123162,126484,3322,876,1.0,722,-1724
123884,124760,876,0,GE-Phase,stroke,123543,125275,1732,876,1.0,341,-515
124760,125900,1140,0,GE-Phrase,261,123162,126484,3322,1140,1.0,1598,-584
124760,125900,1140,0,GE-Phase,stroke,123543,125275,1732,515,0.452,1217,625
124760,125900,1140,0,GE-Phase,retraction,125275,126484,1209,625,0.548,-515,-584
125900,127426,1526,0,GE-Phrase,261,123162,126484,3322,584,0.383,2738,942
125900,127426,1526,0,GE-Phase,retraction,125275,126484,1209,584,0.383,625,942
131400,132715,1315,0,GE-Phrase,262,128821,132202,3381,802,0.61,2579,513
131400,132715,1315,0,GE-Phrase,263,132202,134077,1875,513,0.39,-802,-1362
131400,132715,1315,0,GE-Phase,stroke,131270,132202,932,802,0.61,130,513
131400,132715,1315,0,GE-Phase,preparation,132202,132712,510,510,0.388,-802,3
131400,132715,1315,0,GE-Phase,stroke,132712,133300,588,3,0.002,-1312,-585
132715,134762,2047,0,GE-Phrase,263,132202,134077,1875,1362,0.665,513,685
132715,134762,2047,0,GE-Phrase,264,134077,135782,1705,685,0.335,-1362,-1020
132715,134762,2047,0,GE-Phase,stroke,132712,133300,588,585,0.286,3,1462
132715,134762,2047,0,GE-Phase,retraction,133300,134077,777,777,0.38,-585,685
132715,134762,2047,0,GE-Phase,preparation,134077,134927,850,685,0.335,-1362,-165
136371,137155,784,0,GE-Phrase,265,135782,138288,2506,784,1.0,589,-1133
136371,137155,784,0,GE-Phase,preparation,135782,136557,775,186,0.237,589,598
136371,137155,784,0,GE-Phase,stroke,136557,137175,618,598,0.763,-186,-20
137155,137394,239,0,GE-Phrase,265,135782,138288,2506,239,1.0,1373,-894
137155,137394,239,0,GE-Phase,stroke,136557,137175,618,20,0.084,598,219
137155,137394,239,0,GE-Phase,retraction,137175,138288,1113,219,0.916,-20,-894
141050,143026,1976,0,GE-Phrase,266,138288,141167,2879,117,0.059,2762,1859
141050,143026,1976,0,GE-Phrase,267,141167,142467,1300,1300,0.658,-117,559
141050,143026,1976,0,GE-Phrase,268,142467,145380,2913,559,0.283,-1417,-2354
141050,143026,1976,0,GE-Phase,stroke,139895,141167,1272,117,0.059,1155,1859
141050,143026,1976,0,GE-Phase,stroke,141167,142045,878,878,0.444,-117,981
141050,143026,1976,0,GE-Phase,hold,142045,142467,422,422,0.214,-995,559
141050,143026,1976,0,GE-Phase,preparation,142467,143704,1237,559,0.283,-1417,-678
149300,150432,1132,0,GE-Phrase,270,147413,149490,2077,190,0.168,1887,942
149300,150432,1132,0,GE-Phrase,271,149490,151803,2313,942,0.832,-190,-1371
149300,150432,1132,0,GE-Phase,hold,148742,149490,748,190,0.168,558,942
149300,150432,1132,0,GE-Phase,preparation,149490,150125,635,635,0.561,-190,307
149300,150432,1132,0,GE-Phase,stroke,150125,151219,1094,307,0.271,-825,-787
9631,12030,2399,0,GE-Phrase,205,9104,11228,2124,1597,0.666,527,802
9631,12030,2399,0,GE-Phrase,206,11228,13092,1864,802,0.334,-1597,-1062
9631,12030,2399,0,GE-Phase,preparation,9104,10503,1399,872,0.363,527,1527
9631,12030,2399,0,GE-Phase,stroke,10503,10898,395,395,0.165,-872,1132
9631,12030,2399,0,GE-Phase,retraction,10898,11228,330,330,0.138,-1267,802
9631,12030,2399,0,GE-Phase,preparation,11228,11616,388,388,0.162,-1597,414
9631,12030,2399,0,GE-Phase,stroke,11616,12216,600,414,0.173,-1985,-186
12030,13506,1476,0,GE-Phrase,206,11228,13092,1864,1062,0.72,802,414
12030,13506,1476,0,GE-Phrase,207,13092,14908,1816,414,0.28,-1062,-1402
12030,13506,1476,0,GE-Phase,stroke,11616,12216,600,186,0.126,414,1290
12030,13506,1476,0,GE-Phase,retraction,12216,13092,876,876,0.593,-186,414
12030,13506,1476,0,GE-Phase,preparation,13092,13708,616,414,0.28,-1062,-202
25187,26370,1183,0,GE-Phrase,212,23414,26572,3158,1183,1.0,1773,-202
25187,26370,1183,0,GE-Phase,stroke,23890,25250,1360,63,0.053,1297,1120
25187,26370,1183,0,GE-Phase,retraction,25250,26572,1322,1120,0.947,-63,-202
26370,27200,830,0,GE-Phrase,212,23414,26572,3158,202,0.243,2956,628
26370,27200,830,0,GE-Phrase,213,26572,28865,2293,628,0.757,-202,-1665
26370,27200,830,0,GE-Phase,retraction,25250,26572,1322,202,0.243,1120,628
26370,27200,830,0,GE-Phase,preparation,26572,27305,733,628,0.757,-202,-105
27200,28048,848,0,GE-Phrase,213,26572,28865,2293,848,1.0,628,-817
27200,28048,848,0,GE-Phase,preparation,26572,27305,733,105,0.124,628,743
27200,28048,848,0,GE-Phase,stroke,27305,28425,1120,743,0.876,-105,-377
28048,29000,952,0,GE-Phrase,213,26572,28865,2293,817,0.858,1476,135
28048,29000,952,0,GE-Phrase,214,28865,30267,1402,135,0.142,-817,-1267
28048,29000,952,0,GE-Phase,stroke,27305,28425,1120,377,0.396,743,575
28048,29000,952,0,GE-Phase,retraction,28425,28865,440,440,0.462,-377,135
28048,29000,952,0,GE-Phase,preparation,28865,29147,282,135,0.142,-817,-147
69250,70269,1019,0,GE-Phrase,233,69124,70078,954,828,0.813,126,191
69250,70269,1019,0,GE-Phrase,234,70078,71694,1616,191,0.187,-828,-1425
69250,70269,1019,0,GE-Phase,preparation,69124,69404,280,154,0.151,126,865
69250,70269,1019,0,GE-Phase,stroke,69404,70078,674,674,0.661,-154,191
69250,70269,1019,0,GE-Phase,preparation,70078,70626,548,191,0.187,-828,-357
123300,123678,378,0,GE-Phrase,261,123162,126484,3322,378,1.0,138,-2806
123300,123678,378,0,GE-Phase,preparation,123162,123543,381,243,0.643,138,135
123300,123678,378,0,GE-Phase,stroke,123543,125275,1732,135,0.357,-243,-1597
123678,123884,206,0,GE-Phrase,261,123162,126484,3322,206,1.0,516,-2600
123678,123884,206,0,GE-Phase,stroke,123543,125275,1732,206,1.0,135,-1391
123884,124760,876,0,GE-Phrase,261,123162,126484,3322,876,1.0,722,-1724
123884,124760,876,0,GE-Phase,stroke,123543,125275,1732,876,1.0,341,-515
124760,125900,1140,0,GE-Phrase,261,123162,126484,3322,1140,1.0,1598,-584
124760,125900,1140,0,GE-Phase,stroke,123543,125275,1732,515,0.452,1217,625
124760,125900,1140,0,GE-Phase,retraction,125275,126484,1209,625,0.548,-515,-584
125900,127426,1526,0,GE-Phrase,261,123162,126484,3322,584,0.383,2738,942
125900,127426,1526,0,GE-Phase,retraction,125275,126484,1209,584,0.383,625,942
131400,132715,1315,0,GE-Phrase,262,128821,132202,3381,802,0.61,2579,513
131400,132715,1315,0,GE-Phrase,263,132202,134077,1875,513,0.39,-802,-1362
131400,132715,1315,0,GE-Phase,stroke,131270,132202,932,802,0.61,130,513
131400,132715,1315,0,GE-Phase,preparation,132202,132712,510,510,0.388,-802,3
131400,132715,1315,0,GE-Phase,stroke,132712,133300,588,3,0.002,-1312,-585
132715,134762,2047,0,GE-Phrase,263,132202,134077,1875,1362,0.665,513,685
132715,134762,2047,0,GE-Phrase,264,134077,135782,1705,685,0.335,-1362,-1020
132715,134762,2047,0,GE-Phase,stroke,132712,133300,588,585,0.286,3,1462
132715,134762,2047,0,GE-Phase,retraction,133300,134077,777,777,0.38,-585,685
132715,134762,2047,0,GE-Phase,preparation,134077,134927,850,685,0.335,-1362,-165
136371,137155,784,0,GE-Phrase,265,135782,138288,2506,784,1.0,589,-1133
136371,137155,784,0,GE-Phase,preparation,135782,136557,775,186,0.237,589,598
136371,137155,784,0,GE-Phase,stroke,136557,137175,618,598,0.763,-186,-20
137155,137394,239,0,GE-Phrase,265,135782,138288,2506,239,1.0,1373,-894
137155,137394,239,0,GE-Phase,stroke,136557,137175,618,20,0.084,598,219
137155,137394,239,0,GE-Phase,retraction,137175,138288,1113,219,0.916,-20,-894
141050,143026,1976,0,GE-Phrase,266,138288,141167,2879,117,0.059,2762,1859
141050,143026,1976,0,GE-Phrase,267,141167,142467,1300,1300,0.658,-117,559
141050,143026,1976,0,GE-Phrase,268,142467,145380,2913,559,0.283,-1417,-2354
141050,143026,1976,0,GE-Phase,stroke,139895,141167,1272,117,0.059,1155,1859
141050,143026,1976,0,GE-Phase,stroke,141167,142045,878,878,0.444,-117,981
141050,143026,1976,0,GE-Phase,hold,142045,142467,422,422,0.214,-995,559
141050,143026,1976,0,GE-Phase,preparation,142467,143704,1237,559,0.283,-1417,-678
149300,150432,1132,0,GE-Phrase,270,147413,149490,2077,190,0.168,1887,942
149300,150432,1132,0,GE-Phrase,271,149490,151803,2313,942,0.832,-190,-1371
149300,150432,1132,0,GE-Phase,hold,148742,149490,748,190,0.168,558,942
149300,150432,1132,0,GE-Phase,preparation,149490,150125,635,635,0.561,-190,307
149300,150432,1132,0,GE-Phase,stroke,150125,151219,1094,307,0.271,-825,-787
9631,12030,2399,0,GE-Phrase,205,9104,11228,2124,1597,0.666,527,802
9631,12030,2399,0,GE-Phrase,206,11228,13092,1864,802,0.334,-1597,-1062
9631,12030,2399,0,GE-Phase,preparation,9104,10503,1399,872,0.363,527,1527
9631,12030,2399,0,GE-Phase,stroke,10503,10898,395,395,0.165,-872,1132
9631,12030,2399,0,GE-Phase,retraction,10898,11228,330,330,0.138,-1267,802
9631,12030,2399,0,GE-Phase,preparation,11228,11616,388,388,0.162,-1597,414
9631,12030,2399,0,GE-Phase,stroke,11616,12216,600,414,0.173,-1985,-186
12030,13506,1476,0,GE-Phrase,206,11228,13092,1864,1062,0.72,802,414
12030,13506,1476,0,GE-Phrase,207,13092,14908,1816,414,0.28,-1062,-1402
12030,13506,1476,0,GE-Phase,stroke,11616,12216,600,186,0.126,414,1290
12030,13506,1476,0,GE-Phase,retraction,12216,13092,876,876,0.593,-186,414
12030,13506,1476,0,GE-Phase,preparation,13092,13708,616,414,0.28,-1062,-202
25187,26370,1183,0,GE-Phrase,212,23414,26572,3158,1183,1.0,1773,-202
25187,26370,1183,0,GE-Phase,stroke,23890,25250,1360,63,0.053,1297,1120
25187,26370,1183,0,GE-Phase,retraction,25250,26572,1322,1120,0.947,-63,-202
26370,27200,830,0,GE-Phrase,212,23414,26572,3158,202,0.243,2956,628
26370,27200,830,0,GE-Phrase,213,26572,28865,2293,628,0.757,-202,-1665
26370,27200,830,0,GE-Phase,retraction,25250,26572,1322,202,0.243,1120,628
26370,27200,830,0,GE-Phase,preparation,26572,27305,733,628,0.757,-202,-105
27200,28048,848,0,GE-Phrase,213,26572,28865,2293,848,1.0,628,-817
27200,28048,848,0,GE-Phase,preparation,26572,27305,733,105,0.124,628,743
27200,28048,848,0,GE-Phase,stroke,27305,28425,1120,743,0.876,-105,-377
28048,29000,952,0,GE-Phrase,213,26572,28865,2293,817,0.858,1476,135
28048,29000,952,0,GE-Phrase,214,28865,30267,1402,135,0.142,-817,-1267
28048,29000,952,0,GE-Phase,stroke,27305,28425,1120,377,0.396,743,575
28048,29000,952,0,GE-Phase,retraction,28425,28865,440,440,0.462,-377,135
28048,29000,952,0,GE-Phase,preparation,28865,29147,282,135,0.142,-817,-147
69250,70269,1019,0,GE-Phrase,233,69124,70078,954,828,0.813,126,191
69250,70269,1019,0,GE-Phrase,234,70078,71694,1616,191,0.187,-828,-1425
69250,70269,1019,0,GE-Phase,preparation,69124,69404,280,154,0.151,126,865
69250,70269,1019,0,GE-Phase,stroke,69404,70078,674,674,0.661,-154,191
69250,70269,1019,0,GE-Phase,preparation,70078,70626,548,191,0.187,-828,-357
123300,123678,378,0,GE-Phrase,261,123162,126484,3322,378,1.0,138,-2806
123300,123678,378,0,GE-Phase,preparation,123162,123543,381,243,0.643,138,135
123300,123678,378,0,GE-Phase,stroke,123543,125275,1732,135,0.357,-243,-1597
123678,123884,206,0,GE-Phrase,261,123162,126484,3322,206,1.0,516,-2600
123678,123884,206,0,GE-Phase,stroke,123543,125275,1732,206,1.0,135,-1391
123884,124760,876,0,GE-Phrase,261,123162,126484,3322,876,1.0,722,-1724
123884,124760,876,0,GE-Phase,stroke,123543,125275,1732,876,1.0,341,-515
124760,125900,1140,0,GE-Phrase,261,123162,126484,3322,1140,1.0,1598,-584
124760,125900,1140,0,GE-Phase,stroke,123543,125275,1732,515,0.452,1217,625
124760,125900,1140,0,GE-Phase,retraction,125275,126484,1209,625,0.548,-515,-584
125900,127426,1526,0,GE-Phrase,261,123162,126484,3322,584,0.383,2738,942
125900,127426,1526,0,GE-Phase,retraction,125275,126484,1209,584,0.383,625,942
131400,132715,1315,0,GE-Phrase,262,128821,132202,3381,802,0.61,2579,513
131400,132715,1315,0,GE-Phrase,263,132202,134077,1875,513,0.39,-802,-1362
131400,132715,1315,0,GE-Phase,stroke,131270,132202,932,802,0.61,130,513
131400,132715,1315,0,GE-Phase,preparation,132202,132712,510,510,0.388,-802,3
131400,132715,1315,0,GE-Phase,stroke,132712,133300,588,3,0.002,-1312,-585
132715,134762,2047,0,GE-Phrase,263,132202,134077,1875,1362,0.665,513,685
132715,134762,2047,0,GE-Phrase,264,134077,135782,1705,685,0.335,-1362,-1020
132715,134762,2047,0,GE-Phase,stroke,132712,133300,588,585,0.286,3,1462
132715,134762,2047,0,GE-Phase,retraction,133300,134077,777,777,0.38,-585,685
132715,134762,2047,0,GE-Phase,preparation,134077,134927,850,685,0.335,-1362,-165
136371,137155,784,0,GE-Phrase,265,135782,138288,2506,784,1.0,589,-1133
136371,137155,784,0,GE-Phase,preparation,135782,136557,775,186,0.237,589,598
136371,137155,784,0,GE-Phase,stroke,136557,137175,618,598,0.763,-186,-20
137155,137394,239,0,GE-Phrase,265,135782,138288,2506,239,1.0,1373,-894
137155,137394,239,0,GE-Phase,stroke,136557,137175,618,20,0.084,598,219
137155,137394,239,0,GE-Phase,retraction,137175,138288,1113,219,0.916,-20,-894
141050,143026,1976,0,GE-Phrase,266,138288,141167,2879,117,0.059,2762,1859
141050,143026,1976,0,GE-Phrase,267,141167,142467,1300,1300,0.658,-117,559
141050,143026,1976,0,GE-Phrase,268,142467,145380,2913,559,0.283,-1417,-2354
141050,143026,1976,0,GE-Phase,stroke,139895,141167,1272,117,0.059,1155,1859
141050,143026,1976,0,GE-Phase,stroke,141167,142045,878,878,0.444,-117,981
141050,143026,1976,0,GE-Phase,hold,142045,142467,422,422,0.214,-995,559
141050,143026,1976,0,GE-Phase,preparation,142467,143704,1237,559,0.283,-1417,-678
149300,150432,1132,0,GE-Phrase,270,147413,149490,2077,190,0.168,1887,942
149300,150432,1132,0,GE-Phrase,271,149490,151803,2313,942,0.832,-190,-1371
149300,150432,1132,0,GE-Phase,hold,148742,149490,748,190,0.168,558,942
149300,150432,1132,0,GE-Phase,preparation,149490,150125,635,635,0.561,-190,307
149300,150432,1132,0,GE-Phase,stroke,150125,151219,1094,307,0.271,-825,-787
9631,12030,2399,0,GE-Phrase,205,9104,11228,2124,1597,0.666,527,802
9631,12030,2399,0,GE-Phrase,206,11228,13092,1864,802,0.334,-1597,-1062
9631,12030,2399,0,GE-Phase,preparation,9104,10503,1399,872,0.363,527,1527
9631,12030,2399,0,GE-Phase,stroke,10503,10898,395,395,0.165,-872,1132
9631,12030,2399,0,GE-Phase,retraction,10898,11228,330,330,0.138,-1267,802
9631,12030,2399,0,GE-Phase,preparation,11228,11616,388,388,0.162,-1597,414
9631,12030,2399,0,GE-Phase,stroke,11616,12216,600,414,0.173,-1985,-186
12030,13506,1476,0,GE-Phrase,206,11228,13092,1864,1062,0.72,802,414
12030,13506,1476,0,GE-Phrase,207,13092,14908,1816,414,0.28,-1062,-1402
12030,13506,1476,0,GE-Phase,stroke,11616,12216,600,186,0.126,414,1290
12030,13506,1476,0,GE-Phase,retraction,12216,13092,876,876,0.593,-186,414
12030,13506,1476,0,GE-Phase,preparation,13092,13708,616,414,0.28,-1062,-202
25187,26370,1183,0,GE-Phrase,212,23414,26572,3158,1183,1.0,1773,-202
25187,26370,1183,0,GE-Phase,stroke,23890,25250,1360,63,0.053,1297,1120
25187,26370,1183,0,GE-Phase,retraction,25250,26572,1322,1120,0.947,-63,-202
26370,27200,830,0,GE-Phrase,212,23414,26572,3158,202,0.243,2956,628
26370,27200,830,0,GE-Phrase,213,26572,28865,2293,628,0.757,-202,-1665
26370,27200,830,0,GE-Phase,retraction,25250,26572,1322,202,0.243,1120,628
26370,27200,830,0,GE-Phase,preparation,26572,27305,733,628,0.757,-202,-105
27200,28048,848,0,GE-Phrase,213,26572,28865,2293,848,1.0,628,-817
27200,28048,848,0,GE-Phase,preparation,26572,27305,733,105,0.124,628,743
27200,28048,848,0,GE-Phase,stroke,27305,28425,1120,743,0.876,-105,-377
28048,29000,952,0,GE-Phrase,213,26572,28865,2293,817,0.858,1476,135
28048,29000,952,0,GE-Phrase,214,28865,30267,1402,135,0.142,-817,-1267
28048,29000,952,0,GE-Phase,stroke,27305,28425,1120,377,0.396,743,575
28048,29000,952,0,GE-Phase,retraction,28425,28865,440,440,0.462,-377,135
28048,29000,952,0,GE-Phase,preparation,28865,29147,282,135,0.142,-817,-147
69250,70269,1019,0,GE-Phrase,233,69124,70078,954,828,0.813,126,191
69250,70269,1019,0,GE-Phrase,234,70078,71694,1616,191,0.187,-828,-1425
69250,70269,1019,0,GE-Phase,preparation,69124,69404,280,154,0.151,126,865
69250,70269,1019,0,GE-Phase,stroke,69404,70078,674,674,0.661,-154,191
69250,70269,1019,0,GE-Phase,preparation,70078,70626,548,191,0.187,-828,-357
123300,123678,378,0,GE-Phrase,261,123162,126484,3322,378,1.0,138,-2806
123300,123678,378,0,GE-Phase,preparation,123162,123543,381,243,0.643,138,135
123300,123678,378,0,GE-Phase,stroke,123543,125275,1732,135,0.357,-243,-1597
123678,123884,206,0,GE-Phrase,261,123162,126484,3322,206,1.0,516,-2600
123678,123884,206,0,GE-Phase,stroke,123543,125275,1732,206,1.0,135,-1391
123884,124760,876,0,GE-Phrase,261,123162,126484,3322,876,1.0,722,-1724
123884,124760,876,0,GE-Phase,stroke,123543,125275,1732,876,1.0,341,-515
124760,125900,1140,0,GE-Phrase,261,123162,126484,3322,1140,1.0,1598,-584
124760,125900,1140,0,GE-Phase,stroke,123543,125275,1732,515,0.452,1217,625
124760,125900,1140,0,GE-Phase,retraction,125275,126484,1209,625,0.548,-515,-584
125900,127426,1526,0,GE-Phrase,261,123162,126484,3322,584,0.383,2738,942
125900,127426,1526,0,GE-Phase,retraction,125275,126484,1209,584,0.383,625,942
131400,132715,1315,0,GE-Phrase,262,128821,132202,3381,802,0.61,2579,513
131400,132715,1315,0,GE-Phrase,263,132202,134077,1875,513,0.39,-802,-1362
131400,132715,1315,0,GE-Phase,stroke,131270,132202,932,802,0.61,130,513
131400,132715,1315,0,GE-Phase,preparation,132202,132712,510,510,0.388,-802,3
131400,132715,1315,0,GE-Phase,stroke,132712,133300,588,3,0.002,-1312,-585
132715,134762,2047,0,GE-Phrase,263,132202,134077,1875,1362,0.665,513,685
132715,134762,2047,0,GE-Phrase,264,134077,135782,1705,685,0.335,-1362,-1020
132715,134762,2047,0,GE-Phase,stroke,132712,133300,588,585,0.286,3,1462
132715,134762,2047,0,GE-Phase,retraction,133300,134077,777,777,0.38,-585,685
132715,134762,2047,0,GE-Phase,preparation,134077,134927,850,685,0.335,-1362,-165
136371,137155,784,0,GE-Phrase,265,135782,138288,2506,784,1.0,589,-1133
136371,137155,784,0,GE-Phase,preparation,135782,136557,775,186,0.237,589,598
136371,137155,784,0,GE-Phase,stroke,136557,137175,618,598,0.763,-186,-20
137155,137394,239,0,GE-Phrase,265,135782,138288,2506,239,1.0,1373,-894
137155,137394,239,0,GE-Phase,stroke,136557,137175,618,20,0.084,598,219
137155,137394,239,0,GE-Phase,retraction,137175,138288,1113,219,0.916,-20,-894
141050,143026,1976,0,GE-Phrase,266,138288,141167,2879,117,0.059,2762,1859
141050,143026,1976,0,GE-Phrase,267,141167,142467,1300,1300,0.658,-117,559
141050,143026,1976,0,GE-Phrase,268,142467,145380,2913,559,0.283,-1417,-2354
141050,143026,1976,0,GE-Phase,stroke,139895,141167,1272,117,0.059,1155,1859
141050,143026,1976,0,GE-Phase,stroke,141167,142045,878,878,0.444,-117,981
141050,143026,1976,0,GE-Phase,hold,142045,142467,422,422,0.214,-995,559
141050,143026,1976,0,GE-Phase,preparation,142467,143704,1237,559,0.283,-1417,-678
149300,150432,1132,0,GE-Phrase,270,147413,149490,2077,190,0.168,1887,942
149300,150432,1132,0,GE-Phrase,271,149490,151803,2313,942,0.832,-190,-1371
149300,150432,1132,0,GE-Phase,hold,148742,149490,748,190,0.168,558,942
149300,150432,1132,0,GE-Phase,preparation,149490,150125,635,635,0.561,-190,307
149300,150432,1132,0,GE-Phase,stroke,150125,151219,1094,307,0.271,-825,-787
9631,12030,2399,0,GE-Phrase,205,9104,11228,2124,1597,0.666,527,802
9631,12030,2399,0,GE-Phrase,206,11228,13092,1864,802,0.334,-1597,-1062
9631,12030,2399,0,GE-Phase,preparation,9104,10503,1399,872,0.363,527,1527
9631,12030,2399,0,GE-Phase,stroke,10503,10898,395,395,0.165,-872,1132
9631,12030,2399,0,GE-Phase,retraction,10898,11228,330,330,0.138,-1267,802
9631,12030,2399,0,GE-Phase,preparation,11228,11616,388,388,0.162,-1597,414
9631,12030,2399,0,GE-Phase,stroke,11616,12216,600,414,0.173,-1985,-186
12030,13506,1476,0,GE-Phrase,206,11228,13092,1864,1062,0.72,802,414
12030,13506,1476,0,GE-Phrase,207,13092,14908,1816,414,0.28,-1062,-1402
12030,13506,1476,0,GE-Phase,stroke,11616,12216,600,186,0.126,414,1290
12030,13506,1476,0,GE-Phase,retraction,12216,13092,876,876,0.593,-186,414
12030,13506,1476,0,GE-Phase,preparation,13092,13708,616,414,0.28,-1062,-202
25187,26370,1183,0,GE-Phrase,212,23414,26572,3158,1183,1.0,1773,-202
25187,26370,1183,0,GE-Phase,stroke,23890,25250,1360,63,0.053,1297,1120
25187,26370,1183,0,GE-Phase,retraction,25250,26572,1322,1120,0.947,-63,-202
26370,27200,830,0,GE-Phrase,212,23414,26572,3158,202,0.243,2956,628
26370,27200,830,0,GE-Phrase,213,26572,28865,2293,628,0.757,-202,-1665
26370,27200,830,0,GE-Phase,retraction,25250,26572,1322,202,0.243,1120,628
26370,27200,830,0,GE-Phase,preparation,26572,27305,733,628,0.757,-202,-105
27200,28048,848,0,GE-Phrase,213,26572,28865,2293,848,1.0,628,-817
27200,28048,848,0,GE-Phase,preparation,26572,27305,733,105,0.124,628,743
27200,28048,848,0,GE-Phase,stroke,27305,28425,1120,743,0.876,-105,-377
28048,29000,952,0,GE-Phrase,213,26572,28865,2293,817,0.858,1476,135
28048,29000,952,0,GE-Phrase,214,28865,30267,1402,135,0.142,-817,-1267
28048,29000,952,0,GE-Phase,stroke,27305,28425,1120,377,0.396,743,575
28048,29000,952,0,GE-Phase,retraction,28425,28865,440,440,0.462,-377,135
28048,29000,952,0,GE-Phase,preparation,28865,29147,282,135,0.142,-817,-147
69250,70269,1019,0,GE-Phrase,233,69124,70078,954,828,0.813,126,191
69250,70269,1019,0,GE-Phrase,234,70078,71694,1616,191,0.187,-828,-1425
69250,70269,1019,0,GE-Phase,preparation,69124,69404,280,154,0.151,126,865
69250,70269,1019,0,GE-Phase,stroke,69404,70078,674,674,0.661,-154,191
69250,70269,1019,0,GE-Phase,preparation,70078,70626,548,191,0.187,-828,-357
123300,123678,378,0,GE-Phrase,261,123162,126484,3322,378,1.0,138,-2806
123300,123678,378,0,GE-Phase,preparation,123162,123543,381,243,0.643,138,135
123300,123678,378,0,GE-Phase,stroke,123543,125275,1732,135,0.357,-243,-1597
123678,123884,206,0,GE-Phrase,261,123162,126484,3322,206,1.0,516,-2600
123678,123884,206,0,GE-Phase,stroke,123543,125275,1732,206,1.0,135,-1391
123884,124760,876,0,GE-Phrase,261,123162,126484,3322,876,1.0,722,-1724
123884,124760,876,0,GE-Phase,stroke,123543,125275,1732,876,1.0,341,-515
124760,125900,1140,0,GE-Phrase,261,123162,126484,3322,1140,1.0,1598,-584
124760,125900,1140,0,GE-Phase,stroke,123543,125275,1732,515,0.452,1217,625
124760,125900,1140,0,GE-Phase,retraction,125275,126484,1209,625,0.548,-515,-584
125900,127426,1526,0,GE-Phrase,261,123162,126484,3322,584,0.383,2738,942
125900,127426,1526,0,GE-Phase,retraction,125275,126484,1209,584,0.383,625,942
131400,132715,1315,0,GE-Phrase,262,128821,132202,3381,802,0.61,2579,513
131400,132715,1315,0,GE-Phrase,263,132202,134077,1875,513,0.39,-802,-1362
131400,132715,1315,0,GE-Phase,stroke,131270,132202,932,802,0.61,130,513
131400,132715,1315,0,GE-Phase,preparation,132202,132712,510,510,0.388,-802,3
131400,132715,1315,0,GE-Phase,stroke,132712,133300,588,3,0.002,-1312,-585
132715,134762,2047,0,GE-Phrase,263,132202,134077,1875,1362,0.665,513,685
132715,134762,2047,0,GE-Phrase,264,134077,135782,1705,685,0.335,-1362,-1020
132715,134762,2047,0,GE-Phase,stroke,132712,133300,588,585,0.286,3,1462
132715,134762,2047,0,GE-Phase,retraction,133300,134077,777,777,0.38,-585,685
132715,134762,2047,0,GE-Phase,preparation,134077,134927,850,685,0.335,-1362,-165
136371,137155,784,0,GE-Phrase,265,135782,138288,2506,784,1.0,589,-1133
136371,137155,784,0,GE-Phase,preparation,135782,136557,775,186,0.237,589,598
136371,137155,784,0,GE-Phase,stroke,136557,137175,618,598,0.763,-186,-20
137155,137394,239,0,GE-Phrase,265,135782,138288,2506,239,1.0,1373,-894
137155,137394,239,0,GE-Phase,stroke,136557,137175,618,20,0.084,598,219
137155,137394,239,0,GE-Phase,retraction,137175,138288,1113,219,0.916,-20,-894
141050,143026,1976,0,GE-Phrase,266,138288,141167,2879,117,0.059,2762,1859
141050,143026,1976,0,GE-Phrase,267,141167,142467,1300,1300,0.658,-117,559
141050,143026,1976,0,GE-Phrase,268,142467,145380,2913,559,0.283,-1417,-2354
141050,143026,1976,0,GE-Phase,stroke,139895,141167,1272,117,0.059,1155,1859
141050,143026,1976,0,GE-Phase,stroke,141167,142045,878,878,0.444,-117,981
141050,143026,1976,0,GE-Phase,hold,142045,142467,422,422,0.214,-995,559
141050,143026,1976,0,GE-Phase,preparation,142467,143704,1237,559,0.283,-1417,-678
149300,150432,1132,0,GE-Phrase,270,147413,149490,2077,190,0.168,1887,942
149300,150432,1132,0,GE-Phrase,271,149490,151803,2313,942,0.832,-190,-1371
149300,150432,1132,0,GE-Phase,hold,148742,149490,748,190,0.168,558,942
149300,150432,1132,0,GE-Phase,preparation,149490,150125,635,635,0.561,-190,307
149300,150432,1132,0,GE-Phase,stroke,150125,151219,1094,307,0.271,-825,-787
9631,12030,2399,0,GE-Phrase,205,9104,11228,2124,1597,0.666,527,802
9631,12030,2399,0,GE-Phrase,206,11228,13092,1864,802,0.334,-1597,-1062
9631,12030,2399,0,GE-Phase,preparation,9104,10503,1399,872,0.363,527,1527
9631,12030,2399,0,GE-Phase,stroke,10503,10898,395,395,0.165,-872,1132
9631,12030,2399,0,GE-Phase,retraction,10898,11228,330,330,0.138,-1267,802
9631,12030,2399,0,GE-Phase,preparation,11228,11616,388,388,0.162,-1597,414
9631,12030,2399,0,GE-Phase,stroke,11616,12216,600,414,0.173,-1985,-186
12030,13506,1476,0,GE-Phrase,206,11228,13092,1864,1062,0.72,802,414
12030,13506,1476,0,GE-Phrase,207,13092,14908,1816,414,0.28,-1062,-1402
12030,13506,1476,0,GE-Phase,stroke,11616,12216,600,186,0.126,414,1290
12030,13506,1476,0,GE-Phase,retraction,12216,13092,876,876,0.593,-186,414
12030,13506,1476,0,GE-Phase,preparation,13092,13708,616,414,0.28,-1062,-202
25187,26370,1183,0,GE-Phrase,212,23414,26572,3158,1183,1.0,1773,-202
25187,26370,1183,0,GE-Phase,stroke,23890,25250,1360,63,0.053,1297,1120
25187,26370,1183,0,GE-Phase,retraction,25250,26572,1322,1120,0.947,-63,-202
26370,27200,830,0,GE-Phrase,212,23414,26572,3158,202,0.243,2956,628
26370,27200,830,0,GE-Phrase,213,26572,28865,2293,628,0.757,-202,-1665
26370,27200,830,0,GE-Phase,retraction,25250,26572,1322,202,0.243,1120,628
26370,27200,830,0,GE-Phase,preparation,26572,27305,733,628,0.757,-202,-105
27200,28048,848,0,GE-Phrase,213,26572,28865,2293,848,1.0,628,-817
27200,28048,848,0,GE-Phase,preparation,26572,27305,733,105,0.124,628,743
27200,28048,848,0,GE-Phase,stroke,27305,28425,1120,743,0.876,-105,-377
28048,29000,952,0,GE-Phrase,213,26572,28865,2293,817,0.858,1476,135
28048,29000,952,0,GE-Phrase,214,28865,30267,1402,135,0.142,-817,-1267
28048,29000,952,0,GE-Phase,stroke,27305,28425,1120,377,0.396,743,575
28048,29000,952,0,GE-Phase,retraction,28425,28865,440,440,0.462,-377,135
28048,29000,952,0,GE-Phase,preparation,28865,29147,282,135,0.142,-817,-147
69250,70269,1019,0,GE-Phrase,233,69124,70078,954,828,0.813,126,191
69250,70269,1019,0,GE-Phrase,234,70078,71694,1616,191,0.187,-828,-1425
69250,70269,1019,0,GE-Phase,preparation,69124,69404,280,154,0.151,126,865
69250,70269,1019,0,GE-Phase,stroke,69404,70078,674,674,0.661,-154,191
69250,70269,1019,0,GE-Phase,preparation,70078,70626,548,191,0.187,-828,-357
123300,123678,378,0,GE-Phrase,261,123162,126484,3322,378,1.0,138,-2806
123300,123678,378,0,GE-Phase,preparation,123162,123543,381,243,0.643,138,135
123300,123678,378,0,GE-Phase,stroke,123543,125275,1732,135,0.357,-243,-1597
123678,123884,206,0,GE-Phrase,261,123162,126484,3322,206,1.0,516,-2600
123678,123884,206,0,GE-Phase,stroke,123543,125275,1732,206,1.0,135,-1391
123884,124760,876,0,GE-Phrase,261,123162,126484,3322,876,1.0,722,-1724
123884,124760,876,0,GE-Phase,stroke,123543,125275,1732,876,1.0,341,-515
124760,125900,1140,0,GE-Phrase,261,123162,126484,3322,1140,1.0,1598,-584
124760,125900,1140,0,GE-Phase,stroke,123543,125275,1732,515,0.452,1217,625
124760,125900,1140,0,GE-Phase,retraction,125275,126484,1209,625,0.548,-515,-584
125900,127426,1526,0,GE-Phrase,261,123162,126484,3322,584,0.383,2738,942
125900,127426,1526,0,GE-Phase,retraction,125275,126484,1209,584,0.383,625,942
131400,132715,1315,0,GE-Phrase,262,128821,132202,3381,802,0.61,2579,513
131400,132715,1315,0,GE-Phrase,263,132202,134077,1875,513,0.39,-802,-1362
131400,132715,1315,0,GE-Phase,stroke,131270,132202,932,802,0.61,130,513
131400,132715,1315,0,GE-Phase,preparation,132202,132712,510,510,0.388,-802,3
131400,132715,1315,0,GE-Phase,stroke,132712,133300,588,3,0.002,-1312,-585
132715,134762,2047,0,GE-Phrase,263,132202,134077,1875,1362,0.665,513,685
132715,134762,2047,0,GE-Phrase,264,134077,135782,1705,685,0.335,-1362,-1020
132715,134762,2047,0,GE-Phase,stroke,132712,133300,588,585,0.286,3,1462
132715,134762,2047,0,GE-Phase,retraction,133300,134077,777,777,0.38,-585,685
132715,134762,2047,0,GE-Phase,preparation,134077,134927,850,685,0.335,-1362,-165
136371,137155,784,0,GE-Phrase,265,135782,138288,2506,784,1.0,589,-1133
136371,137155,784,0,GE-Phase,preparation,135782,136557,775,186,0.237,589,598
136371,137155,784,0,GE-Phase,stroke,136557,137175,618,598,0.763,-186,-20
137155,137394,239,0,GE-Phrase,265,135782,138288,2506,239,1.0,1373,-894
137155,137394,239,0,GE-Phase,stroke,136557,137175,618,20,0.084,598,219
137155,137394,239,0,GE-Phase,retraction,137175,138288,1113,219,0.916,-20,-894
141050,143026,1976,0,GE-Phrase,266,138288,141167,2879,117,0.059,2762,1859
141050,143026,1976,0,GE-Phrase,267,141167,142467,1300,1300,0.658,-117,559
141050,143026,1976,0,GE-Phrase,268,142467,145380,2913,559,0.283,-1417,-2354
141050,143026,1976,0,GE-Phase,stroke,139895,141167,1272,117,0.059,1155,1859
141050,143026,1976,0,GE-Phase,stroke,141167,142045,878,878,0.444,-117,981
141050,143026,1976,0,GE-Phase,hold,142045,142467,422,422,0.214,-995,559
141050,143026,1976,0,GE-Phase,preparation,142467,143704,1237,559,0.283,-1417,-678
149300,150432,1132,0,GE-Phrase,270,147413,149490,2077,190,0.168,1887,942
149300,150432,1132,0,GE-Phrase,271,149490,151803,2313,942,0.832,-190,-1371
149300,150432,1132,0,GE-Phase,hold,148742,149490,748,190,0.168,558,942
149300,150432,1132,0,GE-Phase,preparation,149490,150125,635,635,0.561,-190,307
149300,150432,1132,0,GE-Phase,stroke,150125,151219,1094,307,0.271,-825,-787
9631,12030,2399,0,GE-Phrase,205,9104,11228,2124,1597,0.666,527,802
9631,12030,2399,0,GE-Phrase,206,11228,13092,1864,802,0.334,-1597,-1062
9631,12030,2399,0,GE-Phase,preparation,9104,10503,1399,872,0.363,527,1527
9631,12030,2399,0,GE-Phase,stroke,10503,10898,395,395,0.165,-872,1132
9631,12030,2399,0,GE-Phase,retraction,10898,11228,330,330,0.138,-1267,802
9631,12030,2399,0,GE-Phase,preparation,11228,11616,388,388,0.162,-1597,414
9631,12030,2399,0,GE-Phase,stroke,11616,12216,600,414,0.173,-1985,-186
12030,13506,1476,0,GE-Phrase,206,11228,13092,1864,1062,0.72,802,414
12030,13506,1476,0,GE-Phrase,207,13092,14908,1816,414,0.28,-1062,-1402
12030,13506,1476,0,GE-Phase,stroke,11616,12216,600,186,0.126,414,1290
12030,13506,1476,0,GE-Phase,retraction,12216,13092,876,876,0.593,-186,414
12030,13506,1476,0,GE-Phase,preparation,13092,13708,616,414,0.28,-1062,-202
25187,26370,1183,0,GE-Phrase,212,23414,26572,3158,1183,1.0,1773,-202
25187,26370,1183,0,GE-Phase,stroke,23890,25250,1360,63,0.053,1297,1120
25187,26370,1183,0,GE-Phase,retraction,25250,26572,1322,1120,0.947,-63,-202
26370,27200,830,0,GE-Phrase,212,23414,26572,3158,202,0.243,2956,628
26370,27200,830,0,GE-Phrase,213,26572,28865,2293,628,0.757,-202,-1665
26370,27200,830,0,GE-Phase,retraction,25250,26572,1322,202,0.243,1120,628
26370,27200,830,0,GE-Phase,preparation,26572,27305,733,628,0.757,-202,-105
27200,28048,848,0,GE-Phrase,213,26572,28865,2293,848,1.0,628,-817
27200,28048,848,0,GE-Phase,preparation,26572,27305,733,105,0.124,628,743
27200,28048,848,0,GE-Phase,stroke,27305,28425,1120,743,0.876,-105,-377
28048,29000,952,0,GE-Phrase,213,26572,28865,2293,817,0.858,1476,135
28048,29000,952,0,GE-Phrase,214,28865,30267,1402,135,0.142,-817,-1267
28048,29000,952,0,GE-Phase,stroke,27305,28425,1120,377,0.396,743,575
28048,29000,952,0,GE-Phase,retraction,28425,28865,440,440,0.462,-377,135
28048,29000,952,0,GE-Phase,preparation,28865,29147,282,135,0.142,-817,-147
69250,70269,1019,0,GE-Phrase,233,69124,70078,954,828,0.813,126,191
69250,70269,1019,0,GE-Phrase,234,70078,71694,1616,191,0.187,-828,-1425
69250,70269,1019,0,GE-Phase,preparation,69124,69404,280,154,0.151,126,865
69250,70269,1019,0,GE-Phase,stroke,69404,70078,674,674,0.661,-154,191
69250,70269,1019,0,GE-Phase,preparation,70078,70626,548,191,0.187,-828,-357
123300,123678,378,0,GE-Phrase,261,123162,126484,3322,378,1.0,138,-2806
123300,123678,378,0,GE-Phase,preparation,123162,123543,381,243,0.643,138,135
123300,123678,378,0,GE-Phase,stroke,123543,125275,1732,135,0.357,-243,-1597
123678,123884,206,0,GE-Phrase,261,123162,126484,3322,206,1.0,516,-2600
123678,123884,206,0,GE-Phase,stroke,123543,125275,1732,206,1.0,135,-1391
123884,124760,876,0,GE-Phrase,261,123162,126484,3322,876,1.0,722,-1724
123884,124760,876,0,GE-Phase,stroke,123543,125275,1732,876,1.0,341,-515
124760,125900,1140,0,GE-Phrase,261,123162,126484,3322,1140,1.0,1598,-584
124760,125900,1140,0,GE-Phase,stroke,123543,125275,1732,515,0.452,1217,625
124760,125900,1140,0,GE-Phase,retraction,125275,126484,1209,625,0.548,-515,-584
125900,127426,1526,0,GE-Phrase,261,123162,126484,3322,584,0.383,2738,942
125900,127426,1526,0,GE-Phase,retraction,125275,126484,1209,584,0.383,625,942
131400,132715,1315,0,GE-Phrase,262,128821,132202,3381,802,0.61,2579,513
131400,132715,1315,0,GE-Phrase,263,132202,134077,1875,513,0.39,-802,-1362
131400,132715,1315,0,GE-Phase,stroke,131270,132202,932,802,0.61,130,513
131400,132715,1315,0,GE-Phase,preparation,132202,132712,510,510,0.388,-802,3
131400,132715,1315,0,GE-Phase,stroke,132712,133300,588,3,0.002,-1312,-585
132715,134762,2047,0,GE-Phrase,263,132202,134077,1875,1362,0.665,513,685
132715,134762,2047,0,GE-Phrase,264,134077,135782,1705,685,0.335,-1362,-1020
132715,134762,2047,0,GE-Phase,stroke,132712,133300,588,585,0.286,3,1462
132715,134762,2047,0,GE-Phase,retraction,133300,134077,777,777,0.38,-585,685
132715,134762,2047,0,GE-Phase,preparation,134077,134927,850,685,0.335,-1362,-165
136371,137155,784,0,GE-Phrase,265,135782,138288,2506,784,1.0,589,-1133
136371,137155,784,0,GE-Phase,preparation,135782,136557,775,186,0.237,589,598
136371,137155,784,0,GE-Phase,stroke,136557,137175,618,598,0.763,-186,-20
137155,137394,239,0,GE-Phrase,265,135782,138288,2506,239,1.0,1373,-894
137155,137394,239,0,GE-Phase,stroke,136557,137175,618,20,0.084,598,219
137155,137394,239,0,GE-Phase,retraction,137175,138288,1113,219,0.916,-20,-894
141050,143026,1976,0,GE-Phrase,266,138288,141167,2879,117,0.059,2762,1859
141050,143026,1976,0,GE-Phrase,267,141167,142467,1300,1300,0.658,-117,559
141050,143026,1976,0,GE-Phrase,268,142467,145380,2913,559,0.283,-1417,-2354
141050,143026,1976,0,GE-Phase,stroke,139895,141167,1272,117,0.059,1155,1859
141050,143026,1976,0,GE-Phase,stroke,141167,142045,878,878,0.444,-117,981
141050,143026,1976,0,GE-Phase,hold,142045,142467,422,422,0.214,-995,559
141050,143026,1976,0,GE-Phase,preparation,142467,143704,1237,559,0.283,-1417,-678
149300,150432,1132,0,GE-Phrase,270,147413,149490,2077,190,0.168,1887,942
149300,150432,1132,0,GE-Phrase,271,149490,151803,2313,942,0.832,-190,-1371
149300,150432,1132,0,GE-Phase,hold,148742,149490,748,190,0.168,558,942
149300,150432,1132,0,GE-Phase,preparation,149490,150125,635,635,0.561,-190,307
149300,150432,1132,0,GE-Phase,stroke,150125,151219,1094,307,0.271,-825,-787
9631,12030,2399,0,GE-Phrase,205,9104,11228,2124,1597,0.666,527,802
9631,12030,2399,0,GE-Phrase,206,11228,13092,1864,802,0.334,-1597,-1062
9631,12030,2399,0,GE-Phase,preparation,9104,10503,1399,872,0.363,527,1527
9631,12030,2399,0,GE-Phase,stroke,10503,10898,395,395,0.165,-872,1132
9631,12030,2399,0,GE-Phase,retraction,10898,11228,330,330,0.138,-1267,802
9631,12030,2399,0,GE-Phase,preparation,11228,11616,388,388,0.162,-1597,414
9631,12030,2399,0,GE-Phase,stroke,11616,12216,600,414,0.173,-1985,-186
12030,13506,1476,0,GE-Phrase,206,11228,13092,1864,1062,0.72,802,414
12030,13506,1476,0,GE-Phrase,207,13092,14908,1816,414,0.28,-1062,-1402
12030,13506,1476,0,GE-Phase,stroke,11616,12216,600,186,0.126,414,1290
12030,13506,1476,0,GE-Phase,retraction,12216,13092,876,876,0.593,-186,414
12030,13506,1476,0,GE-Phase,preparation,13092,13708,616,414,0.28,-1062,-202
25187,26370,1183,0,GE-Phrase,212,23414,26572,3158,1183,1.0,1773,-202
25187,26370,1183,0,GE-Phase,stroke,23890,25250,1360,63,0.053,1297,1120
25187,26370,1183,0,GE-Phase,retraction,25250,26572,1322,1120,0.947,-63,-202
26370,27200,830,0,GE-Phrase,212,23414,26572,3158,202,0.243,2956,628
26370,27200,830,0,GE-Phrase,213,26572,28865,2293,628,0.757,-202,-1665
26370,27200,830,0,GE-Phase,retraction,25250,26572,1322,202,0.243,1120,628
26370,27200,830,0,GE-Phase,preparation,26572,27305,733,628,0.757,-202,-105
27200,28048,848,0,GE-Phrase,213,26572,28865,2293,848,1.0,628,-817
27200,28048,848,0,GE-Phase,preparation,26572,27305,733,105,0.124,628,743
27200,28048,848,0,GE-Phase,stroke,27305,28425,1120,743,0.876,-105,-377
28048,29000,952,0,GE-Phrase,213,26572,28865,2293,817,0.858,1476,135
28048,29000,952,0,GE-Phrase,214,28865,30267,1402,135,0.142,-817,-1267
28048,29000,952,0,GE-Phase,stroke,27305,28425,1120,377,0.396,743,575
28048,29000,952,0,GE-Phase,retraction,28425,28865,440,440,0.462,-377,135
28048,29000,952,0,GE-Phase,preparation,28865,29147,282,135,0.142,-817,-147
69250,70269,1019,0,GE-Phrase,233,69124,70078,954,828,0.813,126,191
69250,70269,1019,0,GE-Phrase,234,70078,71694,1616,191,0.187,-828,-1425
69250,70269,1019,0,GE-Phase,preparation,69124,69404,280,154,0.151,126,865
69250,70269,1019,0,GE-Phase,stroke,69404,70078,674,674,0.661,-154,191
69250,70269,1019,0,GE-Phase,preparation,70078,70626,548,191,0.187,-828,-357
123300,123678,378,0,GE-Phrase,261,123162,126484,3322,378,1.0,138,-2806
123300,123678,378,0,GE-Phase,preparation,123162,123543,381,243,0.643,138,135
123300,123678,378,0,GE-Phase,stroke,123543,125275,1732,135,0.357,-243,-1597
123678,123884,206,0,GE-Phrase,261,123162,126484,3322,206,1.0,516,-2600
123678,123884,206,0,GE-Phase,stroke,123543,125275,1732,206,1.0,135,-1391
123884,124760,876,0,GE-Phrase,261,123162,126484,3322,876,1.0,722,-1724
123884,124760,876,0,GE-Phase,stroke,123543,125275,1732,876,1.0,341,-515
124760,125900,1140,0,GE-Phrase,261,123162,126484,3322,1140,1.0,1598,-584
124760,125900,1140,0,GE-Phase,stroke,123543,125275,1732,515,0.452,1217,625
124760,125900,1140,0,GE-Phase,retraction,125275,126484,1209,625,0.548,-515,-584
125900,127426,1526,0,GE-Phrase,261,123162,126484,3322,584,0.383,2738,942
125900,127426,1526,0,GE-Phase,retraction,125275,126484,1209,584,0.383,625,942
131400,132715,1315,0,GE-Phrase,262,128821,132202,3381,802,0.61,2579,513
131400,132715,1315,0,GE-Phrase,263,132202,134077,1875,513,0.39,-802,-1362
131400,132715,1315,0,GE-Phase,stroke,131270,132202,932,802,0.61,130,513
131400,132715,1315,0,GE-Phase,preparation,132202,132712,510,510,0.388,-802,3
131400,132715,1315,0,GE-Phase,stroke,132712,133300,588,3,0.002,-1312,-585
132715,134762,2047,0,GE-Phrase,263,132202,134077,1875,1362,0.665,513,685
132715,134762,2047,0,GE-Phrase,264,134077,135782,1705,685,0.335,-1362,-1020
132715,134762,2047,0,GE-Phase,stroke,132712,133300,588,585,0.286,3,1462
132715,134762,2047,0,GE-Phase,retraction,133300,134077,777,777,0.38,-585,685
132715,134762,2047,0,GE-Phase,preparation,134077,134927,850,685,0.335,-1362,-165
136371,137155,784,0,GE-Phrase,265,135782,138288,2506,784,1.0,589,-1133
136371,137155,784,0,GE-Phase,preparation,135782,136557,775,186,0.237,589,598
136371,137155,784,0,GE-Phase,stroke,136557,137175,618,598,0.763,-186,-20
137155,137394,239,0,GE-Phrase,265,135782,138288,2506,239,1.0,1373,-894
137155,137394,239,0,GE-Phase,stroke,136557,137175,618,20,0.084,598,219
137155,137394,239,0,GE-Phase,retraction,137175,138288,1113,219,0.916,-20,-894
141050,143026,1976,0,GE-Phrase,266,138288,141167,2879,117,0.059,2762,1859
141050,143026,1976,0,GE-Phrase,267,141167,142467,1300,1300,0.658,-117,559
141050,143026,1976,0,GE-Phrase,268,142467,145380,2913,559,0.283,-1417,-2354
141050,143026,1976,0,GE-Phase,stroke,139895,141167,1272,117,0.059,1155,1859
141050,143026,1976,0,GE-Phase,stroke,141167,142045,878,878,0.444,-117,981
141050,143026,1976,0,GE-Phase,hold,142045,142467,422,422,0.214,-995,559
141050,143026,1976,0,GE-Phase,preparation,142467,143704,1237,559,0.283,-1417,-678
149300,150432,1132,0,GE-Phrase,270,147413,149490,2077,190,0.168,1887,942
149300,150432,1132,0,GE-Phrase,271,149490,151803,2313,942,0.832,-190,-1371
149300,150432,1132,0,GE-Phase,hold,148742,149490,748,190,0.168,558,942
149300,150432,1132,0,GE-Phase,preparation,149490,150125,635,635,0.561,-190,307
149300,150432,1132,0,GE-Phase,stroke,150125,151219,1094,307,0.271,-825,-787
9631,12030,2399,0,GE-Phrase,205,9104,11228,2124,1597,0.666,527,802
9631,12030,2399,0,GE-Phrase,206,11228,13092,1864,802,0.334,-1597,-1062
9631,12030,2399,0,GE-Phase,preparation,9104,10503,1399,872,0.363,527,1527
9631,12030,2399,0,GE-Phase,stroke,10503,10898,395,395,0.165,-872,1132
9631,12030,2399,0,GE-Phase,retraction,10898,11228,330,330,0.138,-1267,802
9631,12030,2399,0,GE-Phase,preparation,11228,11616,388,388,0.162,-1597,414
9631,12030,2399,0,GE-Phase,stroke,11616,12216,600,414,0.173,-1985,-186
12030,13506,1476,0,GE-Phrase,206,11228,13092,1864,1062,0.72,802,414
12030,13506,1476,0,GE-Phrase,207,13092,14908,1816,414,0.28,-1062,-1402
12030,13506,1476,0,GE-Phase,stroke,11616,12216,600,186,0.126,414,1290
12030,13506,1476,0,GE-Phase,retraction,12216,13092,876,876,0.593,-186,414
12030,13506,1476,0,GE-Phase,preparation,13092,13708,616,414,0.28,-1062,-202
25187,26370,1183,0,GE-Phrase,212,23414,26572,3158,1183,1.0,1773,-202
25187,26370,1183,0,GE-Phase,stroke,23890,25250,1360,63,0.053,1297,1120
25187,26370,1183,0,GE-Phase,retraction,25250,26572,1322,1120,0.947,-63,-202
26370,27200,830,0,GE-Phrase,212,23414,26572,3158,202,0.243,2956,628
26370,27200,830,0,GE-Phrase,213,26572,28865,2293,628,0.757,-202,-1665
26370,27200,830,0,GE-Phase,retraction,25250,26572,1322,202,0.243,1120,628
26370,27200,830,0,GE-Phase,preparation,26572,27305,733,628,0.757,-202,-105
27200,28048,848,0,GE-Phrase,213,26572,28865,2293,848,1.0,628,-817
27200,28048,848,0,GE-Phase,preparation,26572,27305,733,105,0.124,628,743
27200,28048,848,0,GE-Phase,stroke,27305,28425,1120,743,0.876,-105,-377
28048,29000,952,0,GE-Phrase,213,26572,28865,2293,817,0.858,1476,135
28048,29000,952,0,GE-Phrase,214,28865,30267,1402,135,0.142,-817,-1267
28048,29000,952,0,GE-Phase,stroke,27305,28425,1120,377,0.396,743,575
28048,29000,952,0,GE-Phase,retraction,28425,28865,440,440,0.462,-377,135
28048,29000,952,0,GE-Phase,preparation,28865,29147,282,135,0.142,-817,-147
69250,70269,1019,0,GE-Phrase,233,69124,70078,954,828,0.813,126,191
69250,70269,1019,0,GE-Phrase,234,70078,71694,1616,191,0.187,-828,-1425
69250,70269,1019,0,GE-Phase,preparation,69124,69404,280,154,0.151,126,865
69250,70269,1019,0,GE-Phase,stroke,69404,70078,674,674,0.661,-154,191
69250,70269,1019,0,GE-Phase,preparation,70078,70626,548,191,0.187,-828,-357
123300,123678,378,0,GE-Phrase,261,123162,126484,3322,378,1.0,138,-2806
123300,123678,378,0,GE-Phase,preparation,123162,123543,381,243,0.643,138,135
123300,123678,378,0,GE-Phase,stroke,123543,125275,1732,135,0.357,-243,-1597
123678,123884,206,0,GE-Phrase,261,123162,126484,3322,206,1.0,516,-2600
123678,123884,206,0,GE-Phase,stroke,123543,125275,1732,206,1.0,135,-1391
123884,124760,876,0,GE-Phrase,261,123162,126484,3322,876,1.0,722,-1724
123884,124760,876,0,GE-Phase,stroke,123543,125275,1732,876,1.0,341,-515
124760,125900,1140,0,GE-Phrase,261,123162,126484,3322,1140,1.0,1598,-584
124760,125900,1140,0,GE-Phase,stroke,123543,125275,1732,515,0.452,1217,625
124760,125900,1140,0,GE-Phase,retraction,125275,126484,1209,625,0.548,-515,-584
125900,127426,1526,0,GE-Phrase,261,123162,126484,3322,584,0.383,2738,942
125900,127426,1526,0,GE-Phase,retraction,125275,126484,1209,584,0.383,625,942
131400,132715,1315,0,GE-Phrase,262,128821,132202,3381,802,0.61,2579,513
131400,132715,1315,0,GE-Phrase,263,132202,134077,1875,513,0.39,-802,-1362
131400,132715,1315,0,GE-Phase,stroke,131270,132202,932,802,0.61,130,513
131400,132715,1315,0,GE-Phase,preparation,132202,132712,510,510,0.388,-802,3
131400,132715,1315,0,GE-Phase,stroke,132712,133300,588,3,0.002,-1312,-585
132715,134762,2047,0,GE-Phrase,263,132202,134077,1875,1362,0.665,513,685
132715,134762,2047,0,GE-Phrase,264,134077,135782,1705,685,0.335,-1362,-1020
132715,134762,2047,0,GE-Phase,stroke,132712,133300,588,585,0.286,3,1462
132715,134762,2047,0,GE-Phase,retraction,133300,134077,777,777,0.38,-585,685
132715,134762,2047,0,GE-Phase,preparation,134077,134927,850,685,0.335,-1362,-165
136371,137155,784,0,GE-Phrase,265,135782,138288,2506,784,1.0,589,-1133
136371,137155,784,0,GE-Phase,preparation,135782,136557,775,186,0.237,589,598
136371,137155,784,0,GE-Phase,stroke,136557,137175,618,598,0.763,-186,-20
137155,137394,239,0,GE-Phrase,265,135782,138288,2506,239,1.0,1373,-894
137155,137394,239,0,GE-Phase,stroke,136557,137175,618,20,0.084,598,219
137155,137394,239,0,GE-Phase,retraction,137175,138288,1113,219,0.916,-20,-894
141050,143026,1976,0,GE-Phrase,266,138288,141167,2879,117,0.059,2762,1859
141050,143026,1976,0,GE-Phrase,267,141167,142467,1300,1300,0.658,-117,559
141050,143026,1976,0,GE-Phrase,268,142467,145380,2913,559,0.283,-1417,-2354
141050,143026,1976,0,GE-Phase,stroke,139895,141167,1272,117,0.059,1155,1859
141050,143026,1976,0,GE-Phase,stroke,141167,142045,878,878,0.444,-117,981
141050,143026,1976,0,GE-Phase,hold,142045,142467,422,422,0.214,-995,559
141050,143026,1976,0,GE-Phase,preparation,142467,143704,1237,559,0.283,-1417,-678
149300,150432,1132,0,GE-Phrase,270,147413,149490,2077,190,0.168,1887,942
149300,150432,1132,0,GE-Phrase,271,149490,151803,2313,942,0.832,-190,-1371
149300,150432,1132,0,GE-Phase,hold,148742,149490,748,190,0.168,558,942
149300,150432,1132,0,GE-Phase,preparation,149490,150125,635,635,0.561,-190,307
149300,150432,1132,0,GE-Phase,stroke,150125,151219,1094,307,0.271,-825,-787
9631,12030,2399,0,GE-Phrase,205,9104,11228,2124,1597,0.666,527,802
9631,12030,2399,0,GE-Phrase,206,11228,13092,1864,802,0.334,-1597,-1062
9631,12030,2399,0,GE-Phase,preparation,9104,10503,1399,872,0.363,527,1527
9631,12030,2399,0,GE-Phase,stroke,10503,10898,395,395,0.165,-872,1132
9631,12030,2399,0,GE-Phase,retraction,10898,11228,330,330,0.138,-1267,802
9631,12030,2399,0,GE-Phase,preparation,11228,11616,388,388,0.162,-1597,414
9631,12030,2399,0,GE-Phase,stroke,11616,12216,600,414,0.173,-1985,-186
12030,13506,1476,0,GE-Phrase,206,11228,13092,1864,1062,0.72,802,414
12030,13506,1476,0,GE-Phrase,207,13092,14908,1816,414,0.28,-1062,-1402
12030,13506,1476,0,GE-Phase,stroke,11616,12216,600,186,0.126,414,1290
12030,13506,1476,0,GE-Phase,retraction,12216,13092,876,876,0.593,-186,414
12030,13506,1476,0,GE-Phase,preparation,13092,13708,616,414,0.28,-1062,-202
25187,26370,1183,0,GE-Phrase,212,23414,26572,3158,1183,1.0,1773,-202
25187,26370,1183,0,GE-Phase,stroke,23890,25250,1360,63,0.053,1297,1120
25187,26370,1183,0,GE-Phase,retraction,25250,26572,1322,1120,0.947,-63,-202
26370,27200,830,0,GE-Phrase,212,23414,26572,3158,202,0.243,2956,628
26370,27200,830,0,GE-Phrase,213,26572,28865,2293,628,0.757,-202,-1665
26370,27200,830,0,GE-Phase,retraction,25250,26572,1322,202,0.243,1120,628
26370,27200,830,0,GE-Phase,preparation,26572,27305,733,628,0.757,-202,-105
27200,28048,848,0,GE-Phrase,213,26572,28865,2293,848,1.0,628,-817
27200,28048,848,0,GE-Phase,preparation,26572,27305,733,105,0.124,628,743
27200,28048,848,0,GE-Phase,stroke,27305,28425,1120,743,0.876,-105,-377
28048,29000,952,0,GE-Phrase,213,26572,28865,2293,817,0.858,1476,135
28048,29000,952,0,GE-Phrase,214,28865,30267,1402,135,0.142,-817,-1267
28048,29000,952,0,GE-Phase,stroke,27305,28425,1120,377,0.396,743,575
28048,29000,952,0,GE-Phase,retraction,28425,28865,440,440,0.462,-377,135
28048,29000,952,0,GE-Phase,preparation,28865,29147,282,135,0.142,-817,-147
69250,70269,1019,0,GE-Phrase,233,69124,70078,954,828,0.813,126,191
69250,70269,1019,0,GE-Phrase,234,70078,71694,1616,191,0.187,-828,-1425
69250,70269,1019,0,GE-Phase,preparation,69124,69404,280,154,0.151,126,865
69250,70269,1019,0,GE-Phase,stroke,69404,70078,674,674,0.661,-154,191
69250,70269,1019,0,GE-Phase,preparation,70078,70626,548,191,0.187,-828,-357
123300,123678,378,0,GE-Phrase,261,123162,126484,3322,378,1.0,138,-2806
123300,123678,378,0,GE-Phase,preparation,123162,123543,381,243,0.643,138,135
123300,123678,378,0,GE-Phase,stroke,123543,125275,1732,135,0.357,-243,-1597
123678,123884,206,0,GE-Phrase,261,123162,126484,3322,206,1.0,516,-2600
123678,123884,206,0,GE-Phase,stroke,123543,125275,1732,206,1.0,135,-1391
123884,124760,876,0,GE-Phrase,261,123162,126484,3322,876,1.0,722,-1724
123884,124760,876,0,GE-Phase,stroke,123543,125275,1732,876,1.0,341,-515
124760,125900,1140,0,GE-Phrase,261,123162,126484,3322,1140,1.0,1598,-584
124760,125900,1140,0,GE-Phase,stroke,123543,125275,1732,515,0.452,1217,625
124760,125900,1140,0,GE-Phase,retraction,125275,126484,1209,625,0.548,-515,-584
125900,127426,1526,0,GE-Phrase,261,123162,126484,3322,584,0.383,2738,942
125900,127426,1526,0,GE-Phase,retraction,125275,126484,1209,584,0.383,625,942
131400,132715,1315,0,GE-Phrase,262,128821,132202,3381,802,0.61,2579,513
131400,132715,1315,0,GE-Phrase,263,132202,134077,1875,513,0.39,-802,-1362
131400,132715,1315,0,GE-Phase,stroke,131270,132202,932,802,0.61,130,513
131400,132715,1315,0,GE-Phase,preparation,132202,132712,510,510,0.388,-802,3
131400,132715,1315,0,GE-Phase,stroke,132712,133300,588,3,0.002,-1312,-585
132715,134762,2047,0,GE-Phrase,263,132202,134077,1875,1362,0.665,513,685
132715,134762,2047,0,GE-Phrase,264,134077,135782,1705,685,0.335,-1362,-1020
132715,134762,2047,0,GE-Phase,stroke,132712,133300,588,585,0.286,3,1462
132715,134762,2047,0,GE-Phase,retraction,133300,134077,777,777,0.38,-585,685
132715,134762,2047,0,GE-Phase,preparation,134077,134927,850,685,0.335,-1362,-165
136371,137155,784,0,GE-Phrase,265,135782,138288,2506,784,1.0,589,-1133
136371,137155,784,0,GE-Phase,preparation,135782,136557,775,186,0.237,589,598
136371,137155,784,0,GE-Phase,stroke,136557,137175,618,598,0.763,-186,-20
137155,137394,239,0,GE-Phrase,265,135782,138288,2506,239,1.0,1373,-894
137155,137394,239,0,GE-Phase,stroke,136557,137175,618,20,0.084,598,219
137155,137394,239,0,GE-Phase,retraction,137175,138288,1113,219,0.916,-20,-894
141050,143026,1976,0,GE-Phrase,266,138288,141167,2879,117,0.059,2762,1859
141050,143026,1976,0,GE-Phrase,267,141167,142467,1300,1300,0.658,-117,559
141050,143026,1976,0,GE-Phrase,268,142467,145380,2913,559,0.283,-1417,-2354
141050,143026,1976,0,GE-Phase,stroke,139895,141167,1272,117,0.059,1155,1859
141050,143026,1976,0,GE-Phase,stroke,141167,142045,878,878,0.444,-117,981
141050,143026,1976,0,GE-Phase,hold,142045,142467,422,422,0.214,-995,559
141050,143026,1976,0,GE-Phase,preparation,142467,143704,1237,559,0.283,-1417,-678
149300,150432,1132,0,GE-Phrase,270,147413,149490,2077,190,0.168,1887,942
149300,150432,1132,0,GE-Phrase,271,149490,151803,2313,942,0.832,-190,-1371
149300,150432,1132,0,GE-Phase,hold,148742,149490,748,190,0.168,558,942
149300,150432,1132,0,GE-Phase,preparation,149490,150125,635,635,0.561,-190,307
149300,150432,1132,0,GE-Phase,stroke,150125,151219,1094,307,0.271,-825,-787
9631,12030,2399,0,GE-Phrase,205,9104,11228,2124,1597,0.666,527,802
9631,12030,2399,0,GE-Phrase,206,11228,13092,1864,802,0.334,-1597,-1062
9631,12030,2399,0,GE-Phase,preparation,9104,10503,1399,872,0.363,527,1527
9631,12030,2399,0,GE-Phase,stroke,10503,10898,395,395,0.165,-872,1132
9631,12030,2399,0,GE-Phase,retraction,10898,11228,330,330,0.138,-1267,802
9631,12030,2399,0,GE-Phase,preparation,11228,11616,388,388,0.162,-1597,414
9631,12030,2399,0,GE-Phase,stroke,11616,12216,600,414,0.173,-1985,-186
12030,13506,1476,0,GE-Phrase,206,11228,13092,1864,1062,0.72,802,414
12030,13506,1476,0,GE-Phrase,207,13092,14908,1816,414,0.28,-1062,-1402
12030,13506,1476,0,GE-Phase,stroke,11616,12216,600,186,0.126,414,1290
12030,13506,1476,0,GE-Phase,retraction,12216,13092,876,876,0.593,-186,414
12030,13506,1476,0,GE-Phase,preparation,13092,13708,616,414,0.28,-1062,-202
25187,26370,1183,0,GE-Phrase,212,23414,26572,3158,1183,1.0,1773,-202
25187,26370,1183,0,GE-Phase,stroke,23890,25250,1360,63,0.053,1297,1120
25187,26370,1183,0,GE-Phase,retraction,25250,26572,1322,1120,0.947,-63,-202
26370,27200,830,0,GE-Phrase,212,23414,26572,3158,202,0.243,2956,628
26370,27200,830,0,GE-Phrase,213,26572,28865,2293,628,0.757,-202,-1665
26370,27200,830,0,GE-Phase,retraction,25250,26572,1322,202,0.243,1120,628
26370,27200,830,0,GE-Phase,preparation,26572,27305,733,628,0.757,-202,-105
27200,28048,848,0,GE-Phrase,213,26572,28865,2293,848,1.0,628,-817
27200,28048,848,0,GE-Phase,preparation,26572,27305,733,105,0.124,628,743
27200,28048,848,0,GE-Phase,stroke,27305,28425,1120,743,0.876,-105,-377
28048,29000,952,0,GE-Phrase,213,26572,28865,2293,817,0.858,1476,135
28048,29000,952,0,GE-Phrase,214,28865,30267,1402,135,0.142,-817,-1267
28048,29000,952,0,GE-Phase,stroke,27305,28425,1120,377,0.396,743,575
28048,29000,952,0,GE-Phase,retraction,28425,28865,440,440,0.462,-377,135
28048,29000,952,0,GE-Phase,preparation,28865,29147,282,135,0.142,-817,-147
69250,70269,1019,0,GE-Phrase,233,69124,70078,954,828,0.813,126,191
69250,70269,1019,0,GE-Phrase,234,70078,71694,1616,191,0.187,-828,-1425
69250,70269,1019,0,GE-Phase,preparation,69124,69404,280,154,0.151,126,865
69250,70269,1019,0,GE-Phase,stroke,69404,70078,674,674,0.661,-154,191
69250,70269,1019,0,GE-Phase,preparation,70078,70626,548,191,0.187,-828,-357
123300,123678,378,0,GE-Phrase,261,123162,126484,3322,378,1.0,138,-2806
123300,123678,378,0,GE-Phase,preparation,123162,123543,381,243,0.643,138,135
123300,123678,378,0,GE-Phase,stroke,123543,125275,1732,135,0.357,-243,-1597
123678,123884,206,0,GE-Phrase,261,123162,126484,3322,206,1.0,516,-2600
123678,123884,206,0,GE-Phase,stroke,123543,125275,1732,206,1.0,135,-1391
123884,124760,876,0,GE-Phrase,261,123162,126484,3322,876,1.0,722,-1724
123884,124760,876,0,GE-Phase,stroke,123543,125275,1732,876,1.0,341,-515
124760,125900,1140,0,GE-Phrase,261,123162,126484,3322,1140,1.0,1598,-584
124760,125900,1140,0,GE-Phase,stroke,123543,125275,1732,515,0.452,1217,625
124760,125900,1140,0,GE-Phase,retraction,125275,126484,1209,625,0.548,-515,-584
125900,127426,1526,0,GE-Phrase,261,123162,126484,3322,584,0.383,2738,942
125900,127426,1526,0,GE-Phase,retraction,125275,126484,1209,584,0.383,625,942
131400,132715,1315,0,GE-Phrase,262,128821,132202,3381,802,0.61,2579,513
131400,132715,1315,0,GE-Phrase,263,132202,134077,1875,513,0.39,-802,-1362
131400,132715,1315,0,GE-Phase,stroke,131270,132202,932,802,0.61,130,513
131400,132715,1315,0,GE-Phase,preparation,132202,132712,510,510,0.388,-802,3
131400,132715,1315,0,GE-Phase,stroke,132712,133300,588,3,0.002,-1312,-585
132715,134762,2047,0,GE-Phrase,263,132202,134077,1875,1362,0.665,513,685
132715,134762,2047,0,GE-Phrase,264,134077,135782,1705,685,0.335,-1362,-1020
132715,134762,2047,0,GE-Phase,stroke,132712,133300,588,585,0.286,3,1462
132715,134762,2047,0,GE-Phase,retraction,133300,134077,777,777,0.38,-585,685
132715,134762,2047,0,GE-Phase,preparation,134077,134927,850,685,0.335,-1362,-165
136371,137155,784,0,GE-Phrase,265,135782,138288,2506,784,1.0,589,-1133
136371,137155,784,0,GE-Phase,preparation,135782,136557,775,186,0.237,589,598
136371,137155,784,0,GE-Phase,stroke,136557,137175,618,598,0.763,-186,-20
137155,137394,239,0,GE-Phrase,265,135782,138288,2506,239,1.0,1373,-894
137155,137394,239,0,GE-Phase,stroke,136557,137175,618,20,0.084,598,219
137155,137394,239,0,GE-Phase,retraction,137175,138288,1113,219,0.916,-20,-894
141050,143026,1976,0,GE-Phrase,266,138288,141167,2879,117,0.059,2762,1859
141050,143026,1976,0,GE-Phrase,267,141167,142467,1300,1300,0.658,-117,559
141050,143026,1976,0,GE-Phrase,268,142467,145380,2913,559,0.283,-1417,-2354
141050,143026,1976,0,GE-Phase,stroke,139895,141167,1272,117,0.059,1155,1859
141050,143026,1976,0,GE-Phase,stroke,141167,142045,878,878,0.444,-117,981
141050,143026,1976,0,GE-Phase,hold,142045,142467,422,422,0.214,-995,559
141050,143026,1976,0,GE-Phase,preparation,142467,143704,1237,559,0.283,-1417,-678
149300,150432,1132,0,GE-Phrase,270,147413,149490,2077,190,0.168,1887,942
149300,150432,1132,0,GE-Phrase,271,149490,151803,2313,942,0.832,-190,-1371
149300,150432,1132,0,GE-Phase,hold,148742,149490,748,190,0.168,558,942
149300,150432,1132,0,GE-Phase,preparation,149490,150125,635,635,0.561,-190,307
149300,150432,1132,0,GE-Phase,stroke,150125,151219,1094,307,0.271,-825,-787
9631,12030,2399,0,GE-Phrase,205,9104,11228,2124,1597,0.666,527,802
9631,12030,2399,0,GE-Phrase,206,11228,13092,1864,802,0.334,-1597,-1062
9631,12030,2399,0,GE-Phase,preparation,9104,10503,1399,872,0.363,527,1527
9631,12030,2399,0,GE-Phase,stroke,10503,10898,395,395,0.165,-872,1132
9631,12030,2399,0,GE-Phase,retraction,10898,11228,330,330,0.138,-1267,802
9631,12030,2399,0,GE-Phase,preparation,11228,11616,388,388,0.162,-1597,414
9631,12030,2399,0,GE-Phase,stroke,11616,12216,600,414,0.173,-1985,-186
12030,13506,1476,0,GE-Phrase,206,11228,13092,1864,1062,0.72,802,414
12030,13506,1476,0,GE-Phrase,207,13092,14908,1816,414,0.28,-1062,-1402
12030,13506,1476,0,GE-Phase,stroke,11616,12216,600,186,0.126,414,1290
12030,13506,1476,0,GE-Phase,retraction,12216,13092,876,876,0.593,-186,414
12030,13506,1476,0,GE-Phase,preparation,13092,13708,616,414,0.28,-1062,-202
25187,26370,1183,0,GE-Phrase,212,23414,26572,3158,1183,1.0,1773,-202
25187,26370,1183,0,GE-Phase,stroke,23890,25250,1360,63,0.053,1297,1120
25187,26370,1183,0,GE-Phase,retraction,25250,26572,1322,1120,0.947,-63,-202
26370,27200,830,0,GE-Phrase,212,23414,26572,3158,202,0.243,2956,628
26370,27200,830,0,GE-Phrase,213,26572,28865,2293,628,0.757,-202,-1665
26370,27200,830,0,GE-Phase,retraction,25250,26572,1322,202,0.243,1120,628
26370,27200,830,0,GE-Phase,preparation,26572,27305,733,628,0.757,-202,-105
27200,28048,848,0,GE-Phrase,213,26572,28865,2293,848,1.0,628,-817
27200,28048,848,0,GE-Phase,preparation,26572,27305,733,105,0.124,628,743
27200,28048,848,0,GE-Phase,stroke,27305,28425,1120,743,0.876,-105,-377
28048,29000,952,0,GE-Phrase,213,26572,28865,2293,817,0.858,1476,135
28048,29000,952,0,GE-Phrase,214,28865,30267,1402,135,0.142,-817,-1267
28048,29000,952,0,GE-Phase,stroke,27305,28425,1120,377,0.396,743,575
28048,29000,952,0,GE-Phase,retraction,28425,28865,440,440,0.462,-377,135
28048,29000,952,0,GE-Phase,preparation,28865,29147,282,135,0.142,-817,-147
69250,70269,1019,0,GE-Phrase,233,69124,70078,954,828,0.813,126,191
69250,70269,1019,0,GE-Phrase,234,70078,71694,1616,191,0.187,-828,-1425
69250,70269,1019,0,GE-Phase,preparation,69124,69404,280,154,0.151,126,865
69250,70269,1019,0,GE-Phase,stroke,69404,70078,674,674,0.661,-154,191
69250,70269,1019,0,GE-Phase,preparation,70078,70626,548,191,0.187,-828,-357
123300,123678,378,0,GE-Phrase,261,123162,126484,3322,378,1.0,138,-2806
123300,123678,378,0,GE-Phase,preparation,123162,123543,381,243,0.643,138,135
123300,123678,378,0,GE-Phase,stroke,123543,125275,1732,135,0.357,-243,-1597
123678,123884,206,0,GE-Phrase,261,123162,126484,3322,206,1.0,516,-2600
123678,123884,206,0,GE-Phase,stroke,123543,125275,1732,206,1.0,135,-1391
123884,124760,876,0,GE-Phrase,261,123162,126484,3322,876,1.0,722,-1724
123884,124760,876,0,GE-Phase,stroke,123543,125275,1732,876,1.0,341,-515
124760,125900,1140,0,GE-Phrase,261,123162,126484,3322,1140,1.0,1598,-584
124760,125900,1140,0,GE-Phase,stroke,123543,125275,1732,515,0.452,1217,625
124760,125900,1140,0,GE-Phase,retraction,125275,126484,1209,625,0.548,-515,-584
125900,127426,1526,0,GE-Phrase,261,123162,126484,3322,584,0.383,2738,942
125900,127426,1526,0,GE-Phase,retraction,125275,126484,1209,584,0.383,625,942
131400,132715,1315,0,GE-Phrase,262,128821,132202,3381,802,0.61,2579,513
131400,132715,1315,0,GE-Phrase,263,132202,134077,1875,513,0.39,-802,-1362
131400,132715,1315,0,GE-Phase,stroke,131270,132202,932,802,0.61,130,513
131400,132715,1315,0,GE-Phase,preparation,132202,132712,510,510,0.388,-802,3
131400,132715,1315,0,GE-Phase,stroke,132712,133300,588,3,0.002,-1312,-585
132715,134762,2047,0,GE-Phrase,263,132202,134077,1875,1362,0.665,513,685
132715,134762,2047,0,GE-Phrase,264,134077,135782,1705,685,0.335,-1362,-1020
132715,134762,2047,0,GE-Phase,stroke,132712,133300,588,585,0.286,3,1462
132715,134762,2047,0,GE-Phase,retraction,133300,134077,777,777,0.38,-585,685
132715,134762,2047,0,GE-Phase,preparation,134077,134927,850,685,0.335,-1362,-165
136371,137155,784,0,GE-Phrase,265,135782,138288,2506,784,1.0,589,-1133
136371,137155,784,0,GE-Phase,preparation,135782,136557,775,186,0.237,589,598
136371,137155,784,0,GE-Phase,stroke,136557,137175,618,598,0.763,-186,-20
137155,137394,239,0,GE-Phrase,265,135782,138288,2506,239,1.0,1373,-894
137155,137394,239,0,GE-Phase,stroke,136557,137175,618,20,0.084,598,219
137155,137394,239,0,GE-Phase,retraction,137175,138288,1113,219,0.916,-20,-894
141050,143026,1976,0,GE-Phrase,266,138288,141167,2879,117,0.059,2762,1859
141050,143026,1976,0,GE-Phrase,267,141167,142467,1300,1300,0.658,-117,559
141050,143026,1976,0,GE-Phrase,268,142467,145380,2913,559,0.283,-1417,-2354
141050,143026,1976,0,GE-Phase,stroke,139895,141167,1272,117,0.059,1155,1859
141050,143026,1976,0,GE-Phase,stroke,141167,142045,878,878,0.444,-117,981
141050,143026,1976,0,GE-Phase,hold,142045,142467,422,422,0.214,-995,559
141050,143026,1976,0,GE-Phase,preparation,142467,143704,1237,559,0.283,-1417,-678
149300,150432,1132,0,GE-Phrase,270,147413,149490,2077,190,0.168,1887,942
149300,150432,1132,0,GE-Phrase,271,149490,151803,2313,942,0.832,-190,-1371
149300,150432,1132,0,GE-Phase,hold,148742,149490,748,190,0.168,558,942
149300,150432,1132,0,GE-Phase,preparation,149490,150125,635,635,0.561,-190,307
149300,150432,1132,0,GE-Phase,stroke,150125,151219,1094,307,0.271,-825,-787
9631,12030,2399,0,GE-Phrase,205,9104,11228,2124,1597,0.666,527,802
9631,12030,2399,0,GE-Phrase,206,11228,13092,1864,802,0.334,-1597,-1062
9631,12030,2399,0,GE-Phase,preparation,9104,10503,1399,872,0.363,527,1527
9631,12030,2399,0,GE-Phase,stroke,10503,10898,395,395,0.165,-872,1132
9631,12030,2399,0,GE-Phase,retraction,10898,11228,330,330,0.138,-1267,802
9631,12030,2399,0,GE-Phase,preparation,11228,11616,388,388,0.162,-1597,414
9631,12030,2399,0,GE-Phase,stroke,11616,12216,600,414,0.173,-1985,-186
12030,13506,1476,0,GE-Phrase,206,11228,13092,1864,1062,0.72,802,414
12030,13506,1476,0,GE-Phrase,207,13092,14908,1816,414,0.28,-1062,-1402
12030,13506,1476,0,GE-Phase,stroke,11616,12216,600,186,0.126,414,1290
12030,13506,1476,0,GE-Phase,retraction,12216,13092,876,876,0.593,-186,414
12030,13506,1476,0,GE-Phase,preparation,13092,13708,616,414,0.28,-1062,-202
25187,26370,1183,0,GE-Phrase,212,23414,26572,3158,1183,1.0,1773,-202
25187,26370,1183,0,GE-Phase,stroke,23890,25250,1360,63,0.053,1297,1120
25187,26370,1183,0,GE-Phase,retraction,25250,26572,1322,1120,0.947,-63,-202
26370,27200,830,0,GE-Phrase,212,23414,26572,3158,202,0.243,2956,628
26370,27200,830,0,GE-Phrase,213,26572,28865,2293,628,0.757,-202,-1665
26370,27200,830,0,GE-Phase,retraction,25250,26572,1322,202,0.243,1120,628
26370,27200,830,0,GE-Phase,preparation,26572,27305,733,628,0.757,-202,-105
27200,28048,848,0,GE-Phrase,213,26572,28865,2293,848,1.0,628,-817
27200,28048,848,0,GE-Phase,preparation,26572,27305,733,105,0.124,628,743
27200,28048,848,0,GE-Phase,stroke,27305,28425,1120,743,0.876,-105,-377
28048,29000,952,0,GE-Phrase,213,26572,28865,2293,817,0.858,1476,135
28048,29000,952,0,GE-Phrase,214,28865,30267,1402,135,0.142,-817,-1267
28048,29000,952,0,GE-Phase,stroke,27305,28425,1120,377,0.396,743,575
28048,29000,952,0,GE-Phase,retraction,28425,28865,440,440,0.462,-377,135
28048,29000,952,0,GE-Phase,preparation,28865,29147,282,135,0.142,-817,-147
69250,70269,1019,0,GE-Phrase,233,69124,70078,954,828,0.813,126,191
69250,70269,1019,0,GE-Phrase,234,70078,71694,1616,191,0.187,-828,-1425
69250,70269,1019,0,GE-Phase,preparation,69124,69404,280,154,0.151,126,865
69250,70269,1019,0,GE-Phase,stroke,69404,70078,674,674,0.661,-154,191
69250,70269,1019,0,GE-Phase,preparation,70078,70626,548,191,0.187,-828,-357
123300,123678,378,0,GE-Phrase,261,123162,126484,3322,378,1.0,138,-2806
123300,123678,378,0,GE-Phase,preparation,123162,123543,381,243,0.643,138,135
123300,123678,378,0,GE-Phase,stroke,123543,125275,1732,135,0.357,-243,-1597
123678,123884,206,0,GE-Phrase,261,123162,126484,3322,206,1.0,516,-2600
123678,123884,206,0,GE-Phase,stroke,123543,125275,1732,206,1.0,135,-1391
123884,124760,876,0,GE-Phrase,261,123162,126484,3322,876,1.0,722,-1724
123884,124760,876,0,GE-Phase,stroke,123543,125275,1732,876,1.0,341,-515
124760,125900,1140,0,GE-Phrase,261,123162,126484,3322,1140,1.0,1598,-584
124760,125900,1140,0,GE-Phase,stroke,123543,125275,1732,515,0.452,1217,625
124760,125900,1140,0,GE-Phase,retraction,125275,126484,1209,625,0.548,-515,-584
125900,127426,1526,0,GE-Phrase,261,123162,126484,3322,584,0.383,2738,942
125900,127426,1526,0,GE-Phase,retraction,125275,126484,1209,584,0.383,625,942
131400,132715,1315,0,GE-Phrase,262,128821,132202,3381,802,0.61,2579,513
131400,132715,1315,0,GE-Phrase,263,132202,134077,1875,513,0.39,-802,-1362
131400,132715,1315,0,GE-Phase,stroke,131270,132202,932,802,0.61,130,513
131400,132715,1315,0,GE-Phase,preparation,132202,132712,510,510,0.388,-802,3
131400,132715,1315,0,GE-Phase,stroke,132712,133300,588,3,0.002,-1312,-585
132715,134762,2047,0,GE-Phrase,263,132202,134077,1875,1362,0.665,513,685
132715,134762,2047,0,GE-Phrase,264,134077,135782,1705,685,0.335,-1362,-1020
132715,134762,2047,0,GE-Phase,stroke,132712,133300,588,585,0.286,3,1462
132715,134762,2047,0,GE-Phase,retraction,133300,134077,777,777,0.38,-585,685
132715,134762,2047,0,GE-Phase,preparation,134077,134927,850,685,0.335,-1362,-165
136371,137155,784,0,GE-Phrase,265,135782,138288,2506,784,1.0,589,-1133
136371,137155,784,0,GE-Phase,preparation,135782,136557,775,186,0.237,589,598
136371,137155,784,0,GE-Phase,stroke,136557,137175,618,598,0.763,-186,-20
137155,137394,239,0,GE-Phrase,265,135782,138288,2506,239,1.0,1373,-894
137155,137394,239,0,GE-Phase,stroke,136557,137175,618,20,0.084,598,219
137155,137394,239,0,GE-Phase,retraction,137175,138288,1113,219,0.916,-20,-894
141050,143026,1976,0,GE-Phrase,266,138288,141167,2879,117,0.059,2762,1859
141050,143026,1976,0,GE-Phrase,267,141167,142467,1300,1300,0.658,-117,559
141050,143026,1976,0,GE-Phrase,268,142467,145380,2913,559,0.283,-1417,-2354
141050,143026,1976,0,GE-Phase,stroke,139895,141167,1272,117,0.059,1155,1859
141050,143026,1976,0,GE-Phase,stroke,141167,142045,878,878,0.444,-117,981
141050,143026,1976,0,GE-Phase,hold,142045,142467,422,422,0.214,-995,559
141050,143026,1976,0,GE-Phase,preparation,142467,143704,1237,559,0.283,-1417,-678
149300,150432,1132,0,GE-Phrase,270,147413,149490,2077,190,0.168,1887,942
149300,150432,1132,0,GE-Phrase,271,149490,151803,2313,942,0.832,-190,-1371
149300,150432,1132,0,GE-Phase,hold,148742,149490,748,190,0.168,558,942
149300,150432,1132,0,GE-Phase,preparation,149490,150125,635,635,0.561,-190,307
149300,150432,1132,0,GE-Phase,stroke,150125,151219,1094,307,0.271,-825,-787
9631,12030,2399,0,GE-Phrase,205,9104,11228,2124,1597,0.666,527,802
9631,12030,2399,0,GE-Phrase,206,11228,13092,1864,802,0.334,-1597,-1062
9631,12030,2399,0,GE-Phase,preparation,9104,10503,1399,872,0.363,527,1527
9631,12030,2399,0,GE-Phase,stroke,10503,10898,395,395,0.165,-872,1132
9631,12030,2399,0,GE-Phase,retraction,10898,11228,330,330,0.138,-1267,802
9631,12030,2399,0,GE-Phase,preparation,11228,11616,388,388,0.162,-1597,414
9631,12030,2399,0,GE-Phase,stroke,11616,12216,600,414,0.173,-1985,-186
12030,13506,1476,0,GE-Phrase,206,11228,13092,1864,1062,0.72,802,414
12030,13506,1476,0,GE-Phrase,207,13092,14908,1816,414,0.28,-1062,-1402
12030,13506,1476,0,GE-Phase,stroke,11616,12216,600,186,0.126,414,1290
12030,13506,1476,0,GE-Phase,retraction,12216,13092,876,876,0.593,-186,414
12030,13506,1476,0,GE-Phase,preparation,13092,13708,616,414,0.28,-1062,-202
25187,26370,1183,0,GE-Phrase,212,23414,26572,3158,1183,1.0,1773,-202
25187,26370,1183,0,GE-Phase,stroke,23890,25250,1360,63,0.053,1297,1120
25187,26370,1183,0,GE-Phase,retraction,25250,26572,1322,1120,0.947,-63,-202
26370,27200,830,0,GE-Phrase,212,23414,26572,3158,202,0.243,2956,628
26370,27200,830,0,GE-Phrase,213,26572,28865,2293,628,0.757,-202,-1665
26370,27200,830,0,GE-Phase,retraction,25250,26572,1322,202,0.243,1120,628
26370,27200,830,0,GE-Phase,preparation,26572,27305,733,628,0.757,-202,-105
27200,28048,848,0,GE-Phrase,213,26572,28865,2293,848,1.0,628,-817
27200,28048,848,0,GE-Phase,preparation,26572,27305,733,105,0.124,628,743
27200,28048,848,0,GE-Phase,stroke,27305,28425,1120,743,0.876,-105,-377
28048,29000,952,0,GE-Phrase,213,26572,28865,2293,817,0.858,1476,135
28048,29000,952,0,GE-Phrase,214,28865,30267,1402,135,0.142,-817,-1267
28048,29000,952,0,GE-Phase,stroke,27305,28425,1120,377,0.396,743,575
28048,29000,952,0,GE-Phase,retraction,28425,28865,440,440,0.462,-377,135
28048,29000,952,0,GE-Phase,preparation,28865,29147,282,135,0.142,-817,-147
69250,70269,1019,0,GE-Phrase,233,69124,70078,954,828,0.813,126,191
69250,70269,1019,0,GE-Phrase,234,70078,71694,1616,191,0.187,-828,-1425
69250,70269,1019,0,GE-Phase,preparation,69124,69404,280,154,0.151,126,865
69250,70269,1019,0,GE-Phase,stroke,69404,70078,674,674,0.661,-154,191
69250,70269,1019,0,GE-Phase,preparation,70078,70626,548,191,0.187,-828,-357
123300,123678,378,0,GE-Phrase,261,123162,126484,3322,378,1.0,138,-2806
123300,123678,378,0,GE-Phase,preparation,123162,123543,381,243,0.643,138,135
123300,123678,378,0,GE-Phase,stroke,123543,125275,1732,135,0.357,-243,-1597
123678,123884,206,0,GE-Phrase,261,123162,126484,3322,206,1.0,516,-2600
123678,123884,206,0,GE-Phase,stroke,123543,125275,1732,206,1.0,135,-1391
123884,124760,876,0,GE-Phrase,261,123162,126484,3322,876,1.0,722,-1724
123884,124760,876,0,GE-Phase,stroke,123543,125275,1732,876,1.0,341,-515
124760,125900,1140,0,GE-Phrase,261,123162,126484,3322,1140,1.0,1598,-584
124760,125900,1140,0,GE-Phase,stroke,123543,125275,1732,515,0.452,1217,625
124760,125900,1140,0,GE-Phase,retraction,125275,126484,1209,625,0.548,-515,-584
125900,127426,1526,0,GE-Phrase,261,123162,126484,3322,584,0.383,2738,942
125900,127426,1526,0,GE-Phase,retraction,125275,126484,1209,584,0.383,625,942
131400,132715,1315,0,GE-Phrase,262,128821,132202,3381,802,0.61,2579,513
131400,132715,1315,0,GE-Phrase,263,132202,134077,1875,513,0.39,-802,-1362
131400,132715,1315,0,GE-Phase,stroke,131270,132202,932,802,0.61,130,513
131400,132715,1315,0,GE-Phase,preparation,132202,132712,510,510,0.388,-802,3
131400,132715,1315,0,GE-Phase,stroke,132712,133300,588,3,0.002,-1312,-585
132715,134762,2047,0,GE-Phrase,263,132202,134077,1875,1362,0.665,513,685
132715,134762,2047,0,GE-Phrase,264,134077,135782,1705,685,0.335,-1362,-1020
132715,134762,2047,0,GE-Phase,stroke,132712,133300,588,585,0.286,3,1462
132715,134762,2047,0,GE-Phase,retraction,133300,134077,777,777,0.38,-585,685
132715,134762,2047,0,GE-Phase,preparation,134077,134927,850,685,0.335,-1362,-165
136371,137155,784,0,GE-Phrase,265,135782,138288,2506,784,1.0,589,-1133
136371,137155,784,0,GE-Phase,preparation,135782,136557,775,186,0.237,589,598
136371,137155,784,0,GE-Phase,stroke,136557,137175,618,598,0.763,-186,-20
137155,137394,239,0,GE-Phrase,265,135782,138288,2506,239,1.0,1373,-894
137155,137394,239,0,GE-Phase,stroke,136557,137175,618,20,0.084,598,219
137155,137394,239,0,GE-Phase,retraction,137175,138288,1113,219,0.916,-20,-894
141050,143026,1976,0,GE-Phrase,266,138288,141167,2879,117,0.059,2762,1859
141050,143026,1976,0,GE-Phrase,267,141167,142467,1300,1300,0.658,-117,559
141050,143026,1976,0,GE-Phrase,268,142467,145380,2913,559,0.283,-1417,-2354
141050,143026,1976,0,GE-Phase,stroke,139895,141167,1272,117,0.059,1155,1859
141050,143026,1976,0,GE-Phase,stroke,141167,142045,878,878,0.444,-117,981
141050,143026,1976,0,GE-Phase,hold,142045,142467,422,422,0.214,-995,559
141050,143026,1976,0,GE-Phase,preparation,142467,143704,1237,559,0.283,-1417,-678
149300,150432,1132,0,GE-Phrase,270,147413,149490,2077,190,0.168,1887,942
149300,150432,1132,0,GE-Phrase,271,149490,151803,2313,942,0.832,-190,-1371
149300,150432,1132,0,GE-Phase,hold,148742,149490,748,190,0.168,558,942
149300,150432,1132,0,GE-Phase,preparation,149490,150125,635,635,0.561,-190,307
149300,150432,1132,0,GE-Phase,stroke,150125,151219,1094,307,0.271,-825,-787
9631,12030,2399,0,GE-Phrase,205,9104,11228,2124,1597,0.666,527,802
9631,12030,2399,0,GE-Phrase,206,11228,13092,1864,802,0.334,-1597,-1062
9631,12030,2399,0,GE-Phase,preparation,9104,10503,1399,872,0.363,527,1527
9631,12030,2399,0,GE-Phase,stroke,10503,10898,395,395,0.165,-872,1132
9631,12030,2399,0,GE-Phase,retraction,10898,11228,330,330,0.138,-1267,802
9631,12030,2399,0,GE-Phase,preparation,11228,11616,388,388,0.162,-1597,414
9631,12030,2399,0,GE-Phase,stroke,11616,12216,600,414,0.173,-1985,-186
12030,13506,1476,0,GE-Phrase,206,11228,13092,1864,1062,0.72,802,414
12030,13506,1476,0,GE-Phrase,207,13092,14908,1816,414,0.28,-1062,-1402
12030,13506,1476,0,GE-Phase,stroke,11616,12216,600,186,0.126,414,1290
12030,13506,1476,0,GE-Phase,retraction,12216,13092,876,876,0.593,-186,414
12030,13506,1476,0,GE-Phase,preparation,13092,13708,616,414,0.28,-1062,-202
25187,26370,1183,0,GE-Phrase,212,23414,26572,3158,1183,1.0,1773,-202
25187,26370,1183,0,GE-Phase,stroke,23890,25250,1360,63,0.053,1297,1120
25187,26370,1183,0,GE-Phase,retraction,25250,26572,1322,1120,0.947,-63,-202
26370,27200,830,0,GE-Phrase,212,23414,26572,3158,202,0.243,2956,628
26370,27200,830,0,GE-Phrase,213,26572,28865,2293,628,0.757,-202,-1665
26370,27200,830,0,GE-Phase,retraction,25250,26572,1322,202,0.243,1120,628
26370,27200,830,0,GE-Phase,preparation,26572,27305,733,628,0.757,-202,-105
27200,28048,848,0,GE-Phrase,213,26572,28865,2293,848,1.0,628,-817
27200,28048,848,0,GE-Phase,preparation,26572,27305,733,105,0.124,628,743
27200,28048,848,0,GE-Phase,stroke,27305,28425,1120,743,0.876,-105,-377
28048,29000,952,0,GE-Phrase,213,26572,28865,2293,817,0.858,1476,135
28048,29000,952,0,GE-Phrase,214,28865,30267,1402,135,0.142,-817,-1267
28048,29000,952,0,GE-Phase,stroke,27305,28425,1120,377,0.396,743,575
28048,29000,952,0,GE-Phase,retraction,28425,28865,440,440,0.462,-377,135
28048,29000,952,0,GE-Phase,preparation,28865,29147,282,135,0.142,-817,-147
69250,70269,1019,0,GE-Phrase,233,69124,70078,954,828,0.813,126,191
69250,70269,1019,0,GE-Phrase,234,70078,71694,1616,191,0.187,-828,-1425
69250,70269,1019,0,GE-Phase,preparation,69124,69404,280,154,0.151,126,865
69250,70269,1019,0,GE-Phase,stroke,69404,70078,674,674,0.661,-154,191
69250,70269,1019,0,GE-Phase,preparation,70078,70626,548,191,0.187,-828,-357
123300,123678,378,0,GE-Phrase,261,123162,126484,3322,378,1.0,138,-2806
123300,123678,378,0,GE-Phase,preparation,123162,123543,381,243,0.643,138,135
123300,123678,378,0,GE-Phase,stroke,123543,125275,1732,135,0.357,-243,-1597
123678,123884,206,0,GE-Phrase,261,123162,126484,3322,206,1.0,516,-2600
123678,123884,206,0,GE-Phase,stroke,123543,125275,1732,206,1.0,135,-1391
123884,124760,876,0,GE-Phrase,261,123162,126484,3322,876,1.0,722,-1724
123884,124760,876,0,GE-Phase,stroke,123543,125275,1732,876,1.0,341,-515
124760,125900,1140,0,GE-Phrase,261,123162,126484,3322,1140,1.0,1598,-584
124760,125900,1140,0,GE-Phase,stroke,123543,125275,1732,515,0.452,1217,625
124760,125900,1140,0,GE-Phase,retraction,125275,126484,1209,625,0.548,-515,-584
125900,127426,1526,0,GE-Phrase,261,123162,126484,3322,584,0.383,2738,942
125900,127426,1526,0,GE-Phase,retraction,125275,126484,1209,584,0.383,625,942
131400,132715,1315,0,GE-Phrase,262,128821,132202,3381,802,0.61,2579,513
131400,132715,1315,0,GE-Phrase,263,132202,134077,1875,513,0.39,-802,-1362
131400,132715,1315,0,GE-Phase,stroke,131270,132202,932,802,0.61,130,513
131400,132715,1315,0,GE-Phase,preparation,132202,132712,510,510,0.388,-802,3
131400,132715,1315,0,GE-Phase,stroke,132712,133300,588,3,0.002,-1312,-585
132715,134762,2047,0,GE-Phrase,263,132202,134077,1875,1362,0.665,513,685
132715,134762,2047,0,GE-Phrase,264,134077,135782,1705,685,0.335,-1362,-1020
132715,134762,2047,0,GE-Phase,stroke,132712,133300,588,585,0.286,3,1462
132715,134762,2047,0,GE-Phase,retraction,133300,134077,777,777,0.38,-585,685
132715,134762,2047,0,GE-Phase,preparation,134077,134927,850,685,0.335,-1362,-165
136371,137155,784,0,GE-Phrase,265,135782,138288,2506,784,1.0,589,-1133
136371,137155,784,0,GE-Phase,preparation,135782,136557,775,186,0.237,589,598
136371,137155,784,0,GE-Phase,stroke,136557,137175,618,598,0.763,-186,-20
137155,137394,239,0,GE-Phrase,265,135782,138288,2506,239,1.0,1373,-894
137155,137394,239,0,GE-Phase,stroke,136557,137175,618,20,0.084,598,219
137155,137394,239,0,GE-Phase,retraction,137175,138288,1113,219,0.916,-20,-894
141050,143026,1976,0,GE-Phrase,266,138288,141167,2879,117,0.059,2762,1859
141050,143026,1976,0,GE-Phrase,267,141167,142467,1300,1300,0.658,-117,559
141050,143026,1976,0,GE-Phrase,268,142467,145380,2913,559,0.283,-1417,-2354
141050,143026,1976,0,GE-Phase,stroke,139895,141167,1272,117,0.059,1155,1859
141050,143026,1976,0,GE-Phase,stroke,141167,142045,878,878,0.444,-117,981
141050,143026,1976,0,GE-Phase,hold,142045,142467,422,422,0.214,-995,559
141050,143026,1976,0,GE-Phase,preparation,142467,143704,1237,559,0.283,-1417,-678
149300,150432,1132,0,GE-Phrase,270,147413,149490,2077,190,0.168,1887,942
149300,150432,1132,0,GE-Phrase,271,149490,151803,2313,942,0.832,-190,-1371
149300,150432,1132,0,GE-Phase,hold,148742,149490,748,190,0.168,558,942
149300,150432,1132,0,GE-Phase,preparation,149490,150125,635,635,0.561,-190,307
149300,150432,1132,0,GE-Phase,stroke,150125,151219,1094,307,0.271,-825,-787
9631,12030,2399,0,GE-Phrase,205,9104,11228,2124,1597,0.666,527,802
9631,12030,2399,0,GE-Phrase,206,11228,13092,1864,802,0.334,-1597,-1062
9631,12030,2399,0,GE-Phase,preparation,9104,10503,1399,872,0.363,527,1527
9631,12030,2399,0,GE-Phase,stroke,10503,10898,395,395,0.165,-872,1132
9631,12030,2399,0,GE-Phase,retraction,10898,11228,330,330,0.138,-1267,802
9631,12030,2399,0,GE-Phase,preparation,11228,11616,388,388,0.162,-1597,414
9631,12030,2399,0,GE-Phase,stroke,11616,12216,600,414,0.173,-1985,-186
12030,13506,1476,0,GE-Phrase,206,11228,13092,1864,1062,0.72,802,414
12030,13506,1476,0,GE-Phrase,207,13092,14908,1816,414,0.28,-1062,-1402
12030,13506,1476,0,GE-Phase,stroke,11616,12216,600,186,0.126,414,1290
12030,13506,1476,0,GE-Phase,retraction,12216,13092,876,876,0.593,-186,414
12030,13506,1476,0,GE-Phase,preparation,13092,13708,616,414,0.28,-1062,-202
25187,26370,1183,0,GE-Phrase,212,23414,26572,3158,1183,1.0,1773,-202
25187,26370,1183,0,GE-Phase,stroke,23890,25250,1360,63,0.053,1297,1120
25187,26370,1183,0,GE-Phase,retraction,25250,26572,1322,1120,0.947,-63,-202
26370,27200,830,0,GE-Phrase,212,23414,26572,3158,202,0.243,2956,628
26370,27200,830,0,GE-Phrase,213,26572,28865,2293,628,0.757,-202,-1665
26370,27200,830,0,GE-Phase,retraction,25250,26572,1322,202,0.243,1120,628
26370,27200,830,0,GE-Phase,preparation,26572,27305,733,628,0.757,-202,-105
27200,28048,848,0,GE-Phrase,213,26572,28865,2293,848,1.0,628,-817
27200,28048,848,0,GE-Phase,preparation,26572,27305,733,105,0.124,628,743
27200,28048,848,0,GE-Phase,stroke,27305,28425,1120,743,0.876,-105,-377
28048,29000,952,0,GE-Phrase,213,26572,28865,2293,817,0.858,1476,135
28048,29000,952,0,GE-Phrase,214,28865,30267,1402,135,0.142,-817,-1267
28048,29000,952,0,GE-Phase,stroke,27305,28425,1120,377,0.396,743,575
28048,29000,952,0,GE-Phase,retraction,28425,28865,440,440,0.462,-377,135
28048,29000,952,0,GE-Phase,preparation,28865,29147,282,135,0.142,-817,-147
69250,70269,1019,0,GE-Phrase,233,69124,70078,954,828,0.813,126,191
69250,70269,1019,0,GE-Phrase,234,70078,71694,1616,191,0.187,-828,-1425
69250,70269,1019,0,GE-Phase,preparation,69124,69404,280,154,0.151,126,865
69250,70269,1019,0,GE-Phase,stroke,69404,70078,674,674,0.661,-154,191
69250,70269,1019,0,GE-Phase,preparation,70078,70626,548,191,0.187,-828,-357
123300,123678,378,0,GE-Phrase,261,123162,126484,3322,378,1.0,138,-2806
123300,123678,378,0,GE-Phase,preparation,123162,123543,381,243,0.643,138,135
123300,123678,378,0,GE-Phase,stroke,123543,125275,1732,135,0.357,-243,-1597
123678,123884,206,0,GE-Phrase,261,123162,126484,3322,206,1.0,516,-2600
123678,123884,206,0,GE-Phase,stroke,123543,125275,1732,206,1.0,135,-1391
123884,124760,876,0,GE-Phrase,261,123162,126484,3322,876,1.0,722,-1724
123884,124760,876,0,GE-Phase,stroke,123543,125275,1732,876,1.0,341,-515
124760,125900,1140,0,GE-Phrase,261,123162,126484,3322,1140,1.0,1598,-584
124760,125900,1140,0,GE-Phase,stroke,123543,125275,1732,515,0.452,1217,625
124760,125900,1140,0,GE-Phase,retraction,125275,126484,1209,625,0.548,-515,-584
125900,127426,1526,0,GE-Phrase,261,123162,126484,3322,584,0.383,2738,942
125900,127426,1526,0,GE-Phase,retraction,125275,126484,1209,584,0.383,625,942
131400,132715,1315,0,GE-Phrase,262,128821,132202,3381,802,0.61,2579,513
131400,132715,1315,0,GE-Phrase,263,132202,134077,1875,513,0.39,-802,-1362
131400,132715,1315,0,GE-Phase,stroke,131270,132202,932,802,0.61,130,513
131400,132715,1315,0,GE-Phase,preparation,132202,132712,510,510,0.388,-802,3
131400,132715,1315,0,GE-Phase,stroke,132712,133300,588,3,0.002,-1312,-585
132715,134762,2047,0,GE-Phrase,263,132202,134077,1875,1362,0.665,513,685
132715,134762,2047,0,GE-Phrase,264,134077,135782,1705,685,0.335,-1362,-1020
132715,134762,2047,0,GE-Phase,stroke,132712,133300,588,585,0.286,3,1462
132715,134762,2047,0,GE-Phase,retraction,133300,134077,777,777,0.38,-585,685
132715,134762,2047,0,GE-Phase,preparation,134077,134927,850,685,0.335,-1362,-165
136371,137155,784,0,GE-Phrase,265,135782,138288,2506,784,1.0,589,-1133
136371,137155,784,0,GE-Phase,preparation,135782,136557,775,186,0.237,589,598
136371,137155,784,0,GE-Phase,stroke,136557,137175,618,598,0.763,-186,-20
137155,137394,239,0,GE-Phrase,265,135782,138288,2506,239,1.0,1373,-894
137155,137394,239,0,GE-Phase,stroke,136557,137175,618,20,0.084,598,219
137155,137394,239,0,GE-Phase,retraction,137175,138288,1113,219,0.916,-20,-894
141050,143026,1976,0,GE-Phrase,266,138288,141167,2879,117,0.059,2762,1859
141050,143026,1976,0,GE-Phrase,267,141167,142467,1300,1300,0.658,-117,559
141050,143026,1976,0,GE-Phrase,268,142467,145380,2913,559,0.283,-1417,-2354
141050,143026,1976,0,GE-Phase,stroke,139895,141167,1272,117,0.059,1155,1859
141050,143026,1976,0,GE-Phase,stroke,141167,142045,878,878,0.444,-117,981
141050,143026,1976,0,GE-Phase,hold,142045,142467,422,422,0.214,-995,559
141050,143026,1976,0,GE-Phase,preparation,142467,143704,1237,559,0.283,-1417,-678
149300,150432,1132,0,GE-Phrase,270,147413,149490,2077,190,0.168,1887,942
149300,150432,1132,0,GE-Phrase,271,149490,151803,2313,942,0.832,-190,-1371
149300,150432,1132,0,GE-Phase,hold,148742,149490,748,190,0.168,558,942
149300,150432,1132,0,GE-Phase,preparation,149490,150125,635,635,0.561,-190,307
149300,150432,1132,0,GE-Phase,stroke,150125,151219,1094,307,0.271,-825,-787
9631,12030,2399,0,GE-Phrase,205,9104,11228,2124,1597,0.666,527,802
9631,12030,2399,0,GE-Phrase,206,11228,13092,1864,802,0.334,-1597,-1062
9631,12030,2399,0,GE-Phase,preparation,9104,10503,1399,872,0.363,527,1527
9631,12030,2399,0,GE-Phase,stroke,10503,10898,395,395,0.165,-872,1132
9631,12030,2399,0,GE-Phase,retraction,10898,11228,330,330,0.138,-1267,802
9631,12030,2399,0,GE-Phase,preparation,11228,11616,388,388,0.162,-1597,414
9631,12030,2399,0,GE-Phase,stroke,11616,12216,600,414,0.173,-1985,-186
12030,13506,1476,0,GE-Phrase,206,11228,13092,1864,1062,0.72,802,414
12030,13506,1476,0,GE-Phrase,207,13092,14908,1816,414,0.28,-1062,-1402
12030,13506,1476,0,GE-Phase,stroke,11616,12216,600,186,0.126,414,1290
12030,13506,1476,0,GE-Phase,retraction,12216,13092,876,876,0.593,-186,414
12030,13506,1476,0,GE-Phase,preparation,13092,13708,616,414,0.28,-1062,-202
25187,26370,1183,0,GE-Phrase,212,23414,26572,3158,1183,1.0,1773,-202
25187,26370,1183,0,GE-Phase,stroke,23890,25250,1360,63,0.053,1297,1120
25187,26370,1183,0,GE-Phase,retraction,25250,26572,1322,1120,0.947,-63,-202
26370,27200,830,0,GE-Phrase,212,23414,26572,3158,202,0.243,2956,628
26370,27200,830,0,GE-Phrase,213,26572,28865,2293,628,0.757,-202,-1665
26370,27200,830,0,GE-Phase,retraction,25250,26572,1322,202,0.243,1120,628
26370,27200,830,0,GE-Phase,preparation,26572,27305,733,628,0.757,-202,-105
27200,28048,848,0,GE-Phrase,213,26572,28865,2293,848,1.0,628,-817
27200,28048,848,0,GE-Phase,preparation,26572,27305,733,105,0.124,628,743
27200,28048,848,0,GE-Phase,stroke,27305,28425,1120,743,0.876,-105,-377
28048,29000,952,0,GE-Phrase,213,26572,28865,2293,817,0.858,1476,135
28048,29000,952,0,GE-Phrase,214,28865,30267,1402,135,0.142,-817,-1267
28048,29000,952,0,GE-Phase,stroke,27305,28425,1120,377,0.396,743,575
28048,29000,952,0,GE-Phase,retraction,28425,28865,440,440,0.462,-377,135
28048,29000,952,0,GE-Phase,preparation,28865,29147,282,135,0.142,-817,-147
69250,70269,1019,0,GE-Phrase,233,69124,70078,954,828,0.813,126,191
69250,70269,1019,0,GE-Phrase,234,70078,71694,1616,191,0.187,-828,-1425
69250,70269,1019,0,GE-Phase,preparation,69124,69404,280,154,0.151,126,865
69250,70269,1019,0,GE-Phase,stroke,69404,70078,674,674,0.661,-154,191
69250,70269,1019,0,GE-Phase,preparation,70078,70626,548,191,0.187,-828,-357
123300,123678,378,0,GE-Phrase,261,123162,126484,3322,378,1.0,138,-2806
123300,123678,378,0,GE-Phase,preparation,123162,123543,381,243,0.643,138,135
123300,123678,378,0,GE-Phase,stroke,123543,125275,1732,135,0.357,-243,-1597
123678,123884,206,0,GE-Phrase,261,123162,126484,3322,206,1.0,516,-2600
123678,123884,206,0,GE-Phase,stroke,123543,125275,1732,206,1.0,135,-1391
123884,124760,876,0,GE-Phrase,261,123162,126484,3322,876,1.0,722,-1724
123884,124760,876,0,GE-Phase,stroke,123543,125275,1732,876,1.0,341,-515
124760,125900,1140,0,GE-Phrase,261,123162,126484,3322,1140,1.0,1598,-584
124760,125900,1140,0,GE-Phase,stroke,123543,125275,1732,515,0.452,1217,625
124760,125900,1140,0,GE-Phase,retraction,125275,126484,1209,625,0.548,-515,-584
125900,127426,1526,0,GE-Phrase,261,123162,126484,3322,584,0.383,2738,942
125900,127426,1526,0,GE-Phase,retraction,125275,126484,1209,584,0.383,625,942
131400,132715,1315,0,GE-Phrase,262,128821,132202,3381,802,0.61,2579,513
131400,132715,1315,0,GE-Phrase,263,132202,134077,1875,513,0.39,-802,-1362
131400,132715,1315,0,GE-Phase,stroke,131270,132202,932,802,0.61,130,513
131400,132715,1315,0,GE-Phase,preparation,132202,132712,510,510,0.388,-802,3
131400,132715,1315,0,GE-Phase,stroke,132712,133300,588,3,0.002,-1312,-585
132715,134762,2047,0,GE-Phrase,263,132202,134077,1875,1362,0.665,513,685
132715,134762,2047,0,GE-Phrase,264,134077,135782,1705,685,0.335,-1362,-1020
132715,134762,2047,0,GE-Phase,stroke,132712,133300,588,585,0.286,3,1462
132715,134762,2047,0,GE-Phase,retraction,133300,134077,777,777,0.38,-585,685
132715,134762,2047,0,GE-Phase,preparation,134077,134927,850,685,0.335,-1362,-165
136371,137155,784,0,GE-Phrase,265,135782,138288,2506,784,1.0,589,-1133
136371,137155,784,0,GE-Phase,preparation,135782,136557,775,186,0.237,589,598
136371,137155,784,0,GE-Phase,stroke,136557,137175,618,598,0.763,-186,-20
137155,137394,239,0,GE-Phrase,265,135782,138288,2506,239,1.0,1373,-894
137155,137394,239,0,GE-Phase,stroke,136557,137175,618,20,0.084,598,219
137155,137394,239,0,GE-Phase,retraction,137175,138288,1113,219,0.916,-20,-894
141050,143026,1976,0,GE-Phrase,266,138288,141167,2879,117,0.059,2762,1859
141050,143026,1976,0,GE-Phrase,267,141167,142467,1300,1300,0.658,-117,559
141050,143026,1976,0,GE-Phrase,268,142467,145380,2913,559,0.283,-1417,-2354
141050,143026,1976,0,GE-Phase,stroke,139895,141167,1272,117,0.059,1155,1859
141050,143026,1976,0,GE-Phase,stroke,141167,142045,878,878,0.444,-117,981
141050,143026,1976,0,GE-Phase,hold,142045,142467,422,422,0.214,-995,559
141050,143026,1976,0,GE-Phase,preparation,142467,143704,1237,559,0.283,-1417,-678
149300,150432,1132,0,GE-Phrase,270,147413,149490,2077,190,0.168,1887,942
149300,150432,1132,0,GE-Phrase,271,149490,151803,2313,942,0.832,-190,-1371
149300,150432,1132,0,GE-Phase,hold,148742,149490,748,190,0.168,558,942
149300,150432,1132,0,GE-Phase,preparation,149490,150125,635,635,0.561,-190,307
149300,150432,1132,0,GE-Phase,stroke,150125,151219,1094,307,0.271,-825,-787
9631,12030,2399,0,GE-Phrase,205,9104,11228,2124,1597,0.666,527,802
9631,12030,2399,0,GE-Phrase,206,11228,13092,1864,802,0.334,-1597,-1062
9631,12030,2399,0,GE-Phase,preparation,9104,10503,1399,872,0.363,527,1527
9631,12030,2399,0,GE-Phase,stroke,10503,10898,395,395,0.165,-872,1132
9631,12030,2399,0,GE-Phase,retraction,10898,11228,330,330,0.138,-1267,802
9631,12030,2399,0,GE-Phase,preparation,11228,11616,388,388,0.162,-1597,414
9631,12030,2399,0,GE-Phase,stroke,11616,12216,600,414,0.173,-1985,-186
12030,13506,1476,0,GE-Phrase,206,11228,13092,1864,1062,0.72,802,414
12030,13506,1476,0,GE-Phrase,207,13092,14908,1816,414,0.28,-1062,-1402
12030,13506,1476,0,GE-Phase,stroke,11616,12216,600,186,0.126,414,1290
12030,13506,1476,0,GE-Phase,retraction,12216,13092,876,876,0.593,-186,414
12030,13506,1476,0,GE-Phase,preparation,13092,13708,616,414,0.28,-1062,-202
25187,26370,1183,0,GE-Phrase,212,23414,26572,3158,1183,1.0,1773,-202
25187,26370,1183,0,GE-Phase,stroke,23890,25250,1360,63,0.053,1297,1120
25187,26370,1183,0,GE-Phase,retraction,25250,26572,1322,1120,0.947,-63,-202
26370,27200,830,0,GE-Phrase,212,23414,26572,3158,202,0.243,2956,628
26370,27200,830,0,GE-Phrase,213,26572,28865,2293,628,0.757,-202,-1665
26370,27200,830,0,GE-Phase,retraction,25250,26572,1322,202,0.243,1120,628
26370,27200,830,0,GE-Phase,preparation,26572,27305,733,628,0.757,-202,-105
27200,28048,848,0,GE-Phrase,213,26572,28865,2293,848,1.0,628,-817
27200,28048,848,0,GE-Phase,preparation,26572,27305,733,105,0.124,628,743
27200,28048,848,0,GE-Phase,stroke,27305,28425,1120,743,0.876,-105,-377
28048,29000,952,0,GE-Phrase,213,26572,28865,2293,817,0.858,1476,135
28048,29000,952,0,GE-Phrase,214,28865,30267,1402,135,0.142,-817,-1267
28048,29000,952,0,GE-Phase,stroke,27305,28425,1120,377,0.396,743,575
28048,29000,952,0,GE-Phase,retraction,28425,28865,440,440,0.462,-377,135
28048,29000,952,0,GE-Phase,preparation,28865,29147,282,135,0.142,-817,-147
69250,70269,1019,0,GE-Phrase,233,69124,70078,954,828,0.813,126,191
69250,70269,1019,0,GE-Phrase,234,70078,71694,1616,191,0.187,-828,-1425
69250,70269,1019,0,GE-Phase,preparation,69124,69404,280,154,0.151,126,865
69250,70269,1019,0,GE-Phase,stroke,69404,70078,674,674,0.661,-154,191
69250,70269,1019,0,GE-Phase,preparation,70078,70626,548,191,0.187,-828,-357
123300,123678,378,0,GE-Phrase,261,123162,126484,3322,378,1.0,138,-2806
123300,123678,378,0,GE-Phase,preparation,123162,123543,381,243,0.643,138,135
123300,123678,378,0,GE-Phase,stroke,123543,125275,1732,135,0.357,-243,-1597
123678,123884,206,0,GE-Phrase,261,123162,126484,3322,206,1.0,516,-2600
123678,123884,206,0,GE-Phase,stroke,123543,125275,1732,206,1.0,135,-1391
123884,124760,876,0,GE-Phrase,261,123162,126484,3322,876,1.0,722,-1724
123884,124760,876,0,GE-Phase,stroke,123543,125275,1732,876,1.0,341,-515
124760,125900,1140,0,GE-Phrase,261,123162,126484,3322,1140,1.0,1598,-584
124760,125900,1140,0,GE-Phase,stroke,123543,125275,1732,515,0.452,1217,625
124760,125900,1140,0,GE-Phase,retraction,125275,126484,1209,625,0.548,-515,-584
125900,127426,1526,0,GE-Phrase,261,123162,126484,3322,584,0.383,2738,942
125900,127426,1526,0,GE-Phase,retraction,125275,126484,1209,584,0.383,625,942
131400,132715,1315,0,GE-Phrase,262,128821,132202,3381,802,0.61,2579,513
131400,132715,1315,0,GE-Phrase,263,132202,134077,1875,513,0.39,-802,-1362
131400,132715,1315,0,GE-Phase,stroke,131270,132202,932,802,0.61,130,513
131400,132715,1315,0,GE-Phase,preparation,132202,132712,510,510,0.388,-802,3
131400,132715,1315,0,GE-Phase,stroke,132712,133300,588,3,0.002,-1312,-585
132715,134762,2047,0,GE-Phrase,263,132202,134077,1875,1362,0.665,513,685
132715,134762,2047,0,GE-Phrase,264,134077,135782,1705,685,0.335,-1362,-1020
132715,134762,2047,0,GE-Phase,stroke,132712,133300,588,585,0.286,3,1462
132715,134762,2047,0,GE-Phase,retraction,133300,134077,777,777,0.38,-585,685
132715,134762,2047,0,GE-Phase,preparation,134077,134927,850,685,0.335,-1362,-165
136371,137155,784,0,GE-Phrase,265,135782,138288,2506,784,1.0,589,-1133
136371,137155,784,0,GE-Phase,preparation,135782,136557,775,186,0.237,589,598
136371,137155,784,0,GE-Phase,stroke,136557,137175,618,598,0.763,-186,-20
137155,137394,239,0,GE-Phrase,265,135782,138288,2506,239,1.0,1373,-894
137155,137394,239,0,GE-Phase,stroke,136557,137175,618,20,0.084,598,219
137155,137394,239,0,GE-Phase,retraction,137175,138288,1113,219,0.916,-20,-894
141050,143026,1976,0,GE-Phrase,266,138288,141167,2879,117,0.059,2762,1859
141050,143026,1976,0,GE-Phrase,267,141167,142467,1300,1300,0.658,-117,559
141050,143026,1976,0,GE-Phrase,268,142467,145380,2913,559,0.283,-1417,-2354
141050,143026,1976,0,GE-Phase,stroke,139895,141167,1272,117,0.059,1155,1859
141050,143026,1976,0,GE-Phase,stroke,141167,142045,878,878,0.444,-117,981
141050,143026,1976,0,GE-Phase,hold,142045,142467,422,422,0.214,-995,559
141050,143026,1976,0,GE-Phase,preparation,142467,143704,1237,559,0.283,-1417,-678
149300,150432,1132,0,GE-Phrase,270,147413,149490,2077,190,0.168,1887,942
149300,150432,1132,0,GE-Phrase,271,149490,151803,2313,942,0.832,-190,-1371
149300,150432,1132,0,GE-Phase,hold,148742,149490,748,190,0.168,558,942
149300,150432,1132,0,GE-Phase,preparation,149490,150125,635,635,0.561,-190,307
149300,150432,1132,0,GE-Phase,stroke,150125,151219,1094,307,0.271,-825,-787
9631,12030,2399,0,GE-Phrase,205,9104,11228,2124,1597,0.666,527,802
9631,12030,2399,0,GE-Phrase,206,11228,13092,1864,802,0.334,-1597,-1062
9631,12030,2399,0,GE-Phase,preparation,9104,10503,1399,872,0.363,527,1527
9631,12030,2399,0,GE-Phase,stroke,10503,10898,395,395,0.165,-872,1132
9631,12030,2399,0,GE-Phase,retraction,10898,11228,330,330,0.138,-1267,802
9631,12030,2399,0,GE-Phase,preparation,11228,11616,388,388,0.162,-1597,414
9631,12030,2399,0,GE-Phase,stroke,11616,12216,600,414,0.173,-1985,-186
12030,13506,1476,0,GE-Phrase,206,11228,13092,1864,1062,0.72,802,414
12030,13506,1476,0,GE-Phrase,207,13092,14908,1816,414,0.28,-1062,-1402
12030,13506,1476,0,GE-Phase,stroke,11616,12216,600,186,0.126,414,1290
12030,13506,1476,0,GE-Phase,retraction,12216,13092,876,876,0.593,-186,414
12030,13506,1476,0,GE-Phase,preparation,13092,13708,616,414,0.28,-1062,-202
25187,26370,1183,0,GE-Phrase,212,23414,26572,3158,1183,1.0,1773,-202
25187,26370,1183,0,GE-Phase,stroke,23890,25250,1360,63,0.053,1297,1120
25187,26370,1183,0,GE-Phase,retraction,25250,26572,1322,1120,0.947,-63,-202
26370,27200,830,0,GE-Phrase,212,23414,26572,3158,202,0.243,2956,628
26370,27200,830,0,GE-Phrase,213,26572,28865,2293,628,0.757,-202,-1665
26370,27200,830,0,GE-Phase,retraction,25250,26572,1322,202,0.243,1120,628
26370,27200,830,0,GE-Phase,preparation,26572,27305,733,628,0.757,-202,-105
27200,28048,848,0,GE-Phrase,213,26572,28865,2293,848,1.0,628,-817
27200,28048,848,0,GE-Phase,preparation,26572,27305,733,105,0.124,628,743
27200,28048,848,0,GE-Phase,stroke,27305,28425,1120,743,0.876,-105,-377
28048,29000,952,0,GE-Phrase,213,26572,28865,2293,817,0.858,1476,135
28048,29000,952,0,GE-Phrase,214,28865,30267,1402,135,0.142,-817,-1267
28048,29000,952,0,GE-Phase,stroke,27305,28425,1120,377,0.396,743,575
28048,29000,952,0,GE-Phase,retraction,28425,28865,440,440,0.462,-377,135
28048,29000,952,0,GE-Phase,preparation,28865,29147,282,135,0.142,-817,-147
69250,70269,1019,0,GE-Phrase,233,69124,70078,954,828,0.813,126,191
69250,70269,1019,0,GE-Phrase,234,70078,71694,1616,191,0.187,-828,-1425
69250,70269,1019,0,GE-Phase,preparation,69124,69404,280,154,0.151,126,865
69250,70269,1019,0,GE-Phase,stroke,69404,70078,674,674,0.661,-154,191
69250,70269,1019,0,GE-Phase,preparation,70078,70626,548,191,0.187,-828,-357
123300,123678,378,0,GE-Phrase,261,123162,126484,3322,378,1.0,138,-2806
123300,123678,378,0,GE-Phase,preparation,123162,123543,381,243,0.643,138,135
123300,123678,378,0,GE-Phase,stroke,123543,125275,1732,135,0.357,-243,-1597
123678,123884,206,0,GE-Phrase,261,123162,126484,3322,206,1.0,516,-2600
123678,123884,206,0,GE-Phase,stroke,123543,125275,1732,206,1.0,135,-1391
123884,124760,876,0,GE-Phrase,261,123162,126484,3322,876,1.0,722,-1724
123884,124760,876,0,GE-Phase,stroke,123543,125275,1732,876,1.0,341,-515
124760,125900,1140,0,GE-Phrase,261,123162,126484,3322,1140,1.0,1598,-584
124760,125900,1140,0,GE-Phase,stroke,123543,125275,1732,515,0.452,1217,625
124760,125900,1140,0,GE-Phase,retraction,125275,126484,1209,625,0.548,-515,-584
125900,127426,1526,0,GE-Phrase,261,123162,126484,3322,584,0.383,2738,942
125900,127426,1526,0,GE-Phase,retraction,125275,126484,1209,584,0.383,625,942
131400,132715,1315,0,GE-Phrase,262,128821,132202,3381,802,0.61,2579,513
131400,132715,1315,0,GE-Phrase,263,132202,134077,1875,513,0.39,-802,-1362
131400,132715,1315,0,GE-Phase,stroke,131270,132202,932,802,0.61,130,513
131400,132715,1315,0,GE-Phase,preparation,132202,132712,510,510,0.388,-802,3
131400,132715,1315,0,GE-Phase,stroke,132712,133300,588,3,0.002,-1312,-585
132715,134762,2047,0,GE-Phrase,263,132202,134077,1875,1362,0.665,513,685
132715,134762,2047,0,GE-Phrase,264,134077,135782,1705,685,0.335,-1362,-1020
132715,134762,2047,0,GE-Phase,stroke,132712,133300,588,585,0.286,3,1462
132715,134762,2047,0,GE-Phase,retraction,133300,134077,777,777,0.38,-585,685
132715,134762,2047,0,GE-Phase,preparation,134077,134927,850,685,0.335,-1362,-165
136371,137155,784,0,GE-Phrase,265,135782,138288,2506,784,1.0,589,-1133
136371,137155,784,0,GE-Phase,preparation,135782,136557,775,186,0.237,589,598
136371,137155,784,0,GE-Phase,stroke,136557,137175,618,598,0.763,-186,-20
137155,137394,239,0,GE-Phrase,265,135782,138288,2506,239,1.0,1373,-894
137155,137394,239,0,GE-Phase,stroke,136557,137175,618,20,0.084,598,219
137155,137394,239,0,GE-Phase,retraction,137175,138288,1113,219,0.916,-20,-894
141050,143026,1976,0,GE-Phrase,266,138288,141167,2879,117,0.059,2762,1859
141050,143026,1976,0,GE-Phrase,267,141167,142467,1300,1300,0.658,-117,559
141050,143026,1976,0,GE-Phrase,268,142467,145380,2913,559,0.283,-1417,-2354
141050,143026,1976,0,GE-Phase,stroke,139895,141167,1272,117,0.059,1155,1859
141050,143026,1976,0,GE-Phase,stroke,141167,142045,878,878,0.444,-117,981
141050,143026,1976,0,GE-Phase,hold,142045,142467,422,422,0.214,-995,559
141050,143026,1976,0,GE-Phase,preparation,142467,143704,1237,559,0.283,-1417,-678
149300,150432,1132,0,GE-Phrase,270,147413,149490,2077,190,0.168,1887,942
149300,150432,1132,0,GE-Phrase,271,149490,151803,2313,942,0.832,-190,-1371
149300,150432,1132,0,GE-Phase,hold,148742,149490,748,190,0.168,558,942
149300,150432,1132,0,GE-Phase,preparation,149490,150125,635,635,0.561,-190,307
149300,150432,1132,0,GE-Phase,stroke,150125,151219,1094,307,0.271,-825,-787
9631,12030,2399,0,GE-Phrase,205,9104,11228,2124,1597,0.666,527,802
9631,12030,2399,0,GE-Phrase,206,11228,13092,1864,802,0.334,-1597,-1062
9631,12030,2399,0,GE-Phase,preparation,9104,10503,1399,872,0.363,527,1527
9631,12030,2399,0,GE-Phase,stroke,10503,10898,395,395,0.165,-872,1132
9631,12030,2399,0,GE-Phase,retraction,10898,11228,330,330,0.138,-1267,802
9631,12030,2399,0,GE-Phase,preparation,11228,11616,388,388,0.162,-1597,414
9631,12030,2399,0,GE-Phase,stroke,11616,12216,600,414,0.173,-1985,-186
12030,13506,1476,0,GE-Phrase,206,11228,13092,1864,1062,0.72,802,414
12030,13506,1476,0,GE-Phrase,207,13092,14908,1816,414,0.28,-1062,-1402
12030,13506,1476,0,GE-Phase,stroke,11616,12216,600,186,0.126,414,1290
12030,13506,1476,0,GE-Phase,retraction,12216,13092,876,876,0.593,-186,414
12030,13506,1476,0,GE-Phase,preparation,13092,13708,616,414,0.28,-1062,-202
25187,26370,1183,0,GE-Phrase,212,23414,26572,3158,1183,1.0,1773,-202
25187,26370,1183,0,GE-Phase,stroke,23890,25250,1360,63,0.053,1297,1120
25187,26370,1183,0,GE-Phase,retraction,25250,26572,1322,1120,0.947,-63,-202
26370,27200,830,0,GE-Phrase,212,23414,26572,3158,202,0.243,2956,628
26370,27200,830,0,GE-Phrase,213,26572,28865,2293,628,0.757,-202,-1665
26370,27200,830,0,GE-Phase,retraction,25250,26572,1322,202,0.243,1120,628
26370,27200,830,0,GE-Phase,preparation,26572,27305,733,628,0.757,-202,-105
27200,28048,848,0,GE-Phrase,213,26572,28865,2293,848,1.0,628,-817
27200,28048,848,0,GE-Phase,preparation,26572,27305,733,105,0.124,628,743
27200,28048,848,0,GE-Phase,stroke,27305,28425,1120,743,0.876,-105,-377
28048,29000,952,0,GE-Phrase,213,26572,28865,2293,817,0.858,1476,135
28048,29000,952,0,GE-Phrase,214,28865,30267,1402,135,0.142,-817,-1267
28048,29000,952,0,GE-Phase,stroke,27305,28425,1120,377,0.396,743,575
28048,29000,952,0,GE-Phase,retraction,28425,28865,440,440,0.462,-377,135
28048,29000,952,0,GE-Phase,preparation,28865,29147,282,135,0.142,-817,-147
69250,70269,1019,0,GE-Phrase,233,69124,70078,954,828,0.813,126,191
69250,70269,1019,0,GE-Phrase,234,70078,71694,1616,191,0.187,-828,-1425
69250,70269,1019,0,GE-Phase,preparation,69124,69404,280,154,0.151,126,865
69250,70269,1019,0,GE-Phase,stroke,69404,70078,674,674,0.661,-154,191
69250,70269,1019,0,GE-Phase,preparation,70078,70626,548,191,0.187,-828,-357
123300,123678,378,0,GE-Phrase,261,123162,126484,3322,378,1.0,138,-2806
123300,123678,378,0,GE-Phase,preparation,123162,123543,381,243,0.643,138,135
123300,123678,378,0,GE-Phase,stroke,123543,125275,1732,135,0.357,-243,-1597
123678,123884,206,0,GE-Phrase,261,123162,126484,3322,206,1.0,516,-2600
123678,123884,206,0,GE-Phase,stroke,123543,125275,1732,206,1.0,135,-1391
123884,124760,876,0,GE-Phrase,261,123162,126484,3322,876,1.0,722,-1724
123884,124760,876,0,GE-Phase,stroke,123543,125275,1732,876,1.0,341,-515
124760,125900,1140,0,GE-Phrase,261,123162,126484,3322,1140,1.0,1598,-584
124760,125900,1140,0,GE-Phase,stroke,123543,125275,1732,515,0.452,1217,625
124760,125900,1140,0,GE-Phase,retraction,125275,126484,1209,625,0.548,-515,-584
125900,127426,1526,0,GE-Phrase,261,123162,126484,3322,584,0.383,2738,942
125900,127426,1526,0,GE-Phase,retraction,125275,126484,1209,584,0.383,625,942
131400,132715,1315,0,GE-Phrase,262,128821,132202,3381,802,0.61,2579,513
131400,132715,1315,0,GE-Phrase,263,132202,134077,1875,513,0.39,-802,-1362
131400,132715,1315,0,GE-Phase,stroke,131270,132202,932,802,0.61,130,513
131400,132715,1315,0,GE-Phase,preparation,132202,132712,510,510,0.388,-802,3
131400,132715,1315,0,GE-Phase,stroke,132712,133300,588,3,0.002,-1312,-585
132715,134762,2047,0,GE-Phrase,263,132202,134077,1875,1362,0.665,513,685
132715,134762,2047,0,GE-Phrase,264,134077,135782,1705,685,0.335,-1362,-1020
132715,134762,2047,0,GE-Phase,stroke,132712,133300,588,585,0.286,3,1462
132715,134762,2047,0,GE-Phase,retraction,133300,134077,777,777,0.38,-585,685
132715,134762,2047,0,GE-Phase,preparation,134077,134927,850,685,0.335,-1362,-165
136371,137155,784,0,GE-Phrase,265,135782,138288,2506,784,1.0,589,-1133
136371,137155,784,0,GE-Phase,preparation,135782,136557,775,186,0.237,589,598
136371,137155,784,0,GE-Phase,stroke,136557,137175,618,598,0.763,-186,-20
137155,137394,239,0,GE-Phrase,265,135782,138288,2506,239,1.0,1373,-894
137155,137394,239,0,GE-Phase,stroke,136557,137175,618,20,0.084,598,219
137155,137394,239,0,GE-Phase,retraction,137175,138288,1113,219,0.916,-20,-894
141050,143026,1976,0,GE-Phrase,266,138288,141167,2879,117,0.059,2762,1859
141050,143026,1976,0,GE-Phrase,267,141167,142467,1300,1300,0.658,-117,559
141050,143026,1976,0,GE-Phrase,268,142467,145380,2913,559,0.283,-1417,-2354
141050,143026,1976,0,GE-Phase,stroke,139895,141167,1272,117,0.059,1155,1859
141050,143026,1976,0,GE-Phase,stroke,141167,142045,878,878,0.444,-117,981
141050,143026,1976,0,GE-Phase,hold,142045,142467,422,422,0.214,-995,559
141050,143026,1976,0,GE-Phase,preparation,142467,143704,1237,559,0.283,-1417,-678
149300,150432,1132,0,GE-Phrase,270,147413,149490,2077,190,0.168,1887,942
149300,150432,1132,0,GE-Phrase,271,149490,151803,2313,942,0.832,-190,-1371
149300,150432,1132,0,GE-Phase,hold,148742,149490,748,190,0.168,558,942
149300,150432,1132,0,GE-Phase,preparation,149490,150125,635,635,0.561,-190,307
149300,150432,1132,0,GE-Phase,stroke,150125,151219,1094,307,0.271,-825,-787
9631,12030,2399,0,GE-Phrase,205,9104,11228,2124,1597,0.666,527,802
9631,12030,2399,0,GE-Phrase,206,11228,13092,1864,802,0.334,-1597,-1062
9631,12030,2399,0,GE-Phase,preparation,9104,10503,1399,872,0.363,527,1527
9631,12030,2399,0,GE-Phase,stroke,10503,10898,395,395,0.165,-872,1132
9631,12030,2399,0,GE-Phase,retraction,10898,11228,330,330,0.138,-1267,802
9631,12030,2399,0,GE-Phase,preparation,11228,11616,388,388,0.162,-1597,414
9631,12030,2399,0,GE-Phase,stroke,11616,12216,600,414,0.173,-1985,-186
12030,13506,1476,0,GE-Phrase,206,11228,13092,1864,1062,0.72,802,414
12030,13506,1476,0,GE-Phrase,207,13092,14908,1816,414,0.28,-1062,-1402
12030,13506,1476,0,GE-Phase,stroke,11616,12216,600,186,0.126,414,1290
12030,13506,1476,0,GE-Phase,retraction,12216,13092,876,876,0.593,-186,414
12030,13506,1476,0,GE-Phase,preparation,13092,13708,616,414,0.28,-1062,-202
25187,26370,1183,0,GE-Phrase,212,23414,26572,3158,1183,1.0,1773,-202
25187,26370,1183,0,GE-Phase,stroke,23890,25250,1360,63,0.053,1297,1120
25187,26370,1183,0,GE-Phase,retraction,25250,26572,1322,1120,0.947,-63,-202
26370,27200,830,0,GE-Phrase,212,23414,26572,3158,202,0.243,2956,628
26370,27200,830,0,GE-Phrase,213,26572,28865,2293,628,0.757,-202,-1665
26370,27200,830,0,GE-Phase,retraction,25250,26572,1322,202,0.243,1120,628
26370,27200,830,0,GE-Phase,preparation,26572,27305,733,628,0.757,-202,-105
27200,28048,848,0,GE-Phrase,213,26572,28865,2293,848,1.0,628,-817
27200,28048,848,0,GE-Phase,preparation,26572,27305,733,105,0.124,628,743
27200,28048,848,0,GE-Phase,stroke,27305,28425,1120,743,0.876,-105,-377
28048,29000,952,0,GE-Phrase,213,26572,28865,2293,817,0.858,1476,135
28048,29000,952,0,GE-Phrase,214,28865,30267,1402,135,0.142,-817,-1267
28048,29000,952,0,GE-Phase,stroke,27305,28425,1120,377,0.396,743,575
28048,29000,952,0,GE-Phase,retraction,28425,28865,440,440,0.462,-377,135
28048,29000,952,0,GE-Phase,preparation,28865,29147,282,135,0.142,-817,-147
69250,70269,1019,0,GE-Phrase,233,69124,70078,954,828,0.813,126,191
69250,70269,1019,0,GE-Phrase,234,70078,71694,1616,191,0.187,-828,-1425
69250,70269,1019,0,GE-Phase,preparation,69124,69404,280,154,0.151,126,865
69250,70269,1019,0,GE-Phase,stroke,69404,70078,674,674,0.661,-154,191
69250,70269,1019,0,GE-Phase,preparation,70078,70626,548,191,0.187,-828,-357
123300,123678,378,0,GE-Phrase,261,123162,126484,3322,378,1.0,138,-2806
123300,123678,378,0,GE-Phase,preparation,123162,123543,381,243,0.643,138,135
123300,123678,378,0,GE-Phase,stroke,123543,125275,1732,135,0.357,-243,-1597
123678,123884,206,0,GE-Phrase,261,123162,126484,3322,206,1.0,516,-2600
123678,123884,206,0,GE-Phase,stroke,123543,125275,1732,206,1.0,135,-1391
123884,124760,876,0,GE-Phrase,261,123162,126484,3322,876,1.0,722,-1724
123884,124760,876,0,GE-Phase,stroke,123543,125275,1732,876,1.0,341,-515
124760,125900,1140,0,GE-Phrase,261,123162,126484,3322,1140,1.0,1598,-584
124760,125900,1140,0,GE-Phase,stroke,123543,125275,1732,515,0.452,1217,625
124760,125900,1140,0,GE-Phase,retraction,125275,126484,1209,625,0.548,-515,-584
125900,127426,1526,0,GE-Phrase,261,123162,126484,3322,584,0.383,2738,942
125900,127426,1526,0,GE-Phase,retraction,125275,126484,1209,584,0.383,625,942
131400,132715,1315,0,GE-Phrase,262,128821,132202,3381,802,0.61,2579,513
131400,132715,1315,0,GE-Phrase,263,132202,134077,1875,513,0.39,-802,-1362
131400,132715,1315,0,GE-Phase,stroke,131270,132202,932,802,0.61,130,513
131400,132715,1315,0,GE-Phase,preparation,132202,132712,510,510,0.388,-802,3
131400,132715,1315,0,GE-Phase,stroke,132712,133300,588,3,0.002,-1312,-585
132715,134762,2047,0,GE-Phrase,263,132202,134077,1875,1362,0.665,513,685
132715,134762,2047,0,GE-Phrase,264,134077,135782,1705,685,0.335,-1362,-1020
132715,134762,2047,0,GE-Phase,stroke,132712,133300,588,585,0.286,3,1462
132715,134762,2047,0,GE-Phase,retraction,133300,134077,777,777,0.38,-585,685
132715,134762,2047,0,GE-Phase,preparation,134077,134927,850,685,0.335,-1362,-165
136371,137155,784,0,GE-Phrase,265,135782,138288,2506,784,1.0,589,-1133
136371,137155,784,0,GE-Phase,preparation,135782,136557,775,186,0.237,589,598
136371,137155,784,0,GE-Phase,stroke,136557,137175,618,598,0.763,-186,-20
137155,137394,239,0,GE-Phrase,265,135782,138288,2506,239,1.0,1373,-894
137155,137394,239,0,GE-Phase,stroke,136557,137175,618,20,0.084,598,219
137155,137394,239,0,GE-Phase,retraction,137175,138288,1113,219,0.916,-20,-894
141050,143026,1976,0,GE-Phrase,266,138288,141167,2879,117,0.059,2762,1859
141050,143026,1976,0,GE-Phrase,267,141167,142467,1300,1300,0.658,-117,559
141050,143026,1976,0,GE-Phrase,268,142467,145380,2913,559,0.283,-1417,-2354
141050,143026,1976,0,GE-Phase,stroke,139895,141167,1272,117,0.059,1155,1859
141050,143026,1976,0,GE-Phase,stroke,141167,142045,878,878,0.444,-117,981
141050,143026,1976,0,GE-Phase,hold,142045,142467,422,422,0.214,-995,559
141050,143026,1976,0,GE-Phase,preparation,142467,143704,1237,559,0.283,-1417,-678
149300,150432,1132,0,GE-Phrase,270,147413,149490,2077,190,0.168,1887,942
149300,150432,1132,0,GE-Phrase,271,149490,151803,2313,942,0.832,-190,-1371
149300,150432,1132,0,GE-Phase,hold,148742,149490,748,190,0.168,558,942
149300,150432,1132,0,GE-Phase,preparation,149490,150125,635,635,0.561,-190,307
149300,150432,1132,0,GE-Phase,stroke,150125,151219,1094,307,0.271,-825,-787
9631,12030,2399,0,GE-Phrase,205,9104,11228,2124,1597,0.666,527,802
9631,12030,2399,0,GE-Phrase,206,11228,13092,1864,802,0.334,-1597,-1062
9631,12030,2399,0,GE-Phase,preparation,9104,10503,1399,872,0.363,527,1527
9631,12030,2399,0,GE-Phase,stroke,10503,10898,395,395,0.165,-872,1132
9631,12030,2399,0,GE-Phase,retraction,10898,11228,330,330,0.138,-1267,802
9631,12030,2399,0,GE-Phase,preparation,11228,11616,388,388,0.162,-1597,414
9631,12030,2399,0,GE-Phase,stroke,11616,12216,600,414,0.173,-1985,-186
12030,13506,1476,0,GE-Phrase,206,11228,13092,1864,1062,0.72,802,414
12030,13506,1476,0,GE-Phrase,207,13092,14908,1816,414,0.28,-1062,-1402
12030,13506,1476,0,GE-Phase,stroke,11616,12216,600,186,0.126,414,1290
12030,13506,1476,0,GE-Phase,retraction,12216,13092,876,876,0.593,-186,414
12030,13506,1476,0,GE-Phase,preparation,13092,13708,616,414,0.28,-1062,-202
25187,26370,1183,0,GE-Phrase,212,23414,26572,3158,1183,1.0,1773,-202
25187,26370,1183,0,GE-Phase,stroke,23890,25250,1360,63,0.053,1297,1120
25187,26370,1183,0,GE-Phase,retraction,25250,26572,1322,1120,0.947,-63,-202
26370,27200,830,0,GE-Phrase,212,23414,26572,3158,202,0.243,2956,628
26370,27200,830,0,GE-Phrase,213,26572,28865,2293,628,0.757,-202,-1665
26370,27200,830,0,GE-Phase,retraction,25250,26572,1322,202,0.243,1120,628
26370,27200,830,0,GE-Phase,preparation,26572,27305,733,628,0.757,-202,-105
27200,28048,848,0,GE-Phrase,213,26572,28865,2293,848,1.0,628,-817
27200,28048,848,0,GE-Phase,preparation,26572,27305,733,105,0.124,628,743
27200,28048,848,0,GE-Phase,stroke,27305,28425,1120,743,0.876,-105,-377
28048,29000,952,0,GE-Phrase,213,26572,28865,2293,817,0.858,1476,135
28048,29000,952,0,GE-Phrase,214,28865,30267,1402,135,0.142,-817,-1267
28048,29000,952,0,GE-Phase,stroke,27305,28425,1120,377,0.396,743,575
28048,29000,952,0,GE-Phase,retraction,28425,28865,440,440,0.462,-377,135
28048,29000,952,0,GE-Phase,preparation,28865,29147,282,135,0.142,-817,-147
69250,70269,1019,0,GE-Phrase,233,69124,70078,954,828,0.813,126,191
69250,70269,1019,0,GE-Phrase,234,70078,71694,1616,191,0.187,-828,-1425
69250,70269,1019,0,GE-Phase,preparation,69124,69404,280,154,0.151,126,865
69250,70269,1019,0,GE-Phase,stroke,69404,70078,674,674,0.661,-154,191
69250,70269,1019,0,GE-Phase,preparation,70078,70626,548,191,0.187,-828,-357
123300,123678,378,0,GE-Phrase,261,123162,126484,3322,378,1.0,138,-2806
123300,123678,378,0,GE-Phase,preparation,123162,123543,381,243,0.643,138,135
123300,123678,378,0,GE-Phase,stroke,123543,125275,1732,135,0.357,-243,-1597
123678,123884,206,0,GE-Phrase,261,123162,126484,3322,206,1.0,516,-2600
123678,123884,206,0,GE-Phase,stroke,123543,125275,1732,206,1.0,135,-1391
123884,124760,876,0,GE-Phrase,261,123162,126484,3322,876,1.0,722,-1724
123884,124760,876,0,GE-Phase,stroke,123543,125275,1732,876,1.0,341,-515
124760,125900,1140,0,GE-Phrase,261,123162,126484,3322,1140,1.0,1598,-584
124760,125900,1140,0,GE-Phase,stroke,123543,125275,1732,515,0.452,1217,625
124760,125900,1140,0,GE-Phase,retraction,125275,126484,1209,625,0.548,-515,-584
125900,127426,1526,0,GE-Phrase,261,123162,126484,3322,584,0.383,2738,942
125900,127426,1526,0,GE-Phase,retraction,125275,126484,1209,584,0.383,625,942
131400,132715,1315,0,GE-Phrase,262,128821,132202,3381,802,0.61,2579,513
131400,132715,1315,0,GE-Phrase,263,132202,134077,1875,513,0.39,-802,-1362
131400,132715,1315,0,GE-Phase,stroke,131270,132202,932,802,0.61,130,513
131400,132715,1315,0,GE-Phase,preparation,132202,132712,510,510,0.388,-802,3
131400,132715,1315,0,GE-Phase,stroke,132712,133300,588,3,0.002,-1312,-585
132715,134762,2047,0,GE-Phrase,263,132202,134077,1875,1362,0.665,513,685
132715,134762,2047,0,GE-Phrase,264,134077,135782,1705,685,0.335,-1362,-1020
132715,134762,2047,0,GE-Phase,stroke,132712,133300,588,585,0.286,3,1462
132715,134762,2047,0,GE-Phase,retraction,133300,134077,777,777,0.38,-585,685
132715,134762,2047,0,GE-Phase,preparation,134077,134927,850,685,0.335,-1362,-165
136371,137155,784,0,GE-Phrase,265,135782,138288,2506,784,1.0,589,-1133
136371,137155,784,0,GE-Phase,preparation,135782,136557,775,186,0.237,589,598
136371,137155,784,0,GE-Phase,stroke,136557,137175,618,598,0.763,-186,-20
137155,137394,239,0,GE-Phrase,265,135782,138288,2506,239,1.0,1373,-894
137155,137394,239,0,GE-Phase,stroke,136557,137175,618,20,0.084,598,219
137155,137394,239,0,GE-Phase,retraction,137175,138288,1113,219,0.916,-20,-894
141050,143026,1976,0,GE-Phrase,266,138288,141167,2879,117,0.059,2762,1859
141050,143026,1976,0,GE-Phrase,267,141167,142467,1300,1300,0.658,-117,559
141050,143026,1976,0,GE-Phrase,268,142467,145380,2913,559,0.283,-1417,-2354
141050,143026,1976,0,GE-Phase,stroke,139895,141167,1272,117,0.059,1155,1859
141050,143026,1976,0,GE-Phase,stroke,141167,142045,878,878,0.444,-117,981
141050,143026,1976,0,GE-Phase,hold,142045,142467,422,422,0.214,-995,559
141050,143026,1976,0,GE-Phase,preparation,142467,143704,1237,559,0.283,-1417,-678
149300,150432,1132,0,GE-Phrase,270,147413,149490,2077,190,0.168,1887,942
149300,150432,1132,0,GE-Phrase,271,149490,151803,2313,942,0.832,-190,-1371
149300,150432,1132,0,GE-Phase,hold,148742,149490,748,190,0.168,558,942
149300,150432,1132,0,GE-Phase,preparation,149490,150125,635,635,0.561,-190,307
149300,150432,1132,0,GE-Phase,stroke,150125,151219,1094,307,0.271,-825,-787
9631,12030,2399,0,GE-Phrase,205,9104,11228,2124,1597,0.666,527,802
9631,12030,2399,0,GE-Phrase,206,11228,13092,1864,802,0.334,-1597,-1062
9631,12030,2399,0,GE-Phase,preparation,9104,10503,1399,872,0.363,527,1527
9631,12030,2399,0,GE-Phase,stroke,10503,10898,395,395,0.165,-872,1132
9631,12030,2399,0,GE-Phase,retraction,10898,11228,330,330,0.138,-1267,802
9631,12030,2399,0,GE-Phase,preparation,11228,11616,388,388,0.162,-1597,414
9631,12030,2399,0,GE-Phase,stroke,11616,12216,600,414,0.173,-1985,-186
12030,13506,1476,0,GE-Phrase,206,11228,13092,1864,1062,0.72,802,414
12030,13506,1476,0,GE-Phrase,207,13092,14908,1816,414,0.28,-1062,-1402
12030,13506,1476,0,GE-Phase,stroke,11616,12216,600,186,0.126,414,1290
12030,13506,1476,0,GE-Phase,retraction,12216,13092,876,876,0.593,-186,414
12030,13506,1476,0,GE-Phase,preparation,13092,13708,616,414,0.28,-1062,-202
25187,26370,1183,0,GE-Phrase,212,23414,26572,3158,1183,1.0,1773,-202
25187,26370,1183,0,GE-Phase,stroke,23890,25250,1360,63,0.053,1297,1120
25187,26370,1183,0,GE-Phase,retraction,25250,26572,1322,1120,0.947,-63,-202
26370,27200,830,0,GE-Phrase,212,23414,26572,3158,202,0.243,2956,628
26370,27200,830,0,GE-Phrase,213,26572,28865,2293,628,0.757,-202,-1665
26370,27200,830,0,GE-Phase,retraction,25250,26572,1322,202,0.243,1120,628
26370,27200,830,0,GE-Phase,preparation,26572,27305,733,628,0.757,-202,-105
27200,28048,848,0,GE-Phrase,213,26572,28865,2293,848,1.0,628,-817
27200,28048,848,0,GE-Phase,preparation,26572,27305,733,105,0.124,628,743
27200,28048,848,0,GE-Phase,stroke,27305,28425,1120,743,0.876,-105,-377
28048,29000,952,0,GE-Phrase,213,26572,28865,2293,817,0.858,1476,135
28048,29000,952,0,GE-Phrase,214,28865,30267,1402,135,0.142,-817,-1267
28048,29000,952,0,GE-Phase,stroke,27305,28425,1120,377,0.396,743,575
28048,29000,952,0,GE-Phase,retraction,28425,28865,440,440,0.462,-377,135
28048,29000,952,0,GE-Phase,preparation,28865,29147,282,135,0.142,-817,-147
69250,70269,1019,0,GE-Phrase,233,69124,70078,954,828,0.813,126,191
69250,70269,1019,0,GE-Phrase,234,70078,71694,1616,191,0.187,-828,-1425
69250,70269,1019,0,GE-Phase,preparation,69124,69404,280,154,0.151,126,865
69250,70269,1019,0,GE-Phase,stroke,69404,70078,674,674,0.661,-154,191
69250,70269,1019,0,GE-Phase,preparation,70078,70626,548,191,0.187,-828,-357
123300,123678,378,0,GE-Phrase,261,123162,126484,3322,378,1.0,138,-2806
123300,123678,378,0,GE-Phase,preparation,123162,123543,381,243,0.643,138,135
123300,123678,378,0,GE-Phase,stroke,123543,125275,1732,135,0.357,-243,-1597
123678,123884,206,0,GE-Phrase,261,123162,126484,3322,206,1.0,516,-2600
123678,123884,206,0,GE-Phase,stroke,123543,125275,1732,206,1.0,135,-1391
123884,124760,876,0,GE-Phrase,261,123162,126484,3322,876,1.0,722,-1724
123884,124760,876,0,GE-Phase,stroke,123543,125275,1732,876,1.0,341,-515
124760,125900,1140,0,GE-Phrase,261,123162,126484,3322,1140,1.0,1598,-584
124760,125900,1140,0,GE-Phase,stroke,123543,125275,1732,515,0.452,1217,625
124760,125900,1140,0,GE-Phase,retraction,125275,126484,1209,625,0.548,-515,-584
125900,127426,1526,0,GE-Phrase,261,123162,126484,3322,584,0.383,2738,942
125900,127426,1526,0,GE-Phase,retraction,125275,126484,1209,584,0.383,625,942
131400,132715,1315,0,GE-Phrase,262,128821,132202,3381,802,0.61,2579,513
131400,132715,1315,0,GE-Phrase,263,132202,134077,1875,513,0.39,-802,-1362
131400,132715,1315,0,GE-Phase,stroke,131270,132202,932,802,0.61,130,513
131400,132715,1315,0,GE-Phase,preparation,132202,132712,510,510,0.388,-802,3
131400,132715,1315,0,GE-Phase,stroke,132712,133300,588,3,0.002,-1312,-585
132715,134762,2047,0,GE-Phrase,263,132202,134077,1875,1362,0.665,513,685
132715,134762,2047,0,GE-Phrase,264,134077,135782,1705,685,0.335,-1362,-1020
132715,134762,2047,0,GE-Phase,stroke,132712,133300,588,585,0.286,3,1462
132715,134762,2047,0,GE-Phase,retraction,133300,134077,777,777,0.38,-585,685
132715,134762,2047,0,GE-Phase,preparation,134077,134927,850,685,0.335,-1362,-165
136371,137155,784,0,GE-Phrase,265,135782,138288,2506,784,1.0,589,-1133
136371,137155,784,0,GE-Phase,preparation,135782,136557,775,186,0.237,589,598
136371,137155,784,0,GE-Phase,stroke,136557,137175,618,598,0.763,-186,-20
137155,137394,239,0,GE-Phrase,265,135782,138288,2506,239,1.0,1373,-894
137155,137394,239,0,GE-Phase,stroke,136557,137175,618,20,0.084,598,219
137155,137394,239,0,GE-Phase,retraction,137175,138288,1113,219,0.916,-20,-894
141050,143026,1976,0,GE-Phrase,266,138288,141167,2879,117,0.059,2762,1859
141050,143026,1976,0,GE-Phrase,267,141167,142467,1300,1300,0.658,-117,559
141050,143026,1976,0,GE-Phrase,268,142467,145380,2913,559,0.283,-1417,-2354
141050,143026,1976,0,GE-Phase,stroke,139895,141167,1272,117,0.059,1155,1859
141050,143026,1976,0,GE-Phase,stroke,141167,142045,878,878,0.444,-117,981
141050,143026,1976,0,GE-Phase,hold,142045,142467,422,422,0.214,-995,559
141050,143026,1976,0,GE-Phase,preparation,142467,143704,1237,559,0.283,-1417,-678
149300,150432,1132,0,GE-Phrase,270,147413,149490,2077,190,0.168,1887,942
149300,150432,1132,0,GE-Phrase,271,149490,151803,2313,942,0.832,-190,-1371
149300,150432,1132,0,GE-Phase,hold,148742,149490,748,190,0.168,558,942
149300,150432,1132,0,GE-Phase,preparation,149490,150125,635,635,0.561,-190,307
149300,150432,1132,0,GE-Phase,stroke,150125,151219,1094,307,0.271,-825,-787
9631,12030,2399,0,GE-Phrase,205,9104,11228,2124,1597,0.666,527,802
9631,12030,2399,0,GE-Phrase,206,11228,13092,1864,802,0.334,-1597,-1062
9631,12030,2399,0,GE-Phase,preparation,9104,10503,1399,872,0.363,527,1527
9631,12030,2399,0,GE-Phase,stroke,10503,10898,395,395,0.165,-872,1132
9631,12030,2399,0,GE-Phase,retraction,10898,11228,330,330,0.138,-1267,802
9631,12030,2399,0,GE-Phase,preparation,11228,11616,388,388,0.162,-1597,414
9631,12030,2399,0,GE-Phase,stroke,11616,12216,600,414,0.173,-1985,-186
12030,13506,1476,0,GE-Phrase,206,11228,13092,1864,1062,0.72,802,414
12030,13506,1476,0,GE-Phrase,207,13092,14908,1816,414,0.28,-1062,-1402
12030,13506,1476,0,GE-Phase,stroke,11616,12216,600,186,0.126,414,1290
12030,13506,1476,0,GE-Phase,retraction,12216,13092,876,876,0.593,-186,414
12030,13506,1476,0,GE-Phase,preparation,13092,13708,616,414,0.28,-1062,-202
25187,26370,1183,0,GE-Phrase,212,23414,26572,3158,1183,1.0,1773,-202
25187,26370,1183,0,GE-Phase,stroke,23890,25250,1360,63,0.053,1297,1120
25187,26370,1183,0,GE-Phase,retraction,25250,26572,1322,1120,0.947,-63,-202
26370,27200,830,0,GE-Phrase,212,23414,26572,3158,202,0.243,2956,628
26370,27200,830,0,GE-Phrase,213,26572,28865,2293,628,0.757,-202,-1665
26370,27200,830,0,GE-Phase,retraction,25250,26572,1322,202,0.243,1120,628
26370,27200,830,0,GE-Phase,preparation,26572,27305,733,628,0.757,-202,-105
27200,28048,848,0,GE-Phrase,213,26572,28865,2293,848,1.0,628,-817
27200,28048,848,0,GE-Phase,preparation,26572,27305,733,105,0.124,628,743
27200,28048,848,0,GE-Phase,stroke,27305,28425,1120,743,0.876,-105,-377
28048,29000,952,0,GE-Phrase,213,26572,28865,2293,817,0.858,1476,135
28048,29000,952,0,GE-Phrase,214,28865,30267,1402,135,0.142,-817,-1267
28048,29000,952,0,GE-Phase,stroke,27305,28425,1120,377,0.396,743,575
28048,29000,952,0,GE-Phase,retraction,28425,28865,440,440,0.462,-377,135
28048,29000,952,0,GE-Phase,preparation,28865,29147,282,135,0.142,-817,-147
69250,70269,1019,0,GE-Phrase,233,69124,70078,954,828,0.813,126,191
69250,70269,1019,0,GE-Phrase,234,70078,71694,1616,191,0.187,-828,-1425
69250,70269,1019,0,GE-Phase,preparation,69124,69404,280,154,0.151,126,865
69250,70269,1019,0,GE-Phase,stroke,69404,70078,674,674,0.661,-154,191
69250,70269,1019,0,GE-Phase,preparation,70078,70626,548,191,0.187,-828,-357
123300,123678,378,0,GE-Phrase,261,123162,126484,3322,378,1.0,138,-2806
123300,123678,378,0,GE-Phase,preparation,123162,123543,381,243,0.643,138,135
123300,123678,378,0,GE-Phase,stroke,123543,125275,1732,135,0.357,-243,-1597
123678,123884,206,0,GE-Phrase,261,123162,126484,3322,206,1.0,516,-2600
123678,123884,206,0,GE-Phase,stroke,123543,125275,1732,206,1.0,135,-1391
123884,124760,876,0,GE-Phrase,261,123162,126484,3322,876,1.0,722,-1724
123884,124760,876,0,GE-Phase,stroke,123543,125275,1732,876,1.0,341,-515
124760,125900,1140,0,GE-Phrase,261,123162,126484,3322,1140,1.0,1598,-584
124760,125900,1140,0,GE-Phase,stroke,123543,125275,1732,515,0.452,1217,625
124760,125900,1140,0,GE-Phase,retraction,125275,126484,1209,625,0.548,-515,-584
125900,127426,1526,0,GE-Phrase,261,123162,126484,3322,584,0.383,2738,942
125900,127426,1526,0,GE-Phase,retraction,125275,126484,1209,584,0.383,625,942
131400,132715,1315,0,GE-Phrase,262,128821,132202,3381,802,0.61,2579,513
131400,132715,1315,0,GE-Phrase,263,132202,134077,1875,513,0.39,-802,-1362
131400,132715,1315,0,GE-Phase,stroke,131270,132202,932,802,0.61,130,513
131400,132715,1315,0,GE-Phase,preparation,132202,132712,510,510,0.388,-802,3
131400,132715,1315,0,GE-Phase,stroke,132712,133300,588,3,0.002,-1312,-585
132715,134762,2047,0,GE-Phrase,263,132202,134077,1875,1362,0.665,513,685
132715,134762,2047,0,GE-Phrase,264,134077,135782,1705,685,0.335,-1362,-1020
132715,134762,2047,0,GE-Phase,stroke,132712,133300,588,585,0.286,3,1462
132715,134762,2047,0,GE-Phase,retraction,133300,134077,777,777,0.38,-585,685
132715,134762,2047,0,GE-Phase,preparation,134077,134927,850,685,0.335,-1362,-165
136371,137155,784,0,GE-Phrase,265,135782,138288,2506,784,1.0,589,-1133
136371,137155,784,0,GE-Phase,preparation,135782,136557,775,186,0.237,589,598
136371,137155,784,0,GE-Phase,stroke,136557,137175,618,598,0.763,-186,-20
137155,137394,239,0,GE-Phrase,265,135782,138288,2506,239,1.0,1373,-894
137155,137394,239,0,GE-Phase,stroke,136557,137175,618,20,0.084,598,219
137155,137394,239,0,GE-Phase,retraction,137175,138288,1113,219,0.916,-20,-894
141050,143026,1976,0,GE-Phrase,266,138288,141167,2879,117,0.059,2762,1859
141050,143026,1976,0,GE-Phrase,267,141167,142467,1300,1300,0.658,-117,559
141050,143026,1976,0,GE-Phrase,268,142467,145380,2913,559,0.283,-1417,-2354
141050,143026,1976,0,GE-Phase,stroke,139895,141167,1272,117,0.059,1155,1859
141050,143026,1976,0,GE-Phase,stroke,141167,142045,878,878,0.444,-117,981
141050,143026,1976,0,GE-Phase,hold,142045,142467,422,422,0.214,-995,559
141050,143026,1976,0,GE-Phase,preparation,142467,143704,1237,559,0.283,-1417,-678
149300,150432,1132,0,GE-Phrase,270,147413,149490,2077,190,0.168,1887,942
149300,150432,1132,0,GE-Phrase,271,149490,151803,2313,942,0.832,-190,-1371
149300,150432,1132,0,GE-Phase,hold,148742,149490,748,190,0.168,558,942
149300,150432,1132,0,GE-Phase,preparation,149490,150125,635,635,0.561,-190,307
149300,150432,1132,0,GE-Phase,stroke,150125,151219,1094,307,0.271,-825,-787
9631,12030,2399,0,GE-Phrase,205,9104,11228,2124,1597,0.666,527,802
9631,12030,2399,0,GE-Phrase,206,11228,13092,1864,802,0.334,-1597,-1062
9631,12030,2399,0,GE-Phase,preparation,9104,10503,1399,872,0.363,527,1527
9631,12030,2399,0,GE-Phase,stroke,10503,10898,395,395,0.165,-872,1132
9631,12030,2399,0,GE-Phase,retraction,10898,11228,330,330,0.138,-1267,802
9631,12030,2399,0,GE-Phase,preparation,11228,11616,388,388,0.162,-1597,414
9631,12030,2399,0,GE-Phase,stroke,11616,12216,600,414,0.173,-1985,-186
12030,13506,1476,0,GE-Phrase,206,11228,13092,1864,1062,0.72,802,414
12030,13506,1476,0,GE-Phrase,207,13092,14908,1816,414,0.28,-1062,-1402
12030,13506,1476,0,GE-Phase,stroke,11616,12216,600,186,0.126,414,1290
12030,13506,1476,0,GE-Phase,retraction,12216,13092,876,876,0.593,-186,414
12030,13506,1476,0,GE-Phase,preparation,13092,13708,616,414,0.28,-1062,-202
25187,26370,1183,0,GE-Phrase,212,23414,26572,3158,1183,1.0,1773,-202
25187,26370,1183,0,GE-Phase,stroke,23890,25250,1360,63,0.053,1297,1120
25187,26370,1183,0,GE-Phase,retraction,25250,26572,1322,1120,0.947,-63,-202
26370,27200,830,0,GE-Phrase,212,23414,26572,3158,202,0.243,2956,628
26370,27200,830,0,GE-Phrase,213,26572,28865,2293,628,0.757,-202,-1665
26370,27200,830,0,GE-Phase,retraction,25250,26572,1322,202,0.243,1120,628
26370,27200,830,0,GE-Phase,preparation,26572,27305,733,628,0.757,-202,-105
27200,28048,848,0,GE-Phrase,213,26572,28865,2293,848,1.0,628,-817
27200,28048,848,0,GE-Phase,preparation,26572,27305,733,105,0.124,628,743
27200,28048,848,0,GE-Phase,stroke,27305,28425,1120,743,0.876,-105,-377
28048,29000,952,0,GE-Phrase,213,26572,28865,2293,817,0.858,1476,135
28048,29000,952,0,GE-Phrase,214,28865,30267,1402,135,0.142,-817,-1267
28048,29000,952,0,GE-Phase,stroke,27305,28425,1120,377,0.396,743,575
28048,29000,952,0,GE-Phase,retraction,28425,28865,440,440,0.462,-377,135
28048,29000,952,0,GE-Phase,preparation,28865,29147,282,135,0.142,-817,-147
69250,70269,1019,0,GE-Phrase,233,69124,70078,954,828,0.813,126,191
69250,70269,1019,0,GE-Phrase,234,70078,71694,1616,191,0.187,-828,-1425
69250,70269,1019,0,GE-Phase,preparation,69124,69404,280,154,0.151,126,865
69250,70269,1019,0,GE-Phase,stroke,69404,70078,674,674,0.661,-154,191
69250,70269,1019,0,GE-Phase,preparation,70078,70626,548,191,0.187,-828,-357
123300,123678,378,0,GE-Phrase,261,123162,126484,3322,378,1.0,138,-2806
123300,123678,378,0,GE-Phase,preparation,123162,123543,381,243,0.643,138,135
123300,123678,378,0,GE-Phase,stroke,123543,125275,1732,135,0.357,-243,-1597
123678,123884,206,0,GE-Phrase,261,123162,126484,3322,206,1.0,516,-2600
123678,123884,206,0,GE-Phase,stroke,123543,125275,1732,206,1.0,135,-1391
123884,124760,876,0,GE-Phrase,261,123162,126484,3322,876,1.0,722,-1724
123884,124760,876,0,GE-Phase,stroke,123543,125275,1732,876,1.0,341,-515
124760,125900,1140,0,GE-Phrase,261,123162,126484,3322,1140,1.0,1598,-584
124760,125900,1140,0,GE-Phase,stroke,123543,125275,1732,515,0.452,1217,625
124760,125900,1140,0,GE-Phase,retraction,125275,126484,1209,625,0.548,-515,-584
125900,127426,1526,0,GE-Phrase,261,123162,126484,3322,584,0.383,2738,942
125900,127426,1526,0,GE-Phase,retraction,125275,126484,1209,584,0.383,625,942
131400,132715,1315,0,GE-Phrase,262,128821,132202,3381,802,0.61,2579,513
131400,132715,1315,0,GE-Phrase,263,132202,134077,1875,513,0.39,-802,-1362
131400,132715,1315,0,GE-Phase,stroke,131270,132202,932,802,0.61,130,513
131400,132715,1315,0,GE-Phase,preparation,132202,132712,510,510,0.388,-802,3
131400,132715,1315,0,GE-Phase,stroke,132712,133300,588,3,0.002,-1312,-585
132715,134762,2047,0,GE-Phrase,263,132202,134077,1875,1362,0.665,513,685
132715,134762,2047,0,GE-Phrase,264,134077,135782,1705,685,0.335,-1362,-1020
132715,134762,2047,0,GE-Phase,stroke,132712,133300,588,585,0.286,3,1462
132715,134762,2047,0,GE-Phase,retraction,133300,134077,777,777,0.38,-585,685
132715,134762,2047,0,GE-Phase,preparation,134077,134927,850,685,0.335,-1362,-165
136371,137155,784,0,GE-Phrase,265,135782,138288,2506,784,1.0,589,-1133
136371,137155,784,0,GE-Phase,preparation,135782,136557,775,186,0.237,589,598
136371,137155,784,0,GE-Phase,stroke,136557,137175,618,598,0.763,-186,-20
137155,137394,239,0,GE-Phrase,265,135782,138288,2506,239,1.0,1373,-894
137155,137394,239,0,GE-Phase,stroke,136557,137175,618,20,0.084,598,219
137155,137394,239,0,GE-Phase,retraction,137175,138288,1113,219,0.916,-20,-894
141050,143026,1976,0,GE-Phrase,266,138288,141167,2879,117,0.059,2762,1859
141050,143026,1976,0,GE-Phrase,267,141167,142467,1300,1300,0.658,-117,559
141050,143026,1976,0,GE-Phrase,268,142467,145380,2913,559,0.283,-1417,-2354
141050,143026,1976,0,GE-Phase,stroke,139895,141167,1272,117,0.059,1155,1859
141050,143026,1976,0,GE-Phase,stroke,141167,142045,878,878,0.444,-117,981
141050,143026,1976,0,GE-Phase,hold,142045,142467,422,422,0.214,-995,559
141050,143026,1976,0,GE-Phase,preparation,142467,143704,1237,559,0.283,-1417,-678
149300,150432,1132,0,GE-Phrase,270,147413,149490,2077,190,0.168,1887,942
149300,150432,1132,0,GE-Phrase,271,149490,151803,2313,942,0.832,-190,-1371
149300,150432,1132,0,GE-Phase,hold,148742,149490,748,190,0.168,558,942
149300,150432,1132,0,GE-Phase,preparation,149490,150125,635,635,0.561,-190,307
149300,150432,1132,0,GE-Phase,stroke,150125,151219,1094,307,0.271,-825,-787
9631,12030,2399,0,GE-Phrase,205,9104,11228,2124,1597,0.666,527,802
9631,12030,2399,0,GE-Phrase,206,11228,13092,1864,802,0.334,-1597,-1062
9631,12030,2399,0,GE-Phase,preparation,9104,10503,1399,872,0.363,527,1527
9631,12030,2399,0,GE-Phase,stroke,10503,10898,395,395,0.165,-872,1132
9631,12030,2399,0,GE-Phase,retraction,10898,11228,330,330,0.138,-1267,802
9631,12030,2399,0,GE-Phase,preparation,11228,11616,388,388,0.162,-1597,414
9631,12030,2399,0,GE-Phase,stroke,11616,12216,600,414,0.173,-1985,-186
12030,13506,1476,0,GE-Phrase,206,11228,13092,1864,1062,0.72,802,414
12030,13506,1476,0,GE-Phrase,207,13092,14908,1816,414,0.28,-1062,-1402
12030,13506,1476,0,GE-Phase,stroke,11616,12216,600,186,0.126,414,1290
12030,13506,1476,0,GE-Phase,retraction,12216,13092,876,876,0.593,-186,414
12030,13506,1476,0,GE-Phase,preparation,13092,13708,616,414,0.28,-1062,-202
25187,26370,1183,0,GE-Phrase,212,23414,26572,3158,1183,1.0,1773,-202
25187,26370,1183,0,GE-Phase,stroke,23890,25250,1360,63,0.053,1297,1120
25187,26370,1183,0,GE-Phase,retraction,25250,26572,1322,1120,0.947,-63,-202
26370,27200,830,0,GE-Phrase,212,23414,26572,3158,202,0.243,2956,628
26370,27200,830,0,GE-Phrase,213,26572,28865,2293,628,0.757,-202,-1665
26370,27200,830,0,GE-Phase,retraction,25250,26572,1322,202,0.243,1120,628
26370,27200,830,0,GE-Phase,preparation,26572,27305,733,628,0.757,-202,-105
27200,28048,848,0,GE-Phrase,213,26572,28865,2293,848,1.0,628,-817
27200,28048,848,0,GE-Phase,preparation,26572,27305,733,105,0.124,628,743
27200,28048,848,0,GE-Phase,stroke,27305,28425,1120,743,0.876,-105,-377
28048,29000,952,0,GE-Phrase,213,26572,28865,2293,817,0.858,1476,135
28048,29000,952,0,GE-Phrase,214,28865,30267,1402,135,0.142,-817,-1267
28048,29000,952,0,GE-Phase,stroke,27305,28425,1120,377,0.396,743,575
28048,29000,952,0,GE-Phase,retraction,28425,28865,440,440,0.462,-377,135
28048,29000,952,0,GE-Phase,preparation,28865,29147,282,135,0.142,-817,-147
69250,70269,1019,0,GE-Phrase,233,69124,70078,954,828,0.813,126,191
69250,70269,1019,0,GE-Phrase,234,70078,71694,1616,191,0.187,-828,-1425
69250,70269,1019,0,GE-Phase,preparation,69124,69404,280,154,0.151,126,865
69250,70269,1019,0,GE-Phase,stroke,69404,70078,674,674,0.661,-154,191
69250,70269,1019,0,GE-Phase,preparation,70078,70626,548,191,0.187,-828,-357
123300,123678,378,0,GE-Phrase,261,123162,126484,3322,378,1.0,138,-2806
123300,123678,378,0,GE-Phase,preparation,123162,123543,381,243,0.643,138,135
123300,123678,378,0,GE-Phase,stroke,123543,125275,1732,135,0.357,-243,-1597
123678,123884,206,0,GE-Phrase,261,123162,126484,3322,206,1.0,516,-2600
123678,123884,206,0,GE-Phase,stroke,123543,125275,1732,206,1.0,135,-1391
123884,124760,876,0,GE-Phrase,261,123162,126484,3322,876,1.0,722,-1724
123884,124760,876,0,GE-Phase,stroke,123543,125275,1732,876,1.0,341,-515
124760,125900,1140,0,GE-Phrase,261,123162,126484,3322,1140,1.0,1598,-584
124760,125900,1140,0,GE-Phase,stroke,123543,125275,1732,515,0.452,1217,625
124760,125900,1140,0,GE-Phase,retraction,125275,126484,1209,625,0.548,-515,-584
125900,127426,1526,0,GE-Phrase,261,123162,126484,3322,584,0.383,2738,942
125900,127426,1526,0,GE-Phase,retraction,125275,126484,1209,584,0.383,625,942
131400,132715,1315,0,GE-Phrase,262,128821,132202,3381,802,0.61,2579,513
131400,132715,1315,0,GE-Phrase,263,132202,134077,1875,513,0.39,-802,-1362
131400,132715,1315,0,GE-Phase,stroke,131270,132202,932,802,0.61,130,513
131400,132715,1315,0,GE-Phase,preparation,132202,132712,510,510,0.388,-802,3
131400,132715,1315,0,GE-Phase,stroke,132712,133300,588,3,0.002,-1312,-585
132715,134762,2047,0,GE-Phrase,263,132202,134077,1875,1362,0.665,513,685
132715,134762,2047,0,GE-Phrase,264,134077,135782,1705,685,0.335,-1362,-1020
132715,134762,2047,0,GE-Phase,stroke,132712,133300,588,585,0.286,3,1462
132715,134762,2047,0,GE-Phase,retraction,133300,134077,777,777,0.38,-585,685
132715,134762,2047,0,GE-Phase,preparation,134077,134927,850,685,0.335,-1362,-165
136371,137155,784,0,GE-Phrase,265,135782,138288,2506,784,1.0,589,-1133
136371,137155,784,0,GE-Phase,preparation,135782,136557,775,186,0.237,589,598
136371,137155,784,0,GE-Phase,stroke,136557,137175,618,598,0.763,-186,-20
137155,137394,239,0,GE-Phrase,265,135782,138288,2506,239,1.0,1373,-894
137155,137394,239,0,GE-Phase,stroke,136557,137175,618,20,0.084,598,219
137155,137394,239,0,GE-Phase,retraction,137175,138288,1113,219,0.916,-20,-894
141050,143026,1976,0,GE-Phrase,266,138288,141167,2879,117,0.059,2762,1859
141050,143026,1976,0,GE-Phrase,267,141167,142467,1300,1300,0.658,-117,559
141050,143026,1976,0,GE-Phrase,268,142467,145380,2913,559,0.283,-1417,-2354
141050,143026,1976,0,GE-Phase,stroke,139895,141167,1272,117,0.059,1155,1859
141050,143026,1976,0,GE-Phase,stroke,141167,142045,878,878,0.444,-117,981
141050,143026,1976,0,GE-Phase,hold,142045,142467,422,422,0.214,-995,559
141050,143026,1976,0,GE-Phase,preparation,142467,143704,1237,559,0.283,-1417,-678
149300,150432,1132,0,GE-Phrase,270,147413,149490,2077,190,0.168,1887,942
149300,150432,1132,0,GE-Phrase,271,149490,151803,2313,942,0.832,-190,-1371
149300,150432,1132,0,GE-Phase,hold,148742,149490,748,190,0.168,558,942
149300,150432,1132,0,GE-Phase,preparation,149490,150125,635,635,0.561,-190,307
149300,150432,1132,0,GE-Phase,stroke,150125,151219,1094,307,0.271,-825,-787
9631,12030,2399,0,GE-Phrase,205,9104,11228,2124,1597,0.666,527,802
9631,12030,2399,0,GE-Phrase,206,11228,13092,1864,802,0.334,-1597,-1062
9631,12030,2399,0,GE-Phase,preparation,9104,10503,1399,872,0.363,527,1527
9631,12030,2399,0,GE-Phase,stroke,10503,10898,395,395,0.165,-872,1132
9631,12030,2399,0,GE-Phase,retraction,10898,11228,330,330,0.138,-1267,802
9631,12030,2399,0,GE-Phase,preparation,11228,11616,388,388,0.162,-1597,414
9631,12030,2399,0,GE-Phase,stroke,11616,12216,600,414,0.173,-1985,-186
12030,13506,1476,0,GE-Phrase,206,11228,13092,1864,1062,0.72,802,414
12030,13506,1476,0,GE-Phrase,207,13092,14908,1816,414,0.28,-1062,-1402
12030,13506,1476,0,GE-Phase,stroke,11616,12216,600,186,0.126,414,1290
12030,13506,1476,0,GE-Phase,retraction,12216,13092,876,876,0.593,-186,414
12030,13506,1476,0,GE-Phase,preparation,13092,13708,616,414,0.28,-1062,-202
25187,26370,1183,0,GE-Phrase,212,23414,26572,3158,1183,1.0,1773,-202
25187,26370,1183,0,GE-Phase,stroke,23890,25250,1360,63,0.053,1297,1120
25187,26370,1183,0,GE-Phase,retraction,25250,26572,1322,1120,0.947,-63,-202
26370,27200,830,0,GE-Phrase,212,23414,26572,3158,202,0.243,2956,628
26370,27200,830,0,GE-Phrase,213,26572,28865,2293,628,0.757,-202,-1665
26370,27200,830,0,GE-Phase,retraction,25250,26572,1322,202,0.243,1120,628
26370,27200,830,0,GE-Phase,preparation,26572,27305,733,628,0.757,-202,-105
27200,28048,848,0,GE-Phrase,213,26572,28865,2293,848,1.0,628,-817
27200,28048,848,0,GE-Phase,preparation,26572,27305,733,105,0.124,628,743
27200,28048,848,0,GE-Phase,stroke,27305,28425,1120,743,0.876,-105,-377
28048,29000,952,0,GE-Phrase,213,26572,28865,2293,817,0.858,1476,135
28048,29000,952,0,GE-Phrase,214,28865,30267,1402,135,0.142,-817,-1267
28048,29000,952,0,GE-Phase,stroke,27305,28425,1120,377,0.396,743,575
28048,29000,952,0,GE-Phase,retraction,28425,28865,440,440,0.462,-377,135
28048,29000,952,0,GE-Phase,preparation,28865,29147,282,135,0.142,-817,-147
69250,70269,1019,0,GE-Phrase,233,69124,70078,954,828,0.813,126,191
69250,70269,1019,0,GE-Phrase,234,70078,71694,1616,191,0.187,-828,-1425
69250,70269,1019,0,GE-Phase,preparation,69124,69404,280,154,0.151,126,865
69250,70269,1019,0,GE-Phase,stroke,69404,70078,674,674,0.661,-154,191
69250,70269,1019,0,GE-Phase,preparation,70078,70626,548,191,0.187,-828,-357
123300,123678,378,0,GE-Phrase,261,123162,126484,3322,378,1.0,138,-2806
123300,123678,378,0,GE-Phase,preparation,123162,123543,381,243,0.643,138,135
123300,123678,378,0,GE-Phase,stroke,123543,125275,1732,135,0.357,-243,-1597
123678,123884,206,0,GE-Phrase,261,123162,126484,3322,206,1.0,516,-2600
123678,123884,206,0,GE-Phase,stroke,123543,125275,1732,206,1.0,135,-1391
123884,124760,876,0,GE-Phrase,261,123162,126484,3322,876,1.0,722,-1724
123884,124760,876,0,GE-Phase,stroke,123543,125275,1732,876,1.0,341,-515
124760,125900,1140,0,GE-Phrase,261,123162,126484,3322,1140,1.0,1598,-584
124760,125900,1140,0,GE-Phase,stroke,123543,125275,1732,515,0.452,1217,625
124760,125900,1140,0,GE-Phase,retraction,125275,126484,1209,625,0.548,-515,-584
125900,127426,1526,0,GE-Phrase,261,123162,126484,3322,584,0.383,2738,942
125900,127426,1526,0,GE-Phase,retraction,125275,126484,1209,584,0.383,625,942
131400,132715,1315,0,GE-Phrase,262,128821,132202,3381,802,0.61,2579,513
131400,132715,1315,0,GE-Phrase,263,132202,134077,1875,513,0.39,-802,-1362
131400,132715,1315,0,GE-Phase,stroke,131270,132202,932,802,0.61,130,513
131400,132715,1315,0,GE-Phase,preparation,132202,132712,510,510,0.388,-802,3
131400,132715,1315,0,GE-Phase,stroke,132712,133300,588,3,0.002,-1312,-585
132715,134762,2047,0,GE-Phrase,263,132202,134077,1875,1362,0.665,513,685
132715,134762,2047,0,GE-Phrase,264,134077,135782,1705,685,0.335,-1362,-1020
132715,134762,2047,0,GE-Phase,stroke,132712,133300,588,585,0.286,3,1462
132715,134762,2047,0,GE-Phase,retraction,133300,134077,777,777,0.38,-585,685
132715,134762,2047,0,GE-Phase,preparation,134077,134927,850,685,0.335,-1362,-165
136371,137155,784,0,GE-Phrase,265,135782,138288,2506,784,1.0,589,-1133
136371,137155,784,0,GE-Phase,preparation,135782,136557,775,186,0.237,589,598
136371,137155,784,0,GE-Phase,stroke,136557,137175,618,598,0.763,-186,-20
137155,137394,239,0,GE-Phrase,265,135782,138288,2506,239,1.0,1373,-894
137155,137394,239,0,GE-Phase,stroke,136557,137175,618,20,0.084,598,219
137155,137394,239,0,GE-Phase,retraction,137175,138288,1113,219,0.916,-20,-894
141050,143026,1976,0,GE-Phrase,266,138288,141167,2879,117,0.059,2762,1859
141050,143026,1976,0,GE-Phrase,267,141167,142467,1300,1300,0.658,-117,559
141050,143026,1976,0,GE-Phrase,268,142467,145380,2913,559,0.283,-1417,-2354
141050,143026,1976,0,GE-Phase,stroke,139895,141167,1272,117,0.059,1155,1859
141050,143026,1976,0,GE-Phase,stroke,141167,142045,878,878,0.444,-117,981
141050,143026,1976,0,GE-Phase,hold,142045,142467,422,422,0.214,-995,559
141050,143026,1976,0,GE-Phase,preparation,142467,143704,1237,559,0.283,-1417,-678
149300,150432,1132,0,GE-Phrase,270,147413,149490,2077,190,0.168,1887,942
149300,150432,1132,0,GE-Phrase,271,149490,151803,2313,942,0.832,-190,-1371
149300,150432,1132,0,GE-Phase,hold,148742,149490,748,190,0.168,558,942
149300,150432,1132,0,GE-Phase,preparation,149490,150125,635,635,0.561,-190,307
149300,150432,1132,0,GE-Phase,stroke,150125,151219,1094,307,0.271,-825,-787
9631,12030,2399,0,GE-Phrase,205,9104,11228,2124,1597,0.666,527,802
9631,12030,2399,0,GE-Phrase,206,11228,13092,1864,802,0.334,-1597,-1062
9631,12030,2399,0,GE-Phase,preparation,9104,10503,1399,872,0.363,527,1527
9631,12030,2399,0,GE-Phase,stroke,10503,10898,395,395,0.165,-872,1132
9631,12030,2399,0,GE-Phase,retraction,10898,11228,330,330,0.138,-1267,802
9631,12030,2399,0,GE-Phase,preparation,11228,11616,388,388,0.162,-1597,414
9631,12030,2399,0,GE-Phase,stroke,11616,12216,600,414,0.173,-1985,-186
12030,13506,1476,0,GE-Phrase,206,11228,13092,1864,1062,0.72,802,414
12030,13506,1476,0,GE-Phrase,207,13092,14908,1816,414,0.28,-1062,-1402
12030,13506,1476,0,GE-Phase,stroke,11616,12216,600,186,0.126,414,1290
12030,13506,1476,0,GE-Phase,retraction,12216,13092,876,876,0.593,-186,414
12030,13506,1476,0,GE-Phase,preparation,13092,13708,616,414,0.28,-1062,-202
25187,26370,1183,0,GE-Phrase,212,23414,26572,3158,1183,1.0,1773,-202
25187,26370,1183,0,GE-Phase,stroke,23890,25250,1360,63,0.053,1297,1120
25187,26370,1183,0,GE-Phase,retraction,25250,26572,1322,1120,0.947,-63,-202
26370,27200,830,0,GE-Phrase,212,23414,26572,3158,202,0.243,2956,628
26370,27200,830,0,GE-Phrase,213,26572,28865,2293,628,0.757,-202,-1665
26370,27200,830,0,GE-Phase,retraction,25250,26572,1322,202,0.243,1120,628
26370,27200,830,0,GE-Phase,preparation,26572,27305,733,628,0.757,-202,-105
27200,28048,848,0,GE-Phrase,213,26572,28865,2293,848,1.0,628,-817
27200,28048,848,0,GE-Phase,preparation,26572,27305,733,105,0.124,628,743
27200,28048,848,0,GE-Phase,stroke,27305,28425,1120,743,0.876,-105,-377
28048,29000,952,0,GE-Phrase,213,26572,28865,2293,817,0.858,1476,135
28048,29000,952,0,GE-Phrase,214,28865,30267,1402,135,0.142,-817,-1267
28048,29000,952,0,GE-Phase,stroke,27305,28425,1120,377,0.396,743,575
28048,29000,952,0,GE-Phase,retraction,28425,28865,440,440,0.462,-377,135
28048,29000,952,0,GE-Phase,preparation,28865,29147,282,135,0.142,-817,-147
69250,70269,1019,0,GE-Phrase,233,69124,70078,954,828,0.813,126,191
69250,70269,1019,0,GE-Phrase,234,70078,71694,1616,191,0.187,-828,-1425
69250,70269,1019,0,GE-Phase,preparation,69124,69404,280,154,0.151,126,865
69250,70269,1019,0,GE-Phase,stroke,69404,70078,674,674,0.661,-154,191
69250,70269,1019,0,GE-Phase,preparation,70078,70626,548,191,0.187,-828,-357
123300,123678,378,0,GE-Phrase,261,123162,126484,3322,378,1.0,138,-2806
123300,123678,378,0,GE-Phase,preparation,123162,123543,381,243,0.643,138,135
123300,123678,378,0,GE-Phase,stroke,123543,125275,1732,135,0.357,-243,-1597
123678,123884,206,0,GE-Phrase,261,123162,126484,3322,206,1.0,516,-2600
123678,123884,206,0,GE-Phase,stroke,123543,125275,1732,206,1.0,135,-1391
123884,124760,876,0,GE-Phrase,261,123162,126484,3322,876,1.0,722,-1724
123884,124760,876,0,GE-Phase,stroke,123543,125275,1732,876,1.0,341,-515
124760,125900,1140,0,GE-Phrase,261,123162,126484,3322,1140,1.0,1598,-584
124760,125900,1140,0,GE-Phase,stroke,123543,125275,1732,515,0.452,1217,625
124760,125900,1140,0,GE-Phase,retraction,125275,126484,1209,625,0.548,-515,-584
125900,127426,1526,0,GE-Phrase,261,123162,126484,3322,584,0.383,2738,942
125900,127426,1526,0,GE-Phase,retraction,125275,126484,1209,584,0.383,625,942
131400,132715,1315,0,GE-Phrase,262,128821,132202,3381,802,0.61,2579,513
131400,132715,1315,0,GE-Phrase,263,132202,134077,1875,513,0.39,-802,-1362
131400,132715,1315,0,GE-Phase,stroke,131270,132202,932,802,0.61,130,513
131400,132715,1315,0,GE-Phase,preparation,132202,132712,510,510,0.388,-802,3
131400,132715,1315,0,GE-Phase,stroke,132712,133300,588,3,0.002,-1312,-585
132715,134762,2047,0,GE-Phrase,263,132202,134077,1875,1362,0.665,513,685
132715,134762,2047,0,GE-Phrase,264,134077,135782,1705,685,0.335,-1362,-1020
132715,134762,2047,0,GE-Phase,stroke,132712,133300,588,585,0.286,3,1462
132715,134762,2047,0,GE-Phase,retraction,133300,134077,777,777,0.38,-585,685
132715,134762,2047,0,GE-Phase,preparation,134077,134927,850,685,0.335,-1362,-165
136371,137155,784,0,GE-Phrase,265,135782,138288,2506,784,1.0,589,-1133
136371,137155,784,0,GE-Phase,preparation,135782,136557,775,186,0.237,589,598
136371,137155,784,0,GE-Phase,stroke,136557,137175,618,598,0.763,-186,-20
137155,137394,239,0,GE-Phrase,265,135782,138288,2506,239,1.0,1373,-894
137155,137394,239,0,GE-Phase,stroke,136557,137175,618,20,0.084,598,219
137155,137394,239,0,GE-Phase,retraction,137175,138288,1113,219,0.916,-20,-894
141050,143026,1976,0,GE-Phrase,266,138288,141167,2879,117,0.059,2762,1859
141050,143026,1976,0,GE-Phrase,267,141167,142467,1300,1300,0.658,-117,559
141050,143026,1976,0,GE-Phrase,268,142467,145380,2913,559,0.283,-1417,-2354
141050,143026,1976,0,GE-Phase,stroke,139895,141167,1272,117,0.059,1155,1859
141050,143026,1976,0,GE-Phase,stroke,141167,142045,878,878,0.444,-117,981
141050,143026,1976,0,GE-Phase,hold,142045,142467,422,422,0.214,-995,559
141050,143026,1976,0,GE-Phase,preparation,142467,143704,1237,559,0.283,-1417,-678
149300,150432,1132,0,GE-Phrase,270,147413,149490,2077,190,0.168,1887,942
149300,150432,1132,0,GE-Phrase,271,149490,151803,2313,942,0.832,-190,-1371
149300,150432,1132,0,GE-Phase,hold,148742,149490,748,190,0.168,558,942
149300,150432,1132,0,GE-Phase,preparation,149490,150125,635,635,0.561,-190,307
149300,150432,1132,0,GE-Phase,stroke,150125,151219,1094,307,0.271,-825,-787
9631,12030,2399,0,GE-Phrase,205,9104,11228,2124,1597,0.666,527,802
9631,12030,2399,0,GE-Phrase,206,11228,13092,1864,802,0.334,-1597,-1062
9631,12030,2399,0,GE-Phase,preparation,9104,10503,1399,872,0.363,527,1527
9631,12030,2399,0,GE-Phase,stroke,10503,10898,395,395,0.165,-872,1132
9631,12030,2399,0,GE-Phase,retraction,10898,11228,330,330,0.138,-1267,802
9631,12030,2399,0,GE-Phase,preparation,11228,11616,388,388,0.162,-1597,414
9631,12030,2399,0,GE-Phase,stroke,11616,12216,600,414,0.173,-1985,-186
12030,13506,1476,0,GE-Phrase,206,11228,13092,1864,1062,0.72,802,414
12030,13506,1476,0,GE-Phrase,207,13092,14908,1816,414,0.28,-1062,-1402
12030,13506,1476,0,GE-Phase,stroke,11616,12216,600,186,0.126,414,1290
12030,13506,1476,0,GE-Phase,retraction,12216,13092,876,876,0.593,-186,414
12030,13506,1476,0,GE-Phase,preparation,13092,13708,616,414,0.28,-1062,-202
25187,26370,1183,0,GE-Phrase,212,23414,26572,3158,1183,1.0,1773,-202
25187,26370,1183,0,GE-Phase,stroke,23890,25250,1360,63,0.053,1297,1120
25187,26370,1183,0,GE-Phase,retraction,25250,26572,1322,1120,0.947,-63,-202
26370,27200,830,0,GE-Phrase,212,23414,26572,3158,202,0.243,2956,628
26370,27200,830,0,GE-Phrase,213,26572,28865,2293,628,0.757,-202,-1665
26370,27200,830,0,GE-Phase,retraction,25250,26572,1322,202,0.243,1120,628
26370,27200,830,0,GE-Phase,preparation,26572,27305,733,628,0.757,-202,-105
27200,28048,848,0,GE-Phrase,213,26572,28865,2293,848,1.0,628,-817
27200,28048,848,0,GE-Phase,preparation,26572,27305,733,105,0.124,628,743
27200,28048,848,0,GE-Phase,stroke,27305,28425,1120,743,0.876,-105,-377
28048,29000,952,0,GE-Phrase,213,26572,28865,2293,817,0.858,1476,135
28048,29000,952,0,GE-Phrase,214,28865,30267,1402,135,0.142,-817,-1267
28048,29000,952,0,GE-Phase,stroke,27305,28425,1120,377,0.396,743,575
28048,29000,952,0,GE-Phase,retraction,28425,28865,440,440,0.462,-377,135
28048,29000,952,0,GE-Phase,preparation,28865,29147,282,135,0.142,-817,-147
69250,70269,1019,0,GE-Phrase,233,69124,70078,954,828,0.813,126,191
69250,70269,1019,0,GE-Phrase,234,70078,71694,1616,191,0.187,-828,-1425
69250,70269,1019,0,GE-Phase,preparation,69124,69404,280,154,0.151,126,865
69250,70269,1019,0,GE-Phase,stroke,69404,70078,674,674,0.661,-154,191
69250,70269,1019,0,GE-Phase,preparation,70078,70626,548,191,0.187,-828,-357
123300,123678,378,0,GE-Phrase,261,123162,126484,3322,378,1.0,138,-2806
123300,123678,378,0,GE-Phase,preparation,123162,123543,381,243,0.643,138,135
123300,123678,378,0,GE-Phase,stroke,123543,125275,1732,135,0.357,-243,-1597
123678,123884,206,0,GE-Phrase,261,123162,126484,3322,206,1.0,516,-2600
123678,123884,206,0,GE-Phase,stroke,123543,125275,1732,206,1.0,135,-1391
123884,124760,876,0,GE-Phrase,261,123162,126484,3322,876,1.0,722,-1724
123884,124760,876,0,GE-Phase,stroke,123543,125275,1732,876,1.0,341,-515
124760,125900,1140,0,GE-Phrase,261,123162,126484,3322,1140,1.0,1598,-584
124760,125900,1140,0,GE-Phase,stroke,123543,125275,1732,515,0.452,1217,625
124760,125900,1140,0,GE-Phase,retraction,125275,126484,1209,625,0.548,-515,-584
125900,127426,1526,0,GE-Phrase,261,123162,126484,3322,584,0.383,2738,942
125900,127426,1526,0,GE-Phase,retraction,125275,126484,1209,584,0.383,625,942
131400,132715,1315,0,GE-Phrase,262,128821,132202,3381,802,0.61,2579,513
131400,132715,1315,0,GE-Phrase,263,132202,134077,1875,513,0.39,-802,-1362
131400,132715,1315,0,GE-Phase,stroke,131270,132202,932,802,0.61,130,513
131400,132715,1315,0,GE-Phase,preparation,132202,132712,510,510,0.388,-802,3
131400,132715,1315,0,GE-Phase,stroke,132712,133300,588,3,0.002,-1312,-585
132715,134762,2047,0,GE-Phrase,263,132202,134077,1875,1362,0.665,513,685
132715,134762,2047,0,GE-Phrase,264,134077,135782,1705,685,0.335,-1362,-1020
132715,134762,2047,0,GE-Phase,stroke,132712,133300,588,585,0.286,3,1462
132715,134762,2047,0,GE-Phase,retraction,133300,134077,777,777,0.38,-585,685
132715,134762,2047,0,GE-Phase,preparation,134077,134927,850,685,0.335,-1362,-165
136371,137155,784,0,GE-Phrase,265,135782,138288,2506,784,1.0,589,-1133
136371,137155,784,0,GE-Phase,preparation,135782,136557,775,186,0.237,589,598
136371,137155,784,0,GE-Phase,stroke,136557,137175,618,598,0.763,-186,-20
137155,137394,239,0,GE-Phrase,265,135782,138288,2506,239,1.0,1373,-894
137155,137394,239,0,GE-Phase,stroke,136557,137175,618,20,0.084,598,219
137155,137394,239,0,GE-Phase,retraction,137175,138288,1113,219,0.916,-20,-894
141050,143026,1976,0,GE-Phrase,266,138288,141167,2879,117,0.059,2762,1859
141050,143026,1976,0,GE-Phrase,267,141167,142467,1300,1300,0.658,-117,559
141050,143026,1976,0,GE-Phrase,268,142467,145380,2913,559,0.283,-1417,-2354
141050,143026,1976,0,GE-Phase,stroke,139895,141167,1272,117,0.059,1155,1859
141050,143026,1976,0,GE-Phase,stroke,141167,142045,878,878,0.444,-117,981
141050,143026,1976,0,GE-Phase,hold,142045,142467,422,422,0.214,-995,559
141050,143026,1976,0,GE-Phase,preparation,142467,143704,1237,559,0.283,-1417,-678
149300,150432,1132,0,GE-Phrase,270,147413,149490,2077,190,0.168,1887,942
149300,150432,1132,0,GE-Phrase,271,149490,151803,2313,942,0.832,-190,-1371
149300,150432,1132,0,GE-Phase,hold,148742,149490,748,190,0.168,558,942
149300,150432,1132,0,GE-Phase,preparation,149490,150125,635,635,0.561,-190,307
149300,150432,1132,0,GE-Phase,stroke,150125,151219,1094,307,0.271,-825,-787
9631,12030,2399,0,GE-Phrase,205,9104,11228,2124,1597,0.666,527,802
9631,12030,2399,0,GE-Phrase,206,11228,13092,1864,802,0.334,-1597,-1062
9631,12030,2399,0,GE-Phase,preparation,9104,10503,1399,872,0.363,527,1527
9631,12030,2399,0,GE-Phase,stroke,10503,10898,395,395,0.165,-872,1132
9631,12030,2399,0,GE-Phase,retraction,10898,11228,330,330,0.138,-1267,802
9631,12030,2399,0,GE-Phase,preparation,11228,11616,388,388,0.162,-1597,414
9631,12030,2399,0,GE-Phase,stroke,11616,12216,600,414,0.173,-1985,-186
12030,13506,1476,0,GE-Phrase,206,11228,13092,1864,1062,0.72,802,414
12030,13506,1476,0,GE-Phrase,207,13092,14908,1816,414,0.28,-1062,-1402
12030,13506,1476,0,GE-Phase,stroke,11616,12216,600,186,0.126,414,1290
12030,13506,1476,0,GE-Phase,retraction,12216,13092,876,876,0.593,-186,414
12030,13506,1476,0,GE-Phase,preparation,13092,13708,616,414,0.28,-1062,-202
25187,26370,1183,0,GE-Phrase,212,23414,26572,3158,1183,1.0,1773,-202
25187,26370,1183,0,GE-Phase,stroke,23890,25250,1360,63,0.053,1297,1120
25187,26370,1183,0,GE-Phase,retraction,25250,26572,1322,1120,0.947,-63,-202
26370,27200,830,0,GE-Phrase,212,23414,26572,3158,202,0.243,2956,628
26370,27200,830,0,GE-Phrase,213,26572,28865,2293,628,0.757,-202,-1665
26370,27200,830,0,GE-Phase,retraction,25250,26572,1322,202,0.243,1120,628
26370,27200,830,0,GE-Phase,preparation,26572,27305,733,628,0.757,-202,-105
27200,28048,848,0,GE-Phrase,213,26572,28865,2293,848,1.0,628,-817
27200,28048,848,0,GE-Phase,preparation,26572,27305,733,105,0.124,628,743
27200,28048,848,0,GE-Phase,stroke,27305,28425,1120,743,0.876,-105,-377
28048,29000,952,0,GE-Phrase,213,26572,28865,2293,817,0.858,1476,135
28048,29000,952,0,GE-Phrase,214,28865,30267,1402,135,0.142,-817,-1267
28048,29000,952,0,GE-Phase,stroke,27305,28425,1120,377,0.396,743,575
28048,29000,952,0,GE-Phase,retraction,28425,28865,440,440,0.462,-377,135
28048,29000,952,0,GE-Phase,preparation,28865,29147,282,135,0.142,-817,-147
69250,70269,1019,0,GE-Phrase,233,69124,70078,954,828,0.813,126,191
69250,70269,1019,0,GE-Phrase,234,70078,71694,1616,191,0.187,-828,-1425
69250,70269,1019,0,GE-Phase,preparation,69124,69404,280,154,0.151,126,865
69250,70269,1019,0,GE-Phase,stroke,69404,70078,674,674,0.661,-154,191
69250,70269,1019,0,GE-Phase,preparation,70078,70626,548,191,0.187,-828,-357
123300,123678,378,0,GE-Phrase,261,123162,126484,3322,378,1.0,138,-2806
123300,123678,378,0,GE-Phase,preparation,123162,123543,381,243,0.643,138,135
123300,123678,378,0,GE-Phase,stroke,123543,125275,1732,135,0.357,-243,-1597
123678,123884,206,0,GE-Phrase,261,123162,126484,3322,206,1.0,516,-2600
123678,123884,206,0,GE-Phase,stroke,123543,125275,1732,206,1.0,135,-1391
123884,124760,876,0,GE-Phrase,261,123162,126484,3322,876,1.0,722,-1724
123884,124760,876,0,GE-Phase,stroke,123543,125275,1732,876,1.0,341,-515
124760,125900,1140,0,GE-Phrase,261,123162,126484,3322,1140,1.0,1598,-584
124760,125900,1140,0,GE-Phase,stroke,123543,125275,1732,515,0.452,1217,625
124760,125900,1140,0,GE-Phase,retraction,125275,126484,1209,625,0.548,-515,-584
125900,127426,1526,0,GE-Phrase,261,123162,126484,3322,584,0.383,2738,942
125900,127426,1526,0,GE-Phase,retraction,125275,126484,1209,584,0.383,625,942
131400,132715,1315,0,GE-Phrase,262,128821,132202,3381,802,0.61,2579,513
131400,132715,1315,0,GE-Phrase,263,132202,134077,1875,513,0.39,-802,-1362
131400,132715,1315,0,GE-Phase,stroke,131270,132202,932,802,0.61,130,513
131400,132715,1315,0,GE-Phase,preparation,132202,132712,510,510,0.388,-802,3
131400,132715,1315,0,GE-Phase,stroke,132712,133300,588,3,0.002,-1312,-585
132715,134762,2047,0,GE-Phrase,263,132202,134077,1875,1362,0.665,513,685
132715,134762,2047,0,GE-Phrase,264,134077,135782,1705,685,0.335,-1362,-1020
132715,134762,2047,0,GE-Phase,stroke,132712,133300,588,585,0.286,3,1462
132715,134762,2047,0,GE-Phase,retraction,133300,134077,777,777,0.38,-585,685
132715,134762,2047,0,GE-Phase,preparation,134077,134927,850,685,0.335,-1362,-165
136371,137155,784,0,GE-Phrase,265,135782,138288,2506,784,1.0,589,-1133
136371,137155,784,0,GE-Phase,preparation,135782,136557,775,186,0.237,589,598
136371,137155,784,0,GE-Phase,stroke,136557,137175,618,598,0.763,-186,-20
137155,137394,239,0,GE-Phrase,265,135782,138288,2506,239,1.0,1373,-894
137155,137394,239,0,GE-Phase,stroke,136557,137175,618,20,0.084,598,219
137155,137394,239,0,GE-Phase,retraction,137175,138288,1113,219,0.916,-20,-894
141050,143026,1976,0,GE-Phrase,266,138288,141167,2879,117,0.059,2762,1859
141050,143026,1976,0,GE-Phrase,267,141167,142467,1300,1300,0.658,-117,559
141050,143026,1976,0,GE-Phrase,268,142467,145380,2913,559,0.283,-1417,-2354
141050,143026,1976,0,GE-Phase,stroke,139895,141167,1272,117,0.059,1155,1859
141050,143026,1976,0,GE-Phase,stroke,141167,142045,878,878,0.444,-117,981
141050,143026,1976,0,GE-Phase,hold,142045,142467,422,422,0.214,-995,559
141050,143026,1976,0,GE-Phase,preparation,142467,143704,1237,559,0.283,-1417,-678
149300,150432,1132,0,GE-Phrase,270,147413,149490,2077,190,0.168,1887,942
149300,150432,1132,0,GE-Phrase,271,149490,151803,2313,942,0.832,-190,-1371
149300,150432,1132,0,GE-Phase,hold,148742,149490,748,190,0.168,558,942
149300,150432,1132,0,GE-Phase,preparation,149490,150125,635,635,0.561,-190,307
149300,150432,1132,0,GE-Phase,stroke,150125,151219,1094,307,0.271,-825,-787
9631,12030,2399,0,GE-Phrase,205,9104,11228,2124,1597,0.666,527,802
9631,12030,2399,0,GE-Phrase,206,11228,13092,1864,802,0.334,-1597,-1062
9631,12030,2399,0,GE-Phase,preparation,9104,10503,1399,872,0.363,527,1527
9631,12030,2399,0,GE-Phase,stroke,10503,10898,395,395,0.165,-872,1132
9631,12030,2399,0,GE-Phase,retraction,10898,11228,330,330,0.138,-1267,802
9631,12030,2399,0,GE-Phase,preparation,11228,11616,388,388,0.162,-1597,414
9631,12030,2399,0,GE-Phase,stroke,11616,12216,600,414,0.173,-1985,-186
12030,13506,1476,0,GE-Phrase,206,11228,13092,1864,1062,0.72,802,414
12030,13506,1476,0,GE-Phrase,207,13092,14908,1816,414,0.28,-1062,-1402
12030,13506,1476,0,GE-Phase,stroke,11616,12216,600,186,0.126,414,1290
12030,13506,1476,0,GE-Phase,retraction,12216,13092,876,876,0.593,-186,414
12030,13506,1476,0,GE-Phase,preparation,13092,13708,616,414,0.28,-1062,-202
25187,26370,1183,0,GE-Phrase,212,23414,26572,3158,1183,1.0,1773,-202
25187,26370,1183,0,GE-Phase,stroke,23890,25250,1360,63,0.053,1297,1120
25187,26370,1183,0,GE-Phase,retraction,25250,26572,1322,1120,0.947,-63,-202
26370,27200,830,0,GE-Phrase,212,23414,26572,3158,202,0.243,2956,628
26370,27200,830,0,GE-Phrase,213,26572,28865,2293,628,0.757,-202,-1665
26370,27200,830,0,GE-Phase,retraction,25250,26572,1322,202,0.243,1120,628
26370,27200,830,0,GE-Phase,preparation,26572,27305,733,628,0.757,-202,-105
27200,28048,848,0,GE-Phrase,213,26572,28865,2293,848,1.0,628,-817
27200,28048,848,0,GE-Phase,preparation,26572,27305,733,105,0.124,628,743
27200,28048,848,0,GE-Phase,stroke,27305,28425,1120,743,0.876,-105,-377
28048,29000,952,0,GE-Phrase,213,26572,28865,2293,817,0.858,1476,135
28048,29000,952,0,GE-Phrase,214,28865,30267,1402,135,0.142,-817,-1267
28048,29000,952,0,GE-Phase,stroke,27305,28425,1120,377,0.396,743,575
28048,29000,952,0,GE-Phase,retraction,28425,28865,440,440,0.462,-377,135
28048,29000,952,0,GE-Phase,preparation,28865,29147,282,135,0.142,-817,-147
69250,70269,1019,0,GE-Phrase,233,69124,70078,954,828,0.813,126,191
69250,70269,1019,0,GE-Phrase,234,70078,71694,1616,191,0.187,-828,-1425
69250,70269,1019,0,GE-Phase,preparation,69124,69404,280,154,0.151,126,865
69250,70269,1019,0,GE-Phase,stroke,69404,70078,674,674,0.661,-154,191
69250,70269,1019,0,GE-Phase,preparation,70078,70626,548,191,0.187,-828,-357
123300,123678,378,0,GE-Phrase,261,123162,126484,3322,378,1.0,138,-2806
123300,123678,378,0,GE-Phase,preparation,123162,123543,381,243,0.643,138,135
123300,123678,378,0,GE-Phase,stroke,123543,125275,1732,135,0.357,-243,-1597
123678,123884,206,0,GE-Phrase,261,123162,126484,3322,206,1.0,516,-2600
123678,123884,206,0,GE-Phase,stroke,123543,125275,1732,206,1.0,135,-1391
123884,124760,876,0,GE-Phrase,261,123162,126484,3322,876,1.0,722,-1724
123884,124760,876,0,GE-Phase,stroke,123543,125275,1732,876,1.0,341,-515
124760,125900,1140,0,GE-Phrase,261,123162,126484,3322,1140,1.0,1598,-584
124760,125900,1140,0,GE-Phase,stroke,123543,125275,1732,515,0.452,1217,625
124760,125900,1140,0,GE-Phase,retraction,125275,126484,1209,625,0.548,-515,-584
125900,127426,1526,0,GE-Phrase,261,123162,126484,3322,584,0.383,2738,942
125900,127426,1526,0,GE-Phase,retraction,125275,126484,1209,584,0.383,625,942
131400,132715,1315,0,GE-Phrase,262,128821,132202,3381,802,0.61,2579,513
131400,132715,1315,0,GE-Phrase,263,132202,134077,1875,513,0.39,-802,-1362
131400,132715,1315,0,GE-Phase,stroke,131270,132202,932,802,0.61,130,513
131400,132715,1315,0,GE-Phase,preparation,132202,132712,510,510,0.388,-802,3
131400,132715,1315,0,GE-Phase,stroke,132712,133300,588,3,0.002,-1312,-585
132715,134762,2047,0,GE-Phrase,263,132202,134077,1875,1362,0.665,513,685
132715,134762,2047,0,GE-Phrase,264,134077,135782,1705,685,0.335,-1362,-1020
132715,134762,2047,0,GE-Phase,stroke,132712,133300,588,585,0.286,3,1462
132715,134762,2047,0,GE-Phase,retraction,133300,134077,777,777,0.38,-585,685
132715,134762,2047,0,GE-Phase,preparation,134077,134927,850,685,0.335,-1362,-165
136371,137155,784,0,GE-Phrase,265,135782,138288,2506,784,1.0,589,-1133
136371,137155,784,0,GE-Phase,preparation,135782,136557,775,186,0.237,589,598
136371,137155,784,0,GE-Phase,stroke,136557,137175,618,598,0.763,-186,-20
137155,137394,239,0,GE-Phrase,265,135782,138288,2506,239,1.0,1373,-894
137155,137394,239,0,GE-Phase,stroke,136557,137175,618,20,0.084,598,219
137155,137394,239,0,GE-Phase,retraction,137175,138288,1113,219,0.916,-20,-894
141050,143026,1976,0,GE-Phrase,266,138288,141167,2879,117,0.059,2762,1859
141050,143026,1976,0,GE-Phrase,267,141167,142467,1300,1300,0.658,-117,559
141050,143026,1976,0,GE-Phrase,268,142467,145380,2913,559,0.283,-1417,-2354
141050,143026,1976,0,GE-Phase,stroke,139895,141167,1272,117,0.059,1155,1859
141050,143026,1976,0,GE-Phase,stroke,141167,142045,878,878,0.444,-117,981
141050,143026,1976,0,GE-Phase,hold,142045,142467,422,422,0.214,-995,559
141050,143026,1976,0,GE-Phase,preparation,142467,143704,1237,559,0.283,-1417,-678
149300,150432,1132,0,GE-Phrase,270,147413,149490,2077,190,0.168,1887,942
149300,150432,1132,0,GE-Phrase,271,149490,151803,2313,942,0.832,-190,-1371
149300,150432,1132,0,GE-Phase,hold,148742,149490,748,190,0.168,558,942
149300,150432,1132,0,GE-Phase,preparation,149490,150125,635,635,0.561,-190,307
149300,150432,1132,0,GE-Phase,stroke,150125,151219,1094,307,0.271,-825,-787
9631,12030,2399,0,GE-Phrase,205,9104,11228,2124,1597,0.666,527,802
9631,12030,2399,0,GE-Phrase,206,11228,13092,1864,802,0.334,-1597,-1062
9631,12030,2399,0,GE-Phase,preparation,9104,10503,1399,872,0.363,527,1527
9631,12030,2399,0,GE-Phase,stroke,10503,10898,395,395,0.165,-872,1132
9631,12030,2399,0,GE-Phase,retraction,10898,11228,330,330,0.138,-1267,802
9631,12030,2399,0,GE-Phase,preparation,11228,11616,388,388,0.162,-1597,414
9631,12030,2399,0,GE-Phase,stroke,11616,12216,600,414,0.173,-1985,-186
12030,13506,1476,0,GE-Phrase,206,11228,13092,1864,1062,0.72,802,414
12030,13506,1476,0,GE-Phrase,207,13092,14908,1816,414,0.28,-1062,-1402
12030,13506,1476,0,GE-Phase,stroke,11616,12216,600,186,0.126,414,1290
12030,13506,1476,0,GE-Phase,retraction,12216,13092,876,876,0.593,-186,414
12030,13506,1476,0,GE-Phase,preparation,13092,13708,616,414,0.28,-1062,-202
25187,26370,1183,0,GE-Phrase,212,23414,26572,3158,1183,1.0,1773,-202
25187,26370,1183,0,GE-Phase,stroke,23890,25250,1360,63,0.053,1297,1120
25187,26370,1183,0,GE-Phase,retraction,25250,26572,1322,1120,0.947,-63,-202
26370,27200,830,0,GE-Phrase,212,23414,26572,3158,202,0.243,2956,628
26370,27200,830,0,GE-Phrase,213,26572,28865,2293,628,0.757,-202,-1665
26370,27200,830,0,GE-Phase,retraction,25250,26572,1322,202,0.243,1120,628
26370,27200,830,0,GE-Phase,preparation,26572,27305,733,628,0.757,-202,-105
27200,28048,848,0,GE-Phrase,213,26572,28865,2293,848,1.0,628,-817
27200,28048,848,0,GE-Phase,preparation,26572,27305,733,105,0.124,628,743
27200,28048,848,0,GE-Phase,stroke,27305,28425,1120,743,0.876,-105,-377
28048,29000,952,0,GE-Phrase,213,26572,28865,2293,817,0.858,1476,135
28048,29000,952,0,GE-Phrase,214,28865,30267,1402,135,0.142,-817,-1267
28048,29000,952,0,GE-Phase,stroke,27305,28425,1120,377,0.396,743,575
28048,29000,952,0,GE-Phase,retraction,28425,28865,440,440,0.462,-377,135
28048,29000,952,0,GE-Phase,preparation,28865,29147,282,135,0.142,-817,-147
69250,70269,1019,0,GE-Phrase,233,69124,70078,954,828,0.813,126,191
69250,70269,1019,0,GE-Phrase,234,70078,71694,1616,191,0.187,-828,-1425
69250,70269,1019,0,GE-Phase,preparation,69124,69404,280,154,0.151,126,865
69250,70269,1019,0,GE-Phase,stroke,69404,70078,674,674,0.661,-154,191
69250,70269,1019,0,GE-Phase,preparation,70078,70626,548,191,0.187,-828,-357
123300,123678,378,0,GE-Phrase,261,123162,126484,3322,378,1.0,138,-2806
123300,123678,378,0,GE-Phase,preparation,123162,123543,381,243,0.643,138,135
123300,123678,378,0,GE-Phase,stroke,123543,125275,1732,135,0.357,-243,-1597
123678,123884,206,0,GE-Phrase,261,123162,126484,3322,206,1.0,516,-2600
123678,123884,206,0,GE-Phase,stroke,123543,125275,1732,206,1.0,135,-1391
123884,124760,876,0,GE-Phrase,261,123162,126484,3322,876,1.0,722,-1724
123884,124760,876,0,GE-Phase,stroke,123543,125275,1732,876,1.0,341,-515
124760,125900,1140,0,GE-Phrase,261,123162,126484,3322,1140,1.0,1598,-584
124760,125900,1140,0,GE-Phase,stroke,123543,125275,1732,515,0.452,1217,625
124760,125900,1140,0,GE-Phase,retraction,125275,126484,1209,625,0.548,-515,-584
125900,127426,1526,0,GE-Phrase,261,123162,126484,3322,584,0.383,2738,942
125900,127426,1526,0,GE-Phase,retraction,125275,126484,1209,584,0.383,625,942
131400,132715,1315,0,GE-Phrase,262,128821,132202,3381,802,0.61,2579,513
131400,132715,1315,0,GE-Phrase,263,132202,134077,1875,513,0.39,-802,-1362
131400,132715,1315,0,GE-Phase,stroke,131270,132202,932,802,0.61,130,513
131400,132715,1315,0,GE-Phase,preparation,132202,132712,510,510,0.388,-802,3
131400,132715,1315,0,GE-Phase,stroke,132712,133300,588,3,0.002,-1312,-585
132715,134762,2047,0,GE-Phrase,263,132202,134077,1875,1362,0.665,513,685
132715,134762,2047,0,GE-Phrase,264,134077,135782,1705,685,0.335,-1362,-1020
132715,134762,2047,0,GE-Phase,stroke,132712,133300,588,585,0.286,3,1462
132715,134762,2047,0,GE-Phase,retraction,133300,134077,777,777,0.38,-585,685
132715,134762,2047,0,GE-Phase,preparation,134077,134927,850,685,0.335,-1362,-165
136371,137155,784,0,GE-Phrase,265,135782,138288,2506,784,1.0,589,-1133
136371,137155,784,0,GE-Phase,preparation,135782,136557,775,186,0.237,589,598
136371,137155,784,0,GE-Phase,stroke,136557,137175,618,598,0.763,-186,-20
137155,137394,239,0,GE-Phrase,265,135782,138288,2506,239,1.0,1373,-894
137155,137394,239,0,GE-Phase,stroke,136557,137175,618,20,0.084,598,219
137155,137394,239,0,GE-Phase,retraction,137175,138288,1113,219,0.916,-20,-894
141050,143026,1976,0,GE-Phrase,266,138288,141167,2879,117,0.059,2762,1859
141050,143026,1976,0,GE-Phrase,267,141167,142467,1300,1300,0.658,-117,559
141050,143026,1976,0,GE-Phrase,268,142467,145380,2913,559,0.283,-1417,-2354
141050,143026,1976,0,GE-Phase,stroke,139895,141167,1272,117,0.059,1155,1859
141050,143026,1976,0,GE-Phase,stroke,141167,142045,878,878,0.444,-117,981
141050,143026,1976,0,GE-Phase,hold,142045,142467,422,422,0.214,-995,559
141050,143026,1976,0,GE-Phase,preparation,142467,143704,1237,559,0.283,-1417,-678
149300,150432,1132,0,GE-Phrase,270,147413,149490,2077,190,0.168,1887,942
149300,150432,1132,0,GE-Phrase,271,149490,151803,2313,942,0.832,-190,-1371
149300,150432,1132,0,GE-Phase,hold,148742,149490,748,190,0.168,558,942
149300,150432,1132,0,GE-Phase,preparation,149490,150125,635,635,0.561,-190,307
149300,150432,1132,0,GE-Phase,stroke,150125,151219,1094,307,0.271,-825,-787
9631,12030,2399,0,GE-Phrase,205,9104,11228,2124,1597,0.666,527,802
9631,12030,2399,0,GE-Phrase,206,11228,13092,1864,802,0.334,-1597,-1062
9631,12030,2399,0,GE-Phase,preparation,9104,10503,1399,872,0.363,527,1527
9631,12030,2399,0,GE-Phase,stroke,10503,10898,395,395,0.165,-872,1132
9631,12030,2399,0,GE-Phase,retraction,10898,11228,330,330,0.138,-1267,802
9631,12030,2399,0,GE-Phase,preparation,11228,11616,388,388,0.162,-1597,414
9631,12030,2399,0,GE-Phase,stroke,11616,12216,600,414,0.173,-1985,-186
12030,13506,1476,0,GE-Phrase,206,11228,13092,1864,1062,0.72,802,414
12030,13506,1476,0,GE-Phrase,207,13092,14908,1816,414,0.28,-1062,-1402
12030,13506,1476,0,GE-Phase,stroke,11616,12216,600,186,0.126,414,1290
12030,13506,1476,0,GE-Phase,retraction,12216,13092,876,876,0.593,-186,414
12030,13506,1476,0,GE-Phase,preparation,13092,13708,616,414,0.28,-1062,-202
25187,26370,1183,0,GE-Phrase,212,23414,26572,3158,1183,1.0,1773,-202
25187,26370,1183,0,GE-Phase,stroke,23890,25250,1360,63,0.053,1297,1120
25187,26370,1183,0,GE-Phase,retraction,25250,26572,1322,1120,0.947,-63,-202
26370,27200,830,0,GE-Phrase,212,23414,26572,3158,202,0.243,2956,628
26370,27200,830,0,GE-Phrase,213,26572,28865,2293,628,0.757,-202,-1665
26370,27200,830,0,GE-Phase,retraction,25250,26572,1322,202,0.243,1120,628
26370,27200,830,0,GE-Phase,preparation,26572,27305,733,628,0.757,-202,-105
27200,28048,848,0,GE-Phrase,213,26572,28865,2293,848,1.0,628,-817
27200,28048,848,0,GE-Phase,preparation,26572,27305,733,105,0.124,628,743
27200,28048,848,0,GE-Phase,stroke,27305,28425,1120,743,0.876,-105,-377
28048,29000,952,0,GE-Phrase,213,26572,28865,2293,817,0.858,1476,135
28048,29000,952,0,GE-Phrase,214,28865,30267,1402,135,0.142,-817,-1267
28048,29000,952,0,GE-Phase,stroke,27305,28425,1120,377,0.396,743,575
28048,29000,952,0,GE-Phase,retraction,28425,28865,440,440,0.462,-377,135
28048,29000,952,0,GE-Phase,preparation,28865,29147,282,135,0.142,-817,-147
69250,70269,1019,0,GE-Phrase,233,69124,70078,954,828,0.813,126,191
69250,70269,1019,0,GE-Phrase,234,70078,71694,1616,191,0.187,-828,-1425
69250,70269,1019,0,GE-Phase,preparation,69124,69404,280,154,0.151,126,865
69250,70269,1019,0,GE-Phase,stroke,69404,70078,674,674,0.661,-154,191
69250,70269,1019,0,GE-Phase,preparation,70078,70626,548,191,0.187,-828,-357
123300,123678,378,0,GE-Phrase,261,123162,126484,3322,378,1.0,138,-2806
123300,123678,378,0,GE-Phase,preparation,123162,123543,381,243,0.643,138,135
123300,123678,378,0,GE-Phase,stroke,123543,125275,1732,135,0.357,-243,-1597
123678,123884,206,0,GE-Phrase,261,123162,126484,3322,206,1.0,516,-2600
123678,123884,206,0,GE-Phase,stroke,123543,125275,1732,206,1.0,135,-1391
123884,124760,876,0,GE-Phrase,261,123162,126484,3322,876,1.0,722,-1724
123884,124760,876,0,GE-Phase,stroke,123543,125275,1732,876,1.0,341,-515
124760,125900,1140,0,GE-Phrase,261,123162,126484,3322,1140,1.0,1598,-584
124760,125900,1140,0,GE-Phase,stroke,123543,125275,1732,515,0.452,1217,625
124760,125900,1140,0,GE-Phase,retraction,125275,126484,1209,625,0.548,-515,-584
125900,127426,1526,0,GE-Phrase,261,123162,126484,3322,584,0.383,2738,942
125900,127426,1526,0,GE-Phase,retraction,125275,126484,1209,584,0.383,625,942
131400,132715,1315,0,GE-Phrase,262,128821,132202,3381,802,0.61,2579,513
131400,132715,1315,0,GE-Phrase,263,132202,134077,1875,513,0.39,-802,-1362
131400,132715,1315,0,GE-Phase,stroke,131270,132202,932,802,0.61,130,513
131400,132715,1315,0,GE-Phase,preparation,132202,132712,510,510,0.388,-802,3
131400,132715,1315,0,GE-Phase,stroke,132712,133300,588,3,0.002,-1312,-585
132715,134762,2047,0,GE-Phrase,263,132202,134077,1875,1362,0.665,513,685
132715,134762,2047,0,GE-Phrase,264,134077,135782,1705,685,0.335,-1362,-1020
132715,134762,2047,0,GE-Phase,stroke,132712,133300,588,585,0.286,3,1462
132715,134762,2047,0,GE-Phase,retraction,133300,134077,777,777,0.38,-585,685
132715,134762,2047,0,GE-Phase,preparation,134077,134927,850,685,0.335,-1362,-165
136371,137155,784,0,GE-Phrase,265,135782,138288,2506,784,1.0,589,-1133
136371,137155,784,0,GE-Phase,preparation,135782,136557,775,186,0.237,589,598
136371,137155,784,0,GE-Phase,stroke,136557,137175,618,598,0.763,-186,-20
137155,137394,239,0,GE-Phrase,265,135782,138288,2506,239,1.0,1373,-894
137155,137394,239,0,GE-Phase,stroke,136557,137175,618,20,0.084,598,219
137155,137394,239,0,GE-Phase,retraction,137175,138288,1113,219,0.916,-20,-894
141050,143026,1976,0,GE-Phrase,266,138288,141167,2879,117,0.059,2762,1859
141050,143026,1976,0,GE-Phrase,267,141167,142467,1300,1300,0.658,-117,559
141050,143026,1976,0,GE-Phrase,268,142467,145380,2913,559,0.283,-1417,-2354
141050,143026,1976,0,GE-Phase,stroke,139895,141167,1272,117,0.059,1155,1859
141050,143026,1976,0,GE-Phase,stroke,141167,142045,878,878,0.444,-117,981
141050,143026,1976,0,GE-Phase,hold,142045,142467,422,422,0.214,-995,559
141050,143026,1976,0,GE-Phase,preparation,142467,143704,1237,559,0.283,-1417,-678
149300,150432,1132,0,GE-Phrase,270,147413,149490,2077,190,0.168,1887,942
149300,150432,1132,0,GE-Phrase,271,149490,151803,2313,942,0.832,-190,-1371
149300,150432,1132,0,GE-Phase,hold,148742,149490,748,190,0.168,558,942
149300,150432,1132,0,GE-Phase,preparation,149490,150125,635,635,0.561,-190,307
149300,150432,1132,0,GE-Phase,stroke,150125,151219,1094,307,0.271,-825,-787
9631,12030,2399,0,GE-Phrase,205,9104,11228,2124,1597,0.666,527,802
9631,12030,2399,0,GE-Phrase,206,11228,13092,1864,802,0.334,-1597,-1062
9631,12030,2399,0,GE-Phase,preparation,9104,10503,1399,872,0.363,527,1527
9631,12030,2399,0,GE-Phase,stroke,10503,10898,395,395,0.165,-872,1132
9631,12030,2399,0,GE-Phase,retraction,10898,11228,330,330,0.138,-1267,802
9631,12030,2399,0,GE-Phase,preparation,11228,11616,388,388,0.162,-1597,414
9631,12030,2399,0,GE-Phase,stroke,11616,12216,600,414,0.173,-1985,-186
12030,13506,1476,0,GE-Phrase,206,11228,13092,1864,1062,0.72,802,414
12030,13506,1476,0,GE-Phrase,207,13092,14908,1816,414,0.28,-1062,-1402
12030,13506,1476,0,GE-Phase,stroke,11616,12216,600,186,0.126,414,1290
12030,13506,1476,0,GE-Phase,retraction,12216,13092,876,876,0.593,-186,414
12030,13506,1476,0,GE-Phase,preparation,13092,13708,616,414,0.28,-1062,-202
25187,26370,1183,0,GE-Phrase,212,23414,26572,3158,1183,1.0,1773,-202
25187,26370,1183,0,GE-Phase,stroke,23890,25250,1360,63,0.053,1297,1120
25187,26370,1183,0,GE-Phase,retraction,25250,26572,1322,1120,0.947,-63,-202
26370,27200,830,0,GE-Phrase,212,23414,26572,3158,202,0.243,2956,628
26370,27200,830,0,GE-Phrase,213,26572,28865,2293,628,0.757,-202,-1665
26370,27200,830,0,GE-Phase,retraction,25250,26572,1322,202,0.243,1120,628
26370,27200,830,0,GE-Phase,preparation,26572,27305,733,628,0.757,-202,-105
27200,28048,848,0,GE-Phrase,213,26572,28865,2293,848,1.0,628,-817
27200,28048,848,0,GE-Phase,preparation,26572,27305,733,105,0.124,628,743
27200,28048,848,0,GE-Phase,stroke,27305,28425,1120,743,0.876,-105,-377
28048,29000,952,0,GE-Phrase,213,26572,28865,2293,817,0.858,1476,135
28048,29000,952,0,GE-Phrase,214,28865,30267,1402,135,0.142,-817,-1267
28048,29000,952,0,GE-Phase,stroke,27305,28425,1120,377,0.396,743,575
28048,29000,952,0,GE-Phase,retraction,28425,28865,440,440,0.462,-377,135
28048,29000,952,0,GE-Phase,preparation,28865,29147,282,135,0.142,-817,-147
69250,70269,1019,0,GE-Phrase,233,69124,70078,954,828,0.813,126,191
69250,70269,1019,0,GE-Phrase,234,70078,71694,1616,191,0.187,-828,-1425
69250,70269,1019,0,GE-Phase,preparation,69124,69404,280,154,0.151,126,865
69250,70269,1019,0,GE-Phase,stroke,69404,70078,674,674,0.661,-154,191
69250,70269,1019,0,GE-Phase,preparation,70078,70626,548,191,0.187,-828,-357
123300,123678,378,0,GE-Phrase,261,123162,126484,3322,378,1.0,138,-2806
123300,123678,378,0,GE-Phase,preparation,123162,123543,381,243,0.643,138,135
123300,123678,378,0,GE-Phase,stroke,123543,125275,1732,135,0.357,-243,-1597
123678,123884,206,0,GE-Phrase,261,123162,126484,3322,206,1.0,516,-2600
123678,123884,206,0,GE-Phase,stroke,123543,125275,1732,206,1.0,135,-1391
123884,124760,876,0,GE-Phrase,261,123162,126484,3322,876,1.0,722,-1724
123884,124760,876,0,GE-Phase,stroke,123543,125275,1732,876,1.0,341,-515
124760,125900,1140,0,GE-Phrase,261,123162,126484,3322,1140,1.0,1598,-584
124760,125900,1140,0,GE-Phase,stroke,123543,125275,1732,515,0.452,1217,625
124760,125900,1140,0,GE-Phase,retraction,125275,126484,1209,625,0.548,-515,-584
125900,127426,1526,0,GE-Phrase,261,123162,126484,3322,584,0.383,2738,942
125900,127426,1526,0,GE-Phase,retraction,125275,126484,1209,584,0.383,625,942
131400,132715,1315,0,GE-Phrase,262,128821,132202,3381,802,0.61,2579,513
131400,132715,1315,0,GE-Phrase,263,132202,134077,1875,513,0.39,-802,-1362
131400,132715,1315,0,GE-Phase,stroke,131270,132202,932,802,0.61,130,513
131400,132715,1315,0,GE-Phase,preparation,132202,132712,510,510,0.388,-802,3
131400,132715,1315,0,GE-Phase,stroke,132712,133300,588,3,0.002,-1312,-585
132715,134762,2047,0,GE-Phrase,263,132202,134077,1875,1362,0.665,513,685
132715,134762,2047,0,GE-Phrase,264,134077,135782,1705,685,0.335,-1362,-1020
132715,134762,2047,0,GE-Phase,stroke,132712,133300,588,585,0.286,3,1462
132715,134762,2047,0,GE-Phase,retraction,133300,134077,777,777,0.38,-585,685
132715,134762,2047,0,GE-Phase,preparation,134077,134927,850,685,0.335,-1362,-165
136371,137155,784,0,GE-Phrase,265,135782,138288,2506,784,1.0,589,-1133
136371,137155,784,0,GE-Phase,preparation,135782,136557,775,186,0.237,589,598
136371,137155,784,0,GE-Phase,stroke,136557,137175,618,598,0.763,-186,-20
137155,137394,239,0,GE-Phrase,265,135782,138288,2506,239,1.0,1373,-894
137155,137394,239,0,GE-Phase,stroke,136557,137175,618,20,0.084,598,219
137155,137394,239,0,GE-Phase,retraction,137175,138288,1113,219,0.916,-20,-894
141050,143026,1976,0,GE-Phrase,266,138288,141167,2879,117,0.059,2762,1859
141050,143026,1976,0,GE-Phrase,267,141167,142467,1300,1300,0.658,-117,559
141050,143026,1976,0,GE-Phrase,268,142467,145380,2913,559,0.283,-1417,-2354
141050,143026,1976,0,GE-Phase,stroke,139895,141167,1272,117,0.059,1155,1859
141050,143026,1976,0,GE-Phase,stroke,141167,142045,878,878,0.444,-117,981
141050,143026,1976,0,GE-Phase,hold,142045,142467,422,422,0.214,-995,559
141050,143026,1976,0,GE-Phase,preparation,142467,143704,1237,559,0.283,-1417,-678
149300,150432,1132,0,GE-Phrase,270,147413,149490,2077,190,0.168,1887,942
149300,150432,1132,0,GE-Phrase,271,149490,151803,2313,942,0.832,-190,-1371
149300,150432,1132,0,GE-Phase,hold,148742,149490,748,190,0.168,558,942
149300,150432,1132,0,GE-Phase,preparation,149490,150125,635,635,0.561,-190,307
149300,150432,1132,0,GE-Phase,stroke,150125,151219,1094,307,0.271,-825,-787
9631,12030,2399,0,GE-Phrase,205,9104,11228,2124,1597,0.666,527,802
9631,12030,2399,0,GE-Phrase,206,11228,13092,1864,802,0.334,-1597,-1062
9631,12030,2399,0,GE-Phase,preparation,9104,10503,1399,872,0.363,527,1527
9631,12030,2399,0,GE-Phase,stroke,10503,10898,395,395,0.165,-872,1132
9631,12030,2399,0,GE-Phase,retraction,10898,11228,330,330,0.138,-1267,802
9631,12030,2399,0,GE-Phase,preparation,11228,11616,388,388,0.162,-1597,414
9631,12030,2399,0,GE-Phase,stroke,11616,12216,600,414,0.173,-1985,-186
12030,13506,1476,0,GE-Phrase,206,11228,13092,1864,1062,0.72,802,414
12030,13506,1476,0,GE-Phrase,207,13092,14908,1816,414,0.28,-1062,-1402
12030,13506,1476,0,GE-Phase,stroke,11616,12216,600,186,0.126,414,1290
12030,13506,1476,0,GE-Phase,retraction,12216,13092,876,876,0.593,-186,414
12030,13506,1476,0,GE-Phase,preparation,13092,13708,616,414,0.28,-1062,-202
25187,26370,1183,0,GE-Phrase,212,23414,26572,3158,1183,1.0,1773,-202
25187,26370,1183,0,GE-Phase,stroke,23890,25250,1360,63,0.053,1297,1120
25187,26370,1183,0,GE-Phase,retraction,25250,26572,1322,1120,0.947,-63,-202
26370,27200,830,0,GE-Phrase,212,23414,26572,3158,202,0.243,2956,628
26370,27200,830,0,GE-Phrase,213,26572,28865,2293,628,0.757,-202,-1665
26370,27200,830,0,GE-Phase,retraction,25250,26572,1322,202,0.243,1120,628
26370,27200,830,0,GE-Phase,preparation,26572,27305,733,628,0.757,-202,-105
27200,28048,848,0,GE-Phrase,213,26572,28865,2293,848,1.0,628,-817
27200,28048,848,0,GE-Phase,preparation,26572,27305,733,105,0.124,628,743
27200,28048,848,0,GE-Phase,stroke,27305,28425,1120,743,0.876,-105,-377
28048,29000,952,0,GE-Phrase,213,26572,28865,2293,817,0.858,1476,135
28048,29000,952,0,GE-Phrase,214,28865,30267,1402,135,0.142,-817,-1267
28048,29000,952,0,GE-Phase,stroke,27305,28425,1120,377,0.396,743,575
28048,29000,952,0,GE-Phase,retraction,28425,28865,440,440,0.462,-377,135
28048,29000,952,0,GE-Phase,preparation,28865,29147,282,135,0.142,-817,-147
69250,70269,1019,0,GE-Phrase,233,69124,70078,954,828,0.813,126,191
69250,70269,1019,0,GE-Phrase,234,70078,71694,1616,191,0.187,-828,-1425
69250,70269,1019,0,GE-Phase,preparation,69124,69404,280,154,0.151,126,865
69250,70269,1019,0,GE-Phase,stroke,69404,70078,674,674,0.661,-154,191
69250,70269,1019,0,GE-Phase,preparation,70078,70626,548,191,0.187,-828,-357
123300,123678,378,0,GE-Phrase,261,123162,126484,3322,378,1.0,138,-2806
123300,123678,378,0,GE-Phase,preparation,123162,123543,381,243,0.643,138,135
123300,123678,378,0,GE-Phase,stroke,123543,125275,1732,135,0.357,-243,-1597
123678,123884,206,0,GE-Phrase,261,123162,126484,3322,206,1.0,516,-2600
123678,123884,206,0,GE-Phase,stroke,123543,125275,1732,206,1.0,135,-1391
123884,124760,876,0,GE-Phrase,261,123162,126484,3322,876,1.0,722,-1724
123884,124760,876,0,GE-Phase,stroke,123543,125275,1732,876,1.0,341,-515
124760,125900,1140,0,GE-Phrase,261,123162,126484,3322,1140,1.0,1598,-584
124760,125900,1140,0,GE-Phase,stroke,123543,125275,1732,515,0.452,1217,625
124760,125900,1140,0,GE-Phase,retraction,125275,126484,1209,625,0.548,-515,-584
125900,127426,1526,0,GE-Phrase,261,123162,126484,3322,584,0.383,2738,942
125900,127426,1526,0,GE-Phase,retraction,125275,126484,1209,584,0.383,625,942
131400,132715,1315,0,GE-Phrase,262,128821,132202,3381,802,0.61,2579,513
131400,132715,1315,0,GE-Phrase,263,132202,134077,1875,513,0.39,-802,-1362
131400,132715,1315,0,GE-Phase,stroke,131270,132202,932,802,0.61,130,513
131400,132715,1315,0,GE-Phase,preparation,132202,132712,510,510,0.388,-802,3
131400,132715,1315,0,GE-Phase,stroke,132712,133300,588,3,0.002,-1312,-585
132715,134762,2047,0,GE-Phrase,263,132202,134077,1875,1362,0.665,513,685
132715,134762,2047,0,GE-Phrase,264,134077,135782,1705,685,0.335,-1362,-1020
132715,134762,2047,0,GE-Phase,stroke,132712,133300,588,585,0.286,3,1462
132715,134762,2047,0,GE-Phase,retraction,133300,134077,777,777,0.38,-585,685
132715,134762,2047,0,GE-Phase,preparation,134077,134927,850,685,0.335,-1362,-165
136371,137155,784,0,GE-Phrase,265,135782,138288,2506,784,1.0,589,-1133
136371,137155,784,0,GE-Phase,preparation,135782,136557,775,186,0.237,589,598
136371,137155,784,0,GE-Phase,stroke,136557,137175,618,598,0.763,-186,-20
137155,137394,239,0,GE-Phrase,265,135782,138288,2506,239,1.0,1373,-894
137155,137394,239,0,GE-Phase,stroke,136557,137175,618,20,0.084,598,219
137155,137394,239,0,GE-Phase,retraction,137175,138288,1113,219,0.916,-20,-894
141050,143026,1976,0,GE-Phrase,266,138288,141167,2879,117,0.059,2762,1859
141050,143026,1976,0,GE-Phrase,267,141167,142467,1300,1300,0.658,-117,559
141050,143026,1976,0,GE-Phrase,268,142467,145380,2913,559,0.283,-1417,-2354
141050,143026,1976,0,GE-Phase,stroke,139895,141167,1272,117,0.059,1155,1859
141050,143026,1976,0,GE-Phase,stroke,141167,142045,878,878,0.444,-117,981
141050,143026,1976,0,GE-Phase,hold,142045,142467,422,422,0.214,-995,559
141050,143026,1976,0,GE-Phase,preparation,142467,143704,1237,559,0.283,-1417,-678
149300,150432,1132,0,GE-Phrase,270,147413,149490,2077,190,0.168,1887,942
149300,150432,1132,0,GE-Phrase,271,149490,151803,2313,942,0.832,-190,-1371
149300,150432,1132,0,GE-Phase,hold,148742,149490,748,190,0.168,558,942
149300,150432,1132,0,GE-Phase,preparation,149490,150125,635,635,0.561,-190,307
149300,150432,1132,0,GE-Phase,stroke,150125,151219,1094,307,0.271,-825,-787
9631,12030,2399,0,GE-Phrase,205,9104,11228,2124,1597,0.666,527,802
9631,12030,2399,0,GE-Phrase,206,11228,13092,1864,802,0.334,-1597,-1062
9631,12030,2399,0,GE-Phase,preparation,9104,10503,1399,872,0.363,527,1527
9631,12030,2399,0,GE-Phase,stroke,10503,10898,395,395,0.165,-872,1132
9631,12030,2399,0,GE-Phase,retraction,10898,11228,330,330,0.138,-1267,802
9631,12030,2399,0,GE-Phase,preparation,11228,11616,388,388,0.162,-1597,414
9631,12030,2399,0,GE-Phase,stroke,11616,12216,600,414,0.173,-1985,-186
12030,13506,1476,0,GE-Phrase,206,11228,13092,1864,1062,0.72,802,414
12030,13506,1476,0,GE-Phrase,207,13092,14908,1816,414,0.28,-1062,-1402
12030,13506,1476,0,GE-Phase,stroke,11616,12216,600,186,0.126,414,1290
12030,13506,1476,0,GE-Phase,retraction,12216,13092,876,876,0.593,-186,414
12030,13506,1476,0,GE-Phase,preparation,13092,13708,616,414,0.28,-1062,-202
25187,26370,1183,0,GE-Phrase,212,23414,26572,3158,1183,1.0,1773,-202
25187,26370,1183,0,GE-Phase,stroke,23890,25250,1360,63,0.053,1297,1120
25187,26370,1183,0,GE-Phase,retraction,25250,26572,1322,1120,0.947,-63,-202
26370,27200,830,0,GE-Phrase,212,23414,26572,3158,202,0.243,2956,628
26370,27200,830,0,GE-Phrase,213,26572,28865,2293,628,0.757,-202,-1665
26370,27200,830,0,GE-Phase,retraction,25250,26572,1322,202,0.243,1120,628
26370,27200,830,0,GE-Phase,preparation,26572,27305,733,628,0.757,-202,-105
27200,28048,848,0,GE-Phrase,213,26572,28865,2293,848,1.0,628,-817
27200,28048,848,0,GE-Phase,preparation,26572,27305,733,105,0.124,628,743
27200,28048,848,0,GE-Phase,stroke,27305,28425,1120,743,0.876,-105,-377
28048,29000,952,0,GE-Phrase,213,26572,28865,2293,817,0.858,1476,135
28048,29000,952,0,GE-Phrase,214,28865,30267,1402,135,0.142,-817,-1267
28048,29000,952,0,GE-Phase,stroke,27305,28425,1120,377,0.396,743,575
28048,29000,952,0,GE-Phase,retraction,28425,28865,440,440,0.462,-377,135
28048,29000,952,0,GE-Phase,preparation,28865,29147,282,135,0.142,-817,-147
69250,70269,1019,0,GE-Phrase,233,69124,70078,954,828,0.813,126,191
69250,70269,1019,0,GE-Phrase,234,70078,71694,1616,191,0.187,-828,-1425
69250,70269,1019,0,GE-Phase,preparation,69124,69404,280,154,0.151,126,865
69250,70269,1019,0,GE-Phase,stroke,69404,70078,674,674,0.661,-154,191
69250,70269,1019,0,GE-Phase,preparation,70078,70626,548,191,0.187,-828,-357
123300,123678,378,0,GE-Phrase,261,123162,126484,3322,378,1.0,138,-2806
123300,123678,378,0,GE-Phase,preparation,123162,123543,381,243,0.643,138,135
123300,123678,378,0,GE-Phase,stroke,123543,125275,1732,135,0.357,-243,-1597
123678,123884,206,0,GE-Phrase,261,123162,126484,3322,206,1.0,516,-2600
123678,123884,206,0,GE-Phase,stroke,123543,125275,1732,206,1.0,135,-1391
123884,124760,876,0,GE-Phrase,261,123162,126484,3322,876,1.0,722,-1724
123884,124760,876,0,GE-Phase,stroke,123543,125275,1732,876,1.0,341,-515
124760,125900,1140,0,GE-Phrase,261,123162,126484,3322,1140,1.0,1598,-584
124760,125900,1140,0,GE-Phase,stroke,123543,125275,1732,515,0.452,1217,625
124760,125900,1140,0,GE-Phase,retraction,125275,126484,1209,625,0.548,-515,-584
125900,127426,1526,0,GE-Phrase,261,123162,126484,3322,584,0.383,2738,942
125900,127426,1526,0,GE-Phase,retraction,125275,126484,1209,584,0.383,625,942
131400,132715,1315,0,GE-Phrase,262,128821,132202,3381,802,0.61,2579,513
131400,132715,1315,0,GE-Phrase,263,132202,134077,1875,513,0.39,-802,-1362
131400,132715,1315,0,GE-Phase,stroke,131270,132202,932,802,0.61,130,513
131400,132715,1315,0,GE-Phase,preparation,132202,132712,510,510,0.388,-802,3
131400,132715,1315,0,GE-Phase,stroke,132712,133300,588,3,0.002,-1312,-585
132715,134762,2047,0,GE-Phrase,263,132202,134077,1875,1362,0.665,513,685
132715,134762,2047,0,GE-Phrase,264,134077,135782,1705,685,0.335,-1362,-1020
132715,134762,2047,0,GE-Phase,stroke,132712,133300,588,585,0.286,3,1462
132715,134762,2047,0,GE-Phase,retraction,133300,134077,777,777,0.38,-585,685
132715,134762,2047,0,GE-Phase,preparation,134077,134927,850,685,0.335,-1362,-165
136371,137155,784,0,GE-Phrase,265,135782,138288,2506,784,1.0,589,-1133
136371,137155,784,0,GE-Phase,preparation,135782,136557,775,186,0.237,589,598
136371,137155,784,0,GE-Phase,stroke,136557,137175,618,598,0.763,-186,-20
137155,137394,239,0,GE-Phrase,265,135782,138288,2506,239,1.0,1373,-894
137155,137394,239,0,GE-Phase,stroke,136557,137175,618,20,0.084,598,219
137155,137394,239,0,GE-Phase,retraction,137175,138288,1113,219,0.916,-20,-894
141050,143026,1976,0,GE-Phrase,266,138288,141167,2879,117,0.059,2762,1859
141050,143026,1976,0,GE-Phrase,267,141167,142467,1300,1300,0.658,-117,559
141050,143026,1976,0,GE-Phrase,268,142467,145380,2913,559,0.283,-1417,-2354
141050,143026,1976,0,GE-Phase,stroke,139895,141167,1272,117,0.059,1155,1859
141050,143026,1976,0,GE-Phase,stroke,141167,142045,878,878,0.444,-117,981
141050,143026,1976,0,GE-Phase,hold,142045,142467,422,422,0.214,-995,559
141050,143026,1976,0,GE-Phase,preparation,142467,143704,1237,559,0.283,-1417,-678
149300,150432,1132,0,GE-Phrase,270,147413,149490,2077,190,0.168,1887,942
149300,150432,1132,0,GE-Phrase,271,149490,151803,2313,942,0.832,-190,-1371
149300,150432,1132,0,GE-Phase,hold,148742,149490,748,190,0.168,558,942
149300,150432,1132,0,GE-Phase,preparation,149490,150125,635,635,0.561,-190,307
149300,150432,1132,0,GE-Phase,stroke,150125,151219,1094,307,0.271,-825,-787
9631,12030,2399,0,GE-Phrase,205,9104,11228,2124,1597,0.666,527,802
9631,12030,2399,0,GE-Phrase,206,11228,13092,1864,802,0.334,-1597,-1062
9631,12030,2399,0,GE-Phase,preparation,9104,10503,1399,872,0.363,527,1527
9631,12030,2399,0,GE-Phase,stroke,10503,10898,395,395,0.165,-872,1132
9631,12030,2399,0,GE-Phase,retraction,10898,11228,330,330,0.138,-1267,802
9631,12030,2399,0,GE-Phase,preparation,11228,11616,388,388,0.162,-1597,414
9631,12030,2399,0,GE-Phase,stroke,11616,12216,600,414,0.173,-1985,-186
12030,13506,1476,0,GE-Phrase,206,11228,13092,1864,1062,0.72,802,414
12030,13506,1476,0,GE-Phrase,207,13092,14908,1816,414,0.28,-1062,-1402
12030,13506,1476,0,GE-Phase,stroke,11616,12216,600,186,0.126,414,1290
12030,13506,1476,0,GE-Phase,retraction,12216,13092,876,876,0.593,-186,414
12030,13506,1476,0,GE-Phase,preparation,13092,13708,616,414,0.28,-1062,-202
25187,26370,1183,0,GE-Phrase,212,23414,26572,3158,1183,1.0,1773,-202
25187,26370,1183,0,GE-Phase,stroke,23890,25250,1360,63,0.053,1297,1120
25187,26370,1183,0,GE-Phase,retraction,25250,26572,1322,1120,0.947,-63,-202
26370,27200,830,0,GE-Phrase,212,23414,26572,3158,202,0.243,2956,628
26370,27200,830,0,GE-Phrase,213,26572,28865,2293,628,0.757,-202,-1665
26370,27200,830,0,GE-Phase,retraction,25250,26572,1322,202,0.243,1120,628
26370,27200,830,0,GE-Phase,preparation,26572,27305,733,628,0.757,-202,-105
27200,28048,848,0,GE-Phrase,213,26572,28865,2293,848,1.0,628,-817
27200,28048,848,0,GE-Phase,preparation,26572,27305,733,105,0.124,628,743
27200,28048,848,0,GE-Phase,stroke,27305,28425,1120,743,0.876,-105,-377
28048,29000,952,0,GE-Phrase,213,26572,28865,2293,817,0.858,1476,135
28048,29000,952,0,GE-Phrase,214,28865,30267,1402,135,0.142,-817,-1267
28048,29000,952,0,GE-Phase,stroke,27305,28425,1120,377,0.396,743,575
28048,29000,952,0,GE-Phase,retraction,28425,28865,440,440,0.462,-377,135
28048,29000,952,0,GE-Phase,preparation,28865,29147,282,135,0.142,-817,-147
69250,70269,1019,0,GE-Phrase,233,69124,70078,954,828,0.813,126,191
69250,70269,1019,0,GE-Phrase,234,70078,71694,1616,191,0.187,-828,-1425
69250,70269,1019,0,GE-Phase,preparation,69124,69404,280,154,0.151,126,865
69250,70269,1019,0,GE-Phase,stroke,69404,70078,674,674,0.661,-154,191
69250,70269,1019,0,GE-Phase,preparation,70078,70626,548,191,0.187,-828,-357
123300,123678,378,0,GE-Phrase,261,123162,126484,3322,378,1.0,138,-2806
123300,123678,378,0,GE-Phase,preparation,123162,123543,381,243,0.643,138,135
123300,123678,378,0,GE-Phase,stroke,123543,125275,1732,135,0.357,-243,-1597
123678,123884,206,0,GE-Phrase,261,123162,126484,3322,206,1.0,516,-2600
123678,123884,206,0,GE-Phase,stroke,123543,125275,1732,206,1.0,135,-1391
123884,124760,876,0,GE-Phrase,261,123162,126484,3322,876,1.0,722,-1724
123884,124760,876,0,GE-Phase,stroke,123543,125275,1732,876,1.0,341,-515
124760,125900,1140,0,GE-Phrase,261,123162,126484,3322,1140,1.0,1598,-584
124760,125900,1140,0,GE-Phase,stroke,123543,125275,1732,515,0.452,1217,625
124760,125900,1140,0,GE-Phase,retraction,125275,126484,1209,625,0.548,-515,-584
125900,127426,1526,0,GE-Phrase,261,123162,126484,3322,584,0.383,2738,942
125900,127426,1526,0,GE-Phase,retraction,125275,126484,1209,584,0.383,625,942
131400,132715,1315,0,GE-Phrase,262,128821,132202,3381,802,0.61,2579,513
131400,132715,1315,0,GE-Phrase,263,132202,134077,1875,513,0.39,-802,-1362
131400,132715,1315,0,GE-Phase,stroke,131270,132202,932,802,0.61,130,513
131400,132715,1315,0,GE-Phase,preparation,132202,132712,510,510,0.388,-802,3
131400,132715,1315,0,GE-Phase,stroke,132712,133300,588,3,0.002,-1312,-585
132715,134762,2047,0,GE-Phrase,263,132202,134077,1875,1362,0.665,513,685
132715,134762,2047,0,GE-Phrase,264,134077,135782,1705,685,0.335,-1362,-1020
132715,134762,2047,0,GE-Phase,stroke,132712,133300,588,585,0.286,3,1462
132715,134762,2047,0,GE-Phase,retraction,133300,134077,777,777,0.38,-585,685
132715,134762,2047,0,GE-Phase,preparation,134077,134927,850,685,0.335,-1362,-165
136371,137155,784,0,GE-Phrase,265,135782,138288,2506,784,1.0,589,-1133
136371,137155,784,0,GE-Phase,preparation,135782,136557,775,186,0.237,589,598
136371,137155,784,0,GE-Phase,stroke,136557,137175,618,598,0.763,-186,-20
137155,137394,239,0,GE-Phrase,265,135782,138288,2506,239,1.0,1373,-894
137155,137394,239,0,GE-Phase,stroke,136557,137175,618,20,0.084,598,219
137155,137394,239,0,GE-Phase,retraction,137175,138288,1113,219,0.916,-20,-894
141050,143026,1976,0,GE-Phrase,266,138288,141167,2879,117,0.059,2762,1859
141050,143026,1976,0,GE-Phrase,267,141167,142467,1300,1300,0.658,-117,559
141050,143026,1976,0,GE-Phrase,268,142467,145380,2913,559,0.283,-1417,-2354
141050,143026,1976,0,GE-Phase,stroke,139895,141167,1272,117,0.059,1155,1859
141050,143026,1976,0,GE-Phase,stroke,141167,142045,878,878,0.444,-117,981
141050,143026,1976,0,GE-Phase,hold,142045,142467,422,422,0.214,-995,559
141050,143026,1976,0,GE-Phase,preparation,142467,143704,1237,559,0.283,-1417,-678
149300,150432,1132,0,GE-Phrase,270,147413,149490,2077,190,0.168,1887,942
149300,150432,1132,0,GE-Phrase,271,149490,151803,2313,942,0.832,-190,-1371
149300,150432,1132,0,GE-Phase,hold,148742,149490,748,190,0.168,558,942
149300,150432,1132,0,GE-Phase,preparation,149490,150125,635,635,0.561,-190,307
149300,150432,1132,0,GE-Phase,stroke,150125,151219,1094,307,0.271,-825,-787
9631,12030,2399,0,GE-Phrase,205,9104,11228,2124,1597,0.666,527,802
9631,12030,2399,0,GE-Phrase,206,11228,13092,1864,802,0.334,-1597,-1062
9631,12030,2399,0,GE-Phase,preparation,9104,10503,1399,872,0.363,527,1527
9631,12030,2399,0,GE-Phase,stroke,10503,10898,395,395,0.165,-872,1132
9631,12030,2399,0,GE-Phase,retraction,10898,11228,330,330,0.138,-1267,802
9631,12030,2399,0,GE-Phase,preparation,11228,11616,388,388,0.162,-1597,414
9631,12030,2399,0,GE-Phase,stroke,11616,12216,600,414,0.173,-1985,-186
12030,13506,1476,0,GE-Phrase,206,11228,13092,1864,1062,0.72,802,414
12030,13506,1476,0,GE-Phrase,207,13092,14908,1816,414,0.28,-1062,-1402
12030,13506,1476,0,GE-Phase,stroke,11616,12216,600,186,0.126,414,1290
12030,13506,1476,0,GE-Phase,retraction,12216,13092,876,876,0.593,-186,414
12030,13506,1476,0,GE-Phase,preparation,13092,13708,616,414,0.28,-1062,-202
25187,26370,1183,0,GE-Phrase,212,23414,26572,3158,1183,1.0,1773,-202
25187,26370,1183,0,GE-Phase,stroke,23890,25250,1360,63,0.053,1297,1120
25187,26370,1183,0,GE-Phase,retraction,25250,26572,1322,1120,0.947,-63,-202
26370,27200,830,0,GE-Phrase,212,23414,26572,3158,202,0.243,2956,628
26370,27200,830,0,GE-Phrase,213,26572,28865,2293,628,0.757,-202,-1665
26370,27200,830,0,GE-Phase,retraction,25250,26572,1322,202,0.243,1120,628
26370,27200,830,0,GE-Phase,preparation,26572,27305,733,628,0.757,-202,-105
27200,28048,848,0,GE-Phrase,213,26572,28865,2293,848,1.0,628,-817
27200,28048,848,0,GE-Phase,preparation,26572,27305,733,105,0.124,628,743
27200,28048,848,0,GE-Phase,stroke,27305,28425,1120,743,0.876,-105,-377
28048,29000,952,0,GE-Phrase,213,26572,28865,2293,817,0.858,1476,135
28048,29000,952,0,GE-Phrase,214,28865,30267,1402,135,0.142,-817,-1267
28048,29000,952,0,GE-Phase,stroke,27305,28425,1120,377,0.396,743,575
28048,29000,952,0,GE-Phase,retraction,28425,28865,440,440,0.462,-377,135
28048,29000,952,0,GE-Phase,preparation,28865,29147,282,135,0.142,-817,-147
69250,70269,1019,0,GE-Phrase,233,69124,70078,954,828,0.813,126,191
69250,70269,1019,0,GE-Phrase,234,70078,71694,1616,191,0.187,-828,-1425
69250,70269,1019,0,GE-Phase,preparation,69124,69404,280,154,0.151,126,865
69250,70269,1019,0,GE-Phase,stroke,69404,70078,674,674,0.661,-154,191
69250,70269,1019,0,GE-Phase,preparation,70078,70626,548,191,0.187,-828,-357
123300,123678,378,0,GE-Phrase,261,123162,126484,3322,378,1.0,138,-2806
123300,123678,378,0,GE-Phase,preparation,123162,123543,381,243,0.643,138,135
123300,123678,378,0,GE-Phase,stroke,123543,125275,1732,135,0.357,-243,-1597
123678,123884,206,0,GE-Phrase,261,123162,126484,3322,206,1.0,516,-2600
123678,123884,206,0,GE-Phase,stroke,123543,125275,1732,206,1.0,135,-1391
123884,124760,876,0,GE-Phrase,261,123162,126484,3322,876,1.0,722,-1724
123884,124760,876,0,GE-Phase,stroke,123543,125275,1732,876,1.0,341,-515
124760,125900,1140,0,GE-Phrase,261,123162,126484,3322,1140,1.0,1598,-584
124760,125900,1140,0,GE-Phase,stroke,123543,125275,1732,515,0.452,1217,625
124760,125900,1140,0,GE-Phase,retraction,125275,126484,1209,625,0.548,-515,-584
125900,127426,1526,0,GE-Phrase,261,123162,126484,3322,584,0.383,2738,942
125900,127426,1526,0,GE-Phase,retraction,125275,126484,1209,584,0.383,625,942
131400,132715,1315,0,GE-Phrase,262,128821,132202,3381,802,0.61,2579,513
131400,132715,1315,0,GE-Phrase,263,132202,134077,1875,513,0.39,-802,-1362
131400,132715,1315,0,GE-Phase,stroke,131270,132202,932,802,0.61,130,513
131400,132715,1315,0,GE-Phase,preparation,132202,132712,510,510,0.388,-802,3
131400,132715,1315,0,GE-Phase,stroke,132712,133300,588,3,0.002,-1312,-585
132715,134762,2047,0,GE-Phrase,263,132202,134077,1875,1362,0.665,513,685
132715,134762,2047,0,GE-Phrase,264,134077,135782,1705,685,0.335,-1362,-1020
132715,134762,2047,0,GE-Phase,stroke,132712,133300,588,585,0.286,3,1462
132715,134762,2047,0,GE-Phase,retraction,133300,134077,777,777,0.38,-585,685
132715,134762,2047,0,GE-Phase,preparation,134077,134927,850,685,0.335,-1362,-165
136371,137155,784,0,GE-Phrase,265,135782,138288,2506,784,1.0,589,-1133
136371,137155,784,0,GE-Phase,preparation,135782,136557,775,186,0.237,589,598
136371,137155,784,0,GE-Phase,stroke,136557,137175,618,598,0.763,-186,-20
137155,137394,239,0,GE-Phrase,265,135782,138288,2506,239,1.0,1373,-894
137155,137394,239,0,GE-Phase,stroke,136557,137175,618,20,0.084,598,219
137155,137394,239,0,GE-Phase,retraction,137175,138288,1113,219,0.916,-20,-894
141050,143026,1976,0,GE-Phrase,266,138288,141167,2879,117,0.059,2762,1859
141050,143026,1976,0,GE-Phrase,267,141167,142467,1300,1300,0.658,-117,559
141050,143026,1976,0,GE-Phrase,268,142467,145380,2913,559,0.283,-1417,-2354
141050,143026,1976,0,GE-Phase,stroke,139895,141167,1272,117,0.059,1155,1859
141050,143026,1976,0,GE-Phase,stroke,141167,142045,878,878,0.444,-117,981
141050,143026,1976,0,GE-Phase,hold,142045,142467,422,422,0.214,-995,559
141050,143026,1976,0,GE-Phase,preparation,142467,143704,1237,559,0.283,-1417,-678
149300,150432,1132,0,GE-Phrase,270,147413,149490,2077,190,0.168,1887,942
149300,150432,1132,0,GE-Phrase,271,149490,151803,2313,942,0.832,-190,-1371
149300,150432,1132,0,GE-Phase,hold,148742,149490,748,190,0.168,558,942
149300,150432,1132,0,GE-Phase,preparation,149490,150125,635,635,0.561,-190,307
149300,150432,1132,0,GE-Phase,stroke,150125,151219,1094,307,0.271,-825,-787
9631,12030,2399,0,GE-Phrase,205,9104,11228,2124,1597,0.666,527,802
9631,12030,2399,0,GE-Phrase,206,11228,13092,1864,802,0.334,-1597,-1062
9631,12030,2399,0,GE-Phase,preparation,9104,10503,1399,872,0.363,527,1527
9631,12030,2399,0,GE-Phase,stroke,10503,10898,395,395,0.165,-872,1132
9631,12030,2399,0,GE-Phase,retraction,10898,11228,330,330,0.138,-1267,802
9631,12030,2399,0,GE-Phase,preparation,11228,11616,388,388,0.162,-1597,414
9631,12030,2399,0,GE-Phase,stroke,11616,12216,600,414,0.173,-1985,-186
12030,13506,1476,0,GE-Phrase,206,11228,13092,1864,1062,0.72,802,414
12030,13506,1476,0,GE-Phrase,207,13092,14908,1816,414,0.28,-1062,-1402
12030,13506,1476,0,GE-Phase,stroke,11616,12216,600,186,0.126,414,1290
12030,13506,1476,0,GE-Phase,retraction,12216,13092,876,876,0.593,-186,414
12030,13506,1476,0,GE-Phase,preparation,13092,13708,616,414,0.28,-1062,-202
25187,26370,1183,0,GE-Phrase,212,23414,26572,3158,1183,1.0,1773,-202
25187,26370,1183,0,GE-Phase,stroke,23890,25250,1360,63,0.053,1297,1120
25187,26370,1183,0,GE-Phase,retraction,25250,26572,1322,1120,0.947,-63,-202
26370,27200,830,0,GE-Phrase,212,23414,26572,3158,202,0.243,2956,628
26370,27200,830,0,GE-Phrase,213,26572,28865,2293,628,0.757,-202,-1665
26370,27200,830,0,GE-Phase,retraction,25250,26572,1322,202,0.243,1120,628
26370,27200,830,0,GE-Phase,preparation,26572,27305,733,628,0.757,-202,-105
27200,28048,848,0,GE-Phrase,213,26572,28865,2293,848,1.0,628,-817
27200,28048,848,0,GE-Phase,preparation,26572,27305,733,105,0.124,628,743
27200,28048,848,0,GE-Phase,stroke,27305,28425,1120,743,0.876,-105,-377
28048,29000,952,0,GE-Phrase,213,26572,28865,2293,817,0.858,1476,135
28048,29000,952,0,GE-Phrase,214,28865,30267,1402,135,0.142,-817,-1267
28048,29000,952,0,GE-Phase,stroke,27305,28425,1120,377,0.396,743,575
28048,29000,952,0,GE-Phase,retraction,28425,28865,440,440,0.462,-377,135
28048,29000,952,0,GE-Phase,preparation,28865,29147,282,135,0.142,-817,-147
69250,70269,1019,0,GE-Phrase,233,69124,70078,954,828,0.813,126,191
69250,70269,1019,0,GE-Phrase,234,70078,71694,1616,191,0.187,-828,-1425
69250,70269,1019,0,GE-Phase,preparation,69124,69404,280,154,0.151,126,865
69250,70269,1019,0,GE-Phase,stroke,69404,70078,674,674,0.661,-154,191
69250,70269,1019,0,GE-Phase,preparation,70078,70626,548,191,0.187,-828,-357
123300,123678,378,0,GE-Phrase,261,123162,126484,3322,378,1.0,138,-2806
123300,123678,378,0,GE-Phase,preparation,123162,123543,381,243,0.643,138,135
123300,123678,378,0,GE-Phase,stroke,123543,125275,1732,135,0.357,-243,-1597
123678,123884,206,0,GE-Phrase,261,123162,126484,3322,206,1.0,516,-2600
123678,123884,206,0,GE-Phase,stroke,123543,125275,1732,206,1.0,135,-1391
123884,124760,876,0,GE-Phrase,261,123162,126484,3322,876,1.0,722,-1724
123884,124760,876,0,GE-Phase,stroke,123543,125275,1732,876,1.0,341,-515
124760,125900,1140,0,GE-Phrase,261,123162,126484,3322,1140,1.0,1598,-584
124760,125900,1140,0,GE-Phase,stroke,123543,125275,1732,515,0.452,1217,625
124760,125900,1140,0,GE-Phase,retraction,125275,126484,1209,625,0.548,-515,-584
125900,127426,1526,0,GE-Phrase,261,123162,126484,3322,584,0.383,2738,942
125900,127426,1526,0,GE-Phase,retraction,125275,126484,1209,584,0.383,625,942
131400,132715,1315,0,GE-Phrase,262,128821,132202,3381,802,0.61,2579,513
131400,132715,1315,0,GE-Phrase,263,132202,134077,1875,513,0.39,-802,-1362
131400,132715,1315,0,GE-Phase,stroke,131270,132202,932,802,0.61,130,513
131400,132715,1315,0,GE-Phase,preparation,132202,132712,510,510,0.388,-802,3
131400,132715,1315,0,GE-Phase,stroke,132712,133300,588,3,0.002,-1312,-585
132715,134762,2047,0,GE-Phrase,263,132202,134077,1875,1362,0.665,513,685
132715,134762,2047,0,GE-Phrase,264,134077,135782,1705,685,0.335,-1362,-1020
132715,134762,2047,0,GE-Phase,stroke,132712,133300,588,585,0.286,3,1462
132715,134762,2047,0,GE-Phase,retraction,133300,134077,777,777,0.38,-585,685
132715,134762,2047,0,GE-Phase,preparation,134077,134927,850,685,0.335,-1362,-165
136371,137155,784,0,GE-Phrase,265,135782,138288,2506,784,1.0,589,-1133
136371,137155,784,0,GE-Phase,preparation,135782,136557,775,186,0.237,589,598
136371,137155,784,0,GE-Phase,stroke,136557,137175,618,598,0.763,-186,-20
137155,137394,239,0,GE-Phrase,265,135782,138288,2506,239,1.0,1373,-894
137155,137394,239,0,GE-Phase,stroke,136557,137175,618,20,0.084,598,219
137155,137394,239,0,GE-Phase,retraction,137175,138288,1113,219,0.916,-20,-894
141050,143026,1976,0,GE-Phrase,266,138288,141167,2879,117,0.059,2762,1859
141050,143026,1976,0,GE-Phrase,267,141167,142467,1300,1300,0.658,-117,559
141050,143026,1976,0,GE-Phrase,268,142467,145380,2913,559,0.283,-1417,-2354
141050,143026,1976,0,GE-Phase,stroke,139895,141167,1272,117,0.059,1155,1859
141050,143026,1976,0,GE-Phase,stroke,141167,142045,878,878,0.444,-117,981
141050,143026,1976,0,GE-Phase,hold,142045,142467,422,422,0.214,-995,559
141050,143026,1976,0,GE-Phase,preparation,142467,143704,1237,559,0.283,-1417,-678
149300,150432,1132,0,GE-Phrase,270,147413,149490,2077,190,0.168,1887,942
149300,150432,1132,0,GE-Phrase,271,149490,151803,2313,942,0.832,-190,-1371
149300,150432,1132,0,GE-Phase,hold,148742,149490,748,190,0.168,558,942
149300,150432,1132,0,GE-Phase,preparation,149490,150125,635,635,0.561,-190,307
149300,150432,1132,0,GE-Phase,stroke,150125,151219,1094,307,0.271,-825,-787
9631,12030,2399,0,GE-Phrase,205,9104,11228,2124,1597,0.666,527,802
9631,12030,2399,0,GE-Phrase,206,11228,13092,1864,802,0.334,-1597,-1062
9631,12030,2399,0,GE-Phase,preparation,9104,10503,1399,872,0.363,527,1527
9631,12030,2399,0,GE-Phase,stroke,10503,10898,395,395,0.165,-872,1132
9631,12030,2399,0,GE-Phase,retraction,10898,11228,330,330,0.138,-1267,802
9631,12030,2399,0,GE-Phase,preparation,11228,11616,388,388,0.162,-1597,414
9631,12030,2399,0,GE-Phase,stroke,11616,12216,600,414,0.173,-1985,-186
12030,13506,1476,0,GE-Phrase,206,11228,13092,1864,1062,0.72,802,414
12030,13506,1476,0,GE-Phrase,207,13092,14908,1816,414,0.28,-1062,-1402
12030,13506,1476,0,GE-Phase,stroke,11616,12216,600,186,0.126,414,1290
12030,13506,1476,0,GE-Phase,retraction,12216,13092,876,876,0.593,-186,414
12030,13506,1476,0,GE-Phase,preparation,13092,13708,616,414,0.28,-1062,-202
25187,26370,1183,0,GE-Phrase,212,23414,26572,3158,1183,1.0,1773,-202
25187,26370,1183,0,GE-Phase,stroke,23890,25250,1360,63,0.053,1297,1120
25187,26370,1183,0,GE-Phase,retraction,25250,26572,1322,1120,0.947,-63,-202
26370,27200,830,0,GE-Phrase,212,23414,26572,3158,202,0.243,2956,628
26370,27200,830,0,GE-Phrase,213,26572,28865,2293,628,0.757,-202,-1665
26370,27200,830,0,GE-Phase,retraction,25250,26572,1322,202,0.243,1120,628
26370,27200,830,0,GE-Phase,preparation,26572,27305,733,628,0.757,-202,-105
27200,28048,848,0,GE-Phrase,213,26572,28865,2293,848,1.0,628,-817
27200,28048,848,0,GE-Phase,preparation,26572,27305,733,105,0.124,628,743
27200,28048,848,0,GE-Phase,stroke,27305,28425,1120,743,0.876,-105,-377
28048,29000,952,0,GE-Phrase,213,26572,28865,2293,817,0.858,1476,135
28048,29000,952,0,GE-Phrase,214,28865,30267,1402,135,0.142,-817,-1267
28048,29000,952,0,GE-Phase,stroke,27305,28425,1120,377,0.396,743,575
28048,29000,952,0,GE-Phase,retraction,28425,28865,440,440,0.462,-377,135
28048,29000,952,0,GE-Phase,preparation,28865,29147,282,135,0.142,-817,-147
69250,70269,1019,0,GE-Phrase,233,69124,70078,954,828,0.813,126,191
69250,70269,1019,0,GE-Phrase,234,70078,71694,1616,191,0.187,-828,-1425
69250,70269,1019,0,GE-Phase,preparation,69124,69404,280,154,0.151,126,865
69250,70269,1019,0,GE-Phase,stroke,69404,70078,674,674,0.661,-154,191
69250,70269,1019,0,GE-Phase,preparation,70078,70626,548,191,0.187,-828,-357
123300,123678,378,0,GE-Phrase,261,123162,126484,3322,378,1.0,138,-2806
123300,123678,378,0,GE-Phase,preparation,123162,123543,381,243,0.643,138,135
123300,123678,378,0,GE-Phase,stroke,123543,125275,1732,135,0.357,-243,-1597
123678,123884,206,0,GE-Phrase,261,123162,126484,3322,206,1.0,516,-2600
123678,123884,206,0,GE-Phase,stroke,123543,125275,1732,206,1.0,135,-1391
123884,124760,876,0,GE-Phrase,261,123162,126484,3322,876,1.0,722,-1724
123884,124760,876,0,GE-Phase,stroke,123543,125275,1732,876,1.0,341,-515
124760,125900,1140,0,GE-Phrase,261,123162,126484,3322,1140,1.0,1598,-584
124760,125900,1140,0,GE-Phase,stroke,123543,125275,1732,515,0.452,1217,625
124760,125900,1140,0,GE-Phase,retraction,125275,126484,1209,625,0.548,-515,-584
125900,127426,1526,0,GE-Phrase,261,123162,126484,3322,584,0.383,2738,942
125900,127426,1526,0,GE-Phase,retraction,125275,126484,1209,584,0.383,625,942
131400,132715,1315,0,GE-Phrase,262,128821,132202,3381,802,0.61,2579,513
131400,132715,1315,0,GE-Phrase,263,132202,134077,1875,513,0.39,-802,-1362
131400,132715,1315,0,GE-Phase,stroke,131270,132202,932,802,0.61,130,513
131400,132715,1315,0,GE-Phase,preparation,132202,132712,510,510,0.388,-802,3
131400,132715,1315,0,GE-Phase,stroke,132712,133300,588,3,0.002,-1312,-585
132715,134762,2047,0,GE-Phrase,263,132202,134077,1875,1362,0.665,513,685
132715,134762,2047,0,GE-Phrase,264,134077,135782,1705,685,0.335,-1362,-1020
132715,134762,2047,0,GE-Phase,stroke,132712,133300,588,585,0.286,3,1462
132715,134762,2047,0,GE-Phase,retraction,133300,134077,777,777,0.38,-585,685
132715,134762,2047,0,GE-Phase,preparation,134077,134927,850,685,0.335,-1362,-165
136371,137155,784,0,GE-Phrase,265,135782,138288,2506,784,1.0,589,-1133
136371,137155,784,0,GE-Phase,preparation,135782,136557,775,186,0.237,589,598
136371,137155,784,0,GE-Phase,stroke,136557,137175,618,598,0.763,-186,-20
137155,137394,239,0,GE-Phrase,265,135782,138288,2506,239,1.0,1373,-894
137155,137394,239,0,GE-Phase,stroke,136557,137175,618,20,0.084,598,219
137155,137394,239,0,GE-Phase,retraction,137175,138288,1113,219,0.916,-20,-894
141050,143026,1976,0,GE-Phrase,266,138288,141167,2879,117,0.059,2762,1859
141050,143026,1976,0,GE-Phrase,267,141167,142467,1300,1300,0.658,-117,559
141050,143026,1976,0,GE-Phrase,268,142467,145380,2913,559,0.283,-1417,-2354
141050,143026,1976,0,GE-Phase,stroke,139895,141167,1272,117,0.059,1155,1859
141050,143026,1976,0,GE-Phase,stroke,141167,142045,878,878,0.444,-117,981
141050,143026,1976,0,GE-Phase,hold,142045,142467,422,422,0.214,-995,559
141050,143026,1976,0,GE-Phase,preparation,142467,143704,1237,559,0.283,-1417,-678
149300,150432,1132,0,GE-Phrase,270,147413,149490,2077,190,0.168,1887,942
149300,150432,1132,0,GE-Phrase,271,149490,151803,2313,942,0.832,-190,-1371
149300,150432,1132,0,GE-Phase,hold,148742,149490,748,190,0.168,558,942
149300,150432,1132,0,GE-Phase,preparation,149490,150125,635,635,0.561,-190,307
149300,150432,1132,0,GE-Phase,stroke,150125,151219,1094,307,0.271,-825,-787
9631,12030,2399,0,GE-Phrase,205,9104,11228,2124,1597,0.666,527,802
9631,12030,2399,0,GE-Phrase,206,11228,13092,1864,802,0.334,-1597,-1062
9631,12030,2399,0,GE-Phase,preparation,9104,10503,1399,872,0.363,527,1527
9631,12030,2399,0,GE-Phase,stroke,10503,10898,395,395,0.165,-872,1132
9631,12030,2399,0,GE-Phase,retraction,10898,11228,330,330,0.138,-1267,802
9631,12030,2399,0,GE-Phase,preparation,11228,11616,388,388,0.162,-1597,414
9631,12030,2399,0,GE-Phase,stroke,11616,12216,600,414,0.173,-1985,-186
12030,13506,1476,0,GE-Phrase,206,11228,13092,1864,1062,0.72,802,414
12030,13506,1476,0,GE-Phrase,207,13092,14908,1816,414,0.28,-1062,-1402
12030,13506,1476,0,GE-Phase,stroke,11616,12216,600,186,0.126,414,1290
12030,13506,1476,0,GE-Phase,retraction,12216,13092,876,876,0.593,-186,414
12030,13506,1476,0,GE-Phase,preparation,13092,13708,616,414,0.28,-1062,-202
25187,26370,1183,0,GE-Phrase,212,23414,26572,3158,1183,1.0,1773,-202
25187,26370,1183,0,GE-Phase,stroke,23890,25250,1360,63,0.053,1297,1120
25187,26370,1183,0,GE-Phase,retraction,25250,26572,1322,1120,0.947,-63,-202
26370,27200,830,0,GE-Phrase,212,23414,26572,3158,202,0.243,2956,628
26370,27200,830,0,GE-Phrase,213,26572,28865,2293,628,0.757,-202,-1665
26370,27200,830,0,GE-Phase,retraction,25250,26572,1322,202,0.243,1120,628
26370,27200,830,0,GE-Phase,preparation,26572,27305,733,628,0.757,-202,-105
27200,28048,848,0,GE-Phrase,213,26572,28865,2293,848,1.0,628,-817
27200,28048,848,0,GE-Phase,preparation,26572,27305,733,105,0.124,628,743
27200,28048,848,0,GE-Phase,stroke,27305,28425,1120,743,0.876,-105,-377
28048,29000,952,0,GE-Phrase,213,26572,28865,2293,817,0.858,1476,135
28048,29000,952,0,GE-Phrase,214,28865,30267,1402,135,0.142,-817,-1267
28048,29000,952,0,GE-Phase,stroke,27305,28425,1120,377,0.396,743,575
28048,29000,952,0,GE-Phase,retraction,28425,28865,440,440,0.462,-377,135
28048,29000,952,0,GE-Phase,preparation,28865,29147,282,135,0.142,-817,-147
69250,70269,1019,0,GE-Phrase,233,69124,70078,954,828,0.813,126,191
69250,70269,1019,0,GE-Phrase,234,70078,71694,1616,191,0.187,-828,-1425
69250,70269,1019,0,GE-Phase,preparation,69124,69404,280,154,0.151,126,865
69250,70269,1019,0,GE-Phase,stroke,69404,70078,674,674,0.661,-154,191
69250,70269,1019,0,GE-Phase,preparation,70078,70626,548,191,0.187,-828,-357
123300,123678,378,0,GE-Phrase,261,123162,126484,3322,378,1.0,138,-2806
123300,123678,378,0,GE-Phase,preparation,123162,123543,381,243,0.643,138,135
123300,123678,378,0,GE-Phase,stroke,123543,125275,1732,135,0.357,-243,-1597
123678,123884,206,0,GE-Phrase,261,123162,126484,3322,206,1.0,516,-2600
123678,123884,206,0,GE-Phase,stroke,123543,125275,1732,206,1.0,135,-1391
123884,124760,876,0,GE-Phrase,261,123162,126484,3322,876,1.0,722,-1724
123884,124760,876,0,GE-Phase,stroke,123543,125275,1732,876,1.0,341,-515
124760,125900,1140,0,GE-Phrase,261,123162,126484,3322,1140,1.0,1598,-584
124760,125900,1140,0,GE-Phase,stroke,123543,125275,1732,515,0.452,1217,625
124760,125900,1140,0,GE-Phase,retraction,125275,126484,1209,625,0.548,-515,-584
125900,127426,1526,0,GE-Phrase,261,123162,126484,3322,584,0.383,2738,942
125900,127426,1526,0,GE-Phase,retraction,125275,126484,1209,584,0.383,625,942
131400,132715,1315,0,GE-Phrase,262,128821,132202,3381,802,0.61,2579,513
131400,132715,1315,0,GE-Phrase,263,132202,134077,1875,513,0.39,-802,-1362
131400,132715,1315,0,GE-Phase,stroke,131270,132202,932,802,0.61,130,513
131400,132715,1315,0,GE-Phase,preparation,132202,132712,510,510,0.388,-802,3
131400,132715,1315,0,GE-Phase,stroke,132712,133300,588,3,0.002,-1312,-585
132715,134762,2047,0,GE-Phrase,263,132202,134077,1875,1362,0.665,513,685
132715,134762,2047,0,GE-Phrase,264,134077,135782,1705,685,0.335,-1362,-1020
132715,134762,2047,0,GE-Phase,stroke,132712,133300,588,585,0.286,3,1462
132715,134762,2047,0,GE-Phase,retraction,133300,134077,777,777,0.38,-585,685
132715,134762,2047,0,GE-Phase,preparation,134077,134927,850,685,0.335,-1362,-165
136371,137155,784,0,GE-Phrase,265,135782,138288,2506,784,1.0,589,-1133
136371,137155,784,0,GE-Phase,preparation,135782,136557,775,186,0.237,589,598
136371,137155,784,0,GE-Phase,stroke,136557,137175,618,598,0.763,-186,-20
137155,137394,239,0,GE-Phrase,265,135782,138288,2506,239,1.0,1373,-894
137155,137394,239,0,GE-Phase,stroke,136557,137175,618,20,0.084,598,219
137155,137394,239,0,GE-Phase,retraction,137175,138288,1113,219,0.916,-20,-894
141050,143026,1976,0,GE-Phrase,266,138288,141167,2879,117,0.059,2762,1859
141050,143026,1976,0,GE-Phrase,267,141167,142467,1300,1300,0.658,-117,559
141050,143026,1976,0,GE-Phrase,268,142467,145380,2913,559,0.283,-1417,-2354
141050,143026,1976,0,GE-Phase,stroke,139895,141167,1272,117,0.059,1155,1859
141050,143026,1976,0,GE-Phase,stroke,141167,142045,878,878,0.444,-117,981
141050,143026,1976,0,GE-Phase,hold,142045,142467,422,422,0.214,-995,559
141050,143026,1976,0,GE-Phase,preparation,142467,143704,1237,559,0.283,-1417,-678
149300,150432,1132,0,GE-Phrase,270,147413,149490,2077,190,0.168,1887,942
149300,150432,1132,0,GE-Phrase,271,149490,151803,2313,942,0.832,-190,-1371
149300,150432,1132,0,GE-Phase,hold,148742,149490,748,190,0.168,558,942
149300,150432,1132,0,GE-Phase,preparation,149490,150125,635,635,0.561,-190,307
149300,150432,1132,0,GE-Phase,stroke,150125,151219,1094,307,0.271,-825,-787
9631,12030,2399,0,GE-Phrase,205,9104,11228,2124,1597,0.666,527,802
9631,12030,2399,0,GE-Phrase,206,11228,13092,1864,802,0.334,-1597,-1062
9631,12030,2399,0,GE-Phase,preparation,9104,10503,1399,872,0.363,527,1527
9631,12030,2399,0,GE-Phase,stroke,10503,10898,395,395,0.165,-872,1132
9631,12030,2399,0,GE-Phase,retraction,10898,11228,330,330,0.138,-1267,802
9631,12030,2399,0,GE-Phase,preparation,11228,11616,388,388,0.162,-1597,414
9631,12030,2399,0,GE-Phase,stroke,11616,12216,600,414,0.173,-1985,-186
12030,13506,1476,0,GE-Phrase,206,11228,13092,1864,1062,0.72,802,414
12030,13506,1476,0,GE-Phrase,207,13092,14908,1816,414,0.28,-1062,-1402
12030,13506,1476,0,GE-Phase,stroke,11616,12216,600,186,0.126,414,1290
12030,13506,1476,0,GE-Phase,retraction,12216,13092,876,876,0.593,-186,414
12030,13506,1476,0,GE-Phase,preparation,13092,13708,616,414,0.28,-1062,-202
25187,26370,1183,0,GE-Phrase,212,23414,26572,3158,1183,1.0,1773,-202
25187,26370,1183,0,GE-Phase,stroke,23890,25250,1360,63,0.053,1297,1120
25187,26370,1183,0,GE-Phase,retraction,25250,26572,1322,1120,0.947,-63,-202
26370,27200,830,0,GE-Phrase,212,23414,26572,3158,202,0.243,2956,628
26370,27200,830,0,GE-Phrase,213,26572,28865,2293,628,0.757,-202,-1665
26370,27200,830,0,GE-Phase,retraction,25250,26572,1322,202,0.243,1120,628
26370,27200,830,0,GE-Phase,preparation,26572,27305,733,628,0.757,-202,-105
27200,28048,848,0,GE-Phrase,213,26572,28865,2293,848,1.0,628,-817
27200,28048,848,0,GE-Phase,preparation,26572,27305,733,105,0.124,628,743
27200,28048,848,0,GE-Phase,stroke,27305,28425,1120,743,0.876,-105,-377
28048,29000,952,0,GE-Phrase,213,26572,28865,2293,817,0.858,1476,135
28048,29000,952,0,GE-Phrase,214,28865,30267,1402,135,0.142,-817,-1267
28048,29000,952,0,GE-Phase,stroke,27305,28425,1120,377,0.396,743,575
28048,29000,952,0,GE-Phase,retraction,28425,28865,440,440,0.462,-377,135
28048,29000,952,0,GE-Phase,preparation,28865,29147,282,135,0.142,-817,-147
69250,70269,1019,0,GE-Phrase,233,69124,70078,954,828,0.813,126,191
69250,70269,1019,0,GE-Phrase,234,70078,71694,1616,191,0.187,-828,-1425
69250,70269,1019,0,GE-Phase,preparation,69124,69404,280,154,0.151,126,865
69250,70269,1019,0,GE-Phase,stroke,69404,70078,674,674,0.661,-154,191
69250,70269,1019,0,GE-Phase,preparation,70078,70626,548,191,0.187,-828,-357
123300,123678,378,0,GE-Phrase,261,123162,126484,3322,378,1.0,138,-2806
123300,123678,378,0,GE-Phase,preparation,123162,123543,381,243,0.643,138,135
123300,123678,378,0,GE-Phase,stroke,123543,125275,1732,135,0.357,-243,-1597
123678,123884,206,0,GE-Phrase,261,123162,126484,3322,206,1.0,516,-2600
123678,123884,206,0,GE-Phase,stroke,123543,125275,1732,206,1.0,135,-1391
123884,124760,876,0,GE-Phrase,261,123162,126484,3322,876,1.0,722,-1724
123884,124760,876,0,GE-Phase,stroke,123543,125275,1732,876,1.0,341,-515
124760,125900,1140,0,GE-Phrase,261,123162,126484,3322,1140,1.0,1598,-584
124760,125900,1140,0,GE-Phase,stroke,123543,125275,1732,515,0.452,1217,625
124760,125900,1140,0,GE-Phase,retraction,125275,126484,1209,625,0.548,-515,-584
125900,127426,1526,0,GE-Phrase,261,123162,126484,3322,584,0.383,2738,942
125900,127426,1526,0,GE-Phase,retraction,125275,126484,1209,584,0.383,625,942
131400,132715,1315,0,GE-Phrase,262,128821,132202,3381,802,0.61,2579,513
131400,132715,1315,0,GE-Phrase,263,132202,134077,1875,513,0.39,-802,-1362
131400,132715,1315,0,GE-Phase,stroke,131270,132202,932,802,0.61,130,513
131400,132715,1315,0,GE-Phase,preparation,132202,132712,510,510,0.388,-802,3
131400,132715,1315,0,GE-Phase,stroke,132712,133300,588,3,0.002,-1312,-585
132715,134762,2047,0,GE-Phrase,263,132202,134077,1875,1362,0.665,513,685
132715,134762,2047,0,GE-Phrase,264,134077,135782,1705,685,0.335,-1362,-1020
132715,134762,2047,0,GE-Phase,stroke,132712,133300,588,585,0.286,3,1462
132715,134762,2047,0,GE-Phase,retraction,133300,134077,777,777,0.38,-585,685
132715,134762,2047,0,GE-Phase,preparation,134077,134927,850,685,0.335,-1362,-165
136371,137155,784,0,GE-Phrase,265,135782,138288,2506,784,1.0,589,-1133
136371,137155,784,0,GE-Phase,preparation,135782,136557,775,186,0.237,589,598
136371,137155,784,0,GE-Phase,stroke,136557,137175,618,598,0.763,-186,-20
137155,137394,239,0,GE-Phrase,265,135782,138288,2506,239,1.0,1373,-894
137155,137394,239,0,GE-Phase,stroke,136557,137175,618,20,0.084,598,219
137155,137394,239,0,GE-Phase,retraction,137175,138288,1113,219,0.916,-20,-894
141050,143026,1976,0,GE-Phrase,266,138288,141167,2879,117,0.059,2762,1859
141050,143026,1976,0,GE-Phrase,267,141167,142467,1300,1300,0.658,-117,559
141050,143026,1976,0,GE-Phrase,268,142467,145380,2913,559,0.283,-1417,-2354
141050,143026,1976,0,GE-Phase,stroke,139895,141167,1272,117,0.059,1155,1859
141050,143026,1976,0,GE-Phase,stroke,141167,142045,878,878,0.444,-117,981
141050,143026,1976,0,GE-Phase,hold,142045,142467,422,422,0.214,-995,559
141050,143026,1976,0,GE-Phase,preparation,142467,143704,1237,559,0.283,-1417,-678
149300,150432,1132,0,GE-Phrase,270,147413,149490,2077,190,0.168,1887,942
149300,150432,1132,0,GE-Phrase,271,149490,151803,2313,942,0.832,-190,-1371
149300,150432,1132,0,GE-Phase,hold,148742,149490,748,190,0.168,558,942
149300,150432,1132,0,GE-Phase,preparation,149490,150125,635,635,0.561,-190,307
149300,150432,1132,0,GE-Phase,stroke,150125,151219,1094,307,0.271,-825,-787
9631,12030,2399,0,GE-Phrase,205,9104,11228,2124,1597,0.666,527,802
9631,12030,2399,0,GE-Phrase,206,11228,13092,1864,802,0.334,-1597,-1062
9631,12030,2399,0,GE-Phase,preparation,9104,10503,1399,872,0.363,527,1527
9631,12030,2399,0,GE-Phase,stroke,10503,10898,395,395,0.165,-872,1132
9631,12030,2399,0,GE-Phase,retraction,10898,11228,330,330,0.138,-1267,802
9631,12030,2399,0,GE-Phase,preparation,11228,11616,388,388,0.162,-1597,414
9631,12030,2399,0,GE-Phase,stroke,11616,12216,600,414,0.173,-1985,-186
12030,13506,1476,0,GE-Phrase,206,11228,13092,1864,1062,0.72,802,414
12030,13506,1476,0,GE-Phrase,207,13092,14908,1816,414,0.28,-1062,-1402
12030,13506,1476,0,GE-Phase,stroke,11616,12216,600,186,0.126,414,1290
12030,13506,1476,0,GE-Phase,retraction,12216,13092,876,876,0.593,-186,414
12030,13506,1476,0,GE-Phase,preparation,13092,13708,616,414,0.28,-1062,-202
25187,26370,1183,0,GE-Phrase,212,23414,26572,3158,1183,1.0,1773,-202
25187,26370,1183,0,GE-Phase,stroke,23890,25250,1360,63,0.053,1297,1120
25187,26370,1183,0,GE-Phase,retraction,25250,26572,1322,1120,0.947,-63,-202
26370,27200,830,0,GE-Phrase,212,23414,26572,3158,202,0.243,2956,628
26370,27200,830,0,GE-Phrase,213,26572,28865,2293,628,0.757,-202,-1665
26370,27200,830,0,GE-Phase,retraction,25250,26572,1322,202,0.243,1120,628
26370,27200,830,0,GE-Phase,preparation,26572,27305,733,628,0.757,-202,-105
27200,28048,848,0,GE-Phrase,213,26572,28865,2293,848,1.0,628,-817
27200,28048,848,0,GE-Phase,preparation,26572,27305,733,105,0.124,628,743
27200,28048,848,0,GE-Phase,stroke,27305,28425,1120,743,0.876,-105,-377
28048,29000,952,0,GE-Phrase,213,26572,28865,2293,817,0.858,1476,135
28048,29000,952,0,GE-Phrase,214,28865,30267,1402,135,0.142,-817,-1267
28048,29000,952,0,GE-Phase,stroke,27305,28425,1120,377,0.396,743,575
28048,29000,952,0,GE-Phase,retraction,28425,28865,440,440,0.462,-377,135
28048,29000,952,0,GE-Phase,preparation,28865,29147,282,135,0.142,-817,-147
69250,70269,1019,0,GE-Phrase,233,69124,70078,954,828,0.813,126,191
69250,70269,1019,0,GE-Phrase,234,70078,71694,1616,191,0.187,-828,-1425
69250,70269,1019,0,GE-Phase,preparation,69124,69404,280,154,0.151,126,865
69250,70269,1019,0,GE-Phase,stroke,69404,70078,674,674,0.661,-154,191
69250,70269,1019,0,GE-Phase,preparation,70078,70626,548,191,0.187,-828,-357
123300,123678,378,0,GE-Phrase,261,123162,126484,3322,378,1.0,138,-2806
123300,123678,378,0,GE-Phase,preparation,123162,123543,381,243,0.643,138,135
123300,123678,378,0,GE-Phase,stroke,123543,125275,1732,135,0.357,-243,-1597
123678,123884,206,0,GE-Phrase,261,123162,126484,3322,206,1.0,516,-2600
123678,123884,206,0,GE-Phase,stroke,123543,125275,1732,206,1.0,135,-1391
123884,124760,876,0,GE-Phrase,261,123162,126484,3322,876,1.0,722,-1724
123884,124760,876,0,GE-Phase,stroke,123543,125275,1732,876,1.0,341,-515
124760,125900,1140,0,GE-Phrase,261,123162,126484,3322,1140,1.0,1598,-584
124760,125900,1140,0,GE-Phase,stroke,123543,125275,1732,515,0.452,1217,625
124760,125900,1140,0,GE-Phase,retraction,125275,126484,1209,625,0.548,-515,-584
125900,127426,1526,0,GE-Phrase,261,123162,126484,3322,584,0.383,2738,942
125900,127426,1526,0,GE-Phase,retraction,125275,126484,1209,584,0.383,625,942
131400,132715,1315,0,GE-Phrase,262,128821,132202,3381,802,0.61,2579,513
131400,132715,1315,0,GE-Phrase,263,132202,134077,1875,513,0.39,-802,-1362
131400,132715,1315,0,GE-Phase,stroke,131270,132202,932,802,0.61,130,513
131400,132715,1315,0,GE-Phase,preparation,132202,132712,510,510,0.388,-802,3
131400,132715,1315,0,GE-Phase,stroke,132712,133300,588,3,0.002,-1312,-585
132715,134762,2047,0,GE-Phrase,263,132202,134077,1875,1362,0.665,513,685
132715,134762,2047,0,GE-Phrase,264,134077,135782,1705,685,0.335,-1362,-1020
132715,134762,2047,0,GE-Phase,stroke,132712,133300,588,585,0.286,3,1462
132715,134762,2047,0,GE-Phase,retraction,133300,134077,777,777,0.38,-585,685
132715,134762,2047,0,GE-Phase,preparation,134077,134927,850,685,0.335,-1362,-165
136371,137155,784,0,GE-Phrase,265,135782,138288,2506,784,1.0,589,-1133
136371,137155,784,0,GE-Phase,preparation,135782,136557,775,186,0.237,589,598
136371,137155,784,0,GE-Phase,stroke,136557,137175,618,598,0.763,-186,-20
137155,137394,239,0,GE-Phrase,265,135782,138288,2506,239,1.0,1373,-894
137155,137394,239,0,GE-Phase,stroke,136557,137175,618,20,0.084,598,219
137155,137394,239,0,GE-Phase,retraction,137175,138288,1113,219,0.916,-20,-894
141050,143026,1976,0,GE-Phrase,266,138288,141167,2879,117,0.059,2762,1859
141050,143026,1976,0,GE-Phrase,267,141167,142467,1300,1300,0.658,-117,559
141050,143026,1976,0,GE-Phrase,268,142467,145380,2913,559,0.283,-1417,-2354
141050,143026,1976,0,GE-Phase,stroke,139895,141167,1272,117,0.059,1155,1859
141050,143026,1976,0,GE-Phase,stroke,141167,142045,878,878,0.444,-117,981
141050,143026,1976,0,GE-Phase,hold,142045,142467,422,422,0.214,-995,559
141050,143026,1976,0,GE-Phase,preparation,142467,143704,1237,559,0.283,-1417,-678
149300,150432,1132,0,GE-Phrase,270,147413,149490,2077,190,0.168,1887,942
149300,150432,1132,0,GE-Phrase,271,149490,151803,2313,942,0.832,-190,-1371
149300,150432,1132,0,GE-Phase,hold,148742,149490,748,190,0.168,558,942
149300,150432,1132,0,GE-Phase,preparation,149490,150125,635,635,0.561,-190,307
149300,150432,1132,0,GE-Phase,stroke,150125,151219,1094,307,0.271,-825,-787
9631,12030,2399,0,GE-Phrase,205,9104,11228,2124,1597,0.666,527,802
9631,12030,2399,0,GE-Phrase,206,11228,13092,1864,802,0.334,-1597,-1062
9631,12030,2399,0,GE-Phase,preparation,9104,10503,1399,872,0.363,527,1527
9631,12030,2399,0,GE-Phase,stroke,10503,10898,395,395,0.165,-872,1132
9631,12030,2399,0,GE-Phase,retraction,10898,11228,330,330,0.138,-1267,802
9631,12030,2399,0,GE-Phase,preparation,11228,11616,388,388,0.162,-1597,414
9631,12030,2399,0,GE-Phase,stroke,11616,12216,600,414,0.173,-1985,-186
12030,13506,1476,0,GE-Phrase,206,11228,13092,1864,1062,0.72,802,414
12030,13506,1476,0,GE-Phrase,207,13092,14908,1816,414,0.28,-1062,-1402
12030,13506,1476,0,GE-Phase,stroke,11616,12216,600,186,0.126,414,1290
12030,13506,1476,0,GE-Phase,retraction,12216,13092,876,876,0.593,-186,414
12030,13506,1476,0,GE-Phase,preparation,13092,13708,616,414,0.28,-1062,-202
25187,26370,1183,0,GE-Phrase,212,23414,26572,3158,1183,1.0,1773,-202
25187,26370,1183,0,GE-Phase,stroke,23890,25250,1360,63,0.053,1297,1120
25187,26370,1183,0,GE-Phase,retraction,25250,26572,1322,1120,0.947,-63,-202
26370,27200,830,0,GE-Phrase,212,23414,26572,3158,202,0.243,2956,628
26370,27200,830,0,GE-Phrase,213,26572,28865,2293,628,0.757,-202,-1665
26370,27200,830,0,GE-Phase,retraction,25250,26572,1322,202,0.243,1120,628
26370,27200,830,0,GE-Phase,preparation,26572,27305,733,628,0.757,-202,-105
27200,28048,848,0,GE-Phrase,213,26572,28865,2293,848,1.0,628,-817
27200,28048,848,0,GE-Phase,preparation,26572,27305,733,105,0.124,628,743
27200,28048,848,0,GE-Phase,stroke,27305,28425,1120,743,0.876,-105,-377
28048,29000,952,0,GE-Phrase,213,26572,28865,2293,817,0.858,1476,135
28048,29000,952,0,GE-Phrase,214,28865,30267,1402,135,0.142,-817,-1267
28048,29000,952,0,GE-Phase,stroke,27305,28425,1120,377,0.396,743,575
28048,29000,952,0,GE-Phase,retraction,28425,28865,440,440,0.462,-377,135
28048,29000,952,0,GE-Phase,preparation,28865,29147,282,135,0.142,-817,-147
69250,70269,1019,0,GE-Phrase,233,69124,70078,954,828,0.813,126,191
69250,70269,1019,0,GE-Phrase,234,70078,71694,1616,191,0.187,-828,-1425
69250,70269,1019,0,GE-Phase,preparation,69124,69404,280,154,0.151,126,865
69250,70269,1019,0,GE-Phase,stroke,69404,70078,674,674,0.661,-154,191
69250,70269,1019,0,GE-Phase,preparation,70078,70626,548,191,0.187,-828,-357
123300,123678,378,0,GE-Phrase,261,123162,126484,3322,378,1.0,138,-2806
123300,123678,378,0,GE-Phase,preparation,123162,123543,381,243,0.643,138,135
123300,123678,378,0,GE-Phase,stroke,123543,125275,1732,135,0.357,-243,-1597
123678,123884,206,0,GE-Phrase,261,123162,126484,3322,206,1.0,516,-2600
123678,123884,206,0,GE-Phase,stroke,123543,125275,1732,206,1.0,135,-1391
123884,124760,876,0,GE-Phrase,261,123162,126484,3322,876,1.0,722,-1724
123884,124760,876,0,GE-Phase,stroke,123543,125275,1732,876,1.0,341,-515
124760,125900,1140,0,GE-Phrase,261,123162,126484,3322,1140,1.0,1598,-584
124760,125900,1140,0,GE-Phase,stroke,123543,125275,1732,515,0.452,1217,625
124760,125900,1140,0,GE-Phase,retraction,125275,126484,1209,625,0.548,-515,-584
125900,127426,1526,0,GE-Phrase,261,123162,126484,3322,584,0.383,2738,942
125900,127426,1526,0,GE-Phase,retraction,125275,126484,1209,584,0.383,625,942
131400,132715,1315,0,GE-Phrase,262,128821,132202,3381,802,0.61,2579,513
131400,132715,1315,0,GE-Phrase,263,132202,134077,1875,513,0.39,-802,-1362
131400,132715,1315,0,GE-Phase,stroke,131270,132202,932,802,0.61,130,513
131400,132715,1315,0,GE-Phase,preparation,132202,132712,510,510,0.388,-802,3
131400,132715,1315,0,GE-Phase,stroke,132712,133300,588,3,0.002,-1312,-585
132715,134762,2047,0,GE-Phrase,263,132202,134077,1875,1362,0.665,513,685
132715,134762,2047,0,GE-Phrase,264,134077,135782,1705,685,0.335,-1362,-1020
132715,134762,2047,0,GE-Phase,stroke,132712,133300,588,585,0.286,3,1462
132715,134762,2047,0,GE-Phase,retraction,133300,134077,777,777,0.38,-585,685
132715,134762,2047,0,GE-Phase,preparation,134077,134927,850,685,0.335,-1362,-165
136371,137155,784,0,GE-Phrase,265,135782,138288,2506,784,1.0,589,-1133
136371,137155,784,0,GE-Phase,preparation,135782,136557,775,186,0.237,589,598
136371,137155,784,0,GE-Phase,stroke,136557,137175,618,598,0.763,-186,-20
137155,137394,239,0,GE-Phrase,265,135782,138288,2506,239,1.0,1373,-894
137155,137394,239,0,GE-Phase,stroke,136557,137175,618,20,0.084,598,219
137155,137394,239,0,GE-Phase,retraction,137175,138288,1113,219,0.916,-20,-894
141050,143026,1976,0,GE-Phrase,266,138288,141167,2879,117,0.059,2762,1859
141050,143026,1976,0,GE-Phrase,267,141167,142467,1300,1300,0.658,-117,559
141050,143026,1976,0,GE-Phrase,268,142467,145380,2913,559,0.283,-1417,-2354
141050,143026,1976,0,GE-Phase,stroke,139895,141167,1272,117,0.059,1155,1859
141050,143026,1976,0,GE-Phase,stroke,141167,142045,878,878,0.444,-117,981
141050,143026,1976,0,GE-Phase,hold,142045,142467,422,422,0.214,-995,559
141050,143026,1976,0,GE-Phase,preparation,142467,143704,1237,559,0.283,-1417,-678
149300,150432,1132,0,GE-Phrase,270,147413,149490,2077,190,0.168,1887,942
149300,150432,1132,0,GE-Phrase,271,149490,151803,2313,942,0.832,-190,-1371
149300,150432,1132,0,GE-Phase,hold,148742,149490,748,190,0.168,558,942
149300,150432,1132,0,GE-Phase,preparation,149490,150125,635,635,0.561,-190,307
149300,150432,1132,0,GE-Phase,stroke,150125,151219,1094,307,0.271,-825,-787
9631,12030,2399,0,GE-Phrase,205,9104,11228,2124,1597,0.666,527,802
9631,12030,2399,0,GE-Phrase,206,11228,13092,1864,802,0.334,-1597,-1062
9631,12030,2399,0,GE-Phase,preparation,9104,10503,1399,872,0.363,527,1527
9631,12030,2399,0,GE-Phase,stroke,10503,10898,395,395,0.165,-872,1132
9631,12030,2399,0,GE-Phase,retraction,10898,11228,330,330,0.138,-1267,802
9631,12030,2399,0,GE-Phase,preparation,11228,11616,388,388,0.162,-1597,414
9631,12030,2399,0,GE-Phase,stroke,11616,12216,600,414,0.173,-1985,-186
12030,13506,1476,0,GE-Phrase,206,11228,13092,1864,1062,0.72,802,414
12030,13506,1476,0,GE-Phrase,207,13092,14908,1816,414,0.28,-1062,-1402
12030,13506,1476,0,GE-Phase,stroke,11616,12216,600,186,0.126,414,1290
12030,13506,1476,0,GE-Phase,retraction,12216,13092,876,876,0.593,-186,414
12030,13506,1476,0,GE-Phase,preparation,13092,13708,616,414,0.28,-1062,-202
25187,26370,1183,0,GE-Phrase,212,23414,26572,3158,1183,1.0,1773,-202
25187,26370,1183,0,GE-Phase,stroke,23890,25250,1360,63,0.053,1297,1120
25187,26370,1183,0,GE-Phase,retraction,25250,26572,1322,1120,0.947,-63,-202
26370,27200,830,0,GE-Phrase,212,23414,26572,3158,202,0.243,2956,628
26370,27200,830,0,GE-Phrase,213,26572,28865,2293,628,0.757,-202,-1665
26370,27200,830,0,GE-Phase,retraction,25250,26572,1322,202,0.243,1120,628
26370,27200,830,0,GE-Phase,preparation,26572,27305,733,628,0.757,-202,-105
27200,28048,848,0,GE-Phrase,213,26572,28865,2293,848,1.0,628,-817
27200,28048,848,0,GE-Phase,preparation,26572,27305,733,105,0.124,628,743
27200,28048,848,0,GE-Phase,stroke,27305,28425,1120,743,0.876,-105,-377
28048,29000,952,0,GE-Phrase,213,26572,28865,2293,817,0.858,1476,135
28048,29000,952,0,GE-Phrase,214,28865,30267,1402,135,0.142,-817,-1267
28048,29000,952,0,GE-Phase,stroke,27305,28425,1120,377,0.396,743,575
28048,29000,952,0,GE-Phase,retraction,28425,28865,440,440,0.462,-377,135
28048,29000,952,0,GE-Phase,preparation,28865,29147,282,135,0.142,-817,-147
69250,70269,1019,0,GE-Phrase,233,69124,70078,954,828,0.813,126,191
69250,70269,1019,0,GE-Phrase,234,70078,71694,1616,191,0.187,-828,-1425
69250,70269,1019,0,GE-Phase,preparation,69124,69404,280,154,0.151,126,865
69250,70269,1019,0,GE-Phase,stroke,69404,70078,674,674,0.661,-154,191
69250,70269,1019,0,GE-Phase,preparation,70078,70626,548,191,0.187,-828,-357
123300,123678,378,0,GE-Phrase,261,123162,126484,3322,378,1.0,138,-2806
123300,123678,378,0,GE-Phase,preparation,123162,123543,381,243,0.643,138,135
123300,123678,378,0,GE-Phase,stroke,123543,125275,1732,135,0.357,-243,-1597
123678,123884,206,0,GE-Phrase,261,123162,126484,3322,206,1.0,516,-2600
123678,123884,206,0,GE-Phase,stroke,123543,125275,1732,206,1.0,135,-1391
123884,124760,876,0,GE-Phrase,261,123162,126484,3322,876,1.0,722,-1724
123884,124760,876,0,GE-Phase,stroke,123543,125275,1732,876,1.0,341,-515
124760,125900,1140,0,GE-Phrase,261,123162,126484,3322,1140,1.0,1598,-584
124760,125900,1140,0,GE-Phase,stroke,123543,125275,1732,515,0.452,1217,625
124760,125900,1140,0,GE-Phase,retraction,125275,126484,1209,625,0.548,-515,-584
125900,127426,1526,0,GE-Phrase,261,123162,126484,3322,584,0.383,2738,942
125900,127426,1526,0,GE-Phase,retraction,125275,126484,1209,584,0.383,625,942
131400,132715,1315,0,GE-Phrase,262,128821,132202,3381,802,0.61,2579,513
131400,132715,1315,0,GE-Phrase,263,132202,134077,1875,513,0.39,-802,-1362
131400,132715,1315,0,GE-Phase,stroke,131270,132202,932,802,0.61,130,513
131400,132715,1315,0,GE-Phase,preparation,132202,132712,510,510,0.388,-802,3
131400,132715,1315,0,GE-Phase,stroke,132712,133300,588,3,0.002,-1312,-585
132715,134762,2047,0,GE-Phrase,263,132202,134077,1875,1362,0.665,513,685
132715,134762,2047,0,GE-Phrase,264,134077,135782,1705,685,0.335,-1362,-1020
132715,134762,2047,0,GE-Phase,stroke,132712,133300,588,585,0.286,3,1462
132715,134762,2047,0,GE-Phase,retraction,133300,134077,777,777,0.38,-585,685
132715,134762,2047,0,GE-Phase,preparation,134077,134927,850,685,0.335,-1362,-165
136371,137155,784,0,GE-Phrase,265,135782,138288,2506,784,1.0,589,-1133
136371,137155,784,0,GE-Phase,preparation,135782,136557,775,186,0.237,589,598
136371,137155,784,0,GE-Phase,stroke,136557,137175,618,598,0.763,-186,-20
137155,137394,239,0,GE-Phrase,265,135782,138288,2506,239,1.0,1373,-894
137155,137394,239,0,GE-Phase,stroke,136557,137175,618,20,0.084,598,219
137155,137394,239,0,GE-Phase,retraction,137175,138288,1113,219,0.916,-20,-894
141050,143026,1976,0,GE-Phrase,266,138288,141167,2879,117,0.059,2762,1859
141050,143026,1976,0,GE-Phrase,267,141167,142467,1300,1300,0.658,-117,559
141050,143026,1976,0,GE-Phrase,268,142467,145380,2913,559,0.283,-1417,-2354
141050,143026,1976,0,GE-Phase,stroke,139895,141167,1272,117,0.059,1155,1859
141050,143026,1976,0,GE-Phase,stroke,141167,142045,878,878,0.444,-117,981
141050,143026,1976,0,GE-Phase,hold,142045,142467,422,422,0.214,-995,559
141050,143026,1976,0,GE-Phase,preparation,142467,143704,1237,559,0.283,-1417,-678
149300,150432,1132,0,GE-Phrase,270,147413,149490,2077,190,0.168,1887,942
149300,150432,1132,0,GE-Phrase,271,149490,151803,2313,942,0.832,-190,-1371
149300,150432,1132,0,GE-Phase,hold,148742,149490,748,190,0.168,558,942
149300,150432,1132,0,GE-Phase,preparation,149490,150125,635,635,0.561,-190,307
149300,150432,1132,0,GE-Phase,stroke,150125,151219,1094,307,0.271,-825,-787
9631,12030,2399,0,GE-Phrase,205,9104,11228,2124,1597,0.666,527,802
9631,12030,2399,0,GE-Phrase,206,11228,13092,1864,802,0.334,-1597,-1062
9631,12030,2399,0,GE-Phase,preparation,9104,10503,1399,872,0.363,527,1527
9631,12030,2399,0,GE-Phase,stroke,10503,10898,395,395,0.165,-872,1132
9631,12030,2399,0,GE-Phase,retraction,10898,11228,330,330,0.138,-1267,802
9631,12030,2399,0,GE-Phase,preparation,11228,11616,388,388,0.162,-1597,414
9631,12030,2399,0,GE-Phase,stroke,11616,12216,600,414,0.173,-1985,-186
12030,13506,1476,0,GE-Phrase,206,11228,13092,1864,1062,0.72,802,414
12030,13506,1476,0,GE-Phrase,207,13092,14908,1816,414,0.28,-1062,-1402
12030,13506,1476,0,GE-Phase,stroke,11616,12216,600,186,0.126,414,1290
12030,13506,1476,0,GE-Phase,retraction,12216,13092,876,876,0.593,-186,414
12030,13506,1476,0,GE-Phase,preparation,13092,13708,616,414,0.28,-1062,-202
25187,26370,1183,0,GE-Phrase,212,23414,26572,3158,1183,1.0,1773,-202
25187,26370,1183,0,GE-Phase,stroke,23890,25250,1360,63,0.053,1297,1120
25187,26370,1183,0,GE-Phase,retraction,25250,26572,1322,1120,0.947,-63,-202
26370,27200,830,0,GE-Phrase,212,23414,26572,3158,202,0.243,2956,628
26370,27200,830,0,GE-Phrase,213,26572,28865,2293,628,0.757,-202,-1665
26370,27200,830,0,GE-Phase,retraction,25250,26572,1322,202,0.243,1120,628
26370,27200,830,0,GE-Phase,preparation,26572,27305,733,628,0.757,-202,-105
27200,28048,848,0,GE-Phrase,213,26572,28865,2293,848,1.0,628,-817
27200,28048,848,0,GE-Phase,preparation,26572,27305,733,105,0.124,628,743
27200,28048,848,0,GE-Phase,stroke,27305,28425,1120,743,0.876,-105,-377
28048,29000,952,0,GE-Phrase,213,26572,28865,2293,817,0.858,1476,135
28048,29000,952,0,GE-Phrase,214,28865,30267,1402,135,0.142,-817,-1267
28048,29000,952,0,GE-Phase,stroke,27305,28425,1120,377,0.396,743,575
28048,29000,952,0,GE-Phase,retraction,28425,28865,440,440,0.462,-377,135
28048,29000,952,0,GE-Phase,preparation,28865,29147,282,135,0.142,-817,-147
69250,70269,1019,0,GE-Phrase,233,69124,70078,954,828,0.813,126,191
69250,70269,1019,0,GE-Phrase,234,70078,71694,1616,191,0.187,-828,-1425
69250,70269,1019,0,GE-Phase,preparation,69124,69404,280,154,0.151,126,865
69250,70269,1019,0,GE-Phase,stroke,69404,70078,674,674,0.661,-154,191
69250,70269,1019,0,GE-Phase,preparation,70078,70626,548,191,0.187,-828,-357
123300,123678,378,0,GE-Phrase,261,123162,126484,3322,378,1.0,138,-2806
123300,123678,378,0,GE-Phase,preparation,123162,123543,381,243,0.643,138,135
123300,123678,378,0,GE-Phase,stroke,123543,125275,1732,135,0.357,-243,-1597
123678,123884,206,0,GE-Phrase,261,123162,126484,3322,206,1.0,516,-2600
123678,123884,206,0,GE-Phase,stroke,123543,125275,1732,206,1.0,135,-1391
123884,124760,876,0,GE-Phrase,261,123162,126484,3322,876,1.0,722,-1724
123884,124760,876,0,GE-Phase,stroke,123543,125275,1732,876,1.0,341,-515
124760,125900,1140,0,GE-Phrase,261,123162,126484,3322,1140,1.0,1598,-584
124760,125900,1140,0,GE-Phase,stroke,123543,125275,1732,515,0.452,1217,625
124760,125900,1140,0,GE-Phase,retraction,125275,126484,1209,625,0.548,-515,-584
125900,127426,1526,0,GE-Phrase,261,123162,126484,3322,584,0.383,2738,942
125900,127426,1526,0,GE-Phase,retraction,125275,126484,1209,584,0.383,625,942
131400,132715,1315,0,GE-Phrase,262,128821,132202,3381,802,0.61,2579,513
131400,132715,1315,0,GE-Phrase,263,132202,134077,1875,513,0.39,-802,-1362
131400,132715,1315,0,GE-Phase,stroke,131270,132202,932,802,0.61,130,513
131400,132715,1315,0,GE-Phase,preparation,132202,132712,510,510,0.388,-802,3
131400,132715,1315,0,GE-Phase,stroke,132712,133300,588,3,0.002,-1312,-585
132715,134762,2047,0,GE-Phrase,263,132202,134077,1875,1362,0.665,513,685
132715,134762,2047,0,GE-Phrase,264,134077,135782,1705,685,0.335,-1362,-1020
132715,134762,2047,0,GE-Phase,stroke,132712,133300,588,585,0.286,3,1462
132715,134762,2047,0,GE-Phase,retraction,133300,134077,777,777,0.38,-585,685
132715,134762,2047,0,GE-Phase,preparation,134077,134927,850,685,0.335,-1362,-165
136371,137155,784,0,GE-Phrase,265,135782,138288,2506,784,1.0,589,-1133
136371,137155,784,0,GE-Phase,preparation,135782,136557,775,186,0.237,589,598
136371,137155,784,0,GE-Phase,stroke,136557,137175,618,598,0.763,-186,-20
137155,137394,239,0,GE-Phrase,265,135782,138288,2506,239,1.0,1373,-894
137155,137394,239,0,GE-Phase,stroke,136557,137175,618,20,0.084,598,219
137155,137394,239,0,GE-Phase,retraction,137175,138288,1113,219,0.916,-20,-894
141050,143026,1976,0,GE-Phrase,266,138288,141167,2879,117,0.059,2762,1859
141050,143026,1976,0,GE-Phrase,267,141167,142467,1300,1300,0.658,-117,559
141050,143026,1976,0,GE-Phrase,268,142467,145380,2913,559,0.283,-1417,-2354
141050,143026,1976,0,GE-Phase,stroke,139895,141167,1272,117,0.059,1155,1859
141050,143026,1976,0,GE-Phase,stroke,141167,142045,878,878,0.444,-117,981
141050,143026,1976,0,GE-Phase,hold,142045,142467,422,422,0.214,-995,559
141050,143026,1976,0,GE-Phase,preparation,142467,143704,1237,559,0.283,-1417,-678
149300,150432,1132,0,GE-Phrase,270,147413,149490,2077,190,0.168,1887,942
149300,150432,1132,0,GE-Phrase,271,149490,151803,2313,942,0.832,-190,-1371
149300,150432,1132,0,GE-Phase,hold,148742,149490,748,190,0.168,558,942
149300,150432,1132,0,GE-Phase,preparation,149490,150125,635,635,0.561,-190,307
149300,150432,1132,0,GE-Phase,stroke,150125,151219,1094,307,0.271,-825,-787
9631,12030,2399,0,GE-Phrase,205,9104,11228,2124,1597,0.666,527,802
9631,12030,2399,0,GE-Phrase,206,11228,13092,1864,802,0.334,-1597,-1062
9631,12030,2399,0,GE-Phase,preparation,9104,10503,1399,872,0.363,527,1527
9631,12030,2399,0,GE-Phase,stroke,10503,10898,395,395,0.165,-872,1132
9631,12030,2399,0,GE-Phase,retraction,10898,11228,330,330,0.138,-1267,802
9631,12030,2399,0,GE-Phase,preparation,11228,11616,388,388,0.162,-1597,414
9631,12030,2399,0,GE-Phase,stroke,11616,12216,600,414,0.173,-1985,-186
12030,13506,1476,0,GE-Phrase,206,11228,13092,1864,1062,0.72,802,414
12030,13506,1476,0,GE-Phrase,207,13092,14908,1816,414,0.28,-1062,-1402
12030,13506,1476,0,GE-Phase,stroke,11616,12216,600,186,0.126,414,1290
12030,13506,1476,0,GE-Phase,retraction,12216,13092,876,876,0.593,-186,414
12030,13506,1476,0,GE-Phase,preparation,13092,13708,616,414,0.28,-1062,-202
25187,26370,1183,0,GE-Phrase,212,23414,26572,3158,1183,1.0,1773,-202
25187,26370,1183,0,GE-Phase,stroke,23890,25250,1360,63,0.053,1297,1120
25187,26370,1183,0,GE-Phase,retraction,25250,26572,1322,1120,0.947,-63,-202
26370,27200,830,0,GE-Phrase,212,23414,26572,3158,202,0.243,2956,628
26370,27200,830,0,GE-Phrase,213,26572,28865,2293,628,0.757,-202,-1665
26370,27200,830,0,GE-Phase,retraction,25250,26572,1322,202,0.243,1120,628
26370,27200,830,0,GE-Phase,preparation,26572,27305,733,628,0.757,-202,-105
27200,28048,848,0,GE-Phrase,213,26572,28865,2293,848,1.0,628,-817
27200,28048,848,0,GE-Phase,preparation,26572,27305,733,105,0.124,628,743
27200,28048,848,0,GE-Phase,stroke,27305,28425,1120,743,0.876,-105,-377
28048,29000,952,0,GE-Phrase,213,26572,28865,2293,817,0.858,1476,135
28048,29000,952,0,GE-Phrase,214,28865,30267,1402,135,0.142,-817,-1267
28048,29000,952,0,GE-Phase,stroke,27305,28425,1120,377,0.396,743,575
28048,29000,952,0,GE-Phase,retraction,28425,28865,440,440,0.462,-377,135
28048,29000,952,0,GE-Phase,preparation,28865,29147,282,135,0.142,-817,-147
69250,70269,1019,0,GE-Phrase,233,69124,70078,954,828,0.813,126,191
69250,70269,1019,0,GE-Phrase,234,70078,71694,1616,191,0.187,-828,-1425
69250,70269,1019,0,GE-Phase,preparation,69124,69404,280,154,0.151,126,865
69250,70269,1019,0,GE-Phase,stroke,69404,70078,674,674,0.661,-154,191
69250,70269,1019,0,GE-Phase,preparation,70078,70626,548,191,0.187,-828,-357
123300,123678,378,0,GE-Phrase,261,123162,126484,3322,378,1.0,138,-2806
123300,123678,378,0,GE-Phase,preparation,123162,123543,381,243,0.643,138,135
123300,123678,378,0,GE-Phase,stroke,123543,125275,1732,135,0.357,-243,-1597
123678,123884,206,0,GE-Phrase,261,123162,126484,3322,206,1.0,516,-2600
123678,123884,206,0,GE-Phase,stroke,123543,125275,1732,206,1.0,135,-1391
123884,124760,876,0,GE-Phrase,261,123162,126484,3322,876,1.0,722,-1724
123884,124760,876,0,GE-Phase,stroke,123543,125275,1732,876,1.0,341,-515
124760,125900,1140,0,GE-Phrase,261,123162,126484,3322,1140,1.0,1598,-584
124760,125900,1140,0,GE-Phase,stroke,123543,125275,1732,515,0.452,1217,625
124760,125900,1140,0,GE-Phase,retraction,125275,126484,1209,625,0.548,-515,-584
125900,127426,1526,0,GE-Phrase,261,123162,126484,3322,584,0.383,2738,942
125900,127426,1526,0,GE-Phase,retraction,125275,126484,1209,584,0.383,625,942
131400,132715,1315,0,GE-Phrase,262,128821,132202,3381,802,0.61,2579,513
131400,132715,1315,0,GE-Phrase,263,132202,134077,1875,513,0.39,-802,-1362
131400,132715,1315,0,GE-Phase,stroke,131270,132202,932,802,0.61,130,513
131400,132715,1315,0,GE-Phase,preparation,132202,132712,510,510,0.388,-802,3
131400,132715,1315,0,GE-Phase,stroke,132712,133300,588,3,0.002,-1312,-585
132715,134762,2047,0,GE-Phrase,263,132202,134077,1875,1362,0.665,513,685
132715,134762,2047,0,GE-Phrase,264,134077,135782,1705,685,0.335,-1362,-1020
132715,134762,2047,0,GE-Phase,stroke,132712,133300,588,585,0.286,3,1462
132715,134762,2047,0,GE-Phase,retraction,133300,134077,777,777,0.38,-585,685
132715,134762,2047,0,GE-Phase,preparation,134077,134927,850,685,0.335,-1362,-165
136371,137155,784,0,GE-Phrase,265,135782,138288,2506,784,1.0,589,-1133
136371,137155,784,0,GE-Phase,preparation,135782,136557,775,186,0.237,589,598
136371,137155,784,0,GE-Phase,stroke,136557,137175,618,598,0.763,-186,-20
137155,137394,239,0,GE-Phrase,265,135782,138288,2506,239,1.0,1373,-894
137155,137394,239,0,GE-Phase,stroke,136557,137175,618,20,0.084,598,219
137155,137394,239,0,GE-Phase,retraction,137175,138288,1113,219,0.916,-20,-894
141050,143026,1976,0,GE-Phrase,266,138288,141167,2879,117,0.059,2762,1859
141050,143026,1976,0,GE-Phrase,267,141167,142467,1300,1300,0.658,-117,559
141050,143026,1976,0,GE-Phrase,268,142467,145380,2913,559,0.283,-1417,-2354
141050,143026,1976,0,GE-Phase,stroke,139895,141167,1272,117,0.059,1155,1859
141050,143026,1976,0,GE-Phase,stroke,141167,142045,878,878,0.444,-117,981
141050,143026,1976,0,GE-Phase,hold,142045,142467,422,422,0.214,-995,559
141050,143026,1976,0,GE-Phase,preparation,142467,143704,1237,559,0.283,-1417,-678
149300,150432,1132,0,GE-Phrase,270,147413,149490,2077,190,0.168,1887,942
149300,150432,1132,0,GE-Phrase,271,149490,151803,2313,942,0.832,-190,-1371
149300,150432,1132,0,GE-Phase,hold,148742,149490,748,190,0.168,558,942
149300,150432,1132,0,GE-Phase,preparation,149490,150125,635,635,0.561,-190,307
149300,150432,1132,0,GE-Phase,stroke,150125,151219,1094,307,0.271,-825,-787
9631,12030,2399,0,GE-Phrase,205,9104,11228,2124,1597,0.666,527,802
9631,12030,2399,0,GE-Phrase,206,11228,13092,1864,802,0.334,-1597,-1062
9631,12030,2399,0,GE-Phase,preparation,9104,10503,1399,872,0.363,527,1527
9631,12030,2399,0,GE-Phase,stroke,10503,10898,395,395,0.165,-872,1132
9631,12030,2399,0,GE-Phase,retraction,10898,11228,330,330,0.138,-1267,802
9631,12030,2399,0,GE-Phase,preparation,11228,11616,388,388,0.162,-1597,414
9631,12030,2399,0,GE-Phase,stroke,11616,12216,600,414,0.173,-1985,-186
12030,13506,1476,0,GE-Phrase,206,11228,13092,1864,1062,0.72,802,414
12030,13506,1476,0,GE-Phrase,207,13092,14908,1816,414,0.28,-1062,-1402
12030,13506,1476,0,GE-Phase,stroke,11616,12216,600,186,0.126,414,1290
12030,13506,1476,0,GE-Phase,retraction,12216,13092,876,876,0.593,-186,414
12030,13506,1476,0,GE-Phase,preparation,13092,13708,616,414,0.28,-1062,-202
25187,26370,1183,0,GE-Phrase,212,23414,26572,3158,1183,1.0,1773,-202
25187,26370,1183,0,GE-Phase,stroke,23890,25250,1360,63,0.053,1297,1120
25187,26370,1183,0,GE-Phase,retraction,25250,26572,1322,1120,0.947,-63,-202
26370,27200,830,0,GE-Phrase,212,23414,26572,3158,202,0.243,2956,628
26370,27200,830,0,GE-Phrase,213,26572,28865,2293,628,0.757,-202,-1665
26370,27200,830,0,GE-Phase,retraction,25250,26572,1322,202,0.243,1120,628
26370,27200,830,0,GE-Phase,preparation,26572,27305,733,628,0.757,-202,-105
27200,28048,848,0,GE-Phrase,213,26572,28865,2293,848,1.0,628,-817
27200,28048,848,0,GE-Phase,preparation,26572,27305,733,105,0.124,628,743
27200,28048,848,0,GE-Phase,stroke,27305,28425,1120,743,0.876,-105,-377
28048,29000,952,0,GE-Phrase,213,26572,28865,2293,817,0.858,1476,135
28048,29000,952,0,GE-Phrase,214,28865,30267,1402,135,0.142,-817,-1267
28048,29000,952,0,GE-Phase,stroke,27305,28425,1120,377,0.396,743,575
28048,29000,952,0,GE-Phase,retraction,28425,28865,440,440,0.462,-377,135
28048,29000,952,0,GE-Phase,preparation,28865,29147,282,135,0.142,-817,-147
69250,70269,1019,0,GE-Phrase,233,69124,70078,954,828,0.813,126,191
69250,70269,1019,0,GE-Phrase,234,70078,71694,1616,191,0.187,-828,-1425
69250,70269,1019,0,GE-Phase,preparation,69124,69404,280,154,0.151,126,865
69250,70269,1019,0,GE-Phase,stroke,69404,70078,674,674,0.661,-154,191
69250,70269,1019,0,GE-Phase,preparation,70078,70626,548,191,0.187,-828,-357
123300,123678,378,0,GE-Phrase,261,123162,126484,3322,378,1.0,138,-2806
123300,123678,378,0,GE-Phase,preparation,123162,123543,381,243,0.643,138,135
123300,123678,378,0,GE-Phase,stroke,123543,125275,1732,135,0.357,-243,-1597
123678,123884,206,0,GE-Phrase,261,123162,126484,3322,206,1.0,516,-2600
123678,123884,206,0,GE-Phase,stroke,123543,125275,1732,206,1.0,135,-1391
123884,124760,876,0,GE-Phrase,261,123162,126484,3322,876,1.0,722,-1724
123884,124760,876,0,GE-Phase,stroke,123543,125275,1732,876,1.0,341,-515
124760,125900,1140,0,GE-Phrase,261,123162,126484,3322,1140,1.0,1598,-584
124760,125900,1140,0,GE-Phase,stroke,123543,125275,1732,515,0.452,1217,625
124760,125900,1140,0,GE-Phase,retraction,125275,126484,1209,625,0.548,-515,-584
125900,127426,1526,0,GE-Phrase,261,123162,126484,3322,584,0.383,2738,942
125900,127426,1526,0,GE-Phase,retraction,125275,126484,1209,584,0.383,625,942
131400,132715,1315,0,GE-Phrase,262,128821,132202,3381,802,0.61,2579,513
131400,132715,1315,0,GE-Phrase,263,132202,134077,1875,513,0.39,-802,-1362
131400,132715,1315,0,GE-Phase,stroke,131270,132202,932,802,0.61,130,513
131400,132715,1315,0,GE-Phase,preparation,132202,132712,510,510,0.388,-802,3
131400,132715,1315,0,GE-Phase,stroke,132712,133300,588,3,0.002,-1312,-585
132715,134762,2047,0,GE-Phrase,263,132202,134077,1875,1362,0.665,513,685
132715,134762,2047,0,GE-Phrase,264,134077,135782,1705,685,0.335,-1362,-1020
132715,134762,2047,0,GE-Phase,stroke,132712,133300,588,585,0.286,3,1462
132715,134762,2047,0,GE-Phase,retraction,133300,134077,777,777,0.38,-585,685
132715,134762,2047,0,GE-Phase,preparation,134077,134927,850,685,0.335,-1362,-165
136371,137155,784,0,GE-Phrase,265,135782,138288,2506,784,1.0,589,-1133
136371,137155,784,0,GE-Phase,preparation,135782,136557,775,186,0.237,589,598
136371,137155,784,0,GE-Phase,stroke,136557,137175,618,598,0.763,-186,-20
137155,137394,239,0,GE-Phrase,265,135782,138288,2506,239,1.0,1373,-894
137155,137394,239,0,GE-Phase,stroke,136557,137175,618,20,0.084,598,219
137155,137394,239,0,GE-Phase,retraction,137175,138288,1113,219,0.916,-20,-894
141050,143026,1976,0,GE-Phrase,266,138288,141167,2879,117,0.059,2762,1859
141050,143026,1976,0,GE-Phrase,267,141167,142467,1300,1300,0.658,-117,559
141050,143026,1976,0,GE-Phrase,268,142467,145380,2913,559,0.283,-1417,-2354
141050,143026,1976,0,GE-Phase,stroke,139895,141167,1272,117,0.059,1155,1859
141050,143026,1976,0,GE-Phase,stroke,141167,142045,878,878,0.444,-117,981
141050,143026,1976,0,GE-Phase,hold,142045,142467,422,422,0.214,-995,559
141050,143026,1976,0,GE-Phase,preparation,142467,143704,1237,559,0.283,-1417,-678
149300,150432,1132,0,GE-Phrase,270,147413,149490,2077,190,0.168,1887,942
149300,150432,1132,0,GE-Phrase,271,149490,151803,2313,942,0.832,-190,-1371
149300,150432,1132,0,GE-Phase,hold,148742,149490,748,190,0.168,558,942
149300,150432,1132,0,GE-Phase,preparation,149490,150125,635,635,0.561,-190,307
149300,150432,1132,0,GE-Phase,stroke,150125,151219,1094,307,0.271,-825,-787
9631,12030,2399,0,GE-Phrase,205,9104,11228,2124,1597,0.666,527,802
9631,12030,2399,0,GE-Phrase,206,11228,13092,1864,802,0.334,-1597,-1062
9631,12030,2399,0,GE-Phase,preparation,9104,10503,1399,872,0.363,527,1527
9631,12030,2399,0,GE-Phase,stroke,10503,10898,395,395,0.165,-872,1132
9631,12030,2399,0,GE-Phase,retraction,10898,11228,330,330,0.138,-1267,802
9631,12030,2399,0,GE-Phase,preparation,11228,11616,388,388,0.162,-1597,414
9631,12030,2399,0,GE-Phase,stroke,11616,12216,600,414,0.173,-1985,-186
12030,13506,1476,0,GE-Phrase,206,11228,13092,1864,1062,0.72,802,414
12030,13506,1476,0,GE-Phrase,207,13092,14908,1816,414,0.28,-1062,-1402
12030,13506,1476,0,GE-Phase,stroke,11616,12216,600,186,0.126,414,1290
12030,13506,1476,0,GE-Phase,retraction,12216,13092,876,876,0.593,-186,414
12030,13506,1476,0,GE-Phase,preparation,13092,13708,616,414,0.28,-1062,-202
25187,26370,1183,0,GE-Phrase,212,23414,26572,3158,1183,1.0,1773,-202
25187,26370,1183,0,GE-Phase,stroke,23890,25250,1360,63,0.053,1297,1120
25187,26370,1183,0,GE-Phase,retraction,25250,26572,1322,1120,0.947,-63,-202
26370,27200,830,0,GE-Phrase,212,23414,26572,3158,202,0.243,2956,628
26370,27200,830,0,GE-Phrase,213,26572,28865,2293,628,0.757,-202,-1665
26370,27200,830,0,GE-Phase,retraction,25250,26572,1322,202,0.243,1120,628
26370,27200,830,0,GE-Phase,preparation,26572,27305,733,628,0.757,-202,-105
27200,28048,848,0,GE-Phrase,213,26572,28865,2293,848,1.0,628,-817
27200,28048,848,0,GE-Phase,preparation,26572,27305,733,105,0.124,628,743
27200,28048,848,0,GE-Phase,stroke,27305,28425,1120,743,0.876,-105,-377
28048,29000,952,0,GE-Phrase,213,26572,28865,2293,817,0.858,1476,135
28048,29000,952,0,GE-Phrase,214,28865,30267,1402,135,0.142,-817,-1267
28048,29000,952,0,GE-Phase,stroke,27305,28425,1120,377,0.396,743,575
28048,29000,952,0,GE-Phase,retraction,28425,28865,440,440,0.462,-377,135
28048,29000,952,0,GE-Phase,preparation,28865,29147,282,135,0.142,-817,-147
69250,70269,1019,0,GE-Phrase,233,69124,70078,954,828,0.813,126,191
69250,70269,1019,0,GE-Phrase,234,70078,71694,1616,191,0.187,-828,-1425
69250,70269,1019,0,GE-Phase,preparation,69124,69404,280,154,0.151,126,865
69250,70269,1019,0,GE-Phase,stroke,69404,70078,674,674,0.661,-154,191
69250,70269,1019,0,GE-Phase,preparation,70078,70626,548,191,0.187,-828,-357
123300,123678,378,0,GE-Phrase,261,123162,126484,3322,378,1.0,138,-2806
123300,123678,378,0,GE-Phase,preparation,123162,123543,381,243,0.643,138,135
123300,123678,378,0,GE-Phase,stroke,123543,125275,1732,135,0.357,-243,-1597
123678,123884,206,0,GE-Phrase,261,123162,126484,3322,206,1.0,516,-2600
123678,123884,206,0,GE-Phase,stroke,123543,125275,1732,206,1.0,135,-1391
123884,124760,876,0,GE-Phrase,261,123162,126484,3322,876,1.0,722,-1724
123884,124760,876,0,GE-Phase,stroke,123543,125275,1732,876,1.0,341,-515
124760,125900,1140,0,GE-Phrase,261,123162,126484,3322,1140,1.0,1598,-584
124760,125900,1140,0,GE-Phase,stroke,123543,125275,1732,515,0.452,1217,625
124760,125900,1140,0,GE-Phase,retraction,125275,126484,1209,625,0.548,-515,-584
125900,127426,1526,0,GE-Phrase,261,123162,126484,3322,584,0.383,2738,942
125900,127426,1526,0,GE-Phase,retraction,125275,126484,1209,584,0.383,625,942
131400,132715,1315,0,GE-Phrase,262,128821,132202,3381,802,0.61,2579,513
131400,132715,1315,0,GE-Phrase,263,132202,134077,1875,513,0.39,-802,-1362
131400,132715,1315,0,GE-Phase,stroke,131270,132202,932,802,0.61,130,513
131400,132715,1315,0,GE-Phase,preparation,132202,132712,510,510,0.388,-802,3
131400,132715,1315,0,GE-Phase,stroke,132712,133300,588,3,0.002,-1312,-585
132715,134762,2047,0,GE-Phrase,263,132202,134077,1875,1362,0.665,513,685
132715,134762,2047,0,GE-Phrase,264,134077,135782,1705,685,0.335,-1362,-1020
132715,134762,2047,0,GE-Phase,stroke,132712,133300,588,585,0.286,3,1462
132715,134762,2047,0,GE-Phase,retraction,133300,134077,777,777,0.38,-585,685
132715,134762,2047,0,GE-Phase,preparation,134077,134927,850,685,0.335,-1362,-165
136371,137155,784,0,GE-Phrase,265,135782,138288,2506,784,1.0,589,-1133
136371,137155,784,0,GE-Phase,preparation,135782,136557,775,186,0.237,589,598
136371,137155,784,0,GE-Phase,stroke,136557,137175,618,598,0.763,-186,-20
137155,137394,239,0,GE-Phrase,265,135782,138288,2506,239,1.0,1373,-894
137155,137394,239,0,GE-Phase,stroke,136557,137175,618,20,0.084,598,219
137155,137394,239,0,GE-Phase,retraction,137175,138288,1113,219,0.916,-20,-894
141050,143026,1976,0,GE-Phrase,266,138288,141167,2879,117,0.059,2762,1859
141050,143026,1976,0,GE-Phrase,267,141167,142467,1300,1300,0.658,-117,559
141050,143026,1976,0,GE-Phrase,268,142467,145380,2913,559,0.283,-1417,-2354
141050,143026,1976,0,GE-Phase,stroke,139895,141167,1272,117,0.059,1155,1859
141050,143026,1976,0,GE-Phase,stroke,141167,142045,878,878,0.444,-117,981
141050,143026,1976,0,GE-Phase,hold,142045,142467,422,422,0.214,-995,559
141050,143026,1976,0,GE-Phase,preparation,142467,143704,1237,559,0.283,-1417,-678
149300,150432,1132,0,GE-Phrase,270,147413,149490,2077,190,0.168,1887,942
149300,150432,1132,0,GE-Phrase,271,149490,151803,2313,942,0.832,-190,-1371
149300,150432,1132,0,GE-Phase,hold,148742,149490,748,190,0.168,558,942
149300,150432,1132,0,GE-Phase,preparation,149490,150125,635,635,0.561,-190,307
149300,150432,1132,0,GE-Phase,stroke,150125,151219,1094,307,0.271,-825,-787
9631,12030,2399,0,GE-Phrase,205,9104,11228,2124,1597,0.666,527,802
9631,12030,2399,0,GE-Phrase,206,11228,13092,1864,802,0.334,-1597,-1062
9631,12030,2399,0,GE-Phase,preparation,9104,10503,1399,872,0.363,527,1527
9631,12030,2399,0,GE-Phase,stroke,10503,10898,395,395,0.165,-872,1132
9631,12030,2399,0,GE-Phase,retraction,10898,11228,330,330,0.138,-1267,802
9631,12030,2399,0,GE-Phase,preparation,11228,11616,388,388,0.162,-1597,414
9631,12030,2399,0,GE-Phase,stroke,11616,12216,600,414,0.173,-1985,-186
12030,13506,1476,0,GE-Phrase,206,11228,13092,1864,1062,0.72,802,414
12030,13506,1476,0,GE-Phrase,207,13092,14908,1816,414,0.28,-1062,-1402
12030,13506,1476,0,GE-Phase,stroke,11616,12216,600,186,0.126,414,1290
12030,13506,1476,0,GE-Phase,retraction,12216,13092,876,876,0.593,-186,414
12030,13506,1476,0,GE-Phase,preparation,13092,13708,616,414,0.28,-1062,-202
25187,26370,1183,0,GE-Phrase,212,23414,26572,3158,1183,1.0,1773,-202
25187,26370,1183,0,GE-Phase,stroke,23890,25250,1360,63,0.053,1297,1120
25187,26370,1183,0,GE-Phase,retraction,25250,26572,1322,1120,0.947,-63,-202
26370,27200,830,0,GE-Phrase,212,23414,26572,3158,202,0.243,2956,628
26370,27200,830,0,GE-Phrase,213,26572,28865,2293,628,0.757,-202,-1665
26370,27200,830,0,GE-Phase,retraction,25250,26572,1322,202,0.243,1120,628
26370,27200,830,0,GE-Phase,preparation,26572,27305,733,628,0.757,-202,-105
27200,28048,848,0,GE-Phrase,213,26572,28865,2293,848,1.0,628,-817
27200,28048,848,0,GE-Phase,preparation,26572,27305,733,105,0.124,628,743
27200,28048,848,0,GE-Phase,stroke,27305,28425,1120,743,0.876,-105,-377
28048,29000,952,0,GE-Phrase,213,26572,28865,2293,817,0.858,1476,135
28048,29000,952,0,GE-Phrase,214,28865,30267,1402,135,0.142,-817,-1267
28048,29000,952,0,GE-Phase,stroke,27305,28425,1120,377,0.396,743,575
28048,29000,952,0,GE-Phase,retraction,28425,28865,440,440,0.462,-377,135
28048,29000,952,0,GE-Phase,preparation,28865,29147,282,135,0.142,-817,-147
69250,70269,1019,0,GE-Phrase,233,69124,70078,954,828,0.813,126,191
69250,70269,1019,0,GE-Phrase,234,70078,71694,1616,191,0.187,-828,-1425
69250,70269,1019,0,GE-Phase,preparation,69124,69404,280,154,0.151,126,865
69250,70269,1019,0,GE-Phase,stroke,69404,70078,674,674,0.661,-154,191
69250,70269,1019,0,GE-Phase,preparation,70078,70626,548,191,0.187,-828,-357
123300,123678,378,0,GE-Phrase,261,123162,126484,3322,378,1.0,138,-2806
123300,123678,378,0,GE-Phase,preparation,123162,123543,381,243,0.643,138,135
123300,123678,378,0,GE-Phase,stroke,123543,125275,1732,135,0.357,-243,-1597
123678,123884,206,0,GE-Phrase,261,123162,126484,3322,206,1.0,516,-2600
123678,123884,206,0,GE-Phase,stroke,123543,125275,1732,206,1.0,135,-1391
123884,124760,876,0,GE-Phrase,261,123162,126484,3322,876,1.0,722,-1724
123884,124760,876,0,GE-Phase,stroke,123543,125275,1732,876,1.0,341,-515
124760,125900,1140,0,GE-Phrase,261,123162,126484,3322,1140,1.0,1598,-584
124760,125900,1140,0,GE-Phase,stroke,123543,125275,1732,515,0.452,1217,625
124760,125900,1140,0,GE-Phase,retraction,125275,126484,1209,625,0.548,-515,-584
125900,127426,1526,0,GE-Phrase,261,123162,126484,3322,584,0.383,2738,942
125900,127426,1526,0,GE-Phase,retraction,125275,126484,1209,584,0.383,625,942
131400,132715,1315,0,GE-Phrase,262,128821,132202,3381,802,0.61,2579,513
131400,132715,1315,0,GE-Phrase,263,132202,134077,1875,513,0.39,-802,-1362
131400,132715,1315,0,GE-Phase,stroke,131270,132202,932,802,0.61,130,513
131400,132715,1315,0,GE-Phase,preparation,132202,132712,510,510,0.388,-802,3
131400,132715,1315,0,GE-Phase,stroke,132712,133300,588,3,0.002,-1312,-585
132715,134762,2047,0,GE-Phrase,263,132202,134077,1875,1362,0.665,513,685
132715,134762,2047,0,GE-Phrase,264,134077,135782,1705,685,0.335,-1362,-1020
132715,134762,2047,0,GE-Phase,stroke,132712,133300,588,585,0.286,3,1462
132715,134762,2047,0,GE-Phase,retraction,133300,134077,777,777,0.38,-585,685
132715,134762,2047,0,GE-Phase,preparation,134077,134927,850,685,0.335,-1362,-165
136371,137155,784,0,GE-Phrase,265,135782,138288,2506,784,1.0,589,-1133
136371,137155,784,0,GE-Phase,preparation,135782,136557,775,186,0.237,589,598
136371,137155,784,0,GE-Phase,stroke,136557,137175,618,598,0.763,-186,-20
137155,137394,239,0,GE-Phrase,265,135782,138288,2506,239,1.0,1373,-894
137155,137394,239,0,GE-Phase,stroke,136557,137175,618,20,0.084,598,219
137155,137394,239,0,GE-Phase,retraction,137175,138288,1113,219,0.916,-20,-894
141050,143026,1976,0,GE-Phrase,266,138288,141167,2879,117,0.059,2762,1859
141050,143026,1976,0,GE-Phrase,267,141167,142467,1300,1300,0.658,-117,559
141050,143026,1976,0,GE-Phrase,268,142467,145380,2913,559,0.283,-1417,-2354
141050,143026,1976,0,GE-Phase,stroke,139895,141167,1272,117,0.059,1155,1859
141050,143026,1976,0,GE-Phase,stroke,141167,142045,878,878,0.444,-117,981
141050,143026,1976,0,GE-Phase,hold,142045,142467,422,422,0.214,-995,559
141050,143026,1976,0,GE-Phase,preparation,142467,143704,1237,559,0.283,-1417,-678
149300,150432,1132,0,GE-Phrase,270,147413,149490,2077,190,0.168,1887,942
149300,150432,1132,0,GE-Phrase,271,149490,151803,2313,942,0.832,-190,-1371
149300,150432,1132,0,GE-Phase,hold,148742,149490,748,190,0.168,558,942
149300,150432,1132,0,GE-Phase,preparation,149490,150125,635,635,0.561,-190,307
149300,150432,1132,0,GE-Phase,stroke,150125,151219,1094,307,0.271,-825,-787
9631,12030,2399,0,GE-Phrase,205,9104,11228,2124,1597,0.666,527,802
9631,12030,2399,0,GE-Phrase,206,11228,13092,1864,802,0.334,-1597,-1062
9631,12030,2399,0,GE-Phase,preparation,9104,10503,1399,872,0.363,527,1527
9631,12030,2399,0,GE-Phase,stroke,10503,10898,395,395,0.165,-872,1132
9631,12030,2399,0,GE-Phase,retraction,10898,11228,330,330,0.138,-1267,802
9631,12030,2399,0,GE-Phase,preparation,11228,11616,388,388,0.162,-1597,414
9631,12030,2399,0,GE-Phase,stroke,11616,12216,600,414,0.173,-1985,-186
12030,13506,1476,0,GE-Phrase,206,11228,13092,1864,1062,0.72,802,414
12030,13506,1476,0,GE-Phrase,207,13092,14908,1816,414,0.28,-1062,-1402
12030,13506,1476,0,GE-Phase,stroke,11616,12216,600,186,0.126,414,1290
12030,13506,1476,0,GE-Phase,retraction,12216,13092,876,876,0.593,-186,414
12030,13506,1476,0,GE-Phase,preparation,13092,13708,616,414,0.28,-1062,-202
25187,26370,1183,0,GE-Phrase,212,23414,26572,3158,1183,1.0,1773,-202
25187,26370,1183,0,GE-Phase,stroke,23890,25250,1360,63,0.053,1297,1120
25187,26370,1183,0,GE-Phase,retraction,25250,26572,1322,1120,0.947,-63,-202
26370,27200,830,0,GE-Phrase,212,23414,26572,3158,202,0.243,2956,628
26370,27200,830,0,GE-Phrase,213,26572,28865,2293,628,0.757,-202,-1665
26370,27200,830,0,GE-Phase,retraction,25250,26572,1322,202,0.243,1120,628
26370,27200,830,0,GE-Phase,preparation,26572,27305,733,628,0.757,-202,-105
27200,28048,848,0,GE-Phrase,213,26572,28865,2293,848,1.0,628,-817
27200,28048,848,0,GE-Phase,preparation,26572,27305,733,105,0.124,628,743
27200,28048,848,0,GE-Phase,stroke,27305,28425,1120,743,0.876,-105,-377
28048,29000,952,0,GE-Phrase,213,26572,28865,2293,817,0.858,1476,135
28048,29000,952,0,GE-Phrase,214,28865,30267,1402,135,0.142,-817,-1267
28048,29000,952,0,GE-Phase,stroke,27305,28425,1120,377,0.396,743,575
28048,29000,952,0,GE-Phase,retraction,28425,28865,440,440,0.462,-377,135
28048,29000,952,0,GE-Phase,preparation,28865,29147,282,135,0.142,-817,-147
69250,70269,1019,0,GE-Phrase,233,69124,70078,954,828,0.813,126,191
69250,70269,1019,0,GE-Phrase,234,70078,71694,1616,191,0.187,-828,-1425
69250,70269,1019,0,GE-Phase,preparation,69124,69404,280,154,0.151,126,865
69250,70269,1019,0,GE-Phase,stroke,69404,70078,674,674,0.661,-154,191
69250,70269,1019,0,GE-Phase,preparation,70078,70626,548,191,0.187,-828,-357
123300,123678,378,0,GE-Phrase,261,123162,126484,3322,378,1.0,138,-2806
123300,123678,378,0,GE-Phase,preparation,123162,123543,381,243,0.643,138,135
123300,123678,378,0,GE-Phase,stroke,123543,125275,1732,135,0.357,-243,-1597
123678,123884,206,0,GE-Phrase,261,123162,126484,3322,206,1.0,516,-2600
123678,123884,206,0,GE-Phase,stroke,123543,125275,1732,206,1.0,135,-1391
123884,124760,876,0,GE-Phrase,261,123162,126484,3322,876,1.0,722,-1724
123884,124760,876,0,GE-Phase,stroke,123543,125275,1732,876,1.0,341,-515
124760,125900,1140,0,GE-Phrase,261,123162,126484,3322,1140,1.0,1598,-584
124760,125900,1140,0,GE-Phase,stroke,123543,125275,1732,515,0.452,1217,625
124760,125900,1140,0,GE-Phase,retraction,125275,126484,1209,625,0.548,-515,-584
125900,127426,1526,0,GE-Phrase,261,123162,126484,3322,584,0.383,2738,942
125900,127426,1526,0,GE-Phase,retraction,125275,126484,1209,584,0.383,625,942
131400,132715,1315,0,GE-Phrase,262,128821,132202,3381,802,0.61,2579,513
131400,132715,1315,0,GE-Phrase,263,132202,134077,1875,513,0.39,-802,-1362
131400,132715,1315,0,GE-Phase,stroke,131270,132202,932,802,0.61,130,513
131400,132715,1315,0,GE-Phase,preparation,132202,132712,510,510,0.388,-802,3
131400,132715,1315,0,GE-Phase,stroke,132712,133300,588,3,0.002,-1312,-585
132715,134762,2047,0,GE-Phrase,263,132202,134077,1875,1362,0.665,513,685
132715,134762,2047,0,GE-Phrase,264,134077,135782,1705,685,0.335,-1362,-1020
132715,134762,2047,0,GE-Phase,stroke,132712,133300,588,585,0.286,3,1462
132715,134762,2047,0,GE-Phase,retraction,133300,134077,777,777,0.38,-585,685
132715,134762,2047,0,GE-Phase,preparation,134077,134927,850,685,0.335,-1362,-165
136371,137155,784,0,GE-Phrase,265,135782,138288,2506,784,1.0,589,-1133
136371,137155,784,0,GE-Phase,preparation,135782,136557,775,186,0.237,589,598
136371,137155,784,0,GE-Phase,stroke,136557,137175,618,598,0.763,-186,-20
137155,137394,239,0,GE-Phrase,265,135782,138288,2506,239,1.0,1373,-894
137155,137394,239,0,GE-Phase,stroke,136557,137175,618,20,0.084,598,219
137155,137394,239,0,GE-Phase,retraction,137175,138288,1113,219,0.916,-20,-894
141050,143026,1976,0,GE-Phrase,266,138288,141167,2879,117,0.059,2762,1859
141050,143026,1976,0,GE-Phrase,267,141167,142467,1300,1300,0.658,-117,559
141050,143026,1976,0,GE-Phrase,268,142467,145380,2913,559,0.283,-1417,-2354
141050,143026,1976,0,GE-Phase,stroke,139895,141167,1272,117,0.059,1155,1859
141050,143026,1976,0,GE-Phase,stroke,141167,142045,878,878,0.444,-117,981
141050,143026,1976,0,GE-Phase,hold,142045,142467,422,422,0.214,-995,559
141050,143026,1976,0,GE-Phase,preparation,142467,143704,1237,559,0.283,-1417,-678
149300,150432,1132,0,GE-Phrase,270,147413,149490,2077,190,0.168,1887,942
149300,150432,1132,0,GE-Phrase,271,149490,151803,2313,942,0.832,-190,-1371
149300,150432,1132,0,GE-Phase,hold,148742,149490,748,190,0.168,558,942
149300,150432,1132,0,GE-Phase,preparation,149490,150125,635,635,0.561,-190,307
149300,150432,1132,0,GE-Phase,stroke,150125,151219,1094,307,0.271,-825,-787
9631,12030,2399,0,GE-Phrase,205,9104,11228,2124,1597,0.666,527,802
9631,12030,2399,0,GE-Phrase,206,11228,13092,1864,802,0.334,-1597,-1062
9631,12030,2399,0,GE-Phase,preparation,9104,10503,1399,872,0.363,527,1527
9631,12030,2399,0,GE-Phase,stroke,10503,10898,395,395,0.165,-872,1132
9631,12030,2399,0,GE-Phase,retraction,10898,11228,330,330,0.138,-1267,802
9631,12030,2399,0,GE-Phase,preparation,11228,11616,388,388,0.162,-1597,414
9631,12030,2399,0,GE-Phase,stroke,11616,12216,600,414,0.173,-1985,-186
12030,13506,1476,0,GE-Phrase,206,11228,13092,1864,1062,0.72,802,414
12030,13506,1476,0,GE-Phrase,207,13092,14908,1816,414,0.28,-1062,-1402
12030,13506,1476,0,GE-Phase,stroke,11616,12216,600,186,0.126,414,1290
12030,13506,1476,0,GE-Phase,retraction,12216,13092,876,876,0.593,-186,414
12030,13506,1476,0,GE-Phase,preparation,13092,13708,616,414,0.28,-1062,-202
25187,26370,1183,0,GE-Phrase,212,23414,26572,3158,1183,1.0,1773,-202
25187,26370,1183,0,GE-Phase,stroke,23890,25250,1360,63,0.053,1297,1120
25187,26370,1183,0,GE-Phase,retraction,25250,26572,1322,1120,0.947,-63,-202
26370,27200,830,0,GE-Phrase,212,23414,26572,3158,202,0.243,2956,628
26370,27200,830,0,GE-Phrase,213,26572,28865,2293,628,0.757,-202,-1665
26370,27200,830,0,GE-Phase,retraction,25250,26572,1322,202,0.243,1120,628
26370,27200,830,0,GE-Phase,preparation,26572,27305,733,628,0.757,-202,-105
27200,28048,848,0,GE-Phrase,213,26572,28865,2293,848,1.0,628,-817
27200,28048,848,0,GE-Phase,preparation,26572,27305,733,105,0.124,628,743
27200,28048,848,0,GE-Phase,stroke,27305,28425,1120,743,0.876,-105,-377
28048,29000,952,0,GE-Phrase,213,26572,28865,2293,817,0.858,1476,135
28048,29000,952,0,GE-Phrase,214,28865,30267,1402,135,0.142,-817,-1267
28048,29000,952,0,GE-Phase,stroke,27305,28425,1120,377,0.396,743,575
28048,29000,952,0,GE-Phase,retraction,28425,28865,440,440,0.462,-377,135
28048,29000,952,0,GE-Phase,preparation,28865,29147,282,135,0.142,-817,-147
69250,70269,1019,0,GE-Phrase,233,69124,70078,954,828,0.813,126,191
69250,70269,1019,0,GE-Phrase,234,70078,71694,1616,191,0.187,-828,-1425
69250,70269,1019,0,GE-Phase,preparation,69124,69404,280,154,0.151,126,865
69250,70269,1019,0,GE-Phase,stroke,69404,70078,674,674,0.661,-154,191
69250,70269,1019,0,GE-Phase,preparation,70078,70626,548,191,0.187,-828,-357
123300,123678,378,0,GE-Phrase,261,123162,126484,3322,378,1.0,138,-2806
123300,123678,378,0,GE-Phase,preparation,123162,123543,381,243,0.643,138,135
123300,123678,378,0,GE-Phase,stroke,123543,125275,1732,135,0.357,-243,-1597
123678,123884,206,0,GE-Phrase,261,123162,126484,3322,206,1.0,516,-2600
123678,123884,206,0,GE-Phase,stroke,123543,125275,1732,206,1.0,135,-1391
123884,124760,876,0,GE-Phrase,261,123162,126484,3322,876,1.0,722,-1724
123884,124760,876,0,GE-Phase,stroke,123543,125275,1732,876,1.0,341,-515
124760,125900,1140,0,GE-Phrase,261,123162,126484,3322,1140,1.0,1598,-584
124760,125900,1140,0,GE-Phase,stroke,123543,125275,1732,515,0.452,1217,625
124760,125900,1140,0,GE-Phase,retraction,125275,126484,1209,625,0.548,-515,-584
125900,127426,1526,0,GE-Phrase,261,123162,126484,3322,584,0.383,2738,942
125900,127426,1526,0,GE-Phase,retraction,125275,126484,1209,584,0.383,625,942
131400,132715,1315,0,GE-Phrase,262,128821,132202,3381,802,0.61,2579,513
131400,132715,1315,0,GE-Phrase,263,132202,134077,1875,513,0.39,-802,-1362
131400,132715,1315,0,GE-Phase,stroke,131270,132202,932,802,0.61,130,513
131400,132715,1315,0,GE-Phase,preparation,132202,132712,510,510,0.388,-802,3
131400,132715,1315,0,GE-Phase,stroke,132712,133300,588,3,0.002,-1312,-585
132715,134762,2047,0,GE-Phrase,263,132202,134077,1875,1362,0.665,513,685
132715,134762,2047,0,GE-Phrase,264,134077,135782,1705,685,0.335,-1362,-1020
132715,134762,2047,0,GE-Phase,stroke,132712,133300,588,585,0.286,3,1462
132715,134762,2047,0,GE-Phase,retraction,133300,134077,777,777,0.38,-585,685
132715,134762,2047,0,GE-Phase,preparation,134077,134927,850,685,0.335,-1362,-165
136371,137155,784,0,GE-Phrase,265,135782,138288,2506,784,1.0,589,-1133
136371,137155,784,0,GE-Phase,preparation,135782,136557,775,186,0.237,589,598
136371,137155,784,0,GE-Phase,stroke,136557,137175,618,598,0.763,-186,-20
137155,137394,239,0,GE-Phrase,265,135782,138288,2506,239,1.0,1373,-894
137155,137394,239,0,GE-Phase,stroke,136557,137175,618,20,0.084,598,219
137155,137394,239,0,GE-Phase,retraction,137175,138288,1113,219,0.916,-20,-894
141050,143026,1976,0,GE-Phrase,266,138288,141167,2879,117,0.059,2762,1859
141050,143026,1976,0,GE-Phrase,267,141167,142467,1300,1300,0.658,-117,559
141050,143026,1976,0,GE-Phrase,268,142467,145380,2913,559,0.283,-1417,-2354
141050,143026,1976,0,GE-Phase,stroke,139895,141167,1272,117,0.059,1155,1859
141050,143026,1976,0,GE-Phase,stroke,141167,142045,878,878,0.444,-117,981
141050,143026,1976,0,GE-Phase,hold,142045,142467,422,422,0.214,-995,559
141050,143026,1976,0,GE-Phase,preparation,142467,143704,1237,559,0.283,-1417,-678
149300,150432,1132,0,GE-Phrase,270,147413,149490,2077,190,0.168,1887,942
149300,150432,1132,0,GE-Phrase,271,149490,151803,2313,942,0.832,-190,-1371
149300,150432,1132,0,GE-Phase,hold,148742,149490,748,190,0.168,558,942
149300,150432,1132,0,GE-Phase,preparation,149490,150125,635,635,0.561,-190,307
149300,150432,1132,0,GE-Phase,stroke,150125,151219,1094,307,0.271,-825,-787
9631,12030,2399,0,GE-Phrase,205,9104,11228,2124,1597,0.666,527,802
9631,12030,2399,0,GE-Phrase,206,11228,13092,1864,802,0.334,-1597,-1062
9631,12030,2399,0,GE-Phase,preparation,9104,10503,1399,872,0.363,527,1527
9631,12030,2399,0,GE-Phase,stroke,10503,10898,395,395,0.165,-872,1132
9631,12030,2399,0,GE-Phase,retraction,10898,11228,330,330,0.138,-1267,802
9631,12030,2399,0,GE-Phase,preparation,11228,11616,388,388,0.162,-1597,414
9631,12030,2399,0,GE-Phase,stroke,11616,12216,600,414,0.173,-1985,-186
12030,13506,1476,0,GE-Phrase,206,11228,13092,1864,1062,0.72,802,414
12030,13506,1476,0,GE-Phrase,207,13092,14908,1816,414,0.28,-1062,-1402
12030,13506,1476,0,GE-Phase,stroke,11616,12216,600,186,0.126,414,1290
12030,13506,1476,0,GE-Phase,retraction,12216,13092,876,876,0.593,-186,414
12030,13506,1476,0,GE-Phase,preparation,13092,13708,616,414,0.28,-1062,-202
25187,26370,1183,0,GE-Phrase,212,23414,26572,3158,1183,1.0,1773,-202
25187,26370,1183,0,GE-Phase,stroke,23890,25250,1360,63,0.053,1297,1120
25187,26370,1183,0,GE-Phase,retraction,25250,26572,1322,1120,0.947,-63,-202
26370,27200,830,0,GE-Phrase,212,23414,26572,3158,202,0.243,2956,628
26370,27200,830,0,GE-Phrase,213,26572,28865,2293,628,0.757,-202,-1665
26370,27200,830,0,GE-Phase,retraction,25250,26572,1322,202,0.243,1120,628
26370,27200,830,0,GE-Phase,preparation,26572,27305,733,628,0.757,-202,-105
27200,28048,848,0,GE-Phrase,213,26572,28865,2293,848,1.0,628,-817
27200,28048,848,0,GE-Phase,preparation,26572,27305,733,105,0.124,628,743
27200,28048,848,0,GE-Phase,stroke,27305,28425,1120,743,0.876,-105,-377
28048,29000,952,0,GE-Phrase,213,26572,28865,2293,817,0.858,1476,135
28048,29000,952,0,GE-Phrase,214,28865,30267,1402,135,0.142,-817,-1267
28048,29000,952,0,GE-Phase,stroke,27305,28425,1120,377,0.396,743,575
28048,29000,952,0,GE-Phase,retraction,28425,28865,440,440,0.462,-377,135
28048,29000,952,0,GE-Phase,preparation,28865,29147,282,135,0.142,-817,-147
69250,70269,1019,0,GE-Phrase,233,69124,70078,954,828,0.813,126,191
69250,70269,1019,0,GE-Phrase,234,70078,71694,1616,191,0.187,-828,-1425
69250,70269,1019,0,GE-Phase,preparation,69124,69404,280,154,0.151,126,865
69250,70269,1019,0,GE-Phase,stroke,69404,70078,674,674,0.661,-154,191
69250,70269,1019,0,GE-Phase,preparation,70078,70626,548,191,0.187,-828,-357
123300,123678,378,0,GE-Phrase,261,123162,126484,3322,378,1.0,138,-2806
123300,123678,378,0,GE-Phase,preparation,123162,123543,381,243,0.643,138,135
123300,123678,378,0,GE-Phase,stroke,123543,125275,1732,135,0.357,-243,-1597
123678,123884,206,0,GE-Phrase,261,123162,126484,3322,206,1.0,516,-2600
123678,123884,206,0,GE-Phase,stroke,123543,125275,1732,206,1.0,135,-1391
123884,124760,876,0,GE-Phrase,261,123162,126484,3322,876,1.0,722,-1724
123884,124760,876,0,GE-Phase,stroke,123543,125275,1732,876,1.0,341,-515
124760,125900,1140,0,GE-Phrase,261,123162,126484,3322,1140,1.0,1598,-584
124760,125900,1140,0,GE-Phase,stroke,123543,125275,1732,515,0.452,1217,625
124760,125900,1140,0,GE-Phase,retraction,125275,126484,1209,625,0.548,-515,-584
125900,127426,1526,0,GE-Phrase,261,123162,126484,3322,584,0.383,2738,942
125900,127426,1526,0,GE-Phase,retraction,125275,126484,1209,584,0.383,625,942
131400,132715,1315,0,GE-Phrase,262,128821,132202,3381,802,0.61,2579,513
131400,132715,1315,0,GE-Phrase,263,132202,134077,1875,513,0.39,-802,-1362
131400,132715,1315,0,GE-Phase,stroke,131270,132202,932,802,0.61,130,513
131400,132715,1315,0,GE-Phase,preparation,132202,132712,510,510,0.388,-802,3
131400,132715,1315,0,GE-Phase,stroke,132712,133300,588,3,0.002,-1312,-585
132715,134762,2047,0,GE-Phrase,263,132202,134077,1875,1362,0.665,513,685
132715,134762,2047,0,GE-Phrase,264,134077,135782,1705,685,0.335,-1362,-1020
132715,134762,2047,0,GE-Phase,stroke,132712,133300,588,585,0.286,3,1462
132715,134762,2047,0,GE-Phase,retraction,133300,134077,777,777,0.38,-585,685
132715,134762,2047,0,GE-Phase,preparation,134077,134927,850,685,0.335,-1362,-165
136371,137155,784,0,GE-Phrase,265,135782,138288,2506,784,1.0,589,-1133
136371,137155,784,0,GE-Phase,preparation,135782,136557,775,186,0.237,589,598
136371,137155,784,0,GE-Phase,stroke,136557,137175,618,598,0.763,-186,-20
137155,137394,239,0,GE-Phrase,265,135782,138288,2506,239,1.0,1373,-894
137155,137394,239,0,GE-Phase,stroke,136557,137175,618,20,0.084,598,219
137155,137394,239,0,GE-Phase,retraction,137175,138288,1113,219,0.916,-20,-894
141050,143026,1976,0,GE-Phrase,266,138288,141167,2879,117,0.059,2762,1859
141050,143026,1976,0,GE-Phrase,267,141167,142467,1300,1300,0.658,-117,559
141050,143026,1976,0,GE-Phrase,268,142467,145380,2913,559,0.283,-1417,-2354
141050,143026,1976,0,GE-Phase,stroke,139895,141167,1272,117,0.059,1155,1859
141050,143026,1976,0,GE-Phase,stroke,141167,142045,878,878,0.444,-117,981
141050,143026,1976,0,GE-Phase,hold,142045,142467,422,422,0.214,-995,559
141050,143026,1976,0,GE-Phase,preparation,142467,143704,1237,559,0.283,-1417,-678
149300,150432,1132,0,GE-Phrase,270,147413,149490,2077,190,0.168,1887,942
149300,150432,1132,0,GE-Phrase,271,149490,151803,2313,942,0.832,-190,-1371
149300,150432,1132,0,GE-Phase,hold,148742,149490,748,190,0.168,558,942
149300,150432,1132,0,GE-Phase,preparation,149490,150125,635,635,0.561,-190,307
149300,150432,1132,0,GE-Phase,stroke,150125,151219,1094,307,0.271,-825,-787
9631,12030,2399,0,GE-Phrase,205,9104,11228,2124,1597,0.666,527,802
9631,12030,2399,0,GE-Phrase,206,11228,13092,1864,802,0.334,-1597,-1062
9631,12030,2399,0,GE-Phase,preparation,9104,10503,1399,872,0.363,527,1527
9631,12030,2399,0,GE-Phase,stroke,10503,10898,395,395,0.165,-872,1132
9631,12030,2399,0,GE-Phase,retraction,10898,11228,330,330,0.138,-1267,802
9631,12030,2399,0,GE-Phase,preparation,11228,11616,388,388,0.162,-1597,414
9631,12030,2399,0,GE-Phase,stroke,11616,12216,600,414,0.173,-1985,-186
12030,13506,1476,0,GE-Phrase,206,11228,13092,1864,1062,0.72,802,414
12030,13506,1476,0,GE-Phrase,207,13092,14908,1816,414,0.28,-1062,-1402
12030,13506,1476,0,GE-Phase,stroke,11616,12216,600,186,0.126,414,1290
12030,13506,1476,0,GE-Phase,retraction,12216,13092,876,876,0.593,-186,414
12030,13506,1476,0,GE-Phase,preparation,13092,13708,616,414,0.28,-1062,-202
25187,26370,1183,0,GE-Phrase,212,23414,26572,3158,1183,1.0,1773,-202
25187,26370,1183,0,GE-Phase,stroke,23890,25250,1360,63,0.053,1297,1120
25187,26370,1183,0,GE-Phase,retraction,25250,26572,1322,1120,0.947,-63,-202
26370,27200,830,0,GE-Phrase,212,23414,26572,3158,202,0.243,2956,628
26370,27200,830,0,GE-Phrase,213,26572,28865,2293,628,0.757,-202,-1665
26370,27200,830,0,GE-Phase,retraction,25250,26572,1322,202,0.243,1120,628
26370,27200,830,0,GE-Phase,preparation,26572,27305,733,628,0.757,-202,-105
27200,28048,848,0,GE-Phrase,213,26572,28865,2293,848,1.0,628,-817
27200,28048,848,0,GE-Phase,preparation,26572,27305,733,105,0.124,628,743
27200,28048,848,0,GE-Phase,stroke,27305,28425,1120,743,0.876,-105,-377
28048,29000,952,0,GE-Phrase,213,26572,28865,2293,817,0.858,1476,135
28048,29000,952,0,GE-Phrase,214,28865,30267,1402,135,0.142,-817,-1267
28048,29000,952,0,GE-Phase,stroke,27305,28425,1120,377,0.396,743,575
28048,29000,952,0,GE-Phase,retraction,28425,28865,440,440,0.462,-377,135
28048,29000,952,0,GE-Phase,preparation,28865,29147,282,135,0.142,-817,-147
69250,70269,1019,0,GE-Phrase,233,69124,70078,954,828,0.813,126,191
69250,70269,1019,0,GE-Phrase,234,70078,71694,1616,191,0.187,-828,-1425
69250,70269,1019,0,GE-Phase,preparation,69124,69404,280,154,0.151,126,865
69250,70269,1019,0,GE-Phase,stroke,69404,70078,674,674,0.661,-154,191
69250,70269,1019,0,GE-Phase,preparation,70078,70626,548,191,0.187,-828,-357
123300,123678,378,0,GE-Phrase,261,123162,126484,3322,378,1.0,138,-2806
123300,123678,378,0,GE-Phase,preparation,123162,123543,381,243,0.643,138,135
123300,123678,378,0,GE-Phase,stroke,123543,125275,1732,135,0.357,-243,-1597
123678,123884,206,0,GE-Phrase,261,123162,126484,3322,206,1.0,516,-2600
123678,123884,206,0,GE-Phase,stroke,123543,125275,1732,206,1.0,135,-1391
123884,124760,876,0,GE-Phrase,261,123162,126484,3322,876,1.0,722,-1724
123884,124760,876,0,GE-Phase,stroke,123543,125275,1732,876,1.0,341,-515
124760,125900,1140,0,GE-Phrase,261,123162,126484,3322,1140,1.0,1598,-584
124760,125900,1140,0,GE-Phase,stroke,123543,125275,1732,515,0.452,1217,625
124760,125900,1140,0,GE-Phase,retraction,125275,126484,1209,625,0.548,-515,-584
125900,127426,1526,0,GE-Phrase,261,123162,126484,3322,584,0.383,2738,942
125900,127426,1526,0,GE-Phase,retraction,125275,126484,1209,584,0.383,625,942
131400,132715,1315,0,GE-Phrase,262,128821,132202,3381,802,0.61,2579,513
131400,132715,1315,0,GE-Phrase,263,132202,134077,1875,513,0.39,-802,-1362
131400,132715,1315,0,GE-Phase,stroke,131270,132202,932,802,0.61,130,513
131400,132715,1315,0,GE-Phase,preparation,132202,132712,510,510,0.388,-802,3
131400,132715,1315,0,GE-Phase,stroke,132712,133300,588,3,0.002,-1312,-585
132715,134762,2047,0,GE-Phrase,263,132202,134077,1875,1362,0.665,513,685
132715,134762,2047,0,GE-Phrase,264,134077,135782,1705,685,0.335,-1362,-1020
132715,134762,2047,0,GE-Phase,stroke,132712,133300,588,585,0.286,3,1462
132715,134762,2047,0,GE-Phase,retraction,133300,134077,777,777,0.38,-585,685
132715,134762,2047,0,GE-Phase,preparation,134077,134927,850,685,0.335,-1362,-165
136371,137155,784,0,GE-Phrase,265,135782,138288,2506,784,1.0,589,-1133
136371,137155,784,0,GE-Phase,preparation,135782,136557,775,186,0.237,589,598
136371,137155,784,0,GE-Phase,stroke,136557,137175,618,598,0.763,-186,-20
137155,137394,239,0,GE-Phrase,265,135782,138288,2506,239,1.0,1373,-894
137155,137394,239,0,GE-Phase,stroke,136557,137175,618,20,0.084,598,219
137155,137394,239,0,GE-Phase,retraction,137175,138288,1113,219,0.916,-20,-894
141050,143026,1976,0,GE-Phrase,266,138288,141167,2879,117,0.059,2762,1859
141050,143026,1976,0,GE-Phrase,267,141167,142467,1300,1300,0.658,-117,559
141050,143026,1976,0,GE-Phrase,268,142467,145380,2913,559,0.283,-1417,-2354
141050,143026,1976,0,GE-Phase,stroke,139895,141167,1272,117,0.059,1155,1859
141050,143026,1976,0,GE-Phase,stroke,141167,142045,878,878,0.444,-117,981
141050,143026,1976,0,GE-Phase,hold,142045,142467,422,422,0.214,-995,559
141050,143026,1976,0,GE-Phase,preparation,142467,143704,1237,559,0.283,-1417,-678
149300,150432,1132,0,GE-Phrase,270,147413,149490,2077,190,0.168,1887,942
149300,150432,1132,0,GE-Phrase,271,149490,151803,2313,942,0.832,-190,-1371
149300,150432,1132,0,GE-Phase,hold,148742,149490,748,190,0.168,558,942
149300,150432,1132,0,GE-Phase,preparation,149490,150125,635,635,0.561,-190,307
149300,150432,1132,0,GE-Phase,stroke,150125,151219,1094,307,0.271,-825,-787
9631,12030,2399,0,GE-Phrase,205,9104,11228,2124,1597,0.666,527,802
9631,12030,2399,0,GE-Phrase,206,11228,13092,1864,802,0.334,-1597,-1062
9631,12030,2399,0,GE-Phase,preparation,9104,10503,1399,872,0.363,527,1527
9631,12030,2399,0,GE-Phase,stroke,10503,10898,395,395,0.165,-872,1132
9631,12030,2399,0,GE-Phase,retraction,10898,11228,330,330,0.138,-1267,802
9631,12030,2399,0,GE-Phase,preparation,11228,11616,388,388,0.162,-1597,414
9631,12030,2399,0,GE-Phase,stroke,11616,12216,600,414,0.173,-1985,-186
12030,13506,1476,0,GE-Phrase,206,11228,13092,1864,1062,0.72,802,414
12030,13506,1476,0,GE-Phrase,207,13092,14908,1816,414,0.28,-1062,-1402
12030,13506,1476,0,GE-Phase,stroke,11616,12216,600,186,0.126,414,1290
12030,13506,1476,0,GE-Phase,retraction,12216,13092,876,876,0.593,-186,414
12030,13506,1476,0,GE-Phase,preparation,13092,13708,616,414,0.28,-1062,-202
25187,26370,1183,0,GE-Phrase,212,23414,26572,3158,1183,1.0,1773,-202
25187,26370,1183,0,GE-Phase,stroke,23890,25250,1360,63,0.053,1297,1120
25187,26370,1183,0,GE-Phase,retraction,25250,26572,1322,1120,0.947,-63,-202
26370,27200,830,0,GE-Phrase,212,23414,26572,3158,202,0.243,2956,628
26370,27200,830,0,GE-Phrase,213,26572,28865,2293,628,0.757,-202,-1665
26370,27200,830,0,GE-Phase,retraction,25250,26572,1322,202,0.243,1120,628
26370,27200,830,0,GE-Phase,preparation,26572,27305,733,628,0.757,-202,-105
27200,28048,848,0,GE-Phrase,213,26572,28865,2293,848,1.0,628,-817
27200,28048,848,0,GE-Phase,preparation,26572,27305,733,105,0.124,628,743
27200,28048,848,0,GE-Phase,stroke,27305,28425,1120,743,0.876,-105,-377
28048,29000,952,0,GE-Phrase,213,26572,28865,2293,817,0.858,1476,135
28048,29000,952,0,GE-Phrase,214,28865,30267,1402,135,0.142,-817,-1267
28048,29000,952,0,GE-Phase,stroke,27305,28425,1120,377,0.396,743,575
28048,29000,952,0,GE-Phase,retraction,28425,28865,440,440,0.462,-377,135
28048,29000,952,0,GE-Phase,preparation,28865,29147,282,135,0.142,-817,-147
69250,70269,1019,0,GE-Phrase,233,69124,70078,954,828,0.813,126,191
69250,70269,1019,0,GE-Phrase,234,70078,71694,1616,191,0.187,-828,-1425
69250,70269,1019,0,GE-Phase,preparation,69124,69404,280,154,0.151,126,865
69250,70269,1019,0,GE-Phase,stroke,69404,70078,674,674,0.661,-154,191
69250,70269,1019,0,GE-Phase,preparation,70078,70626,548,191,0.187,-828,-357
123300,123678,378,0,GE-Phrase,261,123162,126484,3322,378,1.0,138,-2806
123300,123678,378,0,GE-Phase,preparation,123162,123543,381,243,0.643,138,135
123300,123678,378,0,GE-Phase,stroke,123543,125275,1732,135,0.357,-243,-1597
123678,123884,206,0,GE-Phrase,261,123162,126484,3322,206,1.0,516,-2600
123678,123884,206,0,GE-Phase,stroke,123543,125275,1732,206,1.0,135,-1391
123884,124760,876,0,GE-Phrase,261,123162,126484,3322,876,1.0,722,-1724
123884,124760,876,0,GE-Phase,stroke,123543,125275,1732,876,1.0,341,-515
124760,125900,1140,0,GE-Phrase,261,123162,126484,3322,1140,1.0,1598,-584
124760,125900,1140,0,GE-Phase,stroke,123543,125275,1732,515,0.452,1217,625
124760,125900,1140,0,GE-Phase,retraction,125275,126484,1209,625,0.548,-515,-584
125900,127426,1526,0,GE-Phrase,261,123162,126484,3322,584,0.383,2738,942
125900,127426,1526,0,GE-Phase,retraction,125275,126484,1209,584,0.383,625,942
131400,132715,1315,0,GE-Phrase,262,128821,132202,3381,802,0.61,2579,513
131400,132715,1315,0,GE-Phrase,263,132202,134077,1875,513,0.39,-802,-1362
131400,132715,1315,0,GE-Phase,stroke,131270,132202,932,802,0.61,130,513
131400,132715,1315,0,GE-Phase,preparation,132202,132712,510,510,0.388,-802,3
131400,132715,1315,0,GE-Phase,stroke,132712,133300,588,3,0.002,-1312,-585
132715,134762,2047,0,GE-Phrase,263,132202,134077,1875,1362,0.665,513,685
132715,134762,2047,0,GE-Phrase,264,134077,135782,1705,685,0.335,-1362,-1020
132715,134762,2047,0,GE-Phase,stroke,132712,133300,588,585,0.286,3,1462
132715,134762,2047,0,GE-Phase,retraction,133300,134077,777,777,0.38,-585,685
132715,134762,2047,0,GE-Phase,preparation,134077,134927,850,685,0.335,-1362,-165
136371,137155,784,0,GE-Phrase,265,135782,138288,2506,784,1.0,589,-1133
136371,137155,784,0,GE-Phase,preparation,135782,136557,775,186,0.237,589,598
136371,137155,784,0,GE-Phase,stroke,136557,137175,618,598,0.763,-186,-20
137155,137394,239,0,GE-Phrase,265,135782,138288,2506,239,1.0,1373,-894
137155,137394,239,0,GE-Phase,stroke,136557,137175,618,20,0.084,598,219
137155,137394,239,0,GE-Phase,retraction,137175,138288,1113,219,0.916,-20,-894
141050,143026,1976,0,GE-Phrase,266,138288,141167,2879,117,0.059,2762,1859
141050,143026,1976,0,GE-Phrase,267,141167,142467,1300,1300,0.658,-117,559
141050,143026,1976,0,GE-Phrase,268,142467,145380,2913,559,0.283,-1417,-2354
141050,143026,1976,0,GE-Phase,stroke,139895,141167,1272,117,0.059,1155,1859
141050,143026,1976,0,GE-Phase,stroke,141167,142045,878,878,0.444,-117,981
141050,143026,1976,0,GE-Phase,hold,142045,142467,422,422,0.214,-995,559
141050,143026,1976,0,GE-Phase,preparation,142467,143704,1237,559,0.283,-1417,-678
149300,150432,1132,0,GE-Phrase,270,147413,149490,2077,190,0.168,1887,942
149300,150432,1132,0,GE-Phrase,271,149490,151803,2313,942,0.832,-190,-1371
149300,150432,1132,0,GE-Phase,hold,148742,149490,748,190,0.168,558,942
149300,150432,1132,0,GE-Phase,preparation,149490,150125,635,635,0.561,-190,307
149300,150432,1132,0,GE-Phase,stroke,150125,151219,1094,307,0.271,-825,-787
9631,12030,2399,0,GE-Phrase,205,9104,11228,2124,1597,0.666,527,802
9631,12030,2399,0,GE-Phrase,206,11228,13092,1864,802,0.334,-1597,-1062
9631,12030,2399,0,GE-Phase,preparation,9104,10503,1399,872,0.363,527,1527
9631,12030,2399,0,GE-Phase,stroke,10503,10898,395,395,0.165,-872,1132
9631,12030,2399,0,GE-Phase,retraction,10898,11228,330,330,0.138,-1267,802
9631,12030,2399,0,GE-Phase,preparation,11228,11616,388,388,0.162,-1597,414
9631,12030,2399,0,GE-Phase,stroke,11616,12216,600,414,0.173,-1985,-186
12030,13506,1476,0,GE-Phrase,206,11228,13092,1864,1062,0.72,802,414
12030,13506,1476,0,GE-Phrase,207,13092,14908,1816,414,0.28,-1062,-1402
12030,13506,1476,0,GE-Phase,stroke,11616,12216,600,186,0.126,414,1290
12030,13506,1476,0,GE-Phase,retraction,12216,13092,876,876,0.593,-186,414
12030,13506,1476,0,GE-Phase,preparation,13092,13708,616,414,0.28,-1062,-202
25187,26370,1183,0,GE-Phrase,212,23414,26572,3158,1183,1.0,1773,-202
25187,26370,1183,0,GE-Phase,stroke,23890,25250,1360,63,0.053,1297,1120
25187,26370,1183,0,GE-Phase,retraction,25250,26572,1322,1120,0.947,-63,-202
26370,27200,830,0,GE-Phrase,212,23414,26572,3158,202,0.243,2956,628
26370,27200,830,0,GE-Phrase,213,26572,28865,2293,628,0.757,-202,-1665
26370,27200,830,0,GE-Phase,retraction,25250,26572,1322,202,0.243,1120,628
26370,27200,830,0,GE-Phase,preparation,26572,27305,733,628,0.757,-202,-105
27200,28048,848,0,GE-Phrase,213,26572,28865,2293,848,1.0,628,-817
27200,28048,848,0,GE-Phase,preparation,26572,27305,733,105,0.124,628,743
27200,28048,848,0,GE-Phase,stroke,27305,28425,1120,743,0.876,-105,-377
28048,29000,952,0,GE-Phrase,213,26572,28865,2293,817,0.858,1476,135
28048,29000,952,0,GE-Phrase,214,28865,30267,1402,135,0.142,-817,-1267
28048,29000,952,0,GE-Phase,stroke,27305,28425,1120,377,0.396,743,575
28048,29000,952,0,GE-Phase,retraction,28425,28865,440,440,0.462,-377,135
28048,29000,952,0,GE-Phase,preparation,28865,29147,282,135,0.142,-817,-147
69250,70269,1019,0,GE-Phrase,233,69124,70078,954,828,0.813,126,191
69250,70269,1019,0,GE-Phrase,234,70078,71694,1616,191,0.187,-828,-1425
69250,70269,1019,0,GE-Phase,preparation,69124,69404,280,154,0.151,126,865
69250,70269,1019,0,GE-Phase,stroke,69404,70078,674,674,0.661,-154,191
69250,70269,1019,0,GE-Phase,preparation,70078,70626,548,191,0.187,-828,-357
123300,123678,378,0,GE-Phrase,261,123162,126484,3322,378,1.0,138,-2806
123300,123678,378,0,GE-Phase,preparation,123162,123543,381,243,0.643,138,135
123300,123678,378,0,GE-Phase,stroke,123543,125275,1732,135,0.357,-243,-1597
123678,123884,206,0,GE-Phrase,261,123162,126484,3322,206,1.0,516,-2600
123678,123884,206,0,GE-Phase,stroke,123543,125275,1732,206,1.0,135,-1391
123884,124760,876,0,GE-Phrase,261,123162,126484,3322,876,1.0,722,-1724
123884,124760,876,0,GE-Phase,stroke,123543,125275,1732,876,1.0,341,-515
124760,125900,1140,0,GE-Phrase,261,123162,126484,3322,1140,1.0,1598,-584
124760,125900,1140,0,GE-Phase,stroke,123543,125275,1732,515,0.452,1217,625
124760,125900,1140,0,GE-Phase,retraction,125275,126484,1209,625,0.548,-515,-584
125900,127426,1526,0,GE-Phrase,261,123162,126484,3322,584,0.383,2738,942
125900,127426,1526,0,GE-Phase,retraction,125275,126484,1209,584,0.383,625,942
131400,132715,1315,0,GE-Phrase,262,128821,132202,3381,802,0.61,2579,513
131400,132715,1315,0,GE-Phrase,263,132202,134077,1875,513,0.39,-802,-1362
131400,132715,1315,0,GE-Phase,stroke,131270,132202,932,802,0.61,130,513
131400,132715,1315,0,GE-Phase,preparation,132202,132712,510,510,0.388,-802,3
131400,132715,1315,0,GE-Phase,stroke,132712,133300,588,3,0.002,-1312,-585
132715,134762,2047,0,GE-Phrase,263,132202,134077,1875,1362,0.665,513,685
132715,134762,2047,0,GE-Phrase,264,134077,135782,1705,685,0.335,-1362,-1020
132715,134762,2047,0,GE-Phase,stroke,132712,133300,588,585,0.286,3,1462
132715,134762,2047,0,GE-Phase,retraction,133300,134077,777,777,0.38,-585,685
132715,134762,2047,0,GE-Phase,preparation,134077,134927,850,685,0.335,-1362,-165
136371,137155,784,0,GE-Phrase,265,135782,138288,2506,784,1.0,589,-1133
136371,137155,784,0,GE-Phase,preparation,135782,136557,775,186,0.237,589,598
136371,137155,784,0,GE-Phase,stroke,136557,137175,618,598,0.763,-186,-20
137155,137394,239,0,GE-Phrase,265,135782,138288,2506,239,1.0,1373,-894
137155,137394,239,0,GE-Phase,stroke,136557,137175,618,20,0.084,598,219
137155,137394,239,0,GE-Phase,retraction,137175,138288,1113,219,0.916,-20,-894
141050,143026,1976,0,GE-Phrase,266,138288,141167,2879,117,0.059,2762,1859
141050,143026,1976,0,GE-Phrase,267,141167,142467,1300,1300,0.658,-117,559
141050,143026,1976,0,GE-Phrase,268,142467,145380,2913,559,0.283,-1417,-2354
141050,143026,1976,0,GE-Phase,stroke,139895,141167,1272,117,0.059,1155,1859
141050,143026,1976,0,GE-Phase,stroke,141167,142045,878,878,0.444,-117,981
141050,143026,1976,0,GE-Phase,hold,142045,142467,422,422,0.214,-995,559
141050,143026,1976,0,GE-Phase,preparation,142467,143704,1237,559,0.283,-1417,-678
149300,150432,1132,0,GE-Phrase,270,147413,149490,2077,190,0.168,1887,942
149300,150432,1132,0,GE-Phrase,271,149490,151803,2313,942,0.832,-190,-1371
149300,150432,1132,0,GE-Phase,hold,148742,149490,748,190,0.168,558,942
149300,150432,1132,0,GE-Phase,preparation,149490,150125,635,635,0.561,-190,307
149300,150432,1132,0,GE-Phase,stroke,150125,151219,1094,307,0.271,-825,-787
9631,12030,2399,0,GE-Phrase,205,9104,11228,2124,1597,0.666,527,802
9631,12030,2399,0,GE-Phrase,206,11228,13092,1864,802,0.334,-1597,-1062
9631,12030,2399,0,GE-Phase,preparation,9104,10503,1399,872,0.363,527,1527
9631,12030,2399,0,GE-Phase,stroke,10503,10898,395,395,0.165,-872,1132
9631,12030,2399,0,GE-Phase,retraction,10898,11228,330,330,0.138,-1267,802
9631,12030,2399,0,GE-Phase,preparation,11228,11616,388,388,0.162,-1597,414
9631,12030,2399,0,GE-Phase,stroke,11616,12216,600,414,0.173,-1985,-186
12030,13506,1476,0,GE-Phrase,206,11228,13092,1864,1062,0.72,802,414
12030,13506,1476,0,GE-Phrase,207,13092,14908,1816,414,0.28,-1062,-1402
12030,13506,1476,0,GE-Phase,stroke,11616,12216,600,186,0.126,414,1290
12030,13506,1476,0,GE-Phase,retraction,12216,13092,876,876,0.593,-186,414
12030,13506,1476,0,GE-Phase,preparation,13092,13708,616,414,0.28,-1062,-202
25187,26370,1183,0,GE-Phrase,212,23414,26572,3158,1183,1.0,1773,-202
25187,26370,1183,0,GE-Phase,stroke,23890,25250,1360,63,0.053,1297,1120
25187,26370,1183,0,GE-Phase,retraction,25250,26572,1322,1120,0.947,-63,-202
26370,27200,830,0,GE-Phrase,212,23414,26572,3158,202,0.243,2956,628
26370,27200,830,0,GE-Phrase,213,26572,28865,2293,628,0.757,-202,-1665
26370,27200,830,0,GE-Phase,retraction,25250,26572,1322,202,0.243,1120,628
26370,27200,830,0,GE-Phase,preparation,26572,27305,733,628,0.757,-202,-105
27200,28048,848,0,GE-Phrase,213,26572,28865,2293,848,1.0,628,-817
27200,28048,848,0,GE-Phase,preparation,26572,27305,733,105,0.124,628,743
27200,28048,848,0,GE-Phase,stroke,27305,28425,1120,743,0.876,-105,-377
28048,29000,952,0,GE-Phrase,213,26572,28865,2293,817,0.858,1476,135
28048,29000,952,0,GE-Phrase,214,28865,30267,1402,135,0.142,-817,-1267
28048,29000,952,0,GE-Phase,stroke,27305,28425,1120,377,0.396,743,575
28048,29000,952,0,GE-Phase,retraction,28425,28865,440,440,0.462,-377,135
28048,29000,952,0,GE-Phase,preparation,28865,29147,282,135,0.142,-817,-147
69250,70269,1019,0,GE-Phrase,233,69124,70078,954,828,0.813,126,191
69250,70269,1019,0,GE-Phrase,234,70078,71694,1616,191,0.187,-828,-1425
69250,70269,1019,0,GE-Phase,preparation,69124,69404,280,154,0.151,126,865
69250,70269,1019,0,GE-Phase,stroke,69404,70078,674,674,0.661,-154,191
69250,70269,1019,0,GE-Phase,preparation,70078,70626,548,191,0.187,-828,-357
123300,123678,378,0,GE-Phrase,261,123162,126484,3322,378,1.0,138,-2806
123300,123678,378,0,GE-Phase,preparation,123162,123543,381,243,0.643,138,135
123300,123678,378,0,GE-Phase,stroke,123543,125275,1732,135,0.357,-243,-1597
123678,123884,206,0,GE-Phrase,261,123162,126484,3322,206,1.0,516,-2600
123678,123884,206,0,GE-Phase,stroke,123543,125275,1732,206,1.0,135,-1391
123884,124760,876,0,GE-Phrase,261,123162,126484,3322,876,1.0,722,-1724
123884,124760,876,0,GE-Phase,stroke,123543,125275,1732,876,1.0,341,-515
124760,125900,1140,0,GE-Phrase,261,123162,126484,3322,1140,1.0,1598,-584
124760,125900,1140,0,GE-Phase,stroke,123543,125275,1732,515,0.452,1217,625
124760,125900,1140,0,GE-Phase,retraction,125275,126484,1209,625,0.548,-515,-584
125900,127426,1526,0,GE-Phrase,261,123162,126484,3322,584,0.383,2738,942
125900,127426,1526,0,GE-Phase,retraction,125275,126484,1209,584,0.383,625,942
131400,132715,1315,0,GE-Phrase,262,128821,132202,3381,802,0.61,2579,513
131400,132715,1315,0,GE-Phrase,263,132202,134077,1875,513,0.39,-802,-1362
131400,132715,1315,0,GE-Phase,stroke,131270,132202,932,802,0.61,130,513
131400,132715,1315,0,GE-Phase,preparation,132202,132712,510,510,0.388,-802,3
131400,132715,1315,0,GE-Phase,stroke,132712,133300,588,3,0.002,-1312,-585
132715,134762,2047,0,GE-Phrase,263,132202,134077,1875,1362,0.665,513,685
132715,134762,2047,0,GE-Phrase,264,134077,135782,1705,685,0.335,-1362,-1020
132715,134762,2047,0,GE-Phase,stroke,132712,133300,588,585,0.286,3,1462
132715,134762,2047,0,GE-Phase,retraction,133300,134077,777,777,0.38,-585,685
132715,134762,2047,0,GE-Phase,preparation,134077,134927,850,685,0.335,-1362,-165
136371,137155,784,0,GE-Phrase,265,135782,138288,2506,784,1.0,589,-1133
136371,137155,784,0,GE-Phase,preparation,135782,136557,775,186,0.237,589,598
136371,137155,784,0,GE-Phase,stroke,136557,137175,618,598,0.763,-186,-20
137155,137394,239,0,GE-Phrase,265,135782,138288,2506,239,1.0,1373,-894
137155,137394,239,0,GE-Phase,stroke,136557,137175,618,20,0.084,598,219
137155,137394,239,0,GE-Phase,retraction,137175,138288,1113,219,0.916,-20,-894
141050,143026,1976,0,GE-Phrase,266,138288,141167,2879,117,0.059,2762,1859
141050,143026,1976,0,GE-Phrase,267,141167,142467,1300,1300,0.658,-117,559
141050,143026,1976,0,GE-Phrase,268,142467,145380,2913,559,0.283,-1417,-2354
141050,143026,1976,0,GE-Phase,stroke,139895,141167,1272,117,0.059,1155,1859
141050,143026,1976,0,GE-Phase,stroke,141167,142045,878,878,0.444,-117,981
141050,143026,1976,0,GE-Phase,hold,142045,142467,422,422,0.214,-995,559
141050,143026,1976,0,GE-Phase,preparation,142467,143704,1237,559,0.283,-1417,-678
149300,150432,1132,0,GE-Phrase,270,147413,149490,2077,190,0.168,1887,942
149300,150432,1132,0,GE-Phrase,271,149490,151803,2313,942,0.832,-190,-1371
149300,150432,1132,0,GE-Phase,hold,148742,149490,748,190,0.168,558,942
149300,150432,1132,0,GE-Phase,preparation,149490,150125,635,635,0.561,-190,307
149300,150432,1132,0,GE-Phase,stroke,150125,151219,1094,307,0.271,-825,-787
9631,12030,2399,0,GE-Phrase,205,9104,11228,2124,1597,0.666,527,802
9631,12030,2399,0,GE-Phrase,206,11228,13092,1864,802,0.334,-1597,-1062
9631,12030,2399,0,GE-Phase,preparation,9104,10503,1399,872,0.363,527,1527
9631,12030,2399,0,GE-Phase,stroke,10503,10898,395,395,0.165,-872,1132
9631,12030,2399,0,GE-Phase,retraction,10898,11228,330,330,0.138,-1267,802
9631,12030,2399,0,GE-Phase,preparation,11228,11616,388,388,0.162,-1597,414
9631,12030,2399,0,GE-Phase,stroke,11616,12216,600,414,0.173,-1985,-186
12030,13506,1476,0,GE-Phrase,206,11228,13092,1864,1062,0.72,802,414
12030,13506,1476,0,GE-Phrase,207,13092,14908,1816,414,0.28,-1062,-1402
12030,13506,1476,0,GE-Phase,stroke,11616,12216,600,186,0.126,414,1290
12030,13506,1476,0,GE-Phase,retraction,12216,13092,876,876,0.593,-186,414
12030,13506,1476,0,GE-Phase,preparation,13092,13708,616,414,0.28,-1062,-202
25187,26370,1183,0,GE-Phrase,212,23414,26572,3158,1183,1.0,1773,-202
25187,26370,1183,0,GE-Phase,stroke,23890,25250,1360,63,0.053,1297,1120
25187,26370,1183,0,GE-Phase,retraction,25250,26572,1322,1120,0.947,-63,-202
26370,27200,830,0,GE-Phrase,212,23414,26572,3158,202,0.243,2956,628
26370,27200,830,0,GE-Phrase,213,26572,28865,2293,628,0.757,-202,-1665
26370,27200,830,0,GE-Phase,retraction,25250,26572,1322,202,0.243,1120,628
26370,27200,830,0,GE-Phase,preparation,26572,27305,733,628,0.757,-202,-105
27200,28048,848,0,GE-Phrase,213,26572,28865,2293,848,1.0,628,-817
27200,28048,848,0,GE-Phase,preparation,26572,27305,733,105,0.124,628,743
27200,28048,848,0,GE-Phase,stroke,27305,28425,1120,743,0.876,-105,-377
28048,29000,952,0,GE-Phrase,213,26572,28865,2293,817,0.858,1476,135
28048,29000,952,0,GE-Phrase,214,28865,30267,1402,135,0.142,-817,-1267
28048,29000,952,0,GE-Phase,stroke,27305,28425,1120,377,0.396,743,575
28048,29000,952,0,GE-Phase,retraction,28425,28865,440,440,0.462,-377,135
28048,29000,952,0,GE-Phase,preparation,28865,29147,282,135,0.142,-817,-147
69250,70269,1019,0,GE-Phrase,233,69124,70078,954,828,0.813,126,191
69250,70269,1019,0,GE-Phrase,234,70078,71694,1616,191,0.187,-828,-1425
69250,70269,1019,0,GE-Phase,preparation,69124,69404,280,154,0.151,126,865
69250,70269,1019,0,GE-Phase,stroke,69404,70078,674,674,0.661,-154,191
69250,70269,1019,0,GE-Phase,preparation,70078,70626,548,191,0.187,-828,-357
123300,123678,378,0,GE-Phrase,261,123162,126484,3322,378,1.0,138,-2806
123300,123678,378,0,GE-Phase,preparation,123162,123543,381,243,0.643,138,135
123300,123678,378,0,GE-Phase,stroke,123543,125275,1732,135,0.357,-243,-1597
123678,123884,206,0,GE-Phrase,261,123162,126484,3322,206,1.0,516,-2600
123678,123884,206,0,GE-Phase,stroke,123543,125275,1732,206,1.0,135,-1391
123884,124760,876,0,GE-Phrase,261,123162,126484,3322,876,1.0,722,-1724
123884,124760,876,0,GE-Phase,stroke,123543,125275,1732,876,1.0,341,-515
124760,125900,1140,0,GE-Phrase,261,123162,126484,3322,1140,1.0,1598,-584
124760,125900,1140,0,GE-Phase,stroke,123543,125275,1732,515,0.452,1217,625
124760,125900,1140,0,GE-Phase,retraction,125275,126484,1209,625,0.548,-515,-584
125900,127426,1526,0,GE-Phrase,261,123162,126484,3322,584,0.383,2738,942
125900,127426,1526,0,GE-Phase,retraction,125275,126484,1209,584,0.383,625,942
131400,132715,1315,0,GE-Phrase,262,128821,132202,3381,802,0.61,2579,513
131400,132715,1315,0,GE-Phrase,263,132202,134077,1875,513,0.39,-802,-1362
131400,132715,1315,0,GE-Phase,stroke,131270,132202,932,802,0.61,130,513
131400,132715,1315,0,GE-Phase,preparation,132202,132712,510,510,0.388,-802,3
131400,132715,1315,0,GE-Phase,stroke,132712,133300,588,3,0.002,-1312,-585
132715,134762,2047,0,GE-Phrase,263,132202,134077,1875,1362,0.665,513,685
132715,134762,2047,0,GE-Phrase,264,134077,135782,1705,685,0.335,-1362,-1020
132715,134762,2047,0,GE-Phase,stroke,132712,133300,588,585,0.286,3,1462
132715,134762,2047,0,GE-Phase,retraction,133300,134077,777,777,0.38,-585,685
132715,134762,2047,0,GE-Phase,preparation,134077,134927,850,685,0.335,-1362,-165
136371,137155,784,0,GE-Phrase,265,135782,138288,2506,784,1.0,589,-1133
136371,137155,784,0,GE-Phase,preparation,135782,136557,775,186,0.237,589,598
136371,137155,784,0,GE-Phase,stroke,136557,137175,618,598,0.763,-186,-20
137155,137394,239,0,GE-Phrase,265,135782,138288,2506,239,1.0,1373,-894
137155,137394,239,0,GE-Phase,stroke,136557,137175,618,20,0.084,598,219
137155,137394,239,0,GE-Phase,retraction,137175,138288,1113,219,0.916,-20,-894
141050,143026,1976,0,GE-Phrase,266,138288,141167,2879,117,0.059,2762,1859
141050,143026,1976,0,GE-Phrase,267,141167,142467,1300,1300,0.658,-117,559
141050,143026,1976,0,GE-Phrase,268,142467,145380,2913,559,0.283,-1417,-2354
141050,143026,1976,0,GE-Phase,stroke,139895,141167,1272,117,0.059,1155,1859
141050,143026,1976,0,GE-Phase,stroke,141167,142045,878,878,0.444,-117,981
141050,143026,1976,0,GE-Phase,hold,142045,142467,422,422,0.214,-995,559
141050,143026,1976,0,GE-Phase,preparation,142467,143704,1237,559,0.283,-1417,-678
149300,150432,1132,0,GE-Phrase,270,147413,149490,2077,190,0.168,1887,942
149300,150432,1132,0,GE-Phrase,271,149490,151803,2313,942,0.832,-190,-1371
149300,150432,1132,0,GE-Phase,hold,148742,149490,748,190,0.168,558,942
149300,150432,1132,0,GE-Phase,preparation,149490,150125,635,635,0.561,-190,307
149300,150432,1132,0,GE-Phase,stroke,150125,151219,1094,307,0.271,-825,-787
9631,12030,2399,0,GE-Phrase,205,9104,11228,2124,1597,0.666,527,802
9631,12030,2399,0,GE-Phrase,206,11228,13092,1864,802,0.334,-1597,-1062
9631,12030,2399,0,GE-Phase,preparation,9104,10503,1399,872,0.363,527,1527
9631,12030,2399,0,GE-Phase,stroke,10503,10898,395,395,0.165,-872,1132
9631,12030,2399,0,GE-Phase,retraction,10898,11228,330,330,0.138,-1267,802
9631,12030,2399,0,GE-Phase,preparation,11228,11616,388,388,0.162,-1597,414
9631,12030,2399,0,GE-Phase,stroke,11616,12216,600,414,0.173,-1985,-186
12030,13506,1476,0,GE-Phrase,206,11228,13092,1864,1062,0.72,802,414
12030,13506,1476,0,GE-Phrase,207,13092,14908,1816,414,0.28,-1062,-1402
12030,13506,1476,0,GE-Phase,stroke,11616,12216,600,186,0.126,414,1290
12030,13506,1476,0,GE-Phase,retraction,12216,13092,876,876,0.593,-186,414
12030,13506,1476,0,GE-Phase,preparation,13092,13708,616,414,0.28,-1062,-202
25187,26370,1183,0,GE-Phrase,212,23414,26572,3158,1183,1.0,1773,-202
25187,26370,1183,0,GE-Phase,stroke,23890,25250,1360,63,0.053,1297,1120
25187,26370,1183,0,GE-Phase,retraction,25250,26572,1322,1120,0.947,-63,-202
26370,27200,830,0,GE-Phrase,212,23414,26572,3158,202,0.243,2956,628
26370,27200,830,0,GE-Phrase,213,26572,28865,2293,628,0.757,-202,-1665
26370,27200,830,0,GE-Phase,retraction,25250,26572,1322,202,0.243,1120,628
26370,27200,830,0,GE-Phase,preparation,26572,27305,733,628,0.757,-202,-105
27200,28048,848,0,GE-Phrase,213,26572,28865,2293,848,1.0,628,-817
27200,28048,848,0,GE-Phase,preparation,26572,27305,733,105,0.124,628,743
27200,28048,848,0,GE-Phase,stroke,27305,28425,1120,743,0.876,-105,-377
28048,29000,952,0,GE-Phrase,213,26572,28865,2293,817,0.858,1476,135
28048,29000,952,0,GE-Phrase,214,28865,30267,1402,135,0.142,-817,-1267
28048,29000,952,0,GE-Phase,stroke,27305,28425,1120,377,0.396,743,575
28048,29000,952,0,GE-Phase,retraction,28425,28865,440,440,0.462,-377,135
28048,29000,952,0,GE-Phase,preparation,28865,29147,282,135,0.142,-817,-147
69250,70269,1019,0,GE-Phrase,233,69124,70078,954,828,0.813,126,191
69250,70269,1019,0,GE-Phrase,234,70078,71694,1616,191,0.187,-828,-1425
69250,70269,1019,0,GE-Phase,preparation,69124,69404,280,154,0.151,126,865
69250,70269,1019,0,GE-Phase,stroke,69404,70078,674,674,0.661,-154,191
69250,70269,1019,0,GE-Phase,preparation,70078,70626,548,191,0.187,-828,-357
123300,123678,378,0,GE-Phrase,261,123162,126484,3322,378,1.0,138,-2806
123300,123678,378,0,GE-Phase,preparation,123162,123543,381,243,0.643,138,135
123300,123678,378,0,GE-Phase,stroke,123543,125275,1732,135,0.357,-243,-1597
123678,123884,206,0,GE-Phrase,261,123162,126484,3322,206,1.0,516,-2600
123678,123884,206,0,GE-Phase,stroke,123543,125275,1732,206,1.0,135,-1391
123884,124760,876,0,GE-Phrase,261,123162,126484,3322,876,1.0,722,-1724
123884,124760,876,0,GE-Phase,stroke,123543,125275,1732,876,1.0,341,-515
124760,125900,1140,0,GE-Phrase,261,123162,126484,3322,1140,1.0,1598,-584
124760,125900,1140,0,GE-Phase,stroke,123543,125275,1732,515,0.452,1217,625
124760,125900,1140,0,GE-Phase,retraction,125275,126484,1209,625,0.548,-515,-584
125900,127426,1526,0,GE-Phrase,261,123162,126484,3322,584,0.383,2738,942
125900,127426,1526,0,GE-Phase,retraction,125275,126484,1209,584,0.383,625,942
131400,132715,1315,0,GE-Phrase,262,128821,132202,3381,802,0.61,2579,513
131400,132715,1315,0,GE-Phrase,263,132202,134077,1875,513,0.39,-802,-1362
131400,132715,1315,0,GE-Phase,stroke,131270,132202,932,802,0.61,130,513
131400,132715,1315,0,GE-Phase,preparation,132202,132712,510,510,0.388,-802,3
131400,132715,1315,0,GE-Phase,stroke,132712,133300,588,3,0.002,-1312,-585
132715,134762,2047,0,GE-Phrase,263,132202,134077,1875,1362,0.665,513,685
132715,134762,2047,0,GE-Phrase,264,134077,135782,1705,685,0.335,-1362,-1020
132715,134762,2047,0,GE-Phase,stroke,132712,133300,588,585,0.286,3,1462
132715,134762,2047,0,GE-Phase,retraction,133300,134077,777,777,0.38,-585,685
132715,134762,2047,0,GE-Phase,preparation,134077,134927,850,685,0.335,-1362,-165
136371,137155,784,0,GE-Phrase,265,135782,138288,2506,784,1.0,589,-1133
136371,137155,784,0,GE-Phase,preparation,135782,136557,775,186,0.237,589,598
136371,137155,784,0,GE-Phase,stroke,136557,137175,618,598,0.763,-186,-20
137155,137394,239,0,GE-Phrase,265,135782,138288,2506,239,1.0,1373,-894
137155,137394,239,0,GE-Phase,stroke,136557,137175,618,20,0.084,598,219
137155,137394,239,0,GE-Phase,retraction,137175,138288,1113,219,0.916,-20,-894
141050,143026,1976,0,GE-Phrase,266,138288,141167,2879,117,0.059,2762,1859
141050,143026,1976,0,GE-Phrase,267,141167,142467,1300,1300,0.658,-117,559
141050,143026,1976,0,GE-Phrase,268,142467,145380,2913,559,0.283,-1417,-2354
141050,143026,1976,0,GE-Phase,stroke,139895,141167,1272,117,0.059,1155,1859
141050,143026,1976,0,GE-Phase,stroke,141167,142045,878,878,0.444,-117,981
141050,143026,1976,0,GE-Phase,hold,142045,142467,422,422,0.214,-995,559
141050,143026,1976,0,GE-Phase,preparation,142467,143704,1237,559,0.283,-1417,-678
149300,150432,1132,0,GE-Phrase,270,147413,149490,2077,190,0.168,1887,942
149300,150432,1132,0,GE-Phrase,271,149490,151803,2313,942,0.832,-190,-1371
149300,150432,1132,0,GE-Phase,hold,148742,149490,748,190,0.168,558,942
149300,150432,1132,0,GE-Phase,preparation,149490,150125,635,635,0.561,-190,307
149300,150432,1132,0,GE-Phase,stroke,150125,151219,1094,307,0.271,-825,-787
9631,12030,2399,0,GE-Phrase,205,9104,11228,2124,1597,0.666,527,802
9631,12030,2399,0,GE-Phrase,206,11228,13092,1864,802,0.334,-1597,-1062
9631,12030,2399,0,GE-Phase,preparation,9104,10503,1399,872,0.363,527,1527
9631,12030,2399,0,GE-Phase,stroke,10503,10898,395,395,0.165,-872,1132
9631,12030,2399,0,GE-Phase,retraction,10898,11228,330,330,0.138,-1267,802
9631,12030,2399,0,GE-Phase,preparation,11228,11616,388,388,0.162,-1597,414
9631,12030,2399,0,GE-Phase,stroke,11616,12216,600,414,0.173,-1985,-186
12030,13506,1476,0,GE-Phrase,206,11228,13092,1864,1062,0.72,802,414
12030,13506,1476,0,GE-Phrase,207,13092,14908,1816,414,0.28,-1062,-1402
12030,13506,1476,0,GE-Phase,stroke,11616,12216,600,186,0.126,414,1290
12030,13506,1476,0,GE-Phase,retraction,12216,13092,876,876,0.593,-186,414
12030,13506,1476,0,GE-Phase,preparation,13092,13708,616,414,0.28,-1062,-202
25187,26370,1183,0,GE-Phrase,212,23414,26572,3158,1183,1.0,1773,-202
25187,26370,1183,0,GE-Phase,stroke,23890,25250,1360,63,0.053,1297,1120
25187,26370,1183,0,GE-Phase,retraction,25250,26572,1322,1120,0.947,-63,-202
26370,27200,830,0,GE-Phrase,212,23414,26572,3158,202,0.243,2956,628
26370,27200,830,0,GE-Phrase,213,26572,28865,2293,628,0.757,-202,-1665
26370,27200,830,0,GE-Phase,retraction,25250,26572,1322,202,0.243,1120,628
26370,27200,830,0,GE-Phase,preparation,26572,27305,733,628,0.757,-202,-105
27200,28048,848,0,GE-Phrase,213,26572,28865,2293,848,1.0,628,-817
27200,28048,848,0,GE-Phase,preparation,26572,27305,733,105,0.124,628,743
27200,28048,848,0,GE-Phase,stroke,27305,28425,1120,743,0.876,-105,-377
28048,29000,952,0,GE-Phrase,213,26572,28865,2293,817,0.858,1476,135
28048,29000,952,0,GE-Phrase,214,28865,30267,1402,135,0.142,-817,-1267
28048,29000,952,0,GE-Phase,stroke,27305,28425,1120,377,0.396,743,575
28048,29000,952,0,GE-Phase,retraction,28425,28865,440,440,0.462,-377,135
28048,29000,952,0,GE-Phase,preparation,28865,29147,282,135,0.142,-817,-147
69250,70269,1019,0,GE-Phrase,233,69124,70078,954,828,0.813,126,191
69250,70269,1019,0,GE-Phrase,234,70078,71694,1616,191,0.187,-828,-1425
69250,70269,1019,0,GE-Phase,preparation,69124,69404,280,154,0.151,126,865
69250,70269,1019,0,GE-Phase,stroke,69404,70078,674,674,0.661,-154,191
69250,70269,1019,0,GE-Phase,preparation,70078,70626,548,191,0.187,-828,-357
123300,123678,378,0,GE-Phrase,261,123162,126484,3322,378,1.0,138,-2806
123300,123678,378,0,GE-Phase,preparation,123162,123543,381,243,0.643,138,135
123300,123678,378,0,GE-Phase,stroke,123543,125275,1732,135,0.357,-243,-1597
123678,123884,206,0,GE-Phrase,261,123162,126484,3322,206,1.0,516,-2600
123678,123884,206,0,GE-Phase,stroke,123543,125275,1732,206,1.0,135,-1391
123884,124760,876,0,GE-Phrase,261,123162,126484,3322,876,1.0,722,-1724
123884,124760,876,0,GE-Phase,stroke,123543,125275,1732,876,1.0,341,-515
124760,125900,1140,0,GE-Phrase,261,123162,126484,3322,1140,1.0,1598,-584
124760,125900,1140,0,GE-Phase,stroke,123543,125275,1732,515,0.452,1217,625
124760,125900,1140,0,GE-Phase,retraction,125275,126484,1209,625,0.548,-515,-584
125900,127426,1526,0,GE-Phrase,261,123162,126484,3322,584,0.383,2738,942
125900,127426,1526,0,GE-Phase,retraction,125275,126484,1209,584,0.383,625,942
131400,132715,1315,0,GE-Phrase,262,128821,132202,3381,802,0.61,2579,513
131400,132715,1315,0,GE-Phrase,263,132202,134077,1875,513,0.39,-802,-1362
131400,132715,1315,0,GE-Phase,stroke,131270,132202,932,802,0.61,130,513
131400,132715,1315,0,GE-Phase,preparation,132202,132712,510,510,0.388,-802,3
131400,132715,1315,0,GE-Phase,stroke,132712,133300,588,3,0.002,-1312,-585
132715,134762,2047,0,GE-Phrase,263,132202,134077,1875,1362,0.665,513,685
132715,134762,2047,0,GE-Phrase,264,134077,135782,1705,685,0.335,-1362,-1020
132715,134762,2047,0,GE-Phase,stroke,132712,133300,588,585,0.286,3,1462
132715,134762,2047,0,GE-Phase,retraction,133300,134077,777,777,0.38,-585,685
132715,134762,2047,0,GE-Phase,preparation,134077,134927,850,685,0.335,-1362,-165
136371,137155,784,0,GE-Phrase,265,135782,138288,2506,784,1.0,589,-1133
136371,137155,784,0,GE-Phase,preparation,135782,136557,775,186,0.237,589,598
136371,137155,784,0,GE-Phase,stroke,136557,137175,618,598,0.763,-186,-20
137155,137394,239,0,GE-Phrase,265,135782,138288,2506,239,1.0,1373,-894
137155,137394,239,0,GE-Phase,stroke,136557,137175,618,20,0.084,598,219
137155,137394,239,0,GE-Phase,retraction,137175,138288,1113,219,0.916,-20,-894
141050,143026,1976,0,GE-Phrase,266,138288,141167,2879,117,0.059,2762,1859
141050,143026,1976,0,GE-Phrase,267,141167,142467,1300,1300,0.658,-117,559
141050,143026,1976,0,GE-Phrase,268,142467,145380,2913,559,0.283,-1417,-2354
141050,143026,1976,0,GE-Phase,stroke,139895,141167,1272,117,0.059,1155,1859
141050,143026,1976,0,GE-Phase,stroke,141167,142045,878,878,0.444,-117,981
141050,143026,1976,0,GE-Phase,hold,142045,142467,422,422,0.214,-995,559
141050,143026,1976,0,GE-Phase,preparation,142467,143704,1237,559,0.283,-1417,-678
149300,150432,1132,0,GE-Phrase,270,147413,149490,2077,190,0.168,1887,942
149300,150432,1132,0,GE-Phrase,271,149490,151803,2313,942,0.832,-190,-1371
149300,150432,1132,0,GE-Phase,hold,148742,149490,748,190,0.168,558,942
149300,150432,1132,0,GE-Phase,preparation,149490,150125,635,635,0.561,-190,307
149300,150432,1132,0,GE-Phase,stroke,150125,151219,1094,307,0.271,-825,-787
9631,12030,2399,0,GE-Phrase,205,9104,11228,2124,1597,0.666,527,802
9631,12030,2399,0,GE-Phrase,206,11228,13092,1864,802,0.334,-1597,-1062
9631,12030,2399,0,GE-Phase,preparation,9104,10503,1399,872,0.363,527,1527
9631,12030,2399,0,GE-Phase,stroke,10503,10898,395,395,0.165,-872,1132
9631,12030,2399,0,GE-Phase,retraction,10898,11228,330,330,0.138,-1267,802
9631,12030,2399,0,GE-Phase,preparation,11228,11616,388,388,0.162,-1597,414
9631,12030,2399,0,GE-Phase,stroke,11616,12216,600,414,0.173,-1985,-186
12030,13506,1476,0,GE-Phrase,206,11228,13092,1864,1062,0.72,802,414
12030,13506,1476,0,GE-Phrase,207,13092,14908,1816,414,0.28,-1062,-1402
12030,13506,1476,0,GE-Phase,stroke,11616,12216,600,186,0.126,414,1290
12030,13506,1476,0,GE-Phase,retraction,12216,13092,876,876,0.593,-186,414
12030,13506,1476,0,GE-Phase,preparation,13092,13708,616,414,0.28,-1062,-202
25187,26370,1183,0,GE-Phrase,212,23414,26572,3158,1183,1.0,1773,-202
25187,26370,1183,0,GE-Phase,stroke,23890,25250,1360,63,0.053,1297,1120
25187,26370,1183,0,GE-Phase,retraction,25250,26572,1322,1120,0.947,-63,-202
26370,27200,830,0,GE-Phrase,212,23414,26572,3158,202,0.243,2956,628
26370,27200,830,0,GE-Phrase,213,26572,28865,2293,628,0.757,-202,-1665
26370,27200,830,0,GE-Phase,retraction,25250,26572,1322,202,0.243,1120,628
26370,27200,830,0,GE-Phase,preparation,26572,27305,733,628,0.757,-202,-105
27200,28048,848,0,GE-Phrase,213,26572,28865,2293,848,1.0,628,-817
27200,28048,848,0,GE-Phase,preparation,26572,27305,733,105,0.124,628,743
27200,28048,848,0,GE-Phase,stroke,27305,28425,1120,743,0.876,-105,-377
28048,29000,952,0,GE-Phrase,213,26572,28865,2293,817,0.858,1476,135
28048,29000,952,0,GE-Phrase,214,28865,30267,1402,135,0.142,-817,-1267
28048,29000,952,0,GE-Phase,stroke,27305,28425,1120,377,0.396,743,575
28048,29000,952,0,GE-Phase,retraction,28425,28865,440,440,0.462,-377,135
28048,29000,952,0,GE-Phase,preparation,28865,29147,282,135,0.142,-817,-147
69250,70269,1019,0,GE-Phrase,233,69124,70078,954,828,0.813,126,191
69250,70269,1019,0,GE-Phrase,234,70078,71694,1616,191,0.187,-828,-1425
69250,70269,1019,0,GE-Phase,preparation,69124,69404,280,154,0.151,126,865
69250,70269,1019,0,GE-Phase,stroke,69404,70078,674,674,0.661,-154,191
69250,70269,1019,0,GE-Phase,preparation,70078,70626,548,191,0.187,-828,-357
123300,123678,378,0,GE-Phrase,261,123162,126484,3322,378,1.0,138,-2806
123300,123678,378,0,GE-Phase,preparation,123162,123543,381,243,0.643,138,135
123300,123678,378,0,GE-Phase,stroke,123543,125275,1732,135,0.357,-243,-1597
123678,123884,206,0,GE-Phrase,261,123162,126484,3322,206,1.0,516,-2600
123678,123884,206,0,GE-Phase,stroke,123543,125275,1732,206,1.0,135,-1391
123884,124760,876,0,GE-Phrase,261,123162,126484,3322,876,1.0,722,-1724
123884,124760,876,0,GE-Phase,stroke,123543,125275,1732,876,1.0,341,-515
124760,125900,1140,0,GE-Phrase,261,123162,126484,3322,1140,1.0,1598,-584
124760,125900,1140,0,GE-Phase,stroke,123543,125275,1732,515,0.452,1217,625
124760,125900,1140,0,GE-Phase,retraction,125275,126484,1209,625,0.548,-515,-584
125900,127426,1526,0,GE-Phrase,261,123162,126484,3322,584,0.383,2738,942
125900,127426,1526,0,GE-Phase,retraction,125275,126484,1209,584,0.383,625,942
131400,132715,1315,0,GE-Phrase,262,128821,132202,3381,802,0.61,2579,513
131400,132715,1315,0,GE-Phrase,263,132202,134077,1875,513,0.39,-802,-1362
131400,132715,1315,0,GE-Phase,stroke,131270,132202,932,802,0.61,130,513
131400,132715,1315,0,GE-Phase,preparation,132202,132712,510,510,0.388,-802,3
131400,132715,1315,0,GE-Phase,stroke,132712,133300,588,3,0.002,-1312,-585
132715,134762,2047,0,GE-Phrase,263,132202,134077,1875,1362,0.665,513,685
132715,134762,2047,0,GE-Phrase,264,134077,135782,1705,685,0.335,-1362,-1020
132715,134762,2047,0,GE-Phase,stroke,132712,133300,588,585,0.286,3,1462
132715,134762,2047,0,GE-Phase,retraction,133300,134077,777,777,0.38,-585,685
132715,134762,2047,0,GE-Phase,preparation,134077,134927,850,685,0.335,-1362,-165
136371,137155,784,0,GE-Phrase,265,135782,138288,2506,784,1.0,589,-1133
136371,137155,784,0,GE-Phase,preparation,135782,136557,775,186,0.237,589,598
136371,137155,784,0,GE-Phase,stroke,136557,137175,618,598,0.763,-186,-20
137155,137394,239,0,GE-Phrase,265,135782,138288,2506,239,1.0,1373,-894
137155,137394,239,0,GE-Phase,stroke,136557,137175,618,20,0.084,598,219
137155,137394,239,0,GE-Phase,retraction,137175,138288,1113,219,0.916,-20,-894
141050,143026,1976,0,GE-Phrase,266,138288,141167,2879,117,0.059,2762,1859
141050,143026,1976,0,GE-Phrase,267,141167,142467,1300,1300,0.658,-117,559
141050,143026,1976,0,GE-Phrase,268,142467,145380,2913,559,0.283,-1417,-2354
141050,143026,1976,0,GE-Phase,stroke,139895,141167,1272,117,0.059,1155,1859
141050,143026,1976,0,GE-Phase,stroke,141167,142045,878,878,0.444,-117,981
141050,143026,1976,0,GE-Phase,hold,142045,142467,422,422,0.214,-995,559
141050,143026,1976,0,GE-Phase,preparation,142467,143704,1237,559,0.283,-1417,-678
149300,150432,1132,0,GE-Phrase,270,147413,149490,2077,190,0.168,1887,942
149300,150432,1132,0,GE-Phrase,271,149490,151803,2313,942,0.832,-190,-1371
149300,150432,1132,0,GE-Phase,hold,148742,149490,748,190,0.168,558,942
149300,150432,1132,0,GE-Phase,preparation,149490,150125,635,635,0.561,-190,307
149300,150432,1132,0,GE-Phase,stroke,150125,151219,1094,307,0.271,-825,-787
9631,12030,2399,0,GE-Phrase,205,9104,11228,2124,1597,0.666,527,802
9631,12030,2399,0,GE-Phrase,206,11228,13092,1864,802,0.334,-1597,-1062
9631,12030,2399,0,GE-Phase,preparation,9104,10503,1399,872,0.363,527,1527
9631,12030,2399,0,GE-Phase,stroke,10503,10898,395,395,0.165,-872,1132
9631,12030,2399,0,GE-Phase,retraction,10898,11228,330,330,0.138,-1267,802
9631,12030,2399,0,GE-Phase,preparation,11228,11616,388,388,0.162,-1597,414
9631,12030,2399,0,GE-Phase,stroke,11616,12216,600,414,0.173,-1985,-186
12030,13506,1476,0,GE-Phrase,206,11228,13092,1864,1062,0.72,802,414
12030,13506,1476,0,GE-Phrase,207,13092,14908,1816,414,0.28,-1062,-1402
12030,13506,1476,0,GE-Phase,stroke,11616,12216,600,186,0.126,414,1290
12030,13506,1476,0,GE-Phase,retraction,12216,13092,876,876,0.593,-186,414
12030,13506,1476,0,GE-Phase,preparation,13092,13708,616,414,0.28,-1062,-202
25187,26370,1183,0,GE-Phrase,212,23414,26572,3158,1183,1.0,1773,-202
25187,26370,1183,0,GE-Phase,stroke,23890,25250,1360,63,0.053,1297,1120
25187,26370,1183,0,GE-Phase,retraction,25250,26572,1322,1120,0.947,-63,-202
26370,27200,830,0,GE-Phrase,212,23414,26572,3158,202,0.243,2956,628
26370,27200,830,0,GE-Phrase,213,26572,28865,2293,628,0.757,-202,-1665
26370,27200,830,0,GE-Phase,retraction,25250,26572,1322,202,0.243,1120,628
26370,27200,830,0,GE-Phase,preparation,26572,27305,733,628,0.757,-202,-105
27200,28048,848,0,GE-Phrase,213,26572,28865,2293,848,1.0,628,-817
27200,28048,848,0,GE-Phase,preparation,26572,27305,733,105,0.124,628,743
27200,28048,848,0,GE-Phase,stroke,27305,28425,1120,743,0.876,-105,-377
28048,29000,952,0,GE-Phrase,213,26572,28865,2293,817,0.858,1476,135
28048,29000,952,0,GE-Phrase,214,28865,30267,1402,135,0.142,-817,-1267
28048,29000,952,0,GE-Phase,stroke,27305,28425,1120,377,0.396,743,575
28048,29000,952,0,GE-Phase,retraction,28425,28865,440,440,0.462,-377,135
28048,29000,952,0,GE-Phase,preparation,28865,29147,282,135,0.142,-817,-147
69250,70269,1019,0,GE-Phrase,233,69124,70078,954,828,0.813,126,191
69250,70269,1019,0,GE-Phrase,234,70078,71694,1616,191,0.187,-828,-1425
69250,70269,1019,0,GE-Phase,preparation,69124,69404,280,154,0.151,126,865
69250,70269,1019,0,GE-Phase,stroke,69404,70078,674,674,0.661,-154,191
69250,70269,1019,0,GE-Phase,preparation,70078,70626,548,191,0.187,-828,-357
123300,123678,378,0,GE-Phrase,261,123162,126484,3322,378,1.0,138,-2806
123300,123678,378,0,GE-Phase,preparation,123162,123543,381,243,0.643,138,135
123300,123678,378,0,GE-Phase,stroke,123543,125275,1732,135,0.357,-243,-1597
123678,123884,206,0,GE-Phrase,261,123162,126484,3322,206,1.0,516,-2600
123678,123884,206,0,GE-Phase,stroke,123543,125275,1732,206,1.0,135,-1391
123884,124760,876,0,GE-Phrase,261,123162,126484,3322,876,1.0,722,-1724
123884,124760,876,0,GE-Phase,stroke,123543,125275,1732,876,1.0,341,-515
124760,125900,1140,0,GE-Phrase,261,123162,126484,3322,1140,1.0,1598,-584
124760,125900,1140,0,GE-Phase,stroke,123543,125275,1732,515,0.452,1217,625
124760,125900,1140,0,GE-Phase,retraction,125275,126484,1209,625,0.548,-515,-584
125900,127426,1526,0,GE-Phrase,261,123162,126484,3322,584,0.383,2738,942
125900,127426,1526,0,GE-Phase,retraction,125275,126484,1209,584,0.383,625,942
131400,132715,1315,0,GE-Phrase,262,128821,132202,3381,802,0.61,2579,513
131400,132715,1315,0,GE-Phrase,263,132202,134077,1875,513,0.39,-802,-1362
131400,132715,1315,0,GE-Phase,stroke,131270,132202,932,802,0.61,130,513
131400,132715,1315,0,GE-Phase,preparation,132202,132712,510,510,0.388,-802,3
131400,132715,1315,0,GE-Phase,stroke,132712,133300,588,3,0.002,-1312,-585
132715,134762,2047,0,GE-Phrase,263,132202,134077,1875,1362,0.665,513,685
132715,134762,2047,0,GE-Phrase,264,134077,135782,1705,685,0.335,-1362,-1020
132715,134762,2047,0,GE-Phase,stroke,132712,133300,588,585,0.286,3,1462
132715,134762,2047,0,GE-Phase,retraction,133300,134077,777,777,0.38,-585,685
132715,134762,2047,0,GE-Phase,preparation,134077,134927,850,685,0.335,-1362,-165
136371,137155,784,0,GE-Phrase,265,135782,138288,2506,784,1.0,589,-1133
136371,137155,784,0,GE-Phase,preparation,135782,136557,775,186,0.237,589,598
136371,137155,784,0,GE-Phase,stroke,136557,137175,618,598,0.763,-186,-20
137155,137394,239,0,GE-Phrase,265,135782,138288,2506,239,1.0,1373,-894
137155,137394,239,0,GE-Phase,stroke,136557,137175,618,20,0.084,598,219
137155,137394,239,0,GE-Phase,retraction,137175,138288,1113,219,0.916,-20,-894
141050,143026,1976,0,GE-Phrase,266,138288,141167,2879,117,0.059,2762,1859
141050,143026,1976,0,GE-Phrase,267,141167,142467,1300,1300,0.658,-117,559
141050,143026,1976,0,GE-Phrase,268,142467,145380,2913,559,0.283,-1417,-2354
141050,143026,1976,0,GE-Phase,stroke,139895,141167,1272,117,0.059,1155,1859
141050,143026,1976,0,GE-Phase,stroke,141167,142045,878,878,0.444,-117,981
141050,143026,1976,0,GE-Phase,hold,142045,142467,422,422,0.214,-995,559
141050,143026,1976,0,GE-Phase,preparation,142467,143704,1237,559,0.283,-1417,-678
149300,150432,1132,0,GE-Phrase,270,147413,149490,2077,190,0.168,1887,942
149300,150432,1132,0,GE-Phrase,271,149490,151803,2313,942,0.832,-190,-1371
149300,150432,1132,0,GE-Phase,hold,148742,149490,748,190,0.168,558,942
149300,150432,1132,0,GE-Phase,preparation,149490,150125,635,635,0.561,-190,307
149300,150432,1132,0,GE-Phase,stroke,150125,151219,1094,307,0.271,-825,-787
9631,12030,2399,0,GE-Phrase,205,9104,11228,2124,1597,0.666,527,802
9631,12030,2399,0,GE-Phrase,206,11228,13092,1864,802,0.334,-1597,-1062
9631,12030,2399,0,GE-Phase,preparation,9104,10503,1399,872,0.363,527,1527
9631,12030,2399,0,GE-Phase,stroke,10503,10898,395,395,0.165,-872,1132
9631,12030,2399,0,GE-Phase,retraction,10898,11228,330,330,0.138,-1267,802
9631,12030,2399,0,GE-Phase,preparation,11228,11616,388,388,0.162,-1597,414
9631,12030,2399,0,GE-Phase,stroke,11616,12216,600,414,0.173,-1985,-186
12030,13506,1476,0,GE-Phrase,206,11228,13092,1864,1062,0.72,802,414
12030,13506,1476,0,GE-Phrase,207,13092,14908,1816,414,0.28,-1062,-1402
12030,13506,1476,0,GE-Phase,stroke,11616,12216,600,186,0.126,414,1290
12030,13506,1476,0,GE-Phase,retraction,12216,13092,876,876,0.593,-186,414
12030,13506,1476,0,GE-Phase,preparation,13092,13708,616,414,0.28,-1062,-202
25187,26370,1183,0,GE-Phrase,212,23414,26572,3158,1183,1.0,1773,-202
25187,26370,1183,0,GE-Phase,stroke,23890,25250,1360,63,0.053,1297,1120
25187,26370,1183,0,GE-Phase,retraction,25250,26572,1322,1120,0.947,-63,-202
26370,27200,830,0,GE-Phrase,212,23414,26572,3158,202,0.243,2956,628
26370,27200,830,0,GE-Phrase,213,26572,28865,2293,628,0.757,-202,-1665
26370,27200,830,0,GE-Phase,retraction,25250,26572,1322,202,0.243,1120,628
26370,27200,830,0,GE-Phase,preparation,26572,27305,733,628,0.757,-202,-105
27200,28048,848,0,GE-Phrase,213,26572,28865,2293,848,1.0,628,-817
27200,28048,848,0,GE-Phase,preparation,26572,27305,733,105,0.124,628,743
27200,28048,848,0,GE-Phase,stroke,27305,28425,1120,743,0.876,-105,-377
28048,29000,952,0,GE-Phrase,213,26572,28865,2293,817,0.858,1476,135
28048,29000,952,0,GE-Phrase,214,28865,30267,1402,135,0.142,-817,-1267
28048,29000,952,0,GE-Phase,stroke,27305,28425,1120,377,0.396,743,575
28048,29000,952,0,GE-Phase,retraction,28425,28865,440,440,0.462,-377,135
28048,29000,952,0,GE-Phase,preparation,28865,29147,282,135,0.142,-817,-147
69250,70269,1019,0,GE-Phrase,233,69124,70078,954,828,0.813,126,191
69250,70269,1019,0,GE-Phrase,234,70078,71694,1616,191,0.187,-828,-1425
69250,70269,1019,0,GE-Phase,preparation,69124,69404,280,154,0.151,126,865
69250,70269,1019,0,GE-Phase,stroke,69404,70078,674,674,0.661,-154,191
69250,70269,1019,0,GE-Phase,preparation,70078,70626,548,191,0.187,-828,-357
123300,123678,378,0,GE-Phrase,261,123162,126484,3322,378,1.0,138,-2806
123300,123678,378,0,GE-Phase,preparation,123162,123543,381,243,0.643,138,135
123300,123678,378,0,GE-Phase,stroke,123543,125275,1732,135,0.357,-243,-1597
123678,123884,206,0,GE-Phrase,261,123162,126484,3322,206,1.0,516,-2600
123678,123884,206,0,GE-Phase,stroke,123543,125275,1732,206,1.0,135,-1391
123884,124760,876,0,GE-Phrase,261,123162,126484,3322,876,1.0,722,-1724
123884,124760,876,0,GE-Phase,stroke,123543,125275,1732,876,1.0,341,-515
124760,125900,1140,0,GE-Phrase,261,123162,126484,3322,1140,1.0,1598,-584
124760,125900,1140,0,GE-Phase,stroke,123543,125275,1732,515,0.452,1217,625
124760,125900,1140,0,GE-Phase,retraction,125275,126484,1209,625,0.548,-515,-584
125900,127426,1526,0,GE-Phrase,261,123162,126484,3322,584,0.383,2738,942
125900,127426,1526,0,GE-Phase,retraction,125275,126484,1209,584,0.383,625,942
131400,132715,1315,0,GE-Phrase,262,128821,132202,3381,802,0.61,2579,513
131400,132715,1315,0,GE-Phrase,263,132202,134077,1875,513,0.39,-802,-1362
131400,132715,1315,0,GE-Phase,stroke,131270,132202,932,802,0.61,130,513
131400,132715,1315,0,GE-Phase,preparation,132202,132712,510,510,0.388,-802,3
131400,132715,1315,0,GE-Phase,stroke,132712,133300,588,3,0.002,-1312,-585
132715,134762,2047,0,GE-Phrase,263,132202,134077,1875,1362,0.665,513,685
132715,134762,2047,0,GE-Phrase,264,134077,135782,1705,685,0.335,-1362,-1020
132715,134762,2047,0,GE-Phase,stroke,132712,133300,588,585,0.286,3,1462
132715,134762,2047,0,GE-Phase,retraction,133300,134077,777,777,0.38,-585,685
132715,134762,2047,0,GE-Phase,preparation,134077,134927,850,685,0.335,-1362,-165
136371,137155,784,0,GE-Phrase,265,135782,138288,2506,784,1.0,589,-1133
136371,137155,784,0,GE-Phase,preparation,135782,136557,775,186,0.237,589,598
136371,137155,784,0,GE-Phase,stroke,136557,137175,618,598,0.763,-186,-20
137155,137394,239,0,GE-Phrase,265,135782,138288,2506,239,1.0,1373,-894
137155,137394,239,0,GE-Phase,stroke,136557,137175,618,20,0.084,598,219
137155,137394,239,0,GE-Phase,retraction,137175,138288,1113,219,0.916,-20,-894
141050,143026,1976,0,GE-Phrase,266,138288,141167,2879,117,0.059,2762,1859
141050,143026,1976,0,GE-Phrase,267,141167,142467,1300,1300,0.658,-117,559
141050,143026,1976,0,GE-Phrase,268,142467,145380,2913,559,0.283,-1417,-2354
141050,143026,1976,0,GE-Phase,stroke,139895,141167,1272,117,0.059,1155,1859
141050,143026,1976,0,GE-Phase,stroke,141167,142045,878,878,0.444,-117,981
141050,143026,1976,0,GE-Phase,hold,142045,142467,422,422,0.214,-995,559
141050,143026,1976,0,GE-Phase,preparation,142467,143704,1237,559,0.283,-1417,-678
149300,150432,1132,0,GE-Phrase,270,147413,149490,2077,190,0.168,1887,942
149300,150432,1132,0,GE-Phrase,271,149490,151803,2313,942,0.832,-190,-1371
149300,150432,1132,0,GE-Phase,hold,148742,149490,748,190,0.168,558,942
149300,150432,1132,0,GE-Phase,preparation,149490,150125,635,635,0.561,-190,307
149300,150432,1132,0,GE-Phase,stroke,150125,151219,1094,307,0.271,-825,-787
9631,12030,2399,0,GE-Phrase,205,9104,11228,2124,1597,0.666,527,802
9631,12030,2399,0,GE-Phrase,206,11228,13092,1864,802,0.334,-1597,-1062
9631,12030,2399,0,GE-Phase,preparation,9104,10503,1399,872,0.363,527,1527
9631,12030,2399,0,GE-Phase,stroke,10503,10898,395,395,0.165,-872,1132
9631,12030,2399,0,GE-Phase,retraction,10898,11228,330,330,0.138,-1267,802
9631,12030,2399,0,GE-Phase,preparation,11228,11616,388,388,0.162,-1597,414
9631,12030,2399,0,GE-Phase,stroke,11616,12216,600,414,0.173,-1985,-186
12030,13506,1476,0,GE-Phrase,206,11228,13092,1864,1062,0.72,802,414
12030,13506,1476,0,GE-Phrase,207,13092,14908,1816,414,0.28,-1062,-1402
12030,13506,1476,0,GE-Phase,stroke,11616,12216,600,186,0.126,414,1290
12030,13506,1476,0,GE-Phase,retraction,12216,13092,876,876,0.593,-186,414
12030,13506,1476,0,GE-Phase,preparation,13092,13708,616,414,0.28,-1062,-202
25187,26370,1183,0,GE-Phrase,212,23414,26572,3158,1183,1.0,1773,-202
25187,26370,1183,0,GE-Phase,stroke,23890,25250,1360,63,0.053,1297,1120
25187,26370,1183,0,GE-Phase,retraction,25250,26572,1322,1120,0.947,-63,-202
26370,27200,830,0,GE-Phrase,212,23414,26572,3158,202,0.243,2956,628
26370,27200,830,0,GE-Phrase,213,26572,28865,2293,628,0.757,-202,-1665
26370,27200,830,0,GE-Phase,retraction,25250,26572,1322,202,0.243,1120,628
26370,27200,830,0,GE-Phase,preparation,26572,27305,733,628,0.757,-202,-105
27200,28048,848,0,GE-Phrase,213,26572,28865,2293,848,1.0,628,-817
27200,28048,848,0,GE-Phase,preparation,26572,27305,733,105,0.124,628,743
27200,28048,848,0,GE-Phase,stroke,27305,28425,1120,743,0.876,-105,-377
28048,29000,952,0,GE-Phrase,213,26572,28865,2293,817,0.858,1476,135
28048,29000,952,0,GE-Phrase,214,28865,30267,1402,135,0.142,-817,-1267
28048,29000,952,0,GE-Phase,stroke,27305,28425,1120,377,0.396,743,575
28048,29000,952,0,GE-Phase,retraction,28425,28865,440,440,0.462,-377,135
28048,29000,952,0,GE-Phase,preparation,28865,29147,282,135,0.142,-817,-147
69250,70269,1019,0,GE-Phrase,233,69124,70078,954,828,0.813,126,191
69250,70269,1019,0,GE-Phrase,234,70078,71694,1616,191,0.187,-828,-1425
69250,70269,1019,0,GE-Phase,preparation,69124,69404,280,154,0.151,126,865
69250,70269,1019,0,GE-Phase,stroke,69404,70078,674,674,0.661,-154,191
69250,70269,1019,0,GE-Phase,preparation,70078,70626,548,191,0.187,-828,-357
123300,123678,378,0,GE-Phrase,261,123162,126484,3322,378,1.0,138,-2806
123300,123678,378,0,GE-Phase,preparation,123162,123543,381,243,0.643,138,135
123300,123678,378,0,GE-Phase,stroke,123543,125275,1732,135,0.357,-243,-1597
123678,123884,206,0,GE-Phrase,261,123162,126484,3322,206,1.0,516,-2600
123678,123884,206,0,GE-Phase,stroke,123543,125275,1732,206,1.0,135,-1391
123884,124760,876,0,GE-Phrase,261,123162,126484,3322,876,1.0,722,-1724
123884,124760,876,0,GE-Phase,stroke,123543,125275,1732,876,1.0,341,-515
124760,125900,1140,0,GE-Phrase,261,123162,126484,3322,1140,1.0,1598,-584
124760,125900,1140,0,GE-Phase,stroke,123543,125275,1732,515,0.452,1217,625
124760,125900,1140,0,GE-Phase,retraction,125275,126484,1209,625,0.548,-515,-584
125900,127426,1526,0,GE-Phrase,261,123162,126484,3322,584,0.383,2738,942
125900,127426,1526,0,GE-Phase,retraction,125275,126484,1209,584,0.383,625,942
131400,132715,1315,0,GE-Phrase,262,128821,132202,3381,802,0.61,2579,513
131400,132715,1315,0,GE-Phrase,263,132202,134077,1875,513,0.39,-802,-1362
131400,132715,1315,0,GE-Phase,stroke,131270,132202,932,802,0.61,130,513
131400,132715,1315,0,GE-Phase,preparation,132202,132712,510,510,0.388,-802,3
131400,132715,1315,0,GE-Phase,stroke,132712,133300,588,3,0.002,-1312,-585
132715,134762,2047,0,GE-Phrase,263,132202,134077,1875,1362,0.665,513,685
132715,134762,2047,0,GE-Phrase,264,134077,135782,1705,685,0.335,-1362,-1020
132715,134762,2047,0,GE-Phase,stroke,132712,133300,588,585,0.286,3,1462
132715,134762,2047,0,GE-Phase,retraction,133300,134077,777,777,0.38,-585,685
132715,134762,2047,0,GE-Phase,preparation,134077,134927,850,685,0.335,-1362,-165
136371,137155,784,0,GE-Phrase,265,135782,138288,2506,784,1.0,589,-1133
136371,137155,784,0,GE-Phase,preparation,135782,136557,775,186,0.237,589,598
136371,137155,784,0,GE-Phase,stroke,136557,137175,618,598,0.763,-186,-20
137155,137394,239,0,GE-Phrase,265,135782,138288,2506,239,1.0,1373,-894
137155,137394,239,0,GE-Phase,stroke,136557,137175,618,20,0.084,598,219
137155,137394,239,0,GE-Phase,retraction,137175,138288,1113,219,0.916,-20,-894
141050,143026,1976,0,GE-Phrase,266,138288,141167,2879,117,0.059,2762,1859
141050,143026,1976,0,GE-Phrase,267,141167,142467,1300,1300,0.658,-117,559
141050,143026,1976,0,GE-Phrase,268,142467,145380,2913,559,0.283,-1417,-2354
141050,143026,1976,0,GE-Phase,stroke,139895,141167,1272,117,0.059,1155,1859
141050,143026,1976,0,GE-Phase,stroke,141167,142045,878,878,0.444,-117,981
141050,143026,1976,0,GE-Phase,hold,142045,142467,422,422,0.214,-995,559
141050,143026,1976,0,GE-Phase,preparation,142467,143704,1237,559,0.283,-1417,-678
149300,150432,1132,0,GE-Phrase,270,147413,149490,2077,190,0.168,1887,942
149300,150432,1132,0,GE-Phrase,271,149490,151803,2313,942,0.832,-190,-1371
149300,150432,1132,0,GE-Phase,hold,148742,149490,748,190,0.168,558,942
149300,150432,1132,0,GE-Phase,preparation,149490,150125,635,635,0.561,-190,307
149300,150432,1132,0,GE-Phase,stroke,150125,151219,1094,307,0.271,-825,-787
9631,12030,2399,0,GE-Phrase,205,9104,11228,2124,1597,0.666,527,802
9631,12030,2399,0,GE-Phrase,206,11228,13092,1864,802,0.334,-1597,-1062
9631,12030,2399,0,GE-Phase,preparation,9104,10503,1399,872,0.363,527,1527
9631,12030,2399,0,GE-Phase,stroke,10503,10898,395,395,0.165,-872,1132
9631,12030,2399,0,GE-Phase,retraction,10898,11228,330,330,0.138,-1267,802
9631,12030,2399,0,GE-Phase,preparation,11228,11616,388,388,0.162,-1597,414
9631,12030,2399,0,GE-Phase,stroke,11616,12216,600,414,0.173,-1985,-186
12030,13506,1476,0,GE-Phrase,206,11228,13092,1864,1062,0.72,802,414
12030,13506,1476,0,GE-Phrase,207,13092,14908,1816,414,0.28,-1062,-1402
12030,13506,1476,0,GE-Phase,stroke,11616,12216,600,186,0.126,414,1290
12030,13506,1476,0,GE-Phase,retraction,12216,13092,876,876,0.593,-186,414
12030,13506,1476,0,GE-Phase,preparation,13092,13708,616,414,0.28,-1062,-202
25187,26370,1183,0,GE-Phrase,212,23414,26572,3158,1183,1.0,1773,-202
25187,26370,1183,0,GE-Phase,stroke,23890,25250,1360,63,0.053,1297,1120
25187,26370,1183,0,GE-Phase,retraction,25250,26572,1322,1120,0.947,-63,-202
26370,27200,830,0,GE-Phrase,212,23414,26572,3158,202,0.243,2956,628
26370,27200,830,0,GE-Phrase,213,26572,28865,2293,628,0.757,-202,-1665
26370,27200,830,0,GE-Phase,retraction,25250,26572,1322,202,0.243,1120,628
26370,27200,830,0,GE-Phase,preparation,26572,27305,733,628,0.757,-202,-105
27200,28048,848,0,GE-Phrase,213,26572,28865,2293,848,1.0,628,-817
27200,28048,848,0,GE-Phase,preparation,26572,27305,733,105,0.124,628,743
27200,28048,848,0,GE-Phase,stroke,27305,28425,1120,743,0.876,-105,-377
28048,29000,952,0,GE-Phrase,213,26572,28865,2293,817,0.858,1476,135
28048,29000,952,0,GE-Phrase,214,28865,30267,1402,135,0.142,-817,-1267
28048,29000,952,0,GE-Phase,stroke,27305,28425,1120,377,0.396,743,575
28048,29000,952,0,GE-Phase,retraction,28425,28865,440,440,0.462,-377,135
28048,29000,952,0,GE-Phase,preparation,28865,29147,282,135,0.142,-817,-147
69250,70269,1019,0,GE-Phrase,233,69124,70078,954,828,0.813,126,191
69250,70269,1019,0,GE-Phrase,234,70078,71694,1616,191,0.187,-828,-1425
69250,70269,1019,0,GE-Phase,preparation,69124,69404,280,154,0.151,126,865
69250,70269,1019,0,GE-Phase,stroke,69404,70078,674,674,0.661,-154,191
69250,70269,1019,0,GE-Phase,preparation,70078,70626,548,191,0.187,-828,-357
123300,123678,378,0,GE-Phrase,261,123162,126484,3322,378,1.0,138,-2806
123300,123678,378,0,GE-Phase,preparation,123162,123543,381,243,0.643,138,135
123300,123678,378,0,GE-Phase,stroke,123543,125275,1732,135,0.357,-243,-1597
123678,123884,206,0,GE-Phrase,261,123162,126484,3322,206,1.0,516,-2600
123678,123884,206,0,GE-Phase,stroke,123543,125275,1732,206,1.0,135,-1391
123884,124760,876,0,GE-Phrase,261,123162,126484,3322,876,1.0,722,-1724
123884,124760,876,0,GE-Phase,stroke,123543,125275,1732,876,1.0,341,-515
124760,125900,1140,0,GE-Phrase,261,123162,126484,3322,1140,1.0,1598,-584
124760,125900,1140,0,GE-Phase,stroke,123543,125275,1732,515,0.452,1217,625
124760,125900,1140,0,GE-Phase,retraction,125275,126484,1209,625,0.548,-515,-584
125900,127426,1526,0,GE-Phrase,261,123162,126484,3322,584,0.383,2738,942
125900,127426,1526,0,GE-Phase,retraction,125275,126484,1209,584,0.383,625,942
131400,132715,1315,0,GE-Phrase,262,128821,132202,3381,802,0.61,2579,513
131400,132715,1315,0,GE-Phrase,263,132202,134077,1875,513,0.39,-802,-1362
131400,132715,1315,0,GE-Phase,stroke,131270,132202,932,802,0.61,130,513
131400,132715,1315,0,GE-Phase,preparation,132202,132712,510,510,0.388,-802,3
131400,132715,1315,0,GE-Phase,stroke,132712,133300,588,3,0.002,-1312,-585
132715,134762,2047,0,GE-Phrase,263,132202,134077,1875,1362,0.665,513,685
132715,134762,2047,0,GE-Phrase,264,134077,135782,1705,685,0.335,-1362,-1020
132715,134762,2047,0,GE-Phase,stroke,132712,133300,588,585,0.286,3,1462
132715,134762,2047,0,GE-Phase,retraction,133300,134077,777,777,0.38,-585,685
132715,134762,2047,0,GE-Phase,preparation,134077,134927,850,685,0.335,-1362,-165
136371,137155,784,0,GE-Phrase,265,135782,138288,2506,784,1.0,589,-1133
136371,137155,784,0,GE-Phase,preparation,135782,136557,775,186,0.237,589,598
136371,137155,784,0,GE-Phase,stroke,136557,137175,618,598,0.763,-186,-20
137155,137394,239,0,GE-Phrase,265,135782,138288,2506,239,1.0,1373,-894
137155,137394,239,0,GE-Phase,stroke,136557,137175,618,20,0.084,598,219
137155,137394,239,0,GE-Phase,retraction,137175,138288,1113,219,0.916,-20,-894
141050,143026,1976,0,GE-Phrase,266,138288,141167,2879,117,0.059,2762,1859
141050,143026,1976,0,GE-Phrase,267,141167,142467,1300,1300,0.658,-117,559
141050,143026,1976,0,GE-Phrase,268,142467,145380,2913,559,0.283,-1417,-2354
141050,143026,1976,0,GE-Phase,stroke,139895,141167,1272,117,0.059,1155,1859
141050,143026,1976,0,GE-Phase,stroke,141167,142045,878,878,0.444,-117,981
141050,143026,1976,0,GE-Phase,hold,142045,142467,422,422,0.214,-995,559
141050,143026,1976,0,GE-Phase,preparation,142467,143704,1237,559,0.283,-1417,-678
149300,150432,1132,0,GE-Phrase,270,147413,149490,2077,190,0.168,1887,942
149300,150432,1132,0,GE-Phrase,271,149490,151803,2313,942,0.832,-190,-1371
149300,150432,1132,0,GE-Phase,hold,148742,149490,748,190,0.168,558,942
149300,150432,1132,0,GE-Phase,preparation,149490,150125,635,635,0.561,-190,307
149300,150432,1132,0,GE-Phase,stroke,150125,151219,1094,307,0.271,-825,-787
9631,12030,2399,0,GE-Phrase,205,9104,11228,2124,1597,0.666,527,802
9631,12030,2399,0,GE-Phrase,206,11228,13092,1864,802,0.334,-1597,-1062
9631,12030,2399,0,GE-Phase,preparation,9104,10503,1399,872,0.363,527,1527
9631,12030,2399,0,GE-Phase,stroke,10503,10898,395,395,0.165,-872,1132
9631,12030,2399,0,GE-Phase,retraction,10898,11228,330,330,0.138,-1267,802
9631,12030,2399,0,GE-Phase,preparation,11228,11616,388,388,0.162,-1597,414
9631,12030,2399,0,GE-Phase,stroke,11616,12216,600,414,0.173,-1985,-186
12030,13506,1476,0,GE-Phrase,206,11228,13092,1864,1062,0.72,802,414
12030,13506,1476,0,GE-Phrase,207,13092,14908,1816,414,0.28,-1062,-1402
12030,13506,1476,0,GE-Phase,stroke,11616,12216,600,186,0.126,414,1290
12030,13506,1476,0,GE-Phase,retraction,12216,13092,876,876,0.593,-186,414
12030,13506,1476,0,GE-Phase,preparation,13092,13708,616,414,0.28,-1062,-202
25187,26370,1183,0,GE-Phrase,212,23414,26572,3158,1183,1.0,1773,-202
25187,26370,1183,0,GE-Phase,stroke,23890,25250,1360,63,0.053,1297,1120
25187,26370,1183,0,GE-Phase,retraction,25250,26572,1322,1120,0.947,-63,-202
26370,27200,830,0,GE-Phrase,212,23414,26572,3158,202,0.243,2956,628
26370,27200,830,0,GE-Phrase,213,26572,28865,2293,628,0.757,-202,-1665
26370,27200,830,0,GE-Phase,retraction,25250,26572,1322,202,0.243,1120,628
26370,27200,830,0,GE-Phase,preparation,26572,27305,733,628,0.757,-202,-105
27200,28048,848,0,GE-Phrase,213,26572,28865,2293,848,1.0,628,-817
27200,28048,848,0,GE-Phase,preparation,26572,27305,733,105,0.124,628,743
27200,28048,848,0,GE-Phase,stroke,27305,28425,1120,743,0.876,-105,-377
28048,29000,952,0,GE-Phrase,213,26572,28865,2293,817,0.858,1476,135
28048,29000,952,0,GE-Phrase,214,28865,30267,1402,135,0.142,-817,-1267
28048,29000,952,0,GE-Phase,stroke,27305,28425,1120,377,0.396,743,575
28048,29000,952,0,GE-Phase,retraction,28425,28865,440,440,0.462,-377,135
28048,29000,952,0,GE-Phase,preparation,28865,29147,282,135,0.142,-817,-147
69250,70269,1019,0,GE-Phrase,233,69124,70078,954,828,0.813,126,191
69250,70269,1019,0,GE-Phrase,234,70078,71694,1616,191,0.187,-828,-1425
69250,70269,1019,0,GE-Phase,preparation,69124,69404,280,154,0.151,126,865
69250,70269,1019,0,GE-Phase,stroke,69404,70078,674,674,0.661,-154,191
69250,70269,1019,0,GE-Phase,preparation,70078,70626,548,191,0.187,-828,-357
123300,123678,378,0,GE-Phrase,261,123162,126484,3322,378,1.0,138,-2806
123300,123678,378,0,GE-Phase,preparation,123162,123543,381,243,0.643,138,135
123300,123678,378,0,GE-Phase,stroke,123543,125275,1732,135,0.357,-243,-1597
123678,123884,206,0,GE-Phrase,261,123162,126484,3322,206,1.0,516,-2600
123678,123884,206,0,GE-Phase,stroke,123543,125275,1732,206,1.0,135,-1391
123884,124760,876,0,GE-Phrase,261,123162,126484,3322,876,1.0,722,-1724
123884,124760,876,0,GE-Phase,stroke,123543,125275,1732,876,1.0,341,-515
124760,125900,1140,0,GE-Phrase,261,123162,126484,3322,1140,1.0,1598,-584
124760,125900,1140,0,GE-Phase,stroke,123543,125275,1732,515,0.452,1217,625
124760,125900,1140,0,GE-Phase,retraction,125275,126484,1209,625,0.548,-515,-584
125900,127426,1526,0,GE-Phrase,261,123162,126484,3322,584,0.383,2738,942
125900,127426,1526,0,GE-Phase,retraction,125275,126484,1209,584,0.383,625,942
131400,132715,1315,0,GE-Phrase,262,128821,132202,3381,802,0.61,2579,513
131400,132715,1315,0,GE-Phrase,263,132202,134077,1875,513,0.39,-802,-1362
131400,132715,1315,0,GE-Phase,stroke,131270,132202,932,802,0.61,130,513
131400,132715,1315,0,GE-Phase,preparation,132202,132712,510,510,0.388,-802,3
131400,132715,1315,0,GE-Phase,stroke,132712,133300,588,3,0.002,-1312,-585
132715,134762,2047,0,GE-Phrase,263,132202,134077,1875,1362,0.665,513,685
132715,134762,2047,0,GE-Phrase,264,134077,135782,1705,685,0.335,-1362,-1020
132715,134762,2047,0,GE-Phase,stroke,132712,133300,588,585,0.286,3,1462
132715,134762,2047,0,GE-Phase,retraction,133300,134077,777,777,0.38,-585,685
132715,134762,2047,0,GE-Phase,preparation,134077,134927,850,685,0.335,-1362,-165
136371,137155,784,0,GE-Phrase,265,135782,138288,2506,784,1.0,589,-1133
136371,137155,784,0,GE-Phase,preparation,135782,136557,775,186,0.237,589,598
136371,137155,784,0,GE-Phase,stroke,136557,137175,618,598,0.763,-186,-20
137155,137394,239,0,GE-Phrase,265,135782,138288,2506,239,1.0,1373,-894
137155,137394,239,0,GE-Phase,stroke,136557,137175,618,20,0.084,598,219
137155,137394,239,0,GE-Phase,retraction,137175,138288,1113,219,0.916,-20,-894
141050,143026,1976,0,GE-Phrase,266,138288,141167,2879,117,0.059,2762,1859
141050,143026,1976,0,GE-Phrase,267,141167,142467,1300,1300,0.658,-117,559
141050,143026,1976,0,GE-Phrase,268,142467,145380,2913,559,0.283,-1417,-2354
141050,143026,1976,0,GE-Phase,stroke,139895,141167,1272,117,0.059,1155,1859
141050,143026,1976,0,GE-Phase,stroke,141167,142045,878,878,0.444,-117,981
141050,143026,1976,0,GE-Phase,hold,142045,142467,422,422,0.214,-995,559
141050,143026,1976,0,GE-Phase,preparation,142467,143704,1237,559,0.283,-1417,-678
149300,150432,1132,0,GE-Phrase,270,147413,149490,2077,190,0.168,1887,942
149300,150432,1132,0,GE-Phrase,271,149490,151803,2313,942,0.832,-190,-1371
149300,150432,1132,0,GE-Phase,hold,148742,149490,748,190,0.168,558,942
149300,150432,1132,0,GE-Phase,preparation,149490,150125,635,635,0.561,-190,307
149300,150432,1132,0,GE-Phase,stroke,150125,151219,1094,307,0.271,-825,-787
9631,12030,2399,0,GE-Phrase,205,9104,11228,2124,1597,0.666,527,802
9631,12030,2399,0,GE-Phrase,206,11228,13092,1864,802,0.334,-1597,-1062
9631,12030,2399,0,GE-Phase,preparation,9104,10503,1399,872,0.363,527,1527
9631,12030,2399,0,GE-Phase,stroke,10503,10898,395,395,0.165,-872,1132
9631,12030,2399,0,GE-Phase,retraction,10898,11228,330,330,0.138,-1267,802
9631,12030,2399,0,GE-Phase,preparation,11228,11616,388,388,0.162,-1597,414
9631,12030,2399,0,GE-Phase,stroke,11616,12216,600,414,0.173,-1985,-186
12030,13506,1476,0,GE-Phrase,206,11228,13092,1864,1062,0.72,802,414
12030,13506,1476,0,GE-Phrase,207,13092,14908,1816,414,0.28,-1062,-1402
12030,13506,1476,0,GE-Phase,stroke,11616,12216,600,186,0.126,414,1290
12030,13506,1476,0,GE-Phase,retraction,12216,13092,876,876,0.593,-186,414
12030,13506,1476,0,GE-Phase,preparation,13092,13708,616,414,0.28,-1062,-202
25187,26370,1183,0,GE-Phrase,212,23414,26572,3158,1183,1.0,1773,-202
25187,26370,1183,0,GE-Phase,stroke,23890,25250,1360,63,0.053,1297,1120
25187,26370,1183,0,GE-Phase,retraction,25250,26572,1322,1120,0.947,-63,-202
26370,27200,830,0,GE-Phrase,212,23414,26572,3158,202,0.243,2956,628
26370,27200,830,0,GE-Phrase,213,26572,28865,2293,628,0.757,-202,-1665
26370,27200,830,0,GE-Phase,retraction,25250,26572,1322,202,0.243,1120,628
26370,27200,830,0,GE-Phase,preparation,26572,27305,733,628,0.757,-202,-105
27200,28048,848,0,GE-Phrase,213,26572,28865,2293,848,1.0,628,-817
27200,28048,848,0,GE-Phase,preparation,26572,27305,733,105,0.124,628,743
27200,28048,848,0,GE-Phase,stroke,27305,28425,1120,743,0.876,-105,-377
28048,29000,952,0,GE-Phrase,213,26572,28865,2293,817,0.858,1476,135
28048,29000,952,0,GE-Phrase,214,28865,30267,1402,135,0.142,-817,-1267
28048,29000,952,0,GE-Phase,stroke,27305,28425,1120,377,0.396,743,575
28048,29000,952,0,GE-Phase,retraction,28425,28865,440,440,0.462,-377,135
28048,29000,952,0,GE-Phase,preparation,28865,29147,282,135,0.142,-817,-147
69250,70269,1019,0,GE-Phrase,233,69124,70078,954,828,0.813,126,191
69250,70269,1019,0,GE-Phrase,234,70078,71694,1616,191,0.187,-828,-1425
69250,70269,1019,0,GE-Phase,preparation,69124,69404,280,154,0.151,126,865
69250,70269,1019,0,GE-Phase,stroke,69404,70078,674,674,0.661,-154,191
69250,70269,1019,0,GE-Phase,preparation,70078,70626,548,191,0.187,-828,-357
123300,123678,378,0,GE-Phrase,261,123162,126484,3322,378,1.0,138,-2806
123300,123678,378,0,GE-Phase,preparation,123162,123543,381,243,0.643,138,135
123300,123678,378,0,GE-Phase,stroke,123543,125275,1732,135,0.357,-243,-1597
123678,123884,206,0,GE-Phrase,261,123162,126484,3322,206,1.0,516,-2600
123678,123884,206,0,GE-Phase,stroke,123543,125275,1732,206,1.0,135,-1391
123884,124760,876,0,GE-Phrase,261,123162,126484,3322,876,1.0,722,-1724
123884,124760,876,0,GE-Phase,stroke,123543,125275,1732,876,1.0,341,-515
124760,125900,1140,0,GE-Phrase,261,123162,126484,3322,1140,1.0,1598,-584
124760,125900,1140,0,GE-Phase,stroke,123543,125275,1732,515,0.452,1217,625
124760,125900,1140,0,GE-Phase,retraction,125275,126484,1209,625,0.548,-515,-584
125900,127426,1526,0,GE-Phrase,261,123162,126484,3322,584,0.383,2738,942
125900,127426,1526,0,GE-Phase,retraction,125275,126484,1209,584,0.383,625,942
131400,132715,1315,0,GE-Phrase,262,128821,132202,3381,802,0.61,2579,513
131400,132715,1315,0,GE-Phrase,263,132202,134077,1875,513,0.39,-802,-1362
131400,132715,1315,0,GE-Phase,stroke,131270,132202,932,802,0.61,130,513
131400,132715,1315,0,GE-Phase,preparation,132202,132712,510,510,0.388,-802,3
131400,132715,1315,0,GE-Phase,stroke,132712,133300,588,3,0.002,-1312,-585
132715,134762,2047,0,GE-Phrase,263,132202,134077,1875,1362,0.665,513,685
132715,134762,2047,0,GE-Phrase,264,134077,135782,1705,685,0.335,-1362,-1020
132715,134762,2047,0,GE-Phase,stroke,132712,133300,588,585,0.286,3,1462
132715,134762,2047,0,GE-Phase,retraction,133300,134077,777,777,0.38,-585,685
132715,134762,2047,0,GE-Phase,preparation,134077,134927,850,685,0.335,-1362,-165
136371,137155,784,0,GE-Phrase,265,135782,138288,2506,784,1.0,589,-1133
136371,137155,784,0,GE-Phase,preparation,135782,136557,775,186,0.237,589,598
136371,137155,784,0,GE-Phase,stroke,136557,137175,618,598,0.763,-186,-20
137155,137394,239,0,GE-Phrase,265,135782,138288,2506,239,1.0,1373,-894
137155,137394,239,0,GE-Phase,stroke,136557,137175,618,20,0.084,598,219
137155,137394,239,0,GE-Phase,retraction,137175,138288,1113,219,0.916,-20,-894
141050,143026,1976,0,GE-Phrase,266,138288,141167,2879,117,0.059,2762,1859
141050,143026,1976,0,GE-Phrase,267,141167,142467,1300,1300,0.658,-117,559
141050,143026,1976,0,GE-Phrase,268,142467,145380,2913,559,0.283,-1417,-2354
141050,143026,1976,0,GE-Phase,stroke,139895,141167,1272,117,0.059,1155,1859
141050,143026,1976,0,GE-Phase,stroke,141167,142045,878,878,0.444,-117,981
141050,143026,1976,0,GE-Phase,hold,142045,142467,422,422,0.214,-995,559
141050,143026,1976,0,GE-Phase,preparation,142467,143704,1237,559,0.283,-1417,-678
149300,150432,1132,0,GE-Phrase,270,147413,149490,2077,190,0.168,1887,942
149300,150432,1132,0,GE-Phrase,271,149490,151803,2313,942,0.832,-190,-1371
149300,150432,1132,0,GE-Phase,hold,148742,149490,748,190,0.168,558,942
149300,150432,1132,0,GE-Phase,preparation,149490,150125,635,635,0.561,-190,307
149300,150432,1132,0,GE-Phase,stroke,150125,151219,1094,307,0.271,-825,-787
9631,12030,2399,0,GE-Phrase,205,9104,11228,2124,1597,0.666,527,802
9631,12030,2399,0,GE-Phrase,206,11228,13092,1864,802,0.334,-1597,-1062
9631,12030,2399,0,GE-Phase,preparation,9104,10503,1399,872,0.363,527,1527
9631,12030,2399,0,GE-Phase,stroke,10503,10898,395,395,0.165,-872,1132
9631,12030,2399,0,GE-Phase,retraction,10898,11228,330,330,0.138,-1267,802
9631,12030,2399,0,GE-Phase,preparation,11228,11616,388,388,0.162,-1597,414
9631,12030,2399,0,GE-Phase,stroke,11616,12216,600,414,0.173,-1985,-186
12030,13506,1476,0,GE-Phrase,206,11228,13092,1864,1062,0.72,802,414
12030,13506,1476,0,GE-Phrase,207,13092,14908,1816,414,0.28,-1062,-1402
12030,13506,1476,0,GE-Phase,stroke,11616,12216,600,186,0.126,414,1290
12030,13506,1476,0,GE-Phase,retraction,12216,13092,876,876,0.593,-186,414
12030,13506,1476,0,GE-Phase,preparation,13092,13708,616,414,0.28,-1062,-202
25187,26370,1183,0,GE-Phrase,212,23414,26572,3158,1183,1.0,1773,-202
25187,26370,1183,0,GE-Phase,stroke,23890,25250,1360,63,0.053,1297,1120
25187,26370,1183,0,GE-Phase,retraction,25250,26572,1322,1120,0.947,-63,-202
26370,27200,830,0,GE-Phrase,212,23414,26572,3158,202,0.243,2956,628
26370,27200,830,0,GE-Phrase,213,26572,28865,2293,628,0.757,-202,-1665
26370,27200,830,0,GE-Phase,retraction,25250,26572,1322,202,0.243,1120,628
26370,27200,830,0,GE-Phase,preparation,26572,27305,733,628,0.757,-202,-105
27200,28048,848,0,GE-Phrase,213,26572,28865,2293,848,1.0,628,-817
27200,28048,848,0,GE-Phase,preparation,26572,27305,733,105,0.124,628,743
27200,28048,848,0,GE-Phase,stroke,27305,28425,1120,743,0.876,-105,-377
28048,29000,952,0,GE-Phrase,213,26572,28865,2293,817,0.858,1476,135
28048,29000,952,0,GE-Phrase,214,28865,30267,1402,135,0.142,-817,-1267
28048,29000,952,0,GE-Phase,stroke,27305,28425,1120,377,0.396,743,575
28048,29000,952,0,GE-Phase,retraction,28425,28865,440,440,0.462,-377,135
28048,29000,952,0,GE-Phase,preparation,28865,29147,282,135,0.142,-817,-147
69250,70269,1019,0,GE-Phrase,233,69124,70078,954,828,0.813,126,191
69250,70269,1019,0,GE-Phrase,234,70078,71694,1616,191,0.187,-828,-1425
69250,70269,1019,0,GE-Phase,preparation,69124,69404,280,154,0.151,126,865
69250,70269,1019,0,GE-Phase,stroke,69404,70078,674,674,0.661,-154,191
69250,70269,1019,0,GE-Phase,preparation,70078,70626,548,191,0.187,-828,-357
123300,123678,378,0,GE-Phrase,261,123162,126484,3322,378,1.0,138,-2806
123300,123678,378,0,GE-Phase,preparation,123162,123543,381,243,0.643,138,135
123300,123678,378,0,GE-Phase,stroke,123543,125275,1732,135,0.357,-243,-1597
123678,123884,206,0,GE-Phrase,261,123162,126484,3322,206,1.0,516,-2600
123678,123884,206,0,GE-Phase,stroke,123543,125275,1732,206,1.0,135,-1391
123884,124760,876,0,GE-Phrase,261,123162,126484,3322,876,1.0,722,-1724
123884,124760,876,0,GE-Phase,stroke,123543,125275,1732,876,1.0,341,-515
124760,125900,1140,0,GE-Phrase,261,123162,126484,3322,1140,1.0,1598,-584
124760,125900,1140,0,GE-Phase,stroke,123543,125275,1732,515,0.452,1217,625
124760,125900,1140,0,GE-Phase,retraction,125275,126484,1209,625,0.548,-515,-584
125900,127426,1526,0,GE-Phrase,261,123162,126484,3322,584,0.383,2738,942
125900,127426,1526,0,GE-Phase,retraction,125275,126484,1209,584,0.383,625,942
131400,132715,1315,0,GE-Phrase,262,128821,132202,3381,802,0.61,2579,513
131400,132715,1315,0,GE-Phrase,263,132202,134077,1875,513,0.39,-802,-1362
131400,132715,1315,0,GE-Phase,stroke,131270,132202,932,802,0.61,130,513
131400,132715,1315,0,GE-Phase,preparation,132202,132712,510,510,0.388,-802,3
131400,132715,1315,0,GE-Phase,stroke,132712,133300,588,3,0.002,-1312,-585
132715,134762,2047,0,GE-Phrase,263,132202,134077,1875,1362,0.665,513,685
132715,134762,2047,0,GE-Phrase,264,134077,135782,1705,685,0.335,-1362,-1020
132715,134762,2047,0,GE-Phase,stroke,132712,133300,588,585,0.286,3,1462
132715,134762,2047,0,GE-Phase,retraction,133300,134077,777,777,0.38,-585,685
132715,134762,2047,0,GE-Phase,preparation,134077,134927,850,685,0.335,-1362,-165
136371,137155,784,0,GE-Phrase,265,135782,138288,2506,784,1.0,589,-1133
136371,137155,784,0,GE-Phase,preparation,135782,136557,775,186,0.237,589,598
136371,137155,784,0,GE-Phase,stroke,136557,137175,618,598,0.763,-186,-20
137155,137394,239,0,GE-Phrase,265,135782,138288,2506,239,1.0,1373,-894
137155,137394,239,0,GE-Phase,stroke,136557,137175,618,20,0.084,598,219
137155,137394,239,0,GE-Phase,retraction,137175,138288,1113,219,0.916,-20,-894
141050,143026,1976,0,GE-Phrase,266,138288,141167,2879,117,0.059,2762,1859
141050,143026,1976,0,GE-Phrase,267,141167,142467,1300,1300,0.658,-117,559
141050,143026,1976,0,GE-Phrase,268,142467,145380,2913,559,0.283,-1417,-2354
141050,143026,1976,0,GE-Phase,stroke,139895,141167,1272,117,0.059,1155,1859
141050,143026,1976,0,GE-Phase,stroke,141167,142045,878,878,0.444,-117,981
141050,143026,1976,0,GE-Phase,hold,142045,142467,422,422,0.214,-995,559
141050,143026,1976,0,GE-Phase,preparation,142467,143704,1237,559,0.283,-1417,-678
149300,150432,1132,0,GE-Phrase,270,147413,149490,2077,190,0.168,1887,942
149300,150432,1132,0,GE-Phrase,271,149490,151803,2313,942,0.832,-190,-1371
149300,150432,1132,0,GE-Phase,hold,148742,149490,748,190,0.168,558,942
149300,150432,1132,0,GE-Phase,preparation,149490,150125,635,635,0.561,-190,307
149300,150432,1132,0,GE-Phase,stroke,150125,151219,1094,307,0.271,-825,-787
9631,12030,2399,0,GE-Phrase,205,9104,11228,2124,1597,0.666,527,802
9631,12030,2399,0,GE-Phrase,206,11228,13092,1864,802,0.334,-1597,-1062
9631,12030,2399,0,GE-Phase,preparation,9104,10503,1399,872,0.363,527,1527
9631,12030,2399,0,GE-Phase,stroke,10503,10898,395,395,0.165,-872,1132
9631,12030,2399,0,GE-Phase,retraction,10898,11228,330,330,0.138,-1267,802
9631,12030,2399,0,GE-Phase,preparation,11228,11616,388,388,0.162,-1597,414
9631,12030,2399,0,GE-Phase,stroke,11616,12216,600,414,0.173,-1985,-186
12030,13506,1476,0,GE-Phrase,206,11228,13092,1864,1062,0.72,802,414
12030,13506,1476,0,GE-Phrase,207,13092,14908,1816,414,0.28,-1062,-1402
12030,13506,1476,0,GE-Phase,stroke,11616,12216,600,186,0.126,414,1290
12030,13506,1476,0,GE-Phase,retraction,12216,13092,876,876,0.593,-186,414
12030,13506,1476,0,GE-Phase,preparation,13092,13708,616,414,0.28,-1062,-202
25187,26370,1183,0,GE-Phrase,212,23414,26572,3158,1183,1.0,1773,-202
25187,26370,1183,0,GE-Phase,stroke,23890,25250,1360,63,0.053,1297,1120
25187,26370,1183,0,GE-Phase,retraction,25250,26572,1322,1120,0.947,-63,-202
26370,27200,830,0,GE-Phrase,212,23414,26572,3158,202,0.243,2956,628
26370,27200,830,0,GE-Phrase,213,26572,28865,2293,628,0.757,-202,-1665
26370,27200,830,0,GE-Phase,retraction,25250,26572,1322,202,0.243,1120,628
26370,27200,830,0,GE-Phase,preparation,26572,27305,733,628,0.757,-202,-105
27200,28048,848,0,GE-Phrase,213,26572,28865,2293,848,1.0,628,-817
27200,28048,848,0,GE-Phase,preparation,26572,27305,733,105,0.124,628,743
27200,28048,848,0,GE-Phase,stroke,27305,28425,1120,743,0.876,-105,-377
28048,29000,952,0,GE-Phrase,213,26572,28865,2293,817,0.858,1476,135
28048,29000,952,0,GE-Phrase,214,28865,30267,1402,135,0.142,-817,-1267
28048,29000,952,0,GE-Phase,stroke,27305,28425,1120,377,0.396,743,575
28048,29000,952,0,GE-Phase,retraction,28425,28865,440,440,0.462,-377,135
28048,29000,952,0,GE-Phase,preparation,28865,29147,282,135,0.142,-817,-147
69250,70269,1019,0,GE-Phrase,233,69124,70078,954,828,0.813,126,191
69250,70269,1019,0,GE-Phrase,234,70078,71694,1616,191,0.187,-828,-1425
69250,70269,1019,0,GE-Phase,preparation,69124,69404,280,154,0.151,126,865
69250,70269,1019,0,GE-Phase,stroke,69404,70078,674,674,0.661,-154,191
69250,70269,1019,0,GE-Phase,preparation,70078,70626,548,191,0.187,-828,-357
123300,123678,378,0,GE-Phrase,261,123162,126484,3322,378,1.0,138,-2806
123300,123678,378,0,GE-Phase,preparation,123162,123543,381,243,0.643,138,135
123300,123678,378,0,GE-Phase,stroke,123543,125275,1732,135,0.357,-243,-1597
123678,123884,206,0,GE-Phrase,261,123162,126484,3322,206,1.0,516,-2600
123678,123884,206,0,GE-Phase,stroke,123543,125275,1732,206,1.0,135,-1391
123884,124760,876,0,GE-Phrase,261,123162,126484,3322,876,1.0,722,-1724
123884,124760,876,0,GE-Phase,stroke,123543,125275,1732,876,1.0,341,-515
124760,125900,1140,0,GE-Phrase,261,123162,126484,3322,1140,1.0,1598,-584
124760,125900,1140,0,GE-Phase,stroke,123543,125275,1732,515,0.452,1217,625
124760,125900,1140,0,GE-Phase,retraction,125275,126484,1209,625,0.548,-515,-584
125900,127426,1526,0,GE-Phrase,261,123162,126484,3322,584,0.383,2738,942
125900,127426,1526,0,GE-Phase,retraction,125275,126484,1209,584,0.383,625,942
131400,132715,1315,0,GE-Phrase,262,128821,132202,3381,802,0.61,2579,513
131400,132715,1315,0,GE-Phrase,263,132202,134077,1875,513,0.39,-802,-1362
131400,132715,1315,0,GE-Phase,stroke,131270,132202,932,802,0.61,130,513
131400,132715,1315,0,GE-Phase,preparation,132202,132712,510,510,0.388,-802,3
131400,132715,1315,0,GE-Phase,stroke,132712,133300,588,3,0.002,-1312,-585
132715,134762,2047,0,GE-Phrase,263,132202,134077,1875,1362,0.665,513,685
132715,134762,2047,0,GE-Phrase,264,134077,135782,1705,685,0.335,-1362,-1020
132715,134762,2047,0,GE-Phase,stroke,132712,133300,588,585,0.286,3,1462
132715,134762,2047,0,GE-Phase,retraction,133300,134077,777,777,0.38,-585,685
132715,134762,2047,0,GE-Phase,preparation,134077,134927,850,685,0.335,-1362,-165
136371,137155,784,0,GE-Phrase,265,135782,138288,2506,784,1.0,589,-1133
136371,137155,784,0,GE-Phase,preparation,135782,136557,775,186,0.237,589,598
136371,137155,784,0,GE-Phase,stroke,136557,137175,618,598,0.763,-186,-20
137155,137394,239,0,GE-Phrase,265,135782,138288,2506,239,1.0,1373,-894
137155,137394,239,0,GE-Phase,stroke,136557,137175,618,20,0.084,598,219
137155,137394,239,0,GE-Phase,retraction,137175,138288,1113,219,0.916,-20,-894
141050,143026,1976,0,GE-Phrase,266,138288,141167,2879,117,0.059,2762,1859
141050,143026,1976,0,GE-Phrase,267,141167,142467,1300,1300,0.658,-117,559
141050,143026,1976,0,GE-Phrase,268,142467,145380,2913,559,0.283,-1417,-2354
141050,143026,1976,0,GE-Phase,stroke,139895,141167,1272,117,0.059,1155,1859
141050,143026,1976,0,GE-Phase,stroke,141167,142045,878,878,0.444,-117,981
141050,143026,1976,0,GE-Phase,hold,142045,142467,422,422,0.214,-995,559
141050,143026,1976,0,GE-Phase,preparation,142467,143704,1237,559,0.283,-1417,-678
149300,150432,1132,0,GE-Phrase,270,147413,149490,2077,190,0.168,1887,942
149300,150432,1132,0,GE-Phrase,271,149490,151803,2313,942,0.832,-190,-1371
149300,150432,1132,0,GE-Phase,hold,148742,149490,748,190,0.168,558,942
149300,150432,1132,0,GE-Phase,preparation,149490,150125,635,635,0.561,-190,307
149300,150432,1132,0,GE-Phase,stroke,150125,151219,1094,307,0.271,-825,-787
9631,12030,2399,0,GE-Phrase,205,9104,11228,2124,1597,0.666,527,802
9631,12030,2399,0,GE-Phrase,206,11228,13092,1864,802,0.334,-1597,-1062
9631,12030,2399,0,GE-Phase,preparation,9104,10503,1399,872,0.363,527,1527
9631,12030,2399,0,GE-Phase,stroke,10503,10898,395,395,0.165,-872,1132
9631,12030,2399,0,GE-Phase,retraction,10898,11228,330,330,0.138,-1267,802
9631,12030,2399,0,GE-Phase,preparation,11228,11616,388,388,0.162,-1597,414
9631,12030,2399,0,GE-Phase,stroke,11616,12216,600,414,0.173,-1985,-186
12030,13506,1476,0,GE-Phrase,206,11228,13092,1864,1062,0.72,802,414
12030,13506,1476,0,GE-Phrase,207,13092,14908,1816,414,0.28,-1062,-1402
12030,13506,1476,0,GE-Phase,stroke,11616,12216,600,186,0.126,414,1290
12030,13506,1476,0,GE-Phase,retraction,12216,13092,876,876,0.593,-186,414
12030,13506,1476,0,GE-Phase,preparation,13092,13708,616,414,0.28,-1062,-202
25187,26370,1183,0,GE-Phrase,212,23414,26572,3158,1183,1.0,1773,-202
25187,26370,1183,0,GE-Phase,stroke,23890,25250,1360,63,0.053,1297,1120
25187,26370,1183,0,GE-Phase,retraction,25250,26572,1322,1120,0.947,-63,-202
26370,27200,830,0,GE-Phrase,212,23414,26572,3158,202,0.243,2956,628
26370,27200,830,0,GE-Phrase,213,26572,28865,2293,628,0.757,-202,-1665
26370,27200,830,0,GE-Phase,retraction,25250,26572,1322,202,0.243,1120,628
26370,27200,830,0,GE-Phase,preparation,26572,27305,733,628,0.757,-202,-105
27200,28048,848,0,GE-Phrase,213,26572,28865,2293,848,1.0,628,-817
27200,28048,848,0,GE-Phase,preparation,26572,27305,733,105,0.124,628,743
27200,28048,848,0,GE-Phase,stroke,27305,28425,1120,743,0.876,-105,-377
28048,29000,952,0,GE-Phrase,213,26572,28865,2293,817,0.858,1476,135
28048,29000,952,0,GE-Phrase,214,28865,30267,1402,135,0.142,-817,-1267
28048,29000,952,0,GE-Phase,stroke,27305,28425,1120,377,0.396,743,575
28048,29000,952,0,GE-Phase,retraction,28425,28865,440,440,0.462,-377,135
28048,29000,952,0,GE-Phase,preparation,28865,29147,282,135,0.142,-817,-147
69250,70269,1019,0,GE-Phrase,233,69124,70078,954,828,0.813,126,191
69250,70269,1019,0,GE-Phrase,234,70078,71694,1616,191,0.187,-828,-1425
69250,70269,1019,0,GE-Phase,preparation,69124,69404,280,154,0.151,126,865
69250,70269,1019,0,GE-Phase,stroke,69404,70078,674,674,0.661,-154,191
69250,70269,1019,0,GE-Phase,preparation,70078,70626,548,191,0.187,-828,-357
123300,123678,378,0,GE-Phrase,261,123162,126484,3322,378,1.0,138,-2806
123300,123678,378,0,GE-Phase,preparation,123162,123543,381,243,0.643,138,135
123300,123678,378,0,GE-Phase,stroke,123543,125275,1732,135,0.357,-243,-1597
123678,123884,206,0,GE-Phrase,261,123162,126484,3322,206,1.0,516,-2600
123678,123884,206,0,GE-Phase,stroke,123543,125275,1732,206,1.0,135,-1391
123884,124760,876,0,GE-Phrase,261,123162,126484,3322,876,1.0,722,-1724
123884,124760,876,0,GE-Phase,stroke,123543,125275,1732,876,1.0,341,-515
124760,125900,1140,0,GE-Phrase,261,123162,126484,3322,1140,1.0,1598,-584
124760,125900,1140,0,GE-Phase,stroke,123543,125275,1732,515,0.452,1217,625
124760,125900,1140,0,GE-Phase,retraction,125275,126484,1209,625,0.548,-515,-584
125900,127426,1526,0,GE-Phrase,261,123162,126484,3322,584,0.383,2738,942
125900,127426,1526,0,GE-Phase,retraction,125275,126484,1209,584,0.383,625,942
131400,132715,1315,0,GE-Phrase,262,128821,132202,3381,802,0.61,2579,513
131400,132715,1315,0,GE-Phrase,263,132202,134077,1875,513,0.39,-802,-1362
131400,132715,1315,0,GE-Phase,stroke,131270,132202,932,802,0.61,130,513
131400,132715,1315,0,GE-Phase,preparation,132202,132712,510,510,0.388,-802,3
131400,132715,1315,0,GE-Phase,stroke,132712,133300,588,3,0.002,-1312,-585
132715,134762,2047,0,GE-Phrase,263,132202,134077,1875,1362,0.665,513,685
132715,134762,2047,0,GE-Phrase,264,134077,135782,1705,685,0.335,-1362,-1020
132715,134762,2047,0,GE-Phase,stroke,132712,133300,588,585,0.286,3,1462
132715,134762,2047,0,GE-Phase,retraction,133300,134077,777,777,0.38,-585,685
132715,134762,2047,0,GE-Phase,preparation,134077,134927,850,685,0.335,-1362,-165
136371,137155,784,0,GE-Phrase,265,135782,138288,2506,784,1.0,589,-1133
136371,137155,784,0,GE-Phase,preparation,135782,136557,775,186,0.237,589,598
136371,137155,784,0,GE-Phase,stroke,136557,137175,618,598,0.763,-186,-20
137155,137394,239,0,GE-Phrase,265,135782,138288,2506,239,1.0,1373,-894
137155,137394,239,0,GE-Phase,stroke,136557,137175,618,20,0.084,598,219
137155,137394,239,0,GE-Phase,retraction,137175,138288,1113,219,0.916,-20,-894
141050,143026,1976,0,GE-Phrase,266,138288,141167,2879,117,0.059,2762,1859
141050,143026,1976,0,GE-Phrase,267,141167,142467,1300,1300,0.658,-117,559
141050,143026,1976,0,GE-Phrase,268,142467,145380,2913,559,0.283,-1417,-2354
141050,143026,1976,0,GE-Phase,stroke,139895,141167,1272,117,0.059,1155,1859
141050,143026,1976,0,GE-Phase,stroke,141167,142045,878,878,0.444,-117,981
141050,143026,1976,0,GE-Phase,hold,142045,142467,422,422,0.214,-995,559
141050,143026,1976,0,GE-Phase,preparation,142467,143704,1237,559,0.283,-1417,-678
149300,150432,1132,0,GE-Phrase,270,147413,149490,2077,190,0.168,1887,942
149300,150432,1132,0,GE-Phrase,271,149490,151803,2313,942,0.832,-190,-1371
149300,150432,1132,0,GE-Phase,hold,148742,149490,748,190,0.168,558,942
149300,150432,1132,0,GE-Phase,preparation,149490,150125,635,635,0.561,-190,307
149300,150432,1132,0,GE-Phase,stroke,150125,151219,1094,307,0.271,-825,-787
9631,12030,2399,0,GE-Phrase,205,9104,11228,2124,1597,0.666,527,802
9631,12030,2399,0,GE-Phrase,206,11228,13092,1864,802,0.334,-1597,-1062
9631,12030,2399,0,GE-Phase,preparation,9104,10503,1399,872,0.363,527,1527
9631,12030,2399,0,GE-Phase,stroke,10503,10898,395,395,0.165,-872,1132
9631,12030,2399,0,GE-Phase,retraction,10898,11228,330,330,0.138,-1267,802
9631,12030,2399,0,GE-Phase,preparation,11228,11616,388,388,0.162,-1597,414
9631,12030,2399,0,GE-Phase,stroke,11616,12216,600,414,0.173,-1985,-186
12030,13506,1476,0,GE-Phrase,206,11228,13092,1864,1062,0.72,802,414
12030,13506,1476,0,GE-Phrase,207,13092,14908,1816,414,0.28,-1062,-1402
12030,13506,1476,0,GE-Phase,stroke,11616,12216,600,186,0.126,414,1290
12030,13506,1476,0,GE-Phase,retraction,12216,13092,876,876,0.593,-186,414
12030,13506,1476,0,GE-Phase,preparation,13092,13708,616,414,0.28,-1062,-202
25187,26370,1183,0,GE-Phrase,212,23414,26572,3158,1183,1.0,1773,-202
25187,26370,1183,0,GE-Phase,stroke,23890,25250,1360,63,0.053,1297,1120
25187,26370,1183,0,GE-Phase,retraction,25250,26572,1322,1120,0.947,-63,-202
26370,27200,830,0,GE-Phrase,212,23414,26572,3158,202,0.243,2956,628
26370,27200,830,0,GE-Phrase,213,26572,28865,2293,628,0.757,-202,-1665
26370,27200,830,0,GE-Phase,retraction,25250,26572,1322,202,0.243,1120,628
26370,27200,830,0,GE-Phase,preparation,26572,27305,733,628,0.757,-202,-105
27200,28048,848,0,GE-Phrase,213,26572,28865,2293,848,1.0,628,-817
27200,28048,848,0,GE-Phase,preparation,26572,27305,733,105,0.124,628,743
27200,28048,848,0,GE-Phase,stroke,27305,28425,1120,743,0.876,-105,-377
28048,29000,952,0,GE-Phrase,213,26572,28865,2293,817,0.858,1476,135
28048,29000,952,0,GE-Phrase,214,28865,30267,1402,135,0.142,-817,-1267
28048,29000,952,0,GE-Phase,stroke,27305,28425,1120,377,0.396,743,575
28048,29000,952,0,GE-Phase,retraction,28425,28865,440,440,0.462,-377,135
28048,29000,952,0,GE-Phase,preparation,28865,29147,282,135,0.142,-817,-147
69250,70269,1019,0,GE-Phrase,233,69124,70078,954,828,0.813,126,191
69250,70269,1019,0,GE-Phrase,234,70078,71694,1616,191,0.187,-828,-1425
69250,70269,1019,0,GE-Phase,preparation,69124,69404,280,154,0.151,126,865
69250,70269,1019,0,GE-Phase,stroke,69404,70078,674,674,0.661,-154,191
69250,70269,1019,0,GE-Phase,preparation,70078,70626,548,191,0.187,-828,-357
123300,123678,378,0,GE-Phrase,261,123162,126484,3322,378,1.0,138,-2806
123300,123678,378,0,GE-Phase,preparation,123162,123543,381,243,0.643,138,135
123300,123678,378,0,GE-Phase,stroke,123543,125275,1732,135,0.357,-243,-1597
123678,123884,206,0,GE-Phrase,261,123162,126484,3322,206,1.0,516,-2600
123678,123884,206,0,GE-Phase,stroke,123543,125275,1732,206,1.0,135,-1391
123884,124760,876,0,GE-Phrase,261,123162,126484,3322,876,1.0,722,-1724
123884,124760,876,0,GE-Phase,stroke,123543,125275,1732,876,1.0,341,-515
124760,125900,1140,0,GE-Phrase,261,123162,126484,3322,1140,1.0,1598,-584
124760,125900,1140,0,GE-Phase,stroke,123543,125275,1732,515,0.452,1217,625
124760,125900,1140,0,GE-Phase,retraction,125275,126484,1209,625,0.548,-515,-584
125900,127426,1526,0,GE-Phrase,261,123162,126484,3322,584,0.383,2738,942
125900,127426,1526,0,GE-Phase,retraction,125275,126484,1209,584,0.383,625,942
131400,132715,1315,0,GE-Phrase,262,128821,132202,3381,802,0.61,2579,513
131400,132715,1315,0,GE-Phrase,263,132202,134077,1875,513,0.39,-802,-1362
131400,132715,1315,0,GE-Phase,stroke,131270,132202,932,802,0.61,130,513
131400,132715,1315,0,GE-Phase,preparation,132202,132712,510,510,0.388,-802,3
131400,132715,1315,0,GE-Phase,stroke,132712,133300,588,3,0.002,-1312,-585
132715,134762,2047,0,GE-Phrase,263,132202,134077,1875,1362,0.665,513,685
132715,134762,2047,0,GE-Phrase,264,134077,135782,1705,685,0.335,-1362,-1020
132715,134762,2047,0,GE-Phase,stroke,132712,133300,588,585,0.286,3,1462
132715,134762,2047,0,GE-Phase,retraction,133300,134077,777,777,0.38,-585,685
132715,134762,2047,0,GE-Phase,preparation,134077,134927,850,685,0.335,-1362,-165
136371,137155,784,0,GE-Phrase,265,135782,138288,2506,784,1.0,589,-1133
136371,137155,784,0,GE-Phase,preparation,135782,136557,775,186,0.237,589,598
136371,137155,784,0,GE-Phase,stroke,136557,137175,618,598,0.763,-186,-20
137155,137394,239,0,GE-Phrase,265,135782,138288,2506,239,1.0,1373,-894
137155,137394,239,0,GE-Phase,stroke,136557,137175,618,20,0.084,598,219
137155,137394,239,0,GE-Phase,retraction,137175,138288,1113,219,0.916,-20,-894
141050,143026,1976,0,GE-Phrase,266,138288,141167,2879,117,0.059,2762,1859
141050,143026,1976,0,GE-Phrase,267,141167,142467,1300,1300,0.658,-117,559
141050,143026,1976,0,GE-Phrase,268,142467,145380,2913,559,0.283,-1417,-2354
141050,143026,1976,0,GE-Phase,stroke,139895,141167,1272,117,0.059,1155,1859
141050,143026,1976,0,GE-Phase,stroke,141167,142045,878,878,0.444,-117,981
141050,143026,1976,0,GE-Phase,hold,142045,142467,422,422,0.214,-995,559
141050,143026,1976,0,GE-Phase,preparation,142467,143704,1237,559,0.283,-1417,-678
149300,150432,1132,0,GE-Phrase,270,147413,149490,2077,190,0.168,1887,942
149300,150432,1132,0,GE-Phrase,271,149490,151803,2313,942,0.832,-190,-1371
149300,150432,1132,0,GE-Phase,hold,148742,149490,748,190,0.168,558,942
149300,150432,1132,0,GE-Phase,preparation,149490,150125,635,635,0.561,-190,307
149300,150432,1132,0,GE-Phase,stroke,150125,151219,1094,307,0.271,-825,-787
9631,12030,2399,0,GE-Phrase,205,9104,11228,2124,1597,0.666,527,802
9631,12030,2399,0,GE-Phrase,206,11228,13092,1864,802,0.334,-1597,-1062
9631,12030,2399,0,GE-Phase,preparation,9104,10503,1399,872,0.363,527,1527
9631,12030,2399,0,GE-Phase,stroke,10503,10898,395,395,0.165,-872,1132
9631,12030,2399,0,GE-Phase,retraction,10898,11228,330,330,0.138,-1267,802
9631,12030,2399,0,GE-Phase,preparation,11228,11616,388,388,0.162,-1597,414
9631,12030,2399,0,GE-Phase,stroke,11616,12216,600,414,0.173,-1985,-186
12030,13506,1476,0,GE-Phrase,206,11228,13092,1864,1062,0.72,802,414
12030,13506,1476,0,GE-Phrase,207,13092,14908,1816,414,0.28,-1062,-1402
12030,13506,1476,0,GE-Phase,stroke,11616,12216,600,186,0.126,414,1290
12030,13506,1476,0,GE-Phase,retraction,12216,13092,876,876,0.593,-186,414
12030,13506,1476,0,GE-Phase,preparation,13092,13708,616,414,0.28,-1062,-202
25187,26370,1183,0,GE-Phrase,212,23414,26572,3158,1183,1.0,1773,-202
25187,26370,1183,0,GE-Phase,stroke,23890,25250,1360,63,0.053,1297,1120
25187,26370,1183,0,GE-Phase,retraction,25250,26572,1322,1120,0.947,-63,-202
26370,27200,830,0,GE-Phrase,212,23414,26572,3158,202,0.243,2956,628
26370,27200,830,0,GE-Phrase,213,26572,28865,2293,628,0.757,-202,-1665
26370,27200,830,0,GE-Phase,retraction,25250,26572,1322,202,0.243,1120,628
26370,27200,830,0,GE-Phase,preparation,26572,27305,733,628,0.757,-202,-105
27200,28048,848,0,GE-Phrase,213,26572,28865,2293,848,1.0,628,-817
27200,28048,848,0,GE-Phase,preparation,26572,27305,733,105,0.124,628,743
27200,28048,848,0,GE-Phase,stroke,27305,28425,1120,743,0.876,-105,-377
28048,29000,952,0,GE-Phrase,213,26572,28865,2293,817,0.858,1476,135
28048,29000,952,0,GE-Phrase,214,28865,30267,1402,135,0.142,-817,-1267
28048,29000,952,0,GE-Phase,stroke,27305,28425,1120,377,0.396,743,575
28048,29000,952,0,GE-Phase,retraction,28425,28865,440,440,0.462,-377,135
28048,29000,952,0,GE-Phase,preparation,28865,29147,282,135,0.142,-817,-147
69250,70269,1019,0,GE-Phrase,233,69124,70078,954,828,0.813,126,191
69250,70269,1019,0,GE-Phrase,234,70078,71694,1616,191,0.187,-828,-1425
69250,70269,1019,0,GE-Phase,preparation,69124,69404,280,154,0.151,126,865
69250,70269,1019,0,GE-Phase,stroke,69404,70078,674,674,0.661,-154,191
69250,70269,1019,0,GE-Phase,preparation,70078,70626,548,191,0.187,-828,-357
123300,123678,378,0,GE-Phrase,261,123162,126484,3322,378,1.0,138,-2806
123300,123678,378,0,GE-Phase,preparation,123162,123543,381,243,0.643,138,135
123300,123678,378,0,GE-Phase,stroke,123543,125275,1732,135,0.357,-243,-1597
123678,123884,206,0,GE-Phrase,261,123162,126484,3322,206,1.0,516,-2600
123678,123884,206,0,GE-Phase,stroke,123543,125275,1732,206,1.0,135,-1391
123884,124760,876,0,GE-Phrase,261,123162,126484,3322,876,1.0,722,-1724
123884,124760,876,0,GE-Phase,stroke,123543,125275,1732,876,1.0,341,-515
124760,125900,1140,0,GE-Phrase,261,123162,126484,3322,1140,1.0,1598,-584
124760,125900,1140,0,GE-Phase,stroke,123543,125275,1732,515,0.452,1217,625
124760,125900,1140,0,GE-Phase,retraction,125275,126484,1209,625,0.548,-515,-584
125900,127426,1526,0,GE-Phrase,261,123162,126484,3322,584,0.383,2738,942
125900,127426,1526,0,GE-Phase,retraction,125275,126484,1209,584,0.383,625,942
131400,132715,1315,0,GE-Phrase,262,128821,132202,3381,802,0.61,2579,513
131400,132715,1315,0,GE-Phrase,263,132202,134077,1875,513,0.39,-802,-1362
131400,132715,1315,0,GE-Phase,stroke,131270,132202,932,802,0.61,130,513
131400,132715,1315,0,GE-Phase,preparation,132202,132712,510,510,0.388,-802,3
131400,132715,1315,0,GE-Phase,stroke,132712,133300,588,3,0.002,-1312,-585
132715,134762,2047,0,GE-Phrase,263,132202,134077,1875,1362,0.665,513,685
132715,134762,2047,0,GE-Phrase,264,134077,135782,1705,685,0.335,-1362,-1020
132715,134762,2047,0,GE-Phase,stroke,132712,133300,588,585,0.286,3,1462
132715,134762,2047,0,GE-Phase,retraction,133300,134077,777,777,0.38,-585,685
132715,134762,2047,0,GE-Phase,preparation,134077,134927,850,685,0.335,-1362,-165
136371,137155,784,0,GE-Phrase,265,135782,138288,2506,784,1.0,589,-1133
136371,137155,784,0,GE-Phase,preparation,135782,136557,775,186,0.237,589,598
136371,137155,784,0,GE-Phase,stroke,136557,137175,618,598,0.763,-186,-20
137155,137394,239,0,GE-Phrase,265,135782,138288,2506,239,1.0,1373,-894
137155,137394,239,0,GE-Phase,stroke,136557,137175,618,20,0.084,598,219
137155,137394,239,0,GE-Phase,retraction,137175,138288,1113,219,0.916,-20,-894
141050,143026,1976,0,GE-Phrase,266,138288,141167,2879,117,0.059,2762,1859
141050,143026,1976,0,GE-Phrase,267,141167,142467,1300,1300,0.658,-117,559
141050,143026,1976,0,GE-Phrase,268,142467,145380,2913,559,0.283,-1417,-2354
141050,143026,1976,0,GE-Phase,stroke,139895,141167,1272,117,0.059,1155,1859
141050,143026,1976,0,GE-Phase,stroke,141167,142045,878,878,0.444,-117,981
141050,143026,1976,0,GE-Phase,hold,142045,142467,422,422,0.214,-995,559
141050,143026,1976,0,GE-Phase,preparation,142467,143704,1237,559,0.283,-1417,-678
149300,150432,1132,0,GE-Phrase,270,147413,149490,2077,190,0.168,1887,942
149300,150432,1132,0,GE-Phrase,271,149490,151803,2313,942,0.832,-190,-1371
149300,150432,1132,0,GE-Phase,hold,148742,149490,748,190,0.168,558,942
149300,150432,1132,0,GE-Phase,preparation,149490,150125,635,635,0.561,-190,307
149300,150432,1132,0,GE-Phase,stroke,150125,151219,1094,307,0.271,-825,-787
9631,12030,2399,0,GE-Phrase,205,9104,11228,2124,1597,0.666,527,802
9631,12030,2399,0,GE-Phrase,206,11228,13092,1864,802,0.334,-1597,-1062
9631,12030,2399,0,GE-Phase,preparation,9104,10503,1399,872,0.363,527,1527
9631,12030,2399,0,GE-Phase,stroke,10503,10898,395,395,0.165,-872,1132
9631,12030,2399,0,GE-Phase,retraction,10898,11228,330,330,0.138,-1267,802
9631,12030,2399,0,GE-Phase,preparation,11228,11616,388,388,0.162,-1597,414
9631,12030,2399,0,GE-Phase,stroke,11616,12216,600,414,0.173,-1985,-186
12030,13506,1476,0,GE-Phrase,206,11228,13092,1864,1062,0.72,802,414
12030,13506,1476,0,GE-Phrase,207,13092,14908,1816,414,0.28,-1062,-1402
12030,13506,1476,0,GE-Phase,stroke,11616,12216,600,186,0.126,414,1290
12030,13506,1476,0,GE-Phase,retraction,12216,13092,876,876,0.593,-186,414
12030,13506,1476,0,GE-Phase,preparation,13092,13708,616,414,0.28,-1062,-202
25187,26370,1183,0,GE-Phrase,212,23414,26572,3158,1183,1.0,1773,-202
25187,26370,1183,0,GE-Phase,stroke,23890,25250,1360,63,0.053,1297,1120
25187,26370,1183,0,GE-Phase,retraction,25250,26572,1322,1120,0.947,-63,-202
26370,27200,830,0,GE-Phrase,212,23414,26572,3158,202,0.243,2956,628
26370,27200,830,0,GE-Phrase,213,26572,28865,2293,628,0.757,-202,-1665
26370,27200,830,0,GE-Phase,retraction,25250,26572,1322,202,0.243,1120,628
26370,27200,830,0,GE-Phase,preparation,26572,27305,733,628,0.757,-202,-105
27200,28048,848,0,GE-Phrase,213,26572,28865,2293,848,1.0,628,-817
27200,28048,848,0,GE-Phase,preparation,26572,27305,733,105,0.124,628,743
27200,28048,848,0,GE-Phase,stroke,27305,28425,1120,743,0.876,-105,-377
28048,29000,952,0,GE-Phrase,213,26572,28865,2293,817,0.858,1476,135
28048,29000,952,0,GE-Phrase,214,28865,30267,1402,135,0.142,-817,-1267
28048,29000,952,0,GE-Phase,stroke,27305,28425,1120,377,0.396,743,575
28048,29000,952,0,GE-Phase,retraction,28425,28865,440,440,0.462,-377,135
28048,29000,952,0,GE-Phase,preparation,28865,29147,282,135,0.142,-817,-147
69250,70269,1019,0,GE-Phrase,233,69124,70078,954,828,0.813,126,191
69250,70269,1019,0,GE-Phrase,234,70078,71694,1616,191,0.187,-828,-1425
69250,70269,1019,0,GE-Phase,preparation,69124,69404,280,154,0.151,126,865
69250,70269,1019,0,GE-Phase,stroke,69404,70078,674,674,0.661,-154,191
69250,70269,1019,0,GE-Phase,preparation,70078,70626,548,191,0.187,-828,-357
123300,123678,378,0,GE-Phrase,261,123162,126484,3322,378,1.0,138,-2806
123300,123678,378,0,GE-Phase,preparation,123162,123543,381,243,0.643,138,135
123300,123678,378,0,GE-Phase,stroke,123543,125275,1732,135,0.357,-243,-1597
123678,123884,206,0,GE-Phrase,261,123162,126484,3322,206,1.0,516,-2600
123678,123884,206,0,GE-Phase,stroke,123543,125275,1732,206,1.0,135,-1391
123884,124760,876,0,GE-Phrase,261,123162,126484,3322,876,1.0,722,-1724
123884,124760,876,0,GE-Phase,stroke,123543,125275,1732,876,1.0,341,-515
124760,125900,1140,0,GE-Phrase,261,123162,126484,3322,1140,1.0,1598,-584
124760,125900,1140,0,GE-Phase,stroke,123543,125275,1732,515,0.452,1217,625
124760,125900,1140,0,GE-Phase,retraction,125275,126484,1209,625,0.548,-515,-584
125900,127426,1526,0,GE-Phrase,261,123162,126484,3322,584,0.383,2738,942
125900,127426,1526,0,GE-Phase,retraction,125275,126484,1209,584,0.383,625,942
131400,132715,1315,0,GE-Phrase,262,128821,132202,3381,802,0.61,2579,513
131400,132715,1315,0,GE-Phrase,263,132202,134077,1875,513,0.39,-802,-1362
131400,132715,1315,0,GE-Phase,stroke,131270,132202,932,802,0.61,130,513
131400,132715,1315,0,GE-Phase,preparation,132202,132712,510,510,0.388,-802,3
131400,132715,1315,0,GE-Phase,stroke,132712,133300,588,3,0.002,-1312,-585
132715,134762,2047,0,GE-Phrase,263,132202,134077,1875,1362,0.665,513,685
132715,134762,2047,0,GE-Phrase,264,134077,135782,1705,685,0.335,-1362,-1020
132715,134762,2047,0,GE-Phase,stroke,132712,133300,588,585,0.286,3,1462
132715,134762,2047,0,GE-Phase,retraction,133300,134077,777,777,0.38,-585,685
132715,134762,2047,0,GE-Phase,preparation,134077,134927,850,685,0.335,-1362,-165
136371,137155,784,0,GE-Phrase,265,135782,138288,2506,784,1.0,589,-1133
136371,137155,784,0,GE-Phase,preparation,135782,136557,775,186,0.237,589,598
136371,137155,784,0,GE-Phase,stroke,136557,137175,618,598,0.763,-186,-20
137155,137394,239,0,GE-Phrase,265,135782,138288,2506,239,1.0,1373,-894
137155,137394,239,0,GE-Phase,stroke,136557,137175,618,20,0.084,598,219
137155,137394,239,0,GE-Phase,retraction,137175,138288,1113,219,0.916,-20,-894
141050,143026,1976,0,GE-Phrase,266,138288,141167,2879,117,0.059,2762,1859
141050,143026,1976,0,GE-Phrase,267,141167,142467,1300,1300,0.658,-117,559
141050,143026,1976,0,GE-Phrase,268,142467,145380,2913,559,0.283,-1417,-2354
141050,143026,1976,0,GE-Phase,stroke,139895,141167,1272,117,0.059,1155,1859
141050,143026,1976,0,GE-Phase,stroke,141167,142045,878,878,0.444,-117,981
141050,143026,1976,0,GE-Phase,hold,142045,142467,422,422,0.214,-995,559
141050,143026,1976,0,GE-Phase,preparation,142467,143704,1237,559,0.283,-1417,-678
149300,150432,1132,0,GE-Phrase,270,147413,149490,2077,190,0.168,1887,942
149300,150432,1132,0,GE-Phrase,271,149490,151803,2313,942,0.832,-190,-1371
149300,150432,1132,0,GE-Phase,hold,148742,149490,748,190,0.168,558,942
149300,150432,1132,0,GE-Phase,preparation,149490,150125,635,635,0.561,-190,307
149300,150432,1132,0,GE-Phase,stroke,150125,151219,1094,307,0.271,-825,-787
9631,12030,2399,0,GE-Phrase,205,9104,11228,2124,1597,0.666,527,802
9631,12030,2399,0,GE-Phrase,206,11228,13092,1864,802,0.334,-1597,-1062
9631,12030,2399,0,GE-Phase,preparation,9104,10503,1399,872,0.363,527,1527
9631,12030,2399,0,GE-Phase,stroke,10503,10898,395,395,0.165,-872,1132
9631,12030,2399,0,GE-Phase,retraction,10898,11228,330,330,0.138,-1267,802
9631,12030,2399,0,GE-Phase,preparation,11228,11616,388,388,0.162,-1597,414
9631,12030,2399,0,GE-Phase,stroke,11616,12216,600,414,0.173,-1985,-186
12030,13506,1476,0,GE-Phrase,206,11228,13092,1864,1062,0.72,802,414
12030,13506,1476,0,GE-Phrase,207,13092,14908,1816,414,0.28,-1062,-1402
12030,13506,1476,0,GE-Phase,stroke,11616,12216,600,186,0.126,414,1290
12030,13506,1476,0,GE-Phase,retraction,12216,13092,876,876,0.593,-186,414
12030,13506,1476,0,GE-Phase,preparation,13092,13708,616,414,0.28,-1062,-202
25187,26370,1183,0,GE-Phrase,212,23414,26572,3158,1183,1.0,1773,-202
25187,26370,1183,0,GE-Phase,stroke,23890,25250,1360,63,0.053,1297,1120
25187,26370,1183,0,GE-Phase,retraction,25250,26572,1322,1120,0.947,-63,-202
26370,27200,830,0,GE-Phrase,212,23414,26572,3158,202,0.243,2956,628
26370,27200,830,0,GE-Phrase,213,26572,28865,2293,628,0.757,-202,-1665
26370,27200,830,0,GE-Phase,retraction,25250,26572,1322,202,0.243,1120,628
26370,27200,830,0,GE-Phase,preparation,26572,27305,733,628,0.757,-202,-105
27200,28048,848,0,GE-Phrase,213,26572,28865,2293,848,1.0,628,-817
27200,28048,848,0,GE-Phase,preparation,26572,27305,733,105,0.124,628,743
27200,28048,848,0,GE-Phase,stroke,27305,28425,1120,743,0.876,-105,-377
28048,29000,952,0,GE-Phrase,213,26572,28865,2293,817,0.858,1476,135
28048,29000,952,0,GE-Phrase,214,28865,30267,1402,135,0.142,-817,-1267
28048,29000,952,0,GE-Phase,stroke,27305,28425,1120,377,0.396,743,575
28048,29000,952,0,GE-Phase,retraction,28425,28865,440,440,0.462,-377,135
28048,29000,952,0,GE-Phase,preparation,28865,29147,282,135,0.142,-817,-147
69250,70269,1019,0,GE-Phrase,233,69124,70078,954,828,0.813,126,191
69250,70269,1019,0,GE-Phrase,234,70078,71694,1616,191,0.187,-828,-1425
69250,70269,1019,0,GE-Phase,preparation,69124,69404,280,154,0.151,126,865
69250,70269,1019,0,GE-Phase,stroke,69404,70078,674,674,0.661,-154,191
69250,70269,1019,0,GE-Phase,preparation,70078,70626,548,191,0.187,-828,-357
123300,123678,378,0,GE-Phrase,261,123162,126484,3322,378,1.0,138,-2806
123300,123678,378,0,GE-Phase,preparation,123162,123543,381,243,0.643,138,135
123300,123678,378,0,GE-Phase,stroke,123543,125275,1732,135,0.357,-243,-1597
123678,123884,206,0,GE-Phrase,261,123162,126484,3322,206,1.0,516,-2600
123678,123884,206,0,GE-Phase,stroke,123543,125275,1732,206,1.0,135,-1391
123884,124760,876,0,GE-Phrase,261,123162,126484,3322,876,1.0,722,-1724
123884,124760,876,0,GE-Phase,stroke,123543,125275,1732,876,1.0,341,-515
124760,125900,1140,0,GE-Phrase,261,123162,126484,3322,1140,1.0,1598,-584
124760,125900,1140,0,GE-Phase,stroke,123543,125275,1732,515,0.452,1217,625
124760,125900,1140,0,GE-Phase,retraction,125275,126484,1209,625,0.548,-515,-584
125900,127426,1526,0,GE-Phrase,261,123162,126484,3322,584,0.383,2738,942
125900,127426,1526,0,GE-Phase,retraction,125275,126484,1209,584,0.383,625,942
131400,132715,1315,0,GE-Phrase,262,128821,132202,3381,802,0.61,2579,513
131400,132715,1315,0,GE-Phrase,263,132202,134077,1875,513,0.39,-802,-1362
131400,132715,1315,0,GE-Phase,stroke,131270,132202,932,802,0.61,130,513
131400,132715,1315,0,GE-Phase,preparation,132202,132712,510,510,0.388,-802,3
131400,132715,1315,0,GE-Phase,stroke,132712,133300,588,3,0.002,-1312,-585
132715,134762,2047,0,GE-Phrase,263,132202,134077,1875,1362,0.665,513,685
132715,134762,2047,0,GE-Phrase,264,134077,135782,1705,685,0.335,-1362,-1020
132715,134762,2047,0,GE-Phase,stroke,132712,133300,588,585,0.286,3,1462
132715,134762,2047,0,GE-Phase,retraction,133300,134077,777,777,0.38,-585,685
132715,134762,2047,0,GE-Phase,preparation,134077,134927,850,685,0.335,-1362,-165
136371,137155,784,0,GE-Phrase,265,135782,138288,2506,784,1.0,589,-1133
136371,137155,784,0,GE-Phase,preparation,135782,136557,775,186,0.237,589,598
136371,137155,784,0,GE-Phase,stroke,136557,137175,618,598,0.763,-186,-20
137155,137394,239,0,GE-Phrase,265,135782,138288,2506,239,1.0,1373,-894
137155,137394,239,0,GE-Phase,stroke,136557,137175,618,20,0.084,598,219
137155,137394,239,0,GE-Phase,retraction,137175,138288,1113,219,0.916,-20,-894
141050,143026,1976,0,GE-Phrase,266,138288,141167,2879,117,0.059,2762,1859
141050,143026,1976,0,GE-Phrase,267,141167,142467,1300,1300,0.658,-117,559
141050,143026,1976,0,GE-Phrase,268,142467,145380,2913,559,0.283,-1417,-2354
141050,143026,1976,0,GE-Phase,stroke,139895,141167,1272,117,0.059,1155,1859
141050,143026,1976,0,GE-Phase,stroke,141167,142045,878,878,0.444,-117,981
141050,143026,1976,0,GE-Phase,hold,142045,142467,422,422,0.214,-995,559
141050,143026,1976,0,GE-Phase,preparation,142467,143704,1237,559,0.283,-1417,-678
149300,150432,1132,0,GE-Phrase,270,147413,149490,2077,190,0.168,1887,942
149300,150432,1132,0,GE-Phrase,271,149490,151803,2313,942,0.832,-190,-1371
149300,150432,1132,0,GE-Phase,hold,148742,149490,748,190,0.168,558,942
149300,150432,1132,0,GE-Phase,preparation,149490,150125,635,635,0.561,-190,307
149300,150432,1132,0,GE-Phase,stroke,150125,151219,1094,307,0.271,-825,-787
9631,12030,2399,0,GE-Phrase,205,9104,11228,2124,1597,0.666,527,802
9631,12030,2399,0,GE-Phrase,206,11228,13092,1864,802,0.334,-1597,-1062
9631,12030,2399,0,GE-Phase,preparation,9104,10503,1399,872,0.363,527,1527
9631,12030,2399,0,GE-Phase,stroke,10503,10898,395,395,0.165,-872,1132
9631,12030,2399,0,GE-Phase,retraction,10898,11228,330,330,0.138,-1267,802
9631,12030,2399,0,GE-Phase,preparation,11228,11616,388,388,0.162,-1597,414
9631,12030,2399,0,GE-Phase,stroke,11616,12216,600,414,0.173,-1985,-186
12030,13506,1476,0,GE-Phrase,206,11228,13092,1864,1062,0.72,802,414
12030,13506,1476,0,GE-Phrase,207,13092,14908,1816,414,0.28,-1062,-1402
12030,13506,1476,0,GE-Phase,stroke,11616,12216,600,186,0.126,414,1290
12030,13506,1476,0,GE-Phase,retraction,12216,13092,876,876,0.593,-186,414
12030,13506,1476,0,GE-Phase,preparation,13092,13708,616,414,0.28,-1062,-202
25187,26370,1183,0,GE-Phrase,212,23414,26572,3158,1183,1.0,1773,-202
25187,26370,1183,0,GE-Phase,stroke,23890,25250,1360,63,0.053,1297,1120
25187,26370,1183,0,GE-Phase,retraction,25250,26572,1322,1120,0.947,-63,-202
26370,27200,830,0,GE-Phrase,212,23414,26572,3158,202,0.243,2956,628
26370,27200,830,0,GE-Phrase,213,26572,28865,2293,628,0.757,-202,-1665
26370,27200,830,0,GE-Phase,retraction,25250,26572,1322,202,0.243,1120,628
26370,27200,830,0,GE-Phase,preparation,26572,27305,733,628,0.757,-202,-105
27200,28048,848,0,GE-Phrase,213,26572,28865,2293,848,1.0,628,-817
27200,28048,848,0,GE-Phase,preparation,26572,27305,733,105,0.124,628,743
27200,28048,848,0,GE-Phase,stroke,27305,28425,1120,743,0.876,-105,-377
28048,29000,952,0,GE-Phrase,213,26572,28865,2293,817,0.858,1476,135
28048,29000,952,0,GE-Phrase,214,28865,30267,1402,135,0.142,-817,-1267
28048,29000,952,0,GE-Phase,stroke,27305,28425,1120,377,0.396,743,575
28048,29000,952,0,GE-Phase,retraction,28425,28865,440,440,0.462,-377,135
28048,29000,952,0,GE-Phase,preparation,28865,29147,282,135,0.142,-817,-147
69250,70269,1019,0,GE-Phrase,233,69124,70078,954,828,0.813,126,191
69250,70269,1019,0,GE-Phrase,234,70078,71694,1616,191,0.187,-828,-1425
69250,70269,1019,0,GE-Phase,preparation,69124,69404,280,154,0.151,126,865
69250,70269,1019,0,GE-Phase,stroke,69404,70078,674,674,0.661,-154,191
69250,70269,1019,0,GE-Phase,preparation,70078,70626,548,191,0.187,-828,-357
123300,123678,378,0,GE-Phrase,261,123162,126484,3322,378,1.0,138,-2806
123300,123678,378,0,GE-Phase,preparation,123162,123543,381,243,0.643,138,135
123300,123678,378,0,GE-Phase,stroke,123543,125275,1732,135,0.357,-243,-1597
123678,123884,206,0,GE-Phrase,261,123162,126484,3322,206,1.0,516,-2600
123678,123884,206,0,GE-Phase,stroke,123543,125275,1732,206,1.0,135,-1391
123884,124760,876,0,GE-Phrase,261,123162,126484,3322,876,1.0,722,-1724
123884,124760,876,0,GE-Phase,stroke,123543,125275,1732,876,1.0,341,-515
124760,125900,1140,0,GE-Phrase,261,123162,126484,3322,1140,1.0,1598,-584
124760,125900,1140,0,GE-Phase,stroke,123543,125275,1732,515,0.452,1217,625
124760,125900,1140,0,GE-Phase,retraction,125275,126484,1209,625,0.548,-515,-584
125900,127426,1526,0,GE-Phrase,261,123162,126484,3322,584,0.383,2738,942
125900,127426,1526,0,GE-Phase,retraction,125275,126484,1209,584,0.383,625,942
131400,132715,1315,0,GE-Phrase,262,128821,132202,3381,802,0.61,2579,513
131400,132715,1315,0,GE-Phrase,263,132202,134077,1875,513,0.39,-802,-1362
131400,132715,1315,0,GE-Phase,stroke,131270,132202,932,802,0.61,130,513
131400,132715,1315,0,GE-Phase,preparation,132202,132712,510,510,0.388,-802,3
131400,132715,1315,0,GE-Phase,stroke,132712,133300,588,3,0.002,-1312,-585
132715,134762,2047,0,GE-Phrase,263,132202,134077,1875,1362,0.665,513,685
132715,134762,2047,0,GE-Phrase,264,134077,135782,1705,685,0.335,-1362,-1020
132715,134762,2047,0,GE-Phase,stroke,132712,133300,588,585,0.286,3,1462
132715,134762,2047,0,GE-Phase,retraction,133300,134077,777,777,0.38,-585,685
132715,134762,2047,0,GE-Phase,preparation,134077,134927,850,685,0.335,-1362,-165
136371,137155,784,0,GE-Phrase,265,135782,138288,2506,784,1.0,589,-1133
136371,137155,784,0,GE-Phase,preparation,135782,136557,775,186,0.237,589,598
136371,137155,784,0,GE-Phase,stroke,136557,137175,618,598,0.763,-186,-20
137155,137394,239,0,GE-Phrase,265,135782,138288,2506,239,1.0,1373,-894
137155,137394,239,0,GE-Phase,stroke,136557,137175,618,20,0.084,598,219
137155,137394,239,0,GE-Phase,retraction,137175,138288,1113,219,0.916,-20,-894
141050,143026,1976,0,GE-Phrase,266,138288,141167,2879,117,0.059,2762,1859
141050,143026,1976,0,GE-Phrase,267,141167,142467,1300,1300,0.658,-117,559
141050,143026,1976,0,GE-Phrase,268,142467,145380,2913,559,0.283,-1417,-2354
141050,143026,1976,0,GE-Phase,stroke,139895,141167,1272,117,0.059,1155,1859
141050,143026,1976,0,GE-Phase,stroke,141167,142045,878,878,0.444,-117,981
141050,143026,1976,0,GE-Phase,hold,142045,142467,422,422,0.214,-995,559
141050,143026,1976,0,GE-Phase,preparation,142467,143704,1237,559,0.283,-1417,-678
149300,150432,1132,0,GE-Phrase,270,147413,149490,2077,190,0.168,1887,942
149300,150432,1132,0,GE-Phrase,271,149490,151803,2313,942,0.832,-190,-1371
149300,150432,1132,0,GE-Phase,hold,148742,149490,748,190,0.168,558,942
149300,150432,1132,0,GE-Phase,preparation,149490,150125,635,635,0.561,-190,307
149300,150432,1132,0,GE-Phase,stroke,150125,151219,1094,307,0.271,-825,-787
9631,12030,2399,0,GE-Phrase,205,9104,11228,2124,1597,0.666,527,802
9631,12030,2399,0,GE-Phrase,206,11228,13092,1864,802,0.334,-1597,-1062
9631,12030,2399,0,GE-Phase,preparation,9104,10503,1399,872,0.363,527,1527
9631,12030,2399,0,GE-Phase,stroke,10503,10898,395,395,0.165,-872,1132
9631,12030,2399,0,GE-Phase,retraction,10898,11228,330,330,0.138,-1267,802
9631,12030,2399,0,GE-Phase,preparation,11228,11616,388,388,0.162,-1597,414
9631,12030,2399,0,GE-Phase,stroke,11616,12216,600,414,0.173,-1985,-186
12030,13506,1476,0,GE-Phrase,206,11228,13092,1864,1062,0.72,802,414
12030,13506,1476,0,GE-Phrase,207,13092,14908,1816,414,0.28,-1062,-1402
12030,13506,1476,0,GE-Phase,stroke,11616,12216,600,186,0.126,414,1290
12030,13506,1476,0,GE-Phase,retraction,12216,13092,876,876,0.593,-186,414
12030,13506,1476,0,GE-Phase,preparation,13092,13708,616,414,0.28,-1062,-202
25187,26370,1183,0,GE-Phrase,212,23414,26572,3158,1183,1.0,1773,-202
25187,26370,1183,0,GE-Phase,stroke,23890,25250,1360,63,0.053,1297,1120
25187,26370,1183,0,GE-Phase,retraction,25250,26572,1322,1120,0.947,-63,-202
26370,27200,830,0,GE-Phrase,212,23414,26572,3158,202,0.243,2956,628
26370,27200,830,0,GE-Phrase,213,26572,28865,2293,628,0.757,-202,-1665
26370,27200,830,0,GE-Phase,retraction,25250,26572,1322,202,0.243,1120,628
26370,27200,830,0,GE-Phase,preparation,26572,27305,733,628,0.757,-202,-105
27200,28048,848,0,GE-Phrase,213,26572,28865,2293,848,1.0,628,-817
27200,28048,848,0,GE-Phase,preparation,26572,27305,733,105,0.124,628,743
27200,28048,848,0,GE-Phase,stroke,27305,28425,1120,743,0.876,-105,-377
28048,29000,952,0,GE-Phrase,213,26572,28865,2293,817,0.858,1476,135
28048,29000,952,0,GE-Phrase,214,28865,30267,1402,135,0.142,-817,-1267
28048,29000,952,0,GE-Phase,stroke,27305,28425,1120,377,0.396,743,575
28048,29000,952,0,GE-Phase,retraction,28425,28865,440,440,0.462,-377,135
28048,29000,952,0,GE-Phase,preparation,28865,29147,282,135,0.142,-817,-147
69250,70269,1019,0,GE-Phrase,233,69124,70078,954,828,0.813,126,191
69250,70269,1019,0,GE-Phrase,234,70078,71694,1616,191,0.187,-828,-1425
69250,70269,1019,0,GE-Phase,preparation,69124,69404,280,154,0.151,126,865
69250,70269,1019,0,GE-Phase,stroke,69404,70078,674,674,0.661,-154,191
69250,70269,1019,0,GE-Phase,preparation,70078,70626,548,191,0.187,-828,-357
123300,123678,378,0,GE-Phrase,261,123162,126484,3322,378,1.0,138,-2806
123300,123678,378,0,GE-Phase,preparation,123162,123543,381,243,0.643,138,135
123300,123678,378,0,GE-Phase,stroke,123543,125275,1732,135,0.357,-243,-1597
123678,123884,206,0,GE-Phrase,261,123162,126484,3322,206,1.0,516,-2600
123678,123884,206,0,GE-Phase,stroke,123543,125275,1732,206,1.0,135,-1391
123884,124760,876,0,GE-Phrase,261,123162,126484,3322,876,1.0,722,-1724
123884,124760,876,0,GE-Phase,stroke,123543,125275,1732,876,1.0,341,-515
124760,125900,1140,0,GE-Phrase,261,123162,126484,3322,1140,1.0,1598,-584
124760,125900,1140,0,GE-Phase,stroke,123543,125275,1732,515,0.452,1217,625
124760,125900,1140,0,GE-Phase,retraction,125275,126484,1209,625,0.548,-515,-584
125900,127426,1526,0,GE-Phrase,261,123162,126484,3322,584,0.383,2738,942
125900,127426,1526,0,GE-Phase,retraction,125275,126484,1209,584,0.383,625,942
131400,132715,1315,0,GE-Phrase,262,128821,132202,3381,802,0.61,2579,513
131400,132715,1315,0,GE-Phrase,263,132202,134077,1875,513,0.39,-802,-1362
131400,132715,1315,0,GE-Phase,stroke,131270,132202,932,802,0.61,130,513
131400,132715,1315,0,GE-Phase,preparation,132202,132712,510,510,0.388,-802,3
131400,132715,1315,0,GE-Phase,stroke,132712,133300,588,3,0.002,-1312,-585
132715,134762,2047,0,GE-Phrase,263,132202,134077,1875,1362,0.665,513,685
132715,134762,2047,0,GE-Phrase,264,134077,135782,1705,685,0.335,-1362,-1020
132715,134762,2047,0,GE-Phase,stroke,132712,133300,588,585,0.286,3,1462
132715,134762,2047,0,GE-Phase,retraction,133300,134077,777,777,0.38,-585,685
132715,134762,2047,0,GE-Phase,preparation,134077,134927,850,685,0.335,-1362,-165
136371,137155,784,0,GE-Phrase,265,135782,138288,2506,784,1.0,589,-1133
136371,137155,784,0,GE-Phase,preparation,135782,136557,775,186,0.237,589,598
136371,137155,784,0,GE-Phase,stroke,136557,137175,618,598,0.763,-186,-20
137155,137394,239,0,GE-Phrase,265,135782,138288,2506,239,1.0,1373,-894
137155,137394,239,0,GE-Phase,stroke,136557,137175,618,20,0.084,598,219
137155,137394,239,0,GE-Phase,retraction,137175,138288,1113,219,0.916,-20,-894
141050,143026,1976,0,GE-Phrase,266,138288,141167,2879,117,0.059,2762,1859
141050,143026,1976,0,GE-Phrase,267,141167,142467,1300,1300,0.658,-117,559
141050,143026,1976,0,GE-Phrase,268,142467,145380,2913,559,0.283,-1417,-2354
141050,143026,1976,0,GE-Phase,stroke,139895,141167,1272,117,0.059,1155,1859
141050,143026,1976,0,GE-Phase,stroke,141167,142045,878,878,0.444,-117,981
141050,143026,1976,0,GE-Phase,hold,142045,142467,422,422,0.214,-995,559
141050,143026,1976,0,GE-Phase,preparation,142467,143704,1237,559,0.283,-1417,-678
149300,150432,1132,0,GE-Phrase,270,147413,149490,2077,190,0.168,1887,942
149300,150432,1132,0,GE-Phrase,271,149490,151803,2313,942,0.832,-190,-1371
149300,150432,1132,0,GE-Phase,hold,148742,149490,748,190,0.168,558,942
149300,150432,1132,0,GE-Phase,preparation,149490,150125,635,635,0.561,-190,307
149300,150432,1132,0,GE-Phase,stroke,150125,151219,1094,307,0.271,-825,-787
9631,12030,2399,0,GE-Phrase,205,9104,11228,2124,1597,0.666,527,802
9631,12030,2399,0,GE-Phrase,206,11228,13092,1864,802,0.334,-1597,-1062
9631,12030,2399,0,GE-Phase,preparation,9104,10503,1399,872,0.363,527,1527
9631,12030,2399,0,GE-Phase,stroke,10503,10898,395,395,0.165,-872,1132
9631,12030,2399,0,GE-Phase,retraction,10898,11228,330,330,0.138,-1267,802
9631,12030,2399,0,GE-Phase,preparation,11228,11616,388,388,0.162,-1597,414
9631,12030,2399,0,GE-Phase,stroke,11616,12216,600,414,0.173,-1985,-186
12030,13506,1476,0,GE-Phrase,206,11228,13092,1864,1062,0.72,802,414
12030,13506,1476,0,GE-Phrase,207,13092,14908,1816,414,0.28,-1062,-1402
12030,13506,1476,0,GE-Phase,stroke,11616,12216,600,186,0.126,414,1290
12030,13506,1476,0,GE-Phase,retraction,12216,13092,876,876,0.593,-186,414
12030,13506,1476,0,GE-Phase,preparation,13092,13708,616,414,0.28,-1062,-202
25187,26370,1183,0,GE-Phrase,212,23414,26572,3158,1183,1.0,1773,-202
25187,26370,1183,0,GE-Phase,stroke,23890,25250,1360,63,0.053,1297,1120
25187,26370,1183,0,GE-Phase,retraction,25250,26572,1322,1120,0.947,-63,-202
26370,27200,830,0,GE-Phrase,212,23414,26572,3158,202,0.243,2956,628
26370,27200,830,0,GE-Phrase,213,26572,28865,2293,628,0.757,-202,-1665
26370,27200,830,0,GE-Phase,retraction,25250,26572,1322,202,0.243,1120,628
26370,27200,830,0,GE-Phase,preparation,26572,27305,733,628,0.757,-202,-105
27200,28048,848,0,GE-Phrase,213,26572,28865,2293,848,1.0,628,-817
27200,28048,848,0,GE-Phase,preparation,26572,27305,733,105,0.124,628,743
27200,28048,848,0,GE-Phase,stroke,27305,28425,1120,743,0.876,-105,-377
28048,29000,952,0,GE-Phrase,213,26572,28865,2293,817,0.858,1476,135
28048,29000,952,0,GE-Phrase,214,28865,30267,1402,135,0.142,-817,-1267
28048,29000,952,0,GE-Phase,stroke,27305,28425,1120,377,0.396,743,575
28048,29000,952,0,GE-Phase,retraction,28425,28865,440,440,0.462,-377,135
28048,29000,952,0,GE-Phase,preparation,28865,29147,282,135,0.142,-817,-147
69250,70269,1019,0,GE-Phrase,233,69124,70078,954,828,0.813,126,191
69250,70269,1019,0,GE-Phrase,234,70078,71694,1616,191,0.187,-828,-1425
69250,70269,1019,0,GE-Phase,preparation,69124,69404,280,154,0.151,126,865
69250,70269,1019,0,GE-Phase,stroke,69404,70078,674,674,0.661,-154,191
69250,70269,1019,0,GE-Phase,preparation,70078,70626,548,191,0.187,-828,-357
123300,123678,378,0,GE-Phrase,261,123162,126484,3322,378,1.0,138,-2806
123300,123678,378,0,GE-Phase,preparation,123162,123543,381,243,0.643,138,135
123300,123678,378,0,GE-Phase,stroke,123543,125275,1732,135,0.357,-243,-1597
123678,123884,206,0,GE-Phrase,261,123162,126484,3322,206,1.0,516,-2600
123678,123884,206,0,GE-Phase,stroke,123543,125275,1732,206,1.0,135,-1391
123884,124760,876,0,GE-Phrase,261,123162,126484,3322,876,1.0,722,-1724
123884,124760,876,0,GE-Phase,stroke,123543,125275,1732,876,1.0,341,-515
124760,125900,1140,0,GE-Phrase,261,123162,126484,3322,1140,1.0,1598,-584
124760,125900,1140,0,GE-Phase,stroke,123543,125275,1732,515,0.452,1217,625
124760,125900,1140,0,GE-Phase,retraction,125275,126484,1209,625,0.548,-515,-584
125900,127426,1526,0,GE-Phrase,261,123162,126484,3322,584,0.383,2738,942
125900,127426,1526,0,GE-Phase,retraction,125275,126484,1209,584,0.383,625,942
131400,132715,1315,0,GE-Phrase,262,128821,132202,3381,802,0.61,2579,513
131400,132715,1315,0,GE-Phrase,263,132202,134077,1875,513,0.39,-802,-1362
131400,132715,1315,0,GE-Phase,stroke,131270,132202,932,802,0.61,130,513
131400,132715,1315,0,GE-Phase,preparation,132202,132712,510,510,0.388,-802,3
131400,132715,1315,0,GE-Phase,stroke,132712,133300,588,3,0.002,-1312,-585
132715,134762,2047,0,GE-Phrase,263,132202,134077,1875,1362,0.665,513,685
132715,134762,2047,0,GE-Phrase,264,134077,135782,1705,685,0.335,-1362,-1020
132715,134762,2047,0,GE-Phase,stroke,132712,133300,588,585,0.286,3,1462
132715,134762,2047,0,GE-Phase,retraction,133300,134077,777,777,0.38,-585,685
132715,134762,2047,0,GE-Phase,preparation,134077,134927,850,685,0.335,-1362,-165
136371,137155,784,0,GE-Phrase,265,135782,138288,2506,784,1.0,589,-1133
136371,137155,784,0,GE-Phase,preparation,135782,136557,775,186,0.237,589,598
136371,137155,784,0,GE-Phase,stroke,136557,137175,618,598,0.763,-186,-20
137155,137394,239,0,GE-Phrase,265,135782,138288,2506,239,1.0,1373,-894
137155,137394,239,0,GE-Phase,stroke,136557,137175,618,20,0.084,598,219
137155,137394,239,0,GE-Phase,retraction,137175,138288,1113,219,0.916,-20,-894
141050,143026,1976,0,GE-Phrase,266,138288,141167,2879,117,0.059,2762,1859
141050,143026,1976,0,GE-Phrase,267,141167,142467,1300,1300,0.658,-117,559
141050,143026,1976,0,GE-Phrase,268,142467,145380,2913,559,0.283,-1417,-2354
141050,143026,1976,0,GE-Phase,stroke,139895,141167,1272,117,0.059,1155,1859
141050,143026,1976,0,GE-Phase,stroke,141167,142045,878,878,0.444,-117,981
141050,143026,1976,0,GE-Phase,hold,142045,142467,422,422,0.214,-995,559
141050,143026,1976,0,GE-Phase,preparation,142467,143704,1237,559,0.283,-1417,-678
149300,150432,1132,0,GE-Phrase,270,147413,149490,2077,190,0.168,1887,942
149300,150432,1132,0,GE-Phrase,271,149490,151803,2313,942,0.832,-190,-1371
149300,150432,1132,0,GE-Phase,hold,148742,149490,748,190,0.168,558,942
149300,150432,1132,0,GE-Phase,preparation,149490,150125,635,635,0.561,-190,307
149300,150432,1132,0,GE-Phase,stroke,150125,151219,1094,307,0.271,-825,-787
9631,12030,2399,0,GE-Phrase,205,9104,11228,2124,1597,0.666,527,802
9631,12030,2399,0,GE-Phrase,206,11228,13092,1864,802,0.334,-1597,-1062
9631,12030,2399,0,GE-Phase,preparation,9104,10503,1399,872,0.363,527,1527
9631,12030,2399,0,GE-Phase,stroke,10503,10898,395,395,0.165,-872,1132
9631,12030,2399,0,GE-Phase,retraction,10898,11228,330,330,0.138,-1267,802
9631,12030,2399,0,GE-Phase,preparation,11228,11616,388,388,0.162,-1597,414
9631,12030,2399,0,GE-Phase,stroke,11616,12216,600,414,0.173,-1985,-186
12030,13506,1476,0,GE-Phrase,206,11228,13092,1864,1062,0.72,802,414
12030,13506,1476,0,GE-Phrase,207,13092,14908,1816,414,0.28,-1062,-1402
12030,13506,1476,0,GE-Phase,stroke,11616,12216,600,186,0.126,414,1290
12030,13506,1476,0,GE-Phase,retraction,12216,13092,876,876,0.593,-186,414
12030,13506,1476,0,GE-Phase,preparation,13092,13708,616,414,0.28,-1062,-202
25187,26370,1183,0,GE-Phrase,212,23414,26572,3158,1183,1.0,1773,-202
25187,26370,1183,0,GE-Phase,stroke,23890,25250,1360,63,0.053,1297,1120
25187,26370,1183,0,GE-Phase,retraction,25250,26572,1322,1120,0.947,-63,-202
26370,27200,830,0,GE-Phrase,212,23414,26572,3158,202,0.243,2956,628
26370,27200,830,0,GE-Phrase,213,26572,28865,2293,628,0.757,-202,-1665
26370,27200,830,0,GE-Phase,retraction,25250,26572,1322,202,0.243,1120,628
26370,27200,830,0,GE-Phase,preparation,26572,27305,733,628,0.757,-202,-105
27200,28048,848,0,GE-Phrase,213,26572,28865,2293,848,1.0,628,-817
27200,28048,848,0,GE-Phase,preparation,26572,27305,733,105,0.124,628,743
27200,28048,848,0,GE-Phase,stroke,27305,28425,1120,743,0.876,-105,-377
28048,29000,952,0,GE-Phrase,213,26572,28865,2293,817,0.858,1476,135
28048,29000,952,0,GE-Phrase,214,28865,30267,1402,135,0.142,-817,-1267
28048,29000,952,0,GE-Phase,stroke,27305,28425,1120,377,0.396,743,575
28048,29000,952,0,GE-Phase,retraction,28425,28865,440,440,0.462,-377,135
28048,29000,952,0,GE-Phase,preparation,28865,29147,282,135,0.142,-817,-147
69250,70269,1019,0,GE-Phrase,233,69124,70078,954,828,0.813,126,191
69250,70269,1019,0,GE-Phrase,234,70078,71694,1616,191,0.187,-828,-1425
69250,70269,1019,0,GE-Phase,preparation,69124,69404,280,154,0.151,126,865
69250,70269,1019,0,GE-Phase,stroke,69404,70078,674,674,0.661,-154,191
69250,70269,1019,0,GE-Phase,preparation,70078,70626,548,191,0.187,-828,-357
123300,123678,378,0,GE-Phrase,261,123162,126484,3322,378,1.0,138,-2806
123300,123678,378,0,GE-Phase,preparation,123162,123543,381,243,0.643,138,135
123300,123678,378,0,GE-Phase,stroke,123543,125275,1732,135,0.357,-243,-1597
123678,123884,206,0,GE-Phrase,261,123162,126484,3322,206,1.0,516,-2600
123678,123884,206,0,GE-Phase,stroke,123543,125275,1732,206,1.0,135,-1391
123884,124760,876,0,GE-Phrase,261,123162,126484,3322,876,1.0,722,-1724
123884,124760,876,0,GE-Phase,stroke,123543,125275,1732,876,1.0,341,-515
124760,125900,1140,0,GE-Phrase,261,123162,126484,3322,1140,1.0,1598,-584
124760,125900,1140,0,GE-Phase,stroke,123543,125275,1732,515,0.452,1217,625
124760,125900,1140,0,GE-Phase,retraction,125275,126484,1209,625,0.548,-515,-584
125900,127426,1526,0,GE-Phrase,261,123162,126484,3322,584,0.383,2738,942
125900,127426,1526,0,GE-Phase,retraction,125275,126484,1209,584,0.383,625,942
131400,132715,1315,0,GE-Phrase,262,128821,132202,3381,802,0.61,2579,513
131400,132715,1315,0,GE-Phrase,263,132202,134077,1875,513,0.39,-802,-1362
131400,132715,1315,0,GE-Phase,stroke,131270,132202,932,802,0.61,130,513
131400,132715,1315,0,GE-Phase,preparation,132202,132712,510,510,0.388,-802,3
131400,132715,1315,0,GE-Phase,stroke,132712,133300,588,3,0.002,-1312,-585
132715,134762,2047,0,GE-Phrase,263,132202,134077,1875,1362,0.665,513,685
132715,134762,2047,0,GE-Phrase,264,134077,135782,1705,685,0.335,-1362,-1020
132715,134762,2047,0,GE-Phase,stroke,132712,133300,588,585,0.286,3,1462
132715,134762,2047,0,GE-Phase,retraction,133300,134077,777,777,0.38,-585,685
132715,134762,2047,0,GE-Phase,preparation,134077,134927,850,685,0.335,-1362,-165
136371,137155,784,0,GE-Phrase,265,135782,138288,2506,784,1.0,589,-1133
136371,137155,784,0,GE-Phase,preparation,135782,136557,775,186,0.237,589,598
136371,137155,784,0,GE-Phase,stroke,136557,137175,618,598,0.763,-186,-20
137155,137394,239,0,GE-Phrase,265,135782,138288,2506,239,1.0,1373,-894
137155,137394,239,0,GE-Phase,stroke,136557,137175,618,20,0.084,598,219
137155,137394,239,0,GE-Phase,retraction,137175,138288,1113,219,0.916,-20,-894
141050,143026,1976,0,GE-Phrase,266,138288,141167,2879,117,0.059,2762,1859
141050,143026,1976,0,GE-Phrase,267,141167,142467,1300,1300,0.658,-117,559
141050,143026,1976,0,GE-Phrase,268,142467,145380,2913,559,0.283,-1417,-2354
141050,143026,1976,0,GE-Phase,stroke,139895,141167,1272,117,0.059,1155,1859
141050,143026,1976,0,GE-Phase,stroke,141167,142045,878,878,0.444,-117,981
141050,143026,1976,0,GE-Phase,hold,142045,142467,422,422,0.214,-995,559
141050,143026,1976,0,GE-Phase,preparation,142467,143704,1237,559,0.283,-1417,-678
149300,150432,1132,0,GE-Phrase,270,147413,149490,2077,190,0.168,1887,942
149300,150432,1132,0,GE-Phrase,271,149490,151803,2313,942,0.832,-190,-1371
149300,150432,1132,0,GE-Phase,hold,148742,149490,748,190,0.168,558,942
149300,150432,1132,0,GE-Phase,preparation,149490,150125,635,635,0.561,-190,307
149300,150432,1132,0,GE-Phase,stroke,150125,151219,1094,307,0.271,-825,-787
9631,12030,2399,0,GE-Phrase,205,9104,11228,2124,1597,0.666,527,802
9631,12030,2399,0,GE-Phrase,206,11228,13092,1864,802,0.334,-1597,-1062
9631,12030,2399,0,GE-Phase,preparation,9104,10503,1399,872,0.363,527,1527
9631,12030,2399,0,GE-Phase,stroke,10503,10898,395,395,0.165,-872,1132
9631,12030,2399,0,GE-Phase,retraction,10898,11228,330,330,0.138,-1267,802
9631,12030,2399,0,GE-Phase,preparation,11228,11616,388,388,0.162,-1597,414
9631,12030,2399,0,GE-Phase,stroke,11616,12216,600,414,0.173,-1985,-186
12030,13506,1476,0,GE-Phrase,206,11228,13092,1864,1062,0.72,802,414
12030,13506,1476,0,GE-Phrase,207,13092,14908,1816,414,0.28,-1062,-1402
12030,13506,1476,0,GE-Phase,stroke,11616,12216,600,186,0.126,414,1290
12030,13506,1476,0,GE-Phase,retraction,12216,13092,876,876,0.593,-186,414
12030,13506,1476,0,GE-Phase,preparation,13092,13708,616,414,0.28,-1062,-202
25187,26370,1183,0,GE-Phrase,212,23414,26572,3158,1183,1.0,1773,-202
25187,26370,1183,0,GE-Phase,stroke,23890,25250,1360,63,0.053,1297,1120
25187,26370,1183,0,GE-Phase,retraction,25250,26572,1322,1120,0.947,-63,-202
26370,27200,830,0,GE-Phrase,212,23414,26572,3158,202,0.243,2956,628
26370,27200,830,0,GE-Phrase,213,26572,28865,2293,628,0.757,-202,-1665
26370,27200,830,0,GE-Phase,retraction,25250,26572,1322,202,0.243,1120,628
26370,27200,830,0,GE-Phase,preparation,26572,27305,733,628,0.757,-202,-105
27200,28048,848,0,GE-Phrase,213,26572,28865,2293,848,1.0,628,-817
27200,28048,848,0,GE-Phase,preparation,26572,27305,733,105,0.124,628,743
27200,28048,848,0,GE-Phase,stroke,27305,28425,1120,743,0.876,-105,-377
28048,29000,952,0,GE-Phrase,213,26572,28865,2293,817,0.858,1476,135
28048,29000,952,0,GE-Phrase,214,28865,30267,1402,135,0.142,-817,-1267
28048,29000,952,0,GE-Phase,stroke,27305,28425,1120,377,0.396,743,575
28048,29000,952,0,GE-Phase,retraction,28425,28865,440,440,0.462,-377,135
28048,29000,952,0,GE-Phase,preparation,28865,29147,282,135,0.142,-817,-147
69250,70269,1019,0,GE-Phrase,233,69124,70078,954,828,0.813,126,191
69250,70269,1019,0,GE-Phrase,234,70078,71694,1616,191,0.187,-828,-1425
69250,70269,1019,0,GE-Phase,preparation,69124,69404,280,154,0.151,126,865
69250,70269,1019,0,GE-Phase,stroke,69404,70078,674,674,0.661,-154,191
69250,70269,1019,0,GE-Phase,preparation,70078,70626,548,191,0.187,-828,-357
123300,123678,378,0,GE-Phrase,261,123162,126484,3322,378,1.0,138,-2806
123300,123678,378,0,GE-Phase,preparation,123162,123543,381,243,0.643,138,135
123300,123678,378,0,GE-Phase,stroke,123543,125275,1732,135,0.357,-243,-1597
123678,123884,206,0,GE-Phrase,261,123162,126484,3322,206,1.0,516,-2600
123678,123884,206,0,GE-Phase,stroke,123543,125275,1732,206,1.0,135,-1391
123884,124760,876,0,GE-Phrase,261,123162,126484,3322,876,1.0,722,-1724
123884,124760,876,0,GE-Phase,stroke,123543,125275,1732,876,1.0,341,-515
124760,125900,1140,0,GE-Phrase,261,123162,126484,3322,1140,1.0,1598,-584
124760,125900,1140,0,GE-Phase,stroke,123543,125275,1732,515,0.452,1217,625
124760,125900,1140,0,GE-Phase,retraction,125275,126484,1209,625,0.548,-515,-584
125900,127426,1526,0,GE-Phrase,261,123162,126484,3322,584,0.383,2738,942
125900,127426,1526,0,GE-Phase,retraction,125275,126484,1209,584,0.383,625,942
131400,132715,1315,0,GE-Phrase,262,128821,132202,3381,802,0.61,2579,513
131400,132715,1315,0,GE-Phrase,263,132202,134077,1875,513,0.39,-802,-1362
131400,132715,1315,0,GE-Phase,stroke,131270,132202,932,802,0.61,130,513
131400,132715,1315,0,GE-Phase,preparation,132202,132712,510,510,0.388,-802,3
131400,132715,1315,0,GE-Phase,stroke,132712,133300,588,3,0.002,-1312,-585
132715,134762,2047,0,GE-Phrase,263,132202,134077,1875,1362,0.665,513,685
132715,134762,2047,0,GE-Phrase,264,134077,135782,1705,685,0.335,-1362,-1020
132715,134762,2047,0,GE-Phase,stroke,132712,133300,588,585,0.286,3,1462
132715,134762,2047,0,GE-Phase,retraction,133300,134077,777,777,0.38,-585,685
132715,134762,2047,0,GE-Phase,preparation,134077,134927,850,685,0.335,-1362,-165
136371,137155,784,0,GE-Phrase,265,135782,138288,2506,784,1.0,589,-1133
136371,137155,784,0,GE-Phase,preparation,135782,136557,775,186,0.237,589,598
136371,137155,784,0,GE-Phase,stroke,136557,137175,618,598,0.763,-186,-20
137155,137394,239,0,GE-Phrase,265,135782,138288,2506,239,1.0,1373,-894
137155,137394,239,0,GE-Phase,stroke,136557,137175,618,20,0.084,598,219
137155,137394,239,0,GE-Phase,retraction,137175,138288,1113,219,0.916,-20,-894
141050,143026,1976,0,GE-Phrase,266,138288,141167,2879,117,0.059,2762,1859
141050,143026,1976,0,GE-Phrase,267,141167,142467,1300,1300,0.658,-117,559
141050,143026,1976,0,GE-Phrase,268,142467,145380,2913,559,0.283,-1417,-2354
141050,143026,1976,0,GE-Phase,stroke,139895,141167,1272,117,0.059,1155,1859
141050,143026,1976,0,GE-Phase,stroke,141167,142045,878,878,0.444,-117,981
141050,143026,1976,0,GE-Phase,hold,142045,142467,422,422,0.214,-995,559
141050,143026,1976,0,GE-Phase,preparation,142467,143704,1237,559,0.283,-1417,-678
149300,150432,1132,0,GE-Phrase,270,147413,149490,2077,190,0.168,1887,942
149300,150432,1132,0,GE-Phrase,271,149490,151803,2313,942,0.832,-190,-1371
149300,150432,1132,0,GE-Phase,hold,148742,149490,748,190,0.168,558,942
149300,150432,1132,0,GE-Phase,preparation,149490,150125,635,635,0.561,-190,307
149300,150432,1132,0,GE-Phase,stroke,150125,151219,1094,307,0.271,-825,-787
9631,12030,2399,0,GE-Phrase,205,9104,11228,2124,1597,0.666,527,802
9631,12030,2399,0,GE-Phrase,206,11228,13092,1864,802,0.334,-1597,-1062
9631,12030,2399,0,GE-Phase,preparation,9104,10503,1399,872,0.363,527,1527
9631,12030,2399,0,GE-Phase,stroke,10503,10898,395,395,0.165,-872,1132
9631,12030,2399,0,GE-Phase,retraction,10898,11228,330,330,0.138,-1267,802
9631,12030,2399,0,GE-Phase,preparation,11228,11616,388,388,0.162,-1597,414
9631,12030,2399,0,GE-Phase,stroke,11616,12216,600,414,0.173,-1985,-186
12030,13506,1476,0,GE-Phrase,206,11228,13092,1864,1062,0.72,802,414
12030,13506,1476,0,GE-Phrase,207,13092,14908,1816,414,0.28,-1062,-1402
12030,13506,1476,0,GE-Phase,stroke,11616,12216,600,186,0.126,414,1290
12030,13506,1476,0,GE-Phase,retraction,12216,13092,876,876,0.593,-186,414
12030,13506,1476,0,GE-Phase,preparation,13092,13708,616,414,0.28,-1062,-202
25187,26370,1183,0,GE-Phrase,212,23414,26572,3158,1183,1.0,1773,-202
25187,26370,1183,0,GE-Phase,stroke,23890,25250,1360,63,0.053,1297,1120
25187,26370,1183,0,GE-Phase,retraction,25250,26572,1322,1120,0.947,-63,-202
26370,27200,830,0,GE-Phrase,212,23414,26572,3158,202,0.243,2956,628
26370,27200,830,0,GE-Phrase,213,26572,28865,2293,628,0.757,-202,-1665
26370,27200,830,0,GE-Phase,retraction,25250,26572,1322,202,0.243,1120,628
26370,27200,830,0,GE-Phase,preparation,26572,27305,733,628,0.757,-202,-105
27200,28048,848,0,GE-Phrase,213,26572,28865,2293,848,1.0,628,-817
27200,28048,848,0,GE-Phase,preparation,26572,27305,733,105,0.124,628,743
27200,28048,848,0,GE-Phase,stroke,27305,28425,1120,743,0.876,-105,-377
28048,29000,952,0,GE-Phrase,213,26572,28865,2293,817,0.858,1476,135
28048,29000,952,0,GE-Phrase,214,28865,30267,1402,135,0.142,-817,-1267
28048,29000,952,0,GE-Phase,stroke,27305,28425,1120,377,0.396,743,575
28048,29000,952,0,GE-Phase,retraction,28425,28865,440,440,0.462,-377,135
28048,29000,952,0,GE-Phase,preparation,28865,29147,282,135,0.142,-817,-147
69250,70269,1019,0,GE-Phrase,233,69124,70078,954,828,0.813,126,191
69250,70269,1019,0,GE-Phrase,234,70078,71694,1616,191,0.187,-828,-1425
69250,70269,1019,0,GE-Phase,preparation,69124,69404,280,154,0.151,126,865
69250,70269,1019,0,GE-Phase,stroke,69404,70078,674,674,0.661,-154,191
69250,70269,1019,0,GE-Phase,preparation,70078,70626,548,191,0.187,-828,-357
123300,123678,378,0,GE-Phrase,261,123162,126484,3322,378,1.0,138,-2806
123300,123678,378,0,GE-Phase,preparation,123162,123543,381,243,0.643,138,135
123300,123678,378,0,GE-Phase,stroke,123543,125275,1732,135,0.357,-243,-1597
123678,123884,206,0,GE-Phrase,261,123162,126484,3322,206,1.0,516,-2600
123678,123884,206,0,GE-Phase,stroke,123543,125275,1732,206,1.0,135,-1391
123884,124760,876,0,GE-Phrase,261,123162,126484,3322,876,1.0,722,-1724
123884,124760,876,0,GE-Phase,stroke,123543,125275,1732,876,1.0,341,-515
124760,125900,1140,0,GE-Phrase,261,123162,126484,3322,1140,1.0,1598,-584
124760,125900,1140,0,GE-Phase,stroke,123543,125275,1732,515,0.452,1217,625
124760,125900,1140,0,GE-Phase,retraction,125275,126484,1209,625,0.548,-515,-584
125900,127426,1526,0,GE-Phrase,261,123162,126484,3322,584,0.383,2738,942
125900,127426,1526,0,GE-Phase,retraction,125275,126484,1209,584,0.383,625,942
131400,132715,1315,0,GE-Phrase,262,128821,132202,3381,802,0.61,2579,513
131400,132715,1315,0,GE-Phrase,263,132202,134077,1875,513,0.39,-802,-1362
131400,132715,1315,0,GE-Phase,stroke,131270,132202,932,802,0.61,130,513
131400,132715,1315,0,GE-Phase,preparation,132202,132712,510,510,0.388,-802,3
131400,132715,1315,0,GE-Phase,stroke,132712,133300,588,3,0.002,-1312,-585
132715,134762,2047,0,GE-Phrase,263,132202,134077,1875,1362,0.665,513,685
132715,134762,2047,0,GE-Phrase,264,134077,135782,1705,685,0.335,-1362,-1020
132715,134762,2047,0,GE-Phase,stroke,132712,133300,588,585,0.286,3,1462
132715,134762,2047,0,GE-Phase,retraction,133300,134077,777,777,0.38,-585,685
132715,134762,2047,0,GE-Phase,preparation,134077,134927,850,685,0.335,-1362,-165
136371,137155,784,0,GE-Phrase,265,135782,138288,2506,784,1.0,589,-1133
136371,137155,784,0,GE-Phase,preparation,135782,136557,775,186,0.237,589,598
136371,137155,784,0,GE-Phase,stroke,136557,137175,618,598,0.763,-186,-20
137155,137394,239,0,GE-Phrase,265,135782,138288,2506,239,1.0,1373,-894
137155,137394,239,0,GE-Phase,stroke,136557,137175,618,20,0.084,598,219
137155,137394,239,0,GE-Phase,retraction,137175,138288,1113,219,0.916,-20,-894
141050,143026,1976,0,GE-Phrase,266,138288,141167,2879,117,0.059,2762,1859
141050,143026,1976,0,GE-Phrase,267,141167,142467,1300,1300,0.658,-117,559
141050,143026,1976,0,GE-Phrase,268,142467,145380,2913,559,0.283,-1417,-2354
141050,143026,1976,0,GE-Phase,stroke,139895,141167,1272,117,0.059,1155,1859
141050,143026,1976,0,GE-Phase,stroke,141167,142045,878,878,0.444,-117,981
141050,143026,1976,0,GE-Phase,hold,142045,142467,422,422,0.214,-995,559
141050,143026,1976,0,GE-Phase,preparation,142467,143704,1237,559,0.283,-1417,-678
149300,150432,1132,0,GE-Phrase,270,147413,149490,2077,190,0.168,1887,942
149300,150432,1132,0,GE-Phrase,271,149490,151803,2313,942,0.832,-190,-1371
149300,150432,1132,0,GE-Phase,hold,148742,149490,748,190,0.168,558,942
149300,150432,1132,0,GE-Phase,preparation,149490,150125,635,635,0.561,-190,307
149300,150432,1132,0,GE-Phase,stroke,150125,151219,1094,307,0.271,-825,-787
9631,12030,2399,0,GE-Phrase,205,9104,11228,2124,1597,0.666,527,802
9631,12030,2399,0,GE-Phrase,206,11228,13092,1864,802,0.334,-1597,-1062
9631,12030,2399,0,GE-Phase,preparation,9104,10503,1399,872,0.363,527,1527
9631,12030,2399,0,GE-Phase,stroke,10503,10898,395,395,0.165,-872,1132
9631,12030,2399,0,GE-Phase,retraction,10898,11228,330,330,0.138,-1267,802
9631,12030,2399,0,GE-Phase,preparation,11228,11616,388,388,0.162,-1597,414
9631,12030,2399,0,GE-Phase,stroke,11616,12216,600,414,0.173,-1985,-186
12030,13506,1476,0,GE-Phrase,206,11228,13092,1864,1062,0.72,802,414
12030,13506,1476,0,GE-Phrase,207,13092,14908,1816,414,0.28,-1062,-1402
12030,13506,1476,0,GE-Phase,stroke,11616,12216,600,186,0.126,414,1290
12030,13506,1476,0,GE-Phase,retraction,12216,13092,876,876,0.593,-186,414
12030,13506,1476,0,GE-Phase,preparation,13092,13708,616,414,0.28,-1062,-202
25187,26370,1183,0,GE-Phrase,212,23414,26572,3158,1183,1.0,1773,-202
25187,26370,1183,0,GE-Phase,stroke,23890,25250,1360,63,0.053,1297,1120
25187,26370,1183,0,GE-Phase,retraction,25250,26572,1322,1120,0.947,-63,-202
26370,27200,830,0,GE-Phrase,212,23414,26572,3158,202,0.243,2956,628
26370,27200,830,0,GE-Phrase,213,26572,28865,2293,628,0.757,-202,-1665
26370,27200,830,0,GE-Phase,retraction,25250,26572,1322,202,0.243,1120,628
26370,27200,830,0,GE-Phase,preparation,26572,27305,733,628,0.757,-202,-105
27200,28048,848,0,GE-Phrase,213,26572,28865,2293,848,1.0,628,-817
27200,28048,848,0,GE-Phase,preparation,26572,27305,733,105,0.124,628,743
27200,28048,848,0,GE-Phase,stroke,27305,28425,1120,743,0.876,-105,-377
28048,29000,952,0,GE-Phrase,213,26572,28865,2293,817,0.858,1476,135
28048,29000,952,0,GE-Phrase,214,28865,30267,1402,135,0.142,-817,-1267
28048,29000,952,0,GE-Phase,stroke,27305,28425,1120,377,0.396,743,575
28048,29000,952,0,GE-Phase,retraction,28425,28865,440,440,0.462,-377,135
28048,29000,952,0,GE-Phase,preparation,28865,29147,282,135,0.142,-817,-147
69250,70269,1019,0,GE-Phrase,233,69124,70078,954,828,0.813,126,191
69250,70269,1019,0,GE-Phrase,234,70078,71694,1616,191,0.187,-828,-1425
69250,70269,1019,0,GE-Phase,preparation,69124,69404,280,154,0.151,126,865
69250,70269,1019,0,GE-Phase,stroke,69404,70078,674,674,0.661,-154,191
69250,70269,1019,0,GE-Phase,preparation,70078,70626,548,191,0.187,-828,-357
123300,123678,378,0,GE-Phrase,261,123162,126484,3322,378,1.0,138,-2806
123300,123678,378,0,GE-Phase,preparation,123162,123543,381,243,0.643,138,135
123300,123678,378,0,GE-Phase,stroke,123543,125275,1732,135,0.357,-243,-1597
123678,123884,206,0,GE-Phrase,261,123162,126484,3322,206,1.0,516,-2600
123678,123884,206,0,GE-Phase,stroke,123543,125275,1732,206,1.0,135,-1391
123884,124760,876,0,GE-Phrase,261,123162,126484,3322,876,1.0,722,-1724
123884,124760,876,0,GE-Phase,stroke,123543,125275,1732,876,1.0,341,-515
124760,125900,1140,0,GE-Phrase,261,123162,126484,3322,1140,1.0,1598,-584
124760,125900,1140,0,GE-Phase,stroke,123543,125275,1732,515,0.452,1217,625
124760,125900,1140,0,GE-Phase,retraction,125275,126484,1209,625,0.548,-515,-584
125900,127426,1526,0,GE-Phrase,261,123162,126484,3322,584,0.383,2738,942
125900,127426,1526,0,GE-Phase,retraction,125275,126484,1209,584,0.383,625,942
131400,132715,1315,0,GE-Phrase,262,128821,132202,3381,802,0.61,2579,513
131400,132715,1315,0,GE-Phrase,263,132202,134077,1875,513,0.39,-802,-1362
131400,132715,1315,0,GE-Phase,stroke,131270,132202,932,802,0.61,130,513
131400,132715,1315,0,GE-Phase,preparation,132202,132712,510,510,0.388,-802,3
131400,132715,1315,0,GE-Phase,stroke,132712,133300,588,3,0.002,-1312,-585
132715,134762,2047,0,GE-Phrase,263,132202,134077,1875,1362,0.665,513,685
132715,134762,2047,0,GE-Phrase,264,134077,135782,1705,685,0.335,-1362,-1020
132715,134762,2047,0,GE-Phase,stroke,132712,133300,588,585,0.286,3,1462
132715,134762,2047,0,GE-Phase,retraction,133300,134077,777,777,0.38,-585,685
132715,134762,2047,0,GE-Phase,preparation,134077,134927,850,685,0.335,-1362,-165
136371,137155,784,0,GE-Phrase,265,135782,138288,2506,784,1.0,589,-1133
136371,137155,784,0,GE-Phase,preparation,135782,136557,775,186,0.237,589,598
136371,137155,784,0,GE-Phase,stroke,136557,137175,618,598,0.763,-186,-20
137155,137394,239,0,GE-Phrase,265,135782,138288,2506,239,1.0,1373,-894
137155,137394,239,0,GE-Phase,stroke,136557,137175,618,20,0.084,598,219
137155,137394,239,0,GE-Phase,retraction,137175,138288,1113,219,0.916,-20,-894
141050,143026,1976,0,GE-Phrase,266,138288,141167,2879,117,0.059,2762,1859
141050,143026,1976,0,GE-Phrase,267,141167,142467,1300,1300,0.658,-117,559
141050,143026,1976,0,GE-Phrase,268,142467,145380,2913,559,0.283,-1417,-2354
141050,143026,1976,0,GE-Phase,stroke,139895,141167,1272,117,0.059,1155,1859
141050,143026,1976,0,GE-Phase,stroke,141167,142045,878,878,0.444,-117,981
141050,143026,1976,0,GE-Phase,hold,142045,142467,422,422,0.214,-995,559
141050,143026,1976,0,GE-Phase,preparation,142467,143704,1237,559,0.283,-1417,-678
149300,150432,1132,0,GE-Phrase,270,147413,149490,2077,190,0.168,1887,942
149300,150432,1132,0,GE-Phrase,271,149490,151803,2313,942,0.832,-190,-1371
149300,150432,1132,0,GE-Phase,hold,148742,149490,748,190,0.168,558,942
149300,150432,1132,0,GE-Phase,preparation,149490,150125,635,635,0.561,-190,307
149300,150432,1132,0,GE-Phase,stroke,150125,151219,1094,307,0.271,-825,-787
9631,12030,2399,0,GE-Phrase,205,9104,11228,2124,1597,0.666,527,802
9631,12030,2399,0,GE-Phrase,206,11228,13092,1864,802,0.334,-1597,-1062
9631,12030,2399,0,GE-Phase,preparation,9104,10503,1399,872,0.363,527,1527
9631,12030,2399,0,GE-Phase,stroke,10503,10898,395,395,0.165,-872,1132
9631,12030,2399,0,GE-Phase,retraction,10898,11228,330,330,0.138,-1267,802
9631,12030,2399,0,GE-Phase,preparation,11228,11616,388,388,0.162,-1597,414
9631,12030,2399,0,GE-Phase,stroke,11616,12216,600,414,0.173,-1985,-186
12030,13506,1476,0,GE-Phrase,206,11228,13092,1864,1062,0.72,802,414
12030,13506,1476,0,GE-Phrase,207,13092,14908,1816,414,0.28,-1062,-1402
12030,13506,1476,0,GE-Phase,stroke,11616,12216,600,186,0.126,414,1290
12030,13506,1476,0,GE-Phase,retraction,12216,13092,876,876,0.593,-186,414
12030,13506,1476,0,GE-Phase,preparation,13092,13708,616,414,0.28,-1062,-202
25187,26370,1183,0,GE-Phrase,212,23414,26572,3158,1183,1.0,1773,-202
25187,26370,1183,0,GE-Phase,stroke,23890,25250,1360,63,0.053,1297,1120
25187,26370,1183,0,GE-Phase,retraction,25250,26572,1322,1120,0.947,-63,-202
26370,27200,830,0,GE-Phrase,212,23414,26572,3158,202,0.243,2956,628
26370,27200,830,0,GE-Phrase,213,26572,28865,2293,628,0.757,-202,-1665
26370,27200,830,0,GE-Phase,retraction,25250,26572,1322,202,0.243,1120,628
26370,27200,830,0,GE-Phase,preparation,26572,27305,733,628,0.757,-202,-105
27200,28048,848,0,GE-Phrase,213,26572,28865,2293,848,1.0,628,-817
27200,28048,848,0,GE-Phase,preparation,26572,27305,733,105,0.124,628,743
27200,28048,848,0,GE-Phase,stroke,27305,28425,1120,743,0.876,-105,-377
28048,29000,952,0,GE-Phrase,213,26572,28865,2293,817,0.858,1476,135
28048,29000,952,0,GE-Phrase,214,28865,30267,1402,135,0.142,-817,-1267
28048,29000,952,0,GE-Phase,stroke,27305,28425,1120,377,0.396,743,575
28048,29000,952,0,GE-Phase,retraction,28425,28865,440,440,0.462,-377,135
28048,29000,952,0,GE-Phase,preparation,28865,29147,282,135,0.142,-817,-147
69250,70269,1019,0,GE-Phrase,233,69124,70078,954,828,0.813,126,191
69250,70269,1019,0,GE-Phrase,234,70078,71694,1616,191,0.187,-828,-1425
69250,70269,1019,0,GE-Phase,preparation,69124,69404,280,154,0.151,126,865
69250,70269,1019,0,GE-Phase,stroke,69404,70078,674,674,0.661,-154,191
69250,70269,1019,0,GE-Phase,preparation,70078,70626,548,191,0.187,-828,-357
123300,123678,378,0,GE-Phrase,261,123162,126484,3322,378,1.0,138,-2806
123300,123678,378,0,GE-Phase,preparation,123162,123543,381,243,0.643,138,135
123300,123678,378,0,GE-Phase,stroke,123543,125275,1732,135,0.357,-243,-1597
123678,123884,206,0,GE-Phrase,261,123162,126484,3322,206,1.0,516,-2600
123678,123884,206,0,GE-Phase,stroke,123543,125275,1732,206,1.0,135,-1391
123884,124760,876,0,GE-Phrase,261,123162,126484,3322,876,1.0,722,-1724
123884,124760,876,0,GE-Phase,stroke,123543,125275,1732,876,1.0,341,-515
124760,125900,1140,0,GE-Phrase,261,123162,126484,3322,1140,1.0,1598,-584
124760,125900,1140,0,GE-Phase,stroke,123543,125275,1732,515,0.452,1217,625
124760,125900,1140,0,GE-Phase,retraction,125275,126484,1209,625,0.548,-515,-584
125900,127426,1526,0,GE-Phrase,261,123162,126484,3322,584,0.383,2738,942
125900,127426,1526,0,GE-Phase,retraction,125275,126484,1209,584,0.383,625,942
131400,132715,1315,0,GE-Phrase,262,128821,132202,3381,802,0.61,2579,513
131400,132715,1315,0,GE-Phrase,263,132202,134077,1875,513,0.39,-802,-1362
131400,132715,1315,0,GE-Phase,stroke,131270,132202,932,802,0.61,130,513
131400,132715,1315,0,GE-Phase,preparation,132202,132712,510,510,0.388,-802,3
131400,132715,1315,0,GE-Phase,stroke,132712,133300,588,3,0.002,-1312,-585
132715,134762,2047,0,GE-Phrase,263,132202,134077,1875,1362,0.665,513,685
132715,134762,2047,0,GE-Phrase,264,134077,135782,1705,685,0.335,-1362,-1020
132715,134762,2047,0,GE-Phase,stroke,132712,133300,588,585,0.286,3,1462
132715,134762,2047,0,GE-Phase,retraction,133300,134077,777,777,0.38,-585,685
132715,134762,2047,0,GE-Phase,preparation,134077,134927,850,685,0.335,-1362,-165
136371,137155,784,0,GE-Phrase,265,135782,138288,2506,784,1.0,589,-1133
136371,137155,784,0,GE-Phase,preparation,135782,136557,775,186,0.237,589,598
136371,137155,784,0,GE-Phase,stroke,136557,137175,618,598,0.763,-186,-20
137155,137394,239,0,GE-Phrase,265,135782,138288,2506,239,1.0,1373,-894
137155,137394,239,0,GE-Phase,stroke,136557,137175,618,20,0.084,598,219
137155,137394,239,0,GE-Phase,retraction,137175,138288,1113,219,0.916,-20,-894
141050,143026,1976,0,GE-Phrase,266,138288,141167,2879,117,0.059,2762,1859
141050,143026,1976,0,GE-Phrase,267,141167,142467,1300,1300,0.658,-117,559
141050,143026,1976,0,GE-Phrase,268,142467,145380,2913,559,0.283,-1417,-2354
141050,143026,1976,0,GE-Phase,stroke,139895,141167,1272,117,0.059,1155,1859
141050,143026,1976,0,GE-Phase,stroke,141167,142045,878,878,0.444,-117,981
141050,143026,1976,0,GE-Phase,hold,142045,142467,422,422,0.214,-995,559
141050,143026,1976,0,GE-Phase,preparation,142467,143704,1237,559,0.283,-1417,-678
149300,150432,1132,0,GE-Phrase,270,147413,149490,2077,190,0.168,1887,942
149300,150432,1132,0,GE-Phrase,271,149490,151803,2313,942,0.832,-190,-1371
149300,150432,1132,0,GE-Phase,hold,148742,149490,748,190,0.168,558,942
149300,150432,1132,0,GE-Phase,preparation,149490,150125,635,635,0.561,-190,307
149300,150432,1132,0,GE-Phase,stroke,150125,151219,1094,307,0.271,-825,-787
9631,12030,2399,0,GE-Phrase,205,9104,11228,2124,1597,0.666,527,802
9631,12030,2399,0,GE-Phrase,206,11228,13092,1864,802,0.334,-1597,-1062
9631,12030,2399,0,GE-Phase,preparation,9104,10503,1399,872,0.363,527,1527
9631,12030,2399,0,GE-Phase,stroke,10503,10898,395,395,0.165,-872,1132
9631,12030,2399,0,GE-Phase,retraction,10898,11228,330,330,0.138,-1267,802
9631,12030,2399,0,GE-Phase,preparation,11228,11616,388,388,0.162,-1597,414
9631,12030,2399,0,GE-Phase,stroke,11616,12216,600,414,0.173,-1985,-186
12030,13506,1476,0,GE-Phrase,206,11228,13092,1864,1062,0.72,802,414
12030,13506,1476,0,GE-Phrase,207,13092,14908,1816,414,0.28,-1062,-1402
12030,13506,1476,0,GE-Phase,stroke,11616,12216,600,186,0.126,414,1290
12030,13506,1476,0,GE-Phase,retraction,12216,13092,876,876,0.593,-186,414
12030,13506,1476,0,GE-Phase,preparation,13092,13708,616,414,0.28,-1062,-202
25187,26370,1183,0,GE-Phrase,212,23414,26572,3158,1183,1.0,1773,-202
25187,26370,1183,0,GE-Phase,stroke,23890,25250,1360,63,0.053,1297,1120
25187,26370,1183,0,GE-Phase,retraction,25250,26572,1322,1120,0.947,-63,-202
26370,27200,830,0,GE-Phrase,212,23414,26572,3158,202,0.243,2956,628
26370,27200,830,0,GE-Phrase,213,26572,28865,2293,628,0.757,-202,-1665
26370,27200,830,0,GE-Phase,retraction,25250,26572,1322,202,0.243,1120,628
26370,27200,830,0,GE-Phase,preparation,26572,27305,733,628,0.757,-202,-105
27200,28048,848,0,GE-Phrase,213,26572,28865,2293,848,1.0,628,-817
27200,28048,848,0,GE-Phase,preparation,26572,27305,733,105,0.124,628,743
27200,28048,848,0,GE-Phase,stroke,27305,28425,1120,743,0.876,-105,-377
28048,29000,952,0,GE-Phrase,213,26572,28865,2293,817,0.858,1476,135
28048,29000,952,0,GE-Phrase,214,28865,30267,1402,135,0.142,-817,-1267
28048,29000,952,0,GE-Phase,stroke,27305,28425,1120,377,0.396,743,575
28048,29000,952,0,GE-Phase,retraction,28425,28865,440,440,0.462,-377,135
28048,29000,952,0,GE-Phase,preparation,28865,29147,282,135,0.142,-817,-147
69250,70269,1019,0,GE-Phrase,233,69124,70078,954,828,0.813,126,191
69250,70269,1019,0,GE-Phrase,234,70078,71694,1616,191,0.187,-828,-1425
69250,70269,1019,0,GE-Phase,preparation,69124,69404,280,154,0.151,126,865
69250,70269,1019,0,GE-Phase,stroke,69404,70078,674,674,0.661,-154,191
69250,70269,1019,0,GE-Phase,preparation,70078,70626,548,191,0.187,-828,-357
123300,123678,378,0,GE-Phrase,261,123162,126484,3322,378,1.0,138,-2806
123300,123678,378,0,GE-Phase,preparation,123162,123543,381,243,0.643,138,135
123300,123678,378,0,GE-Phase,stroke,123543,125275,1732,135,0.357,-243,-1597
123678,123884,206,0,GE-Phrase,261,123162,126484,3322,206,1.0,516,-2600
123678,123884,206,0,GE-Phase,stroke,123543,125275,1732,206,1.0,135,-1391
123884,124760,876,0,GE-Phrase,261,123162,126484,3322,876,1.0,722,-1724
123884,124760,876,0,GE-Phase,stroke,123543,125275,1732,876,1.0,341,-515
124760,125900,1140,0,GE-Phrase,261,123162,126484,3322,1140,1.0,1598,-584
124760,125900,1140,0,GE-Phase,stroke,123543,125275,1732,515,0.452,1217,625
124760,125900,1140,0,GE-Phase,retraction,125275,126484,1209,625,0.548,-515,-584
125900,127426,1526,0,GE-Phrase,261,123162,126484,3322,584,0.383,2738,942
125900,127426,1526,0,GE-Phase,retraction,125275,126484,1209,584,0.383,625,942
131400,132715,1315,0,GE-Phrase,262,128821,132202,3381,802,0.61,2579,513
131400,132715,1315,0,GE-Phrase,263,132202,134077,1875,513,0.39,-802,-1362
131400,132715,1315,0,GE-Phase,stroke,131270,132202,932,802,0.61,130,513
131400,132715,1315,0,GE-Phase,preparation,132202,132712,510,510,0.388,-802,3
131400,132715,1315,0,GE-Phase,stroke,132712,133300,588,3,0.002,-1312,-585
132715,134762,2047,0,GE-Phrase,263,132202,134077,1875,1362,0.665,513,685
132715,134762,2047,0,GE-Phrase,264,134077,135782,1705,685,0.335,-1362,-1020
132715,134762,2047,0,GE-Phase,stroke,132712,133300,588,585,0.286,3,1462
132715,134762,2047,0,GE-Phase,retraction,133300,134077,777,777,0.38,-585,685
132715,134762,2047,0,GE-Phase,preparation,134077,134927,850,685,0.335,-1362,-165
136371,137155,784,0,GE-Phrase,265,135782,138288,2506,784,1.0,589,-1133
136371,137155,784,0,GE-Phase,preparation,135782,136557,775,186,0.237,589,598
136371,137155,784,0,GE-Phase,stroke,136557,137175,618,598,0.763,-186,-20
137155,137394,239,0,GE-Phrase,265,135782,138288,2506,239,1.0,1373,-894
137155,137394,239,0,GE-Phase,stroke,136557,137175,618,20,0.084,598,219
137155,137394,239,0,GE-Phase,retraction,137175,138288,1113,219,0.916,-20,-894
141050,143026,1976,0,GE-Phrase,266,138288,141167,2879,117,0.059,2762,1859
141050,143026,1976,0,GE-Phrase,267,141167,142467,1300,1300,0.658,-117,559
141050,143026,1976,0,GE-Phrase,268,142467,145380,2913,559,0.283,-1417,-2354
141050,143026,1976,0,GE-Phase,stroke,139895,141167,1272,117,0.059,1155,1859
141050,143026,1976,0,GE-Phase,stroke,141167,142045,878,878,0.444,-117,981
141050,143026,1976,0,GE-Phase,hold,142045,142467,422,422,0.214,-995,559
141050,143026,1976,0,GE-Phase,preparation,142467,143704,1237,559,0.283,-1417,-678
149300,150432,1132,0,GE-Phrase,270,147413,149490,2077,190,0.168,1887,942
149300,150432,1132,0,GE-Phrase,271,149490,151803,2313,942,0.832,-190,-1371
149300,150432,1132,0,GE-Phase,hold,148742,149490,748,190,0.168,558,942
149300,150432,1132,0,GE-Phase,preparation,149490,150125,635,635,0.561,-190,307
149300,150432,1132,0,GE-Phase,stroke,150125,151219,1094,307,0.271,-825,-787
9631,12030,2399,0,GE-Phrase,205,9104,11228,2124,1597,0.666,527,802
9631,12030,2399,0,GE-Phrase,206,11228,13092,1864,802,0.334,-1597,-1062
9631,12030,2399,0,GE-Phase,preparation,9104,10503,1399,872,0.363,527,1527
9631,12030,2399,0,GE-Phase,stroke,10503,10898,395,395,0.165,-872,1132
9631,12030,2399,0,GE-Phase,retraction,10898,11228,330,330,0.138,-1267,802
9631,12030,2399,0,GE-Phase,preparation,11228,11616,388,388,0.162,-1597,414
9631,12030,2399,0,GE-Phase,stroke,11616,12216,600,414,0.173,-1985,-186
12030,13506,1476,0,GE-Phrase,206,11228,13092,1864,1062,0.72,802,414
12030,13506,1476,0,GE-Phrase,207,13092,14908,1816,414,0.28,-1062,-1402
12030,13506,1476,0,GE-Phase,stroke,11616,12216,600,186,0.126,414,1290
12030,13506,1476,0,GE-Phase,retraction,12216,13092,876,876,0.593,-186,414
12030,13506,1476,0,GE-Phase,preparation,13092,13708,616,414,0.28,-1062,-202
25187,26370,1183,0,GE-Phrase,212,23414,26572,3158,1183,1.0,1773,-202
25187,26370,1183,0,GE-Phase,stroke,23890,25250,1360,63,0.053,1297,1120
25187,26370,1183,0,GE-Phase,retraction,25250,26572,1322,1120,0.947,-63,-202
26370,27200,830,0,GE-Phrase,212,23414,26572,3158,202,0.243,2956,628
26370,27200,830,0,GE-Phrase,213,26572,28865,2293,628,0.757,-202,-1665
26370,27200,830,0,GE-Phase,retraction,25250,26572,1322,202,0.243,1120,628
26370,27200,830,0,GE-Phase,preparation,26572,27305,733,628,0.757,-202,-105
27200,28048,848,0,GE-Phrase,213,26572,28865,2293,848,1.0,628,-817
27200,28048,848,0,GE-Phase,preparation,26572,27305,733,105,0.124,628,743
27200,28048,848,0,GE-Phase,stroke,27305,28425,1120,743,0.876,-105,-377
28048,29000,952,0,GE-Phrase,213,26572,28865,2293,817,0.858,1476,135
28048,29000,952,0,GE-Phrase,214,28865,30267,1402,135,0.142,-817,-1267
28048,29000,952,0,GE-Phase,stroke,27305,28425,1120,377,0.396,743,575
28048,29000,952,0,GE-Phase,retraction,28425,28865,440,440,0.462,-377,135
28048,29000,952,0,GE-Phase,preparation,28865,29147,282,135,0.142,-817,-147
69250,70269,1019,0,GE-Phrase,233,69124,70078,954,828,0.813,126,191
69250,70269,1019,0,GE-Phrase,234,70078,71694,1616,191,0.187,-828,-1425
69250,70269,1019,0,GE-Phase,preparation,69124,69404,280,154,0.151,126,865
69250,70269,1019,0,GE-Phase,stroke,69404,70078,674,674,0.661,-154,191
69250,70269,1019,0,GE-Phase,preparation,70078,70626,548,191,0.187,-828,-357
123300,123678,378,0,GE-Phrase,261,123162,126484,3322,378,1.0,138,-2806
123300,123678,378,0,GE-Phase,preparation,123162,123543,381,243,0.643,138,135
123300,123678,378,0,GE-Phase,stroke,123543,125275,1732,135,0.357,-243,-1597
123678,123884,206,0,GE-Phrase,261,123162,126484,3322,206,1.0,516,-2600
123678,123884,206,0,GE-Phase,stroke,123543,125275,1732,206,1.0,135,-1391
123884,124760,876,0,GE-Phrase,261,123162,126484,3322,876,1.0,722,-1724
123884,124760,876,0,GE-Phase,stroke,123543,125275,1732,876,1.0,341,-515
124760,125900,1140,0,GE-Phrase,261,123162,126484,3322,1140,1.0,1598,-584
124760,125900,1140,0,GE-Phase,stroke,123543,125275,1732,515,0.452,1217,625
124760,125900,1140,0,GE-Phase,retraction,125275,126484,1209,625,0.548,-515,-584
125900,127426,1526,0,GE-Phrase,261,123162,126484,3322,584,0.383,2738,942
125900,127426,1526,0,GE-Phase,retraction,125275,126484,1209,584,0.383,625,942
131400,132715,1315,0,GE-Phrase,262,128821,132202,3381,802,0.61,2579,513
131400,132715,1315,0,GE-Phrase,263,132202,134077,1875,513,0.39,-802,-1362
131400,132715,1315,0,GE-Phase,stroke,131270,132202,932,802,0.61,130,513
131400,132715,1315,0,GE-Phase,preparation,132202,132712,510,510,0.388,-802,3
131400,132715,1315,0,GE-Phase,stroke,132712,133300,588,3,0.002,-1312,-585
132715,134762,2047,0,GE-Phrase,263,132202,134077,1875,1362,0.665,513,685
132715,134762,2047,0,GE-Phrase,264,134077,135782,1705,685,0.335,-1362,-1020
132715,134762,2047,0,GE-Phase,stroke,132712,133300,588,585,0.286,3,1462
132715,134762,2047,0,GE-Phase,retraction,133300,134077,777,777,0.38,-585,685
132715,134762,2047,0,GE-Phase,preparation,134077,134927,850,685,0.335,-1362,-165
136371,137155,784,0,GE-Phrase,265,135782,138288,2506,784,1.0,589,-1133
136371,137155,784,0,GE-Phase,preparation,135782,136557,775,186,0.237,589,598
136371,137155,784,0,GE-Phase,stroke,136557,137175,618,598,0.763,-186,-20
137155,137394,239,0,GE-Phrase,265,135782,138288,2506,239,1.0,1373,-894
137155,137394,239,0,GE-Phase,stroke,136557,137175,618,20,0.084,598,219
137155,137394,239,0,GE-Phase,retraction,137175,138288,1113,219,0.916,-20,-894
141050,143026,1976,0,GE-Phrase,266,138288,141167,2879,117,0.059,2762,1859
141050,143026,1976,0,GE-Phrase,267,141167,142467,1300,1300,0.658,-117,559
141050,143026,1976,0,GE-Phrase,268,142467,145380,2913,559,0.283,-1417,-2354
141050,143026,1976,0,GE-Phase,stroke,139895,141167,1272,117,0.059,1155,1859
141050,143026,1976,0,GE-Phase,stroke,141167,142045,878,878,0.444,-117,981
141050,143026,1976,0,GE-Phase,hold,142045,142467,422,422,0.214,-995,559
141050,143026,1976,0,GE-Phase,preparation,142467,143704,1237,559,0.283,-1417,-678
149300,150432,1132,0,GE-Phrase,270,147413,149490,2077,190,0.168,1887,942
149300,150432,1132,0,GE-Phrase,271,149490,151803,2313,942,0.832,-190,-1371
149300,150432,1132,0,GE-Phase,hold,148742,149490,748,190,0.168,558,942
149300,150432,1132,0,GE-Phase,preparation,149490,150125,635,635,0.561,-190,307
149300,150432,1132,0,GE-Phase,stroke,150125,151219,1094,307,0.271,-825,-787
9631,12030,2399,0,GE-Phrase,205,9104,11228,2124,1597,0.666,527,802
9631,12030,2399,0,GE-Phrase,206,11228,13092,1864,802,0.334,-1597,-1062
9631,12030,2399,0,GE-Phase,preparation,9104,10503,1399,872,0.363,527,1527
9631,12030,2399,0,GE-Phase,stroke,10503,10898,395,395,0.165,-872,1132
9631,12030,2399,0,GE-Phase,retraction,10898,11228,330,330,0.138,-1267,802
9631,12030,2399,0,GE-Phase,preparation,11228,11616,388,388,0.162,-1597,414
9631,12030,2399,0,GE-Phase,stroke,11616,12216,600,414,0.173,-1985,-186
12030,13506,1476,0,GE-Phrase,206,11228,13092,1864,1062,0.72,802,414
12030,13506,1476,0,GE-Phrase,207,13092,14908,1816,414,0.28,-1062,-1402
12030,13506,1476,0,GE-Phase,stroke,11616,12216,600,186,0.126,414,1290
12030,13506,1476,0,GE-Phase,retraction,12216,13092,876,876,0.593,-186,414
12030,13506,1476,0,GE-Phase,preparation,13092,13708,616,414,0.28,-1062,-202
25187,26370,1183,0,GE-Phrase,212,23414,26572,3158,1183,1.0,1773,-202
25187,26370,1183,0,GE-Phase,stroke,23890,25250,1360,63,0.053,1297,1120
25187,26370,1183,0,GE-Phase,retraction,25250,26572,1322,1120,0.947,-63,-202
26370,27200,830,0,GE-Phrase,212,23414,26572,3158,202,0.243,2956,628
26370,27200,830,0,GE-Phrase,213,26572,28865,2293,628,0.757,-202,-1665
26370,27200,830,0,GE-Phase,retraction,25250,26572,1322,202,0.243,1120,628
26370,27200,830,0,GE-Phase,preparation,26572,27305,733,628,0.757,-202,-105
27200,28048,848,0,GE-Phrase,213,26572,28865,2293,848,1.0,628,-817
27200,28048,848,0,GE-Phase,preparation,26572,27305,733,105,0.124,628,743
27200,28048,848,0,GE-Phase,stroke,27305,28425,1120,743,0.876,-105,-377
28048,29000,952,0,GE-Phrase,213,26572,28865,2293,817,0.858,1476,135
28048,29000,952,0,GE-Phrase,214,28865,30267,1402,135,0.142,-817,-1267
28048,29000,952,0,GE-Phase,stroke,27305,28425,1120,377,0.396,743,575
28048,29000,952,0,GE-Phase,retraction,28425,28865,440,440,0.462,-377,135
28048,29000,952,0,GE-Phase,preparation,28865,29147,282,135,0.142,-817,-147
69250,70269,1019,0,GE-Phrase,233,69124,70078,954,828,0.813,126,191
69250,70269,1019,0,GE-Phrase,234,70078,71694,1616,191,0.187,-828,-1425
69250,70269,1019,0,GE-Phase,preparation,69124,69404,280,154,0.151,126,865
69250,70269,1019,0,GE-Phase,stroke,69404,70078,674,674,0.661,-154,191
69250,70269,1019,0,GE-Phase,preparation,70078,70626,548,191,0.187,-828,-357
123300,123678,378,0,GE-Phrase,261,123162,126484,3322,378,1.0,138,-2806
123300,123678,378,0,GE-Phase,preparation,123162,123543,381,243,0.643,138,135
123300,123678,378,0,GE-Phase,stroke,123543,125275,1732,135,0.357,-243,-1597
123678,123884,206,0,GE-Phrase,261,123162,126484,3322,206,1.0,516,-2600
123678,123884,206,0,GE-Phase,stroke,123543,125275,1732,206,1.0,135,-1391
123884,124760,876,0,GE-Phrase,261,123162,126484,3322,876,1.0,722,-1724
123884,124760,876,0,GE-Phase,stroke,123543,125275,1732,876,1.0,341,-515
124760,125900,1140,0,GE-Phrase,261,123162,126484,3322,1140,1.0,1598,-584
124760,125900,1140,0,GE-Phase,stroke,123543,125275,1732,515,0.452,1217,625
124760,125900,1140,0,GE-Phase,retraction,125275,126484,1209,625,0.548,-515,-584
125900,127426,1526,0,GE-Phrase,261,123162,126484,3322,584,0.383,2738,942
125900,127426,1526,0,GE-Phase,retraction,125275,126484,1209,584,0.383,625,942
131400,132715,1315,0,GE-Phrase,262,128821,132202,3381,802,0.61,2579,513
131400,132715,1315,0,GE-Phrase,263,132202,134077,1875,513,0.39,-802,-1362
131400,132715,1315,0,GE-Phase,stroke,131270,132202,932,802,0.61,130,513
131400,132715,1315,0,GE-Phase,preparation,132202,132712,510,510,0.388,-802,3
131400,132715,1315,0,GE-Phase,stroke,132712,133300,588,3,0.002,-1312,-585
132715,134762,2047,0,GE-Phrase,263,132202,134077,1875,1362,0.665,513,685
132715,134762,2047,0,GE-Phrase,264,134077,135782,1705,685,0.335,-1362,-1020
132715,134762,2047,0,GE-Phase,stroke,132712,133300,588,585,0.286,3,1462
132715,134762,2047,0,GE-Phase,retraction,133300,134077,777,777,0.38,-585,685
132715,134762,2047,0,GE-Phase,preparation,134077,134927,850,685,0.335,-1362,-165
136371,137155,784,0,GE-Phrase,265,135782,138288,2506,784,1.0,589,-1133
136371,137155,784,0,GE-Phase,preparation,135782,136557,775,186,0.237,589,598
136371,137155,784,0,GE-Phase,stroke,136557,137175,618,598,0.763,-186,-20
137155,137394,239,0,GE-Phrase,265,135782,138288,2506,239,1.0,1373,-894
137155,137394,239,0,GE-Phase,stroke,136557,137175,618,20,0.084,598,219
137155,137394,239,0,GE-Phase,retraction,137175,138288,1113,219,0.916,-20,-894
141050,143026,1976,0,GE-Phrase,266,138288,141167,2879,117,0.059,2762,1859
141050,143026,1976,0,GE-Phrase,267,141167,142467,1300,1300,0.658,-117,559
141050,143026,1976,0,GE-Phrase,268,142467,145380,2913,559,0.283,-1417,-2354
141050,143026,1976,0,GE-Phase,stroke,139895,141167,1272,117,0.059,1155,1859
141050,143026,1976,0,GE-Phase,stroke,141167,142045,878,878,0.444,-117,981
141050,143026,1976,0,GE-Phase,hold,142045,142467,422,422,0.214,-995,559
141050,143026,1976,0,GE-Phase,preparation,142467,143704,1237,559,0.283,-1417,-678
149300,150432,1132,0,GE-Phrase,270,147413,149490,2077,190,0.168,1887,942
149300,150432,1132,0,GE-Phrase,271,149490,151803,2313,942,0.832,-190,-1371
149300,150432,1132,0,GE-Phase,hold,148742,149490,748,190,0.168,558,942
149300,150432,1132,0,GE-Phase,preparation,149490,150125,635,635,0.561,-190,307
149300,150432,1132,0,GE-Phase,stroke,150125,151219,1094,307,0.271,-825,-787
9631,12030,2399,0,GE-Phrase,205,9104,11228,2124,1597,0.666,527,802
9631,12030,2399,0,GE-Phrase,206,11228,13092,1864,802,0.334,-1597,-1062
9631,12030,2399,0,GE-Phase,preparation,9104,10503,1399,872,0.363,527,1527
9631,12030,2399,0,GE-Phase,stroke,10503,10898,395,395,0.165,-872,1132
9631,12030,2399,0,GE-Phase,retraction,10898,11228,330,330,0.138,-1267,802
9631,12030,2399,0,GE-Phase,preparation,11228,11616,388,388,0.162,-1597,414
9631,12030,2399,0,GE-Phase,stroke,11616,12216,600,414,0.173,-1985,-186
12030,13506,1476,0,GE-Phrase,206,11228,13092,1864,1062,0.72,802,414
12030,13506,1476,0,GE-Phrase,207,13092,14908,1816,414,0.28,-1062,-1402
12030,13506,1476,0,GE-Phase,stroke,11616,12216,600,186,0.126,414,1290
12030,13506,1476,0,GE-Phase,retraction,12216,13092,876,876,0.593,-186,414
12030,13506,1476,0,GE-Phase,preparation,13092,13708,616,414,0.28,-1062,-202
25187,26370,1183,0,GE-Phrase,212,23414,26572,3158,1183,1.0,1773,-202
25187,26370,1183,0,GE-Phase,stroke,23890,25250,1360,63,0.053,1297,1120
25187,26370,1183,0,GE-Phase,retraction,25250,26572,1322,1120,0.947,-63,-202
26370,27200,830,0,GE-Phrase,212,23414,26572,3158,202,0.243,2956,628
26370,27200,830,0,GE-Phrase,213,26572,28865,2293,628,0.757,-202,-1665
26370,27200,830,0,GE-Phase,retraction,25250,26572,1322,202,0.243,1120,628
26370,27200,830,0,GE-Phase,preparation,26572,27305,733,628,0.757,-202,-105
27200,28048,848,0,GE-Phrase,213,26572,28865,2293,848,1.0,628,-817
27200,28048,848,0,GE-Phase,preparation,26572,27305,733,105,0.124,628,743
27200,28048,848,0,GE-Phase,stroke,27305,28425,1120,743,0.876,-105,-377
28048,29000,952,0,GE-Phrase,213,26572,28865,2293,817,0.858,1476,135
28048,29000,952,0,GE-Phrase,214,28865,30267,1402,135,0.142,-817,-1267
28048,29000,952,0,GE-Phase,stroke,27305,28425,1120,377,0.396,743,575
28048,29000,952,0,GE-Phase,retraction,28425,28865,440,440,0.462,-377,135
28048,29000,952,0,GE-Phase,preparation,28865,29147,282,135,0.142,-817,-147
69250,70269,1019,0,GE-Phrase,233,69124,70078,954,828,0.813,126,191
69250,70269,1019,0,GE-Phrase,234,70078,71694,1616,191,0.187,-828,-1425
69250,70269,1019,0,GE-Phase,preparation,69124,69404,280,154,0.151,126,865
69250,70269,1019,0,GE-Phase,stroke,69404,70078,674,674,0.661,-154,191
69250,70269,1019,0,GE-Phase,preparation,70078,70626,548,191,0.187,-828,-357
123300,123678,378,0,GE-Phrase,261,123162,126484,3322,378,1.0,138,-2806
123300,123678,378,0,GE-Phase,preparation,123162,123543,381,243,0.643,138,135
123300,123678,378,0,GE-Phase,stroke,123543,125275,1732,135,0.357,-243,-1597
123678,123884,206,0,GE-Phrase,261,123162,126484,3322,206,1.0,516,-2600
123678,123884,206,0,GE-Phase,stroke,123543,125275,1732,206,1.0,135,-1391
123884,124760,876,0,GE-Phrase,261,123162,126484,3322,876,1.0,722,-1724
123884,124760,876,0,GE-Phase,stroke,123543,125275,1732,876,1.0,341,-515
124760,125900,1140,0,GE-Phrase,261,123162,126484,3322,1140,1.0,1598,-584
124760,125900,1140,0,GE-Phase,stroke,123543,125275,1732,515,0.452,1217,625
124760,125900,1140,0,GE-Phase,retraction,125275,126484,1209,625,0.548,-515,-584
125900,127426,1526,0,GE-Phrase,261,123162,126484,3322,584,0.383,2738,942
125900,127426,1526,0,GE-Phase,retraction,125275,126484,1209,584,0.383,625,942
131400,132715,1315,0,GE-Phrase,262,128821,132202,3381,802,0.61,2579,513
131400,132715,1315,0,GE-Phrase,263,132202,134077,1875,513,0.39,-802,-1362
131400,132715,1315,0,GE-Phase,stroke,131270,132202,932,802,0.61,130,513
131400,132715,1315,0,GE-Phase,preparation,132202,132712,510,510,0.388,-802,3
131400,132715,1315,0,GE-Phase,stroke,132712,133300,588,3,0.002,-1312,-585
132715,134762,2047,0,GE-Phrase,263,132202,134077,1875,1362,0.665,513,685
132715,134762,2047,0,GE-Phrase,264,134077,135782,1705,685,0.335,-1362,-1020
132715,134762,2047,0,GE-Phase,stroke,132712,133300,588,585,0.286,3,1462
132715,134762,2047,0,GE-Phase,retraction,133300,134077,777,777,0.38,-585,685
132715,134762,2047,0,GE-Phase,preparation,134077,134927,850,685,0.335,-1362,-165
136371,137155,784,0,GE-Phrase,265,135782,138288,2506,784,1.0,589,-1133
136371,137155,784,0,GE-Phase,preparation,135782,136557,775,186,0.237,589,598
136371,137155,784,0,GE-Phase,stroke,136557,137175,618,598,0.763,-186,-20
137155,137394,239,0,GE-Phrase,265,135782,138288,2506,239,1.0,1373,-894
137155,137394,239,0,GE-Phase,stroke,136557,137175,618,20,0.084,598,219
137155,137394,239,0,GE-Phase,retraction,137175,138288,1113,219,0.916,-20,-894
141050,143026,1976,0,GE-Phrase,266,138288,141167,2879,117,0.059,2762,1859
141050,143026,1976,0,GE-Phrase,267,141167,142467,1300,1300,0.658,-117,559
141050,143026,1976,0,GE-Phrase,268,142467,145380,2913,559,0.283,-1417,-2354
141050,143026,1976,0,GE-Phase,stroke,139895,141167,1272,117,0.059,1155,1859
141050,143026,1976,0,GE-Phase,stroke,141167,142045,878,878,0.444,-117,981
141050,143026,1976,0,GE-Phase,hold,142045,142467,422,422,0.214,-995,559
141050,143026,1976,0,GE-Phase,preparation,142467,143704,1237,559,0.283,-1417,-678
149300,150432,1132,0,GE-Phrase,270,147413,149490,2077,190,0.168,1887,942
149300,150432,1132,0,GE-Phrase,271,149490,151803,2313,942,0.832,-190,-1371
149300,150432,1132,0,GE-Phase,hold,148742,149490,748,190,0.168,558,942
149300,150432,1132,0,GE-Phase,preparation,149490,150125,635,635,0.561,-190,307
149300,150432,1132,0,GE-Phase,stroke,150125,151219,1094,307,0.271,-825,-787
9631,12030,2399,0,GE-Phrase,205,9104,11228,2124,1597,0.666,527,802
9631,12030,2399,0,GE-Phrase,206,11228,13092,1864,802,0.334,-1597,-1062
9631,12030,2399,0,GE-Phase,preparation,9104,10503,1399,872,0.363,527,1527
9631,12030,2399,0,GE-Phase,stroke,10503,10898,395,395,0.165,-872,1132
9631,12030,2399,0,GE-Phase,retraction,10898,11228,330,330,0.138,-1267,802
9631,12030,2399,0,GE-Phase,preparation,11228,11616,388,388,0.162,-1597,414
9631,12030,2399,0,GE-Phase,stroke,11616,12216,600,414,0.173,-1985,-186
12030,13506,1476,0,GE-Phrase,206,11228,13092,1864,1062,0.72,802,414
12030,13506,1476,0,GE-Phrase,207,13092,14908,1816,414,0.28,-1062,-1402
12030,13506,1476,0,GE-Phase,stroke,11616,12216,600,186,0.126,414,1290
12030,13506,1476,0,GE-Phase,retraction,12216,13092,876,876,0.593,-186,414
12030,13506,1476,0,GE-Phase,preparation,13092,13708,616,414,0.28,-1062,-202
25187,26370,1183,0,GE-Phrase,212,23414,26572,3158,1183,1.0,1773,-202
25187,26370,1183,0,GE-Phase,stroke,23890,25250,1360,63,0.053,1297,1120
25187,26370,1183,0,GE-Phase,retraction,25250,26572,1322,1120,0.947,-63,-202
26370,27200,830,0,GE-Phrase,212,23414,26572,3158,202,0.243,2956,628
26370,27200,830,0,GE-Phrase,213,26572,28865,2293,628,0.757,-202,-1665
26370,27200,830,0,GE-Phase,retraction,25250,26572,1322,202,0.243,1120,628
26370,27200,830,0,GE-Phase,preparation,26572,27305,733,628,0.757,-202,-105
27200,28048,848,0,GE-Phrase,213,26572,28865,2293,848,1.0,628,-817
27200,28048,848,0,GE-Phase,preparation,26572,27305,733,105,0.124,628,743
27200,28048,848,0,GE-Phase,stroke,27305,28425,1120,743,0.876,-105,-377
28048,29000,952,0,GE-Phrase,213,26572,28865,2293,817,0.858,1476,135
28048,29000,952,0,GE-Phrase,214,28865,30267,1402,135,0.142,-817,-1267
28048,29000,952,0,GE-Phase,stroke,27305,28425,1120,377,0.396,743,575
28048,29000,952,0,GE-Phase,retraction,28425,28865,440,440,0.462,-377,135
28048,29000,952,0,GE-Phase,preparation,28865,29147,282,135,0.142,-817,-147
69250,70269,1019,0,GE-Phrase,233,69124,70078,954,828,0.813,126,191
69250,70269,1019,0,GE-Phrase,234,70078,71694,1616,191,0.187,-828,-1425
69250,70269,1019,0,GE-Phase,preparation,69124,69404,280,154,0.151,126,865
69250,70269,1019,0,GE-Phase,stroke,69404,70078,674,674,0.661,-154,191
69250,70269,1019,0,GE-Phase,preparation,70078,70626,548,191,0.187,-828,-357
123300,123678,378,0,GE-Phrase,261,123162,126484,3322,378,1.0,138,-2806
123300,123678,378,0,GE-Phase,preparation,123162,123543,381,243,0.643,138,135
123300,123678,378,0,GE-Phase,stroke,123543,125275,1732,135,0.357,-243,-1597
123678,123884,206,0,GE-Phrase,261,123162,126484,3322,206,1.0,516,-2600
123678,123884,206,0,GE-Phase,stroke,123543,125275,1732,206,1.0,135,-1391
123884,124760,876,0,GE-Phrase,261,123162,126484,3322,876,1.0,722,-1724
123884,124760,876,0,GE-Phase,stroke,123543,125275,1732,876,1.0,341,-515
124760,125900,1140,0,GE-Phrase,261,123162,126484,3322,1140,1.0,1598,-584
124760,125900,1140,0,GE-Phase,stroke,123543,125275,1732,515,0.452,1217,625
124760,125900,1140,0,GE-Phase,retraction,125275,126484,1209,625,0.548,-515,-584
125900,127426,1526,0,GE-Phrase,261,123162,126484,3322,584,0.383,2738,942
125900,127426,1526,0,GE-Phase,retraction,125275,126484,1209,584,0.383,625,942
131400,132715,1315,0,GE-Phrase,262,128821,132202,3381,802,0.61,2579,513
131400,132715,1315,0,GE-Phrase,263,132202,134077,1875,513,0.39,-802,-1362
131400,132715,1315,0,GE-Phase,stroke,131270,132202,932,802,0.61,130,513
131400,132715,1315,0,GE-Phase,preparation,132202,132712,510,510,0.388,-802,3
131400,132715,1315,0,GE-Phase,stroke,132712,133300,588,3,0.002,-1312,-585
132715,134762,2047,0,GE-Phrase,263,132202,134077,1875,1362,0.665,513,685
132715,134762,2047,0,GE-Phrase,264,134077,135782,1705,685,0.335,-1362,-1020
132715,134762,2047,0,GE-Phase,stroke,132712,133300,588,585,0.286,3,1462
132715,134762,2047,0,GE-Phase,retraction,133300,134077,777,777,0.38,-585,685
132715,134762,2047,0,GE-Phase,preparation,134077,134927,850,685,0.335,-1362,-165
136371,137155,784,0,GE-Phrase,265,135782,138288,2506,784,1.0,589,-1133
136371,137155,784,0,GE-Phase,preparation,135782,136557,775,186,0.237,589,598
136371,137155,784,0,GE-Phase,stroke,136557,137175,618,598,0.763,-186,-20
137155,137394,239,0,GE-Phrase,265,135782,138288,2506,239,1.0,1373,-894
137155,137394,239,0,GE-Phase,stroke,136557,137175,618,20,0.084,598,219
137155,137394,239,0,GE-Phase,retraction,137175,138288,1113,219,0.916,-20,-894
141050,143026,1976,0,GE-Phrase,266,138288,141167,2879,117,0.059,2762,1859
141050,143026,1976,0,GE-Phrase,267,141167,142467,1300,1300,0.658,-117,559
141050,143026,1976,0,GE-Phrase,268,142467,145380,2913,559,0.283,-1417,-2354
141050,143026,1976,0,GE-Phase,stroke,139895,141167,1272,117,0.059,1155,1859
141050,143026,1976,0,GE-Phase,stroke,141167,142045,878,878,0.444,-117,981
141050,143026,1976,0,GE-Phase,hold,142045,142467,422,422,0.214,-995,559
141050,143026,1976,0,GE-Phase,preparation,142467,143704,1237,559,0.283,-1417,-678
149300,150432,1132,0,GE-Phrase,270,147413,149490,2077,190,0.168,1887,942
149300,150432,1132,0,GE-Phrase,271,149490,151803,2313,942,0.832,-190,-1371
149300,150432,1132,0,GE-Phase,hold,148742,149490,748,190,0.168,558,942
149300,150432,1132,0,GE-Phase,preparation,149490,150125,635,635,0.561,-190,307
149300,150432,1132,0,GE-Phase,stroke,150125,151219,1094,307,0.271,-825,-787
9631,12030,2399,0,GE-Phrase,205,9104,11228,2124,1597,0.666,527,802
9631,12030,2399,0,GE-Phrase,206,11228,13092,1864,802,0.334,-1597,-1062
9631,12030,2399,0,GE-Phase,preparation,9104,10503,1399,872,0.363,527,1527
9631,12030,2399,0,GE-Phase,stroke,10503,10898,395,395,0.165,-872,1132
9631,12030,2399,0,GE-Phase,retraction,10898,11228,330,330,0.138,-1267,802
9631,12030,2399,0,GE-Phase,preparation,11228,11616,388,388,0.162,-1597,414
9631,12030,2399,0,GE-Phase,stroke,11616,12216,600,414,0.173,-1985,-186
12030,13506,1476,0,GE-Phrase,206,11228,13092,1864,1062,0.72,802,414
12030,13506,1476,0,GE-Phrase,207,13092,14908,1816,414,0.28,-1062,-1402
12030,13506,1476,0,GE-Phase,stroke,11616,12216,600,186,0.126,414,1290
12030,13506,1476,0,GE-Phase,retraction,12216,13092,876,876,0.593,-186,414
12030,13506,1476,0,GE-Phase,preparation,13092,13708,616,414,0.28,-1062,-202
25187,26370,1183,0,GE-Phrase,212,23414,26572,3158,1183,1.0,1773,-202
25187,26370,1183,0,GE-Phase,stroke,23890,25250,1360,63,0.053,1297,1120
25187,26370,1183,0,GE-Phase,retraction,25250,26572,1322,1120,0.947,-63,-202
26370,27200,830,0,GE-Phrase,212,23414,26572,3158,202,0.243,2956,628
26370,27200,830,0,GE-Phrase,213,26572,28865,2293,628,0.757,-202,-1665
26370,27200,830,0,GE-Phase,retraction,25250,26572,1322,202,0.243,1120,628
26370,27200,830,0,GE-Phase,preparation,26572,27305,733,628,0.757,-202,-105
27200,28048,848,0,GE-Phrase,213,26572,28865,2293,848,1.0,628,-817
27200,28048,848,0,GE-Phase,preparation,26572,27305,733,105,0.124,628,743
27200,28048,848,0,GE-Phase,stroke,27305,28425,1120,743,0.876,-105,-377
28048,29000,952,0,GE-Phrase,213,26572,28865,2293,817,0.858,1476,135
28048,29000,952,0,GE-Phrase,214,28865,30267,1402,135,0.142,-817,-1267
28048,29000,952,0,GE-Phase,stroke,27305,28425,1120,377,0.396,743,575
28048,29000,952,0,GE-Phase,retraction,28425,28865,440,440,0.462,-377,135
28048,29000,952,0,GE-Phase,preparation,28865,29147,282,135,0.142,-817,-147
69250,70269,1019,0,GE-Phrase,233,69124,70078,954,828,0.813,126,191
69250,70269,1019,0,GE-Phrase,234,70078,71694,1616,191,0.187,-828,-1425
69250,70269,1019,0,GE-Phase,preparation,69124,69404,280,154,0.151,126,865
69250,70269,1019,0,GE-Phase,stroke,69404,70078,674,674,0.661,-154,191
69250,70269,1019,0,GE-Phase,preparation,70078,70626,548,191,0.187,-828,-357
123300,123678,378,0,GE-Phrase,261,123162,126484,3322,378,1.0,138,-2806
123300,123678,378,0,GE-Phase,preparation,123162,123543,381,243,0.643,138,135
123300,123678,378,0,GE-Phase,stroke,123543,125275,1732,135,0.357,-243,-1597
123678,123884,206,0,GE-Phrase,261,123162,126484,3322,206,1.0,516,-2600
123678,123884,206,0,GE-Phase,stroke,123543,125275,1732,206,1.0,135,-1391
123884,124760,876,0,GE-Phrase,261,123162,126484,3322,876,1.0,722,-1724
123884,124760,876,0,GE-Phase,stroke,123543,125275,1732,876,1.0,341,-515
124760,125900,1140,0,GE-Phrase,261,123162,126484,3322,1140,1.0,1598,-584
124760,125900,1140,0,GE-Phase,stroke,123543,125275,1732,515,0.452,1217,625
124760,125900,1140,0,GE-Phase,retraction,125275,126484,1209,625,0.548,-515,-584
125900,127426,1526,0,GE-Phrase,261,123162,126484,3322,584,0.383,2738,942
125900,127426,1526,0,GE-Phase,retraction,125275,126484,1209,584,0.383,625,942
131400,132715,1315,0,GE-Phrase,262,128821,132202,3381,802,0.61,2579,513
131400,132715,1315,0,GE-Phrase,263,132202,134077,1875,513,0.39,-802,-1362
131400,132715,1315,0,GE-Phase,stroke,131270,132202,932,802,0.61,130,513
131400,132715,1315,0,GE-Phase,preparation,132202,132712,510,510,0.388,-802,3
131400,132715,1315,0,GE-Phase,stroke,132712,133300,588,3,0.002,-1312,-585
132715,134762,2047,0,GE-Phrase,263,132202,134077,1875,1362,0.665,513,685
132715,134762,2047,0,GE-Phrase,264,134077,135782,1705,685,0.335,-1362,-1020
132715,134762,2047,0,GE-Phase,stroke,132712,133300,588,585,0.286,3,1462
132715,134762,2047,0,GE-Phase,retraction,133300,134077,777,777,0.38,-585,685
132715,134762,2047,0,GE-Phase,preparation,134077,134927,850,685,0.335,-1362,-165
136371,137155,784,0,GE-Phrase,265,135782,138288,2506,784,1.0,589,-1133
136371,137155,784,0,GE-Phase,preparation,135782,136557,775,186,0.237,589,598
136371,137155,784,0,GE-Phase,stroke,136557,137175,618,598,0.763,-186,-20
137155,137394,239,0,GE-Phrase,265,135782,138288,2506,239,1.0,1373,-894
137155,137394,239,0,GE-Phase,stroke,136557,137175,618,20,0.084,598,219
137155,137394,239,0,GE-Phase,retraction,137175,138288,1113,219,0.916,-20,-894
141050,143026,1976,0,GE-Phrase,266,138288,141167,2879,117,0.059,2762,1859
141050,143026,1976,0,GE-Phrase,267,141167,142467,1300,1300,0.658,-117,559
141050,143026,1976,0,GE-Phrase,268,142467,145380,2913,559,0.283,-1417,-2354
141050,143026,1976,0,GE-Phase,stroke,139895,141167,1272,117,0.059,1155,1859
141050,143026,1976,0,GE-Phase,stroke,141167,142045,878,878,0.444,-117,981
141050,143026,1976,0,GE-Phase,hold,142045,142467,422,422,0.214,-995,559
141050,143026,1976,0,GE-Phase,preparation,142467,143704,1237,559,0.283,-1417,-678
149300,150432,1132,0,GE-Phrase,270,147413,149490,2077,190,0.168,1887,942
149300,150432,1132,0,GE-Phrase,271,149490,151803,2313,942,0.832,-190,-1371
149300,150432,1132,0,GE-Phase,hold,148742,149490,748,190,0.168,558,942
149300,150432,1132,0,GE-Phase,preparation,149490,150125,635,635,0.561,-190,307
149300,150432,1132,0,GE-Phase,stroke,150125,151219,1094,307,0.271,-825,-787
9631,12030,2399,0,GE-Phrase,205,9104,11228,2124,1597,0.666,527,802
9631,12030,2399,0,GE-Phrase,206,11228,13092,1864,802,0.334,-1597,-1062
9631,12030,2399,0,GE-Phase,preparation,9104,10503,1399,872,0.363,527,1527
9631,12030,2399,0,GE-Phase,stroke,10503,10898,395,395,0.165,-872,1132
9631,12030,2399,0,GE-Phase,retraction,10898,11228,330,330,0.138,-1267,802
9631,12030,2399,0,GE-Phase,preparation,11228,11616,388,388,0.162,-1597,414
9631,12030,2399,0,GE-Phase,stroke,11616,12216,600,414,0.173,-1985,-186
12030,13506,1476,0,GE-Phrase,206,11228,13092,1864,1062,0.72,802,414
12030,13506,1476,0,GE-Phrase,207,13092,14908,1816,414,0.28,-1062,-1402
12030,13506,1476,0,GE-Phase,stroke,11616,12216,600,186,0.126,414,1290
12030,13506,1476,0,GE-Phase,retraction,12216,13092,876,876,0.593,-186,414
12030,13506,1476,0,GE-Phase,preparation,13092,13708,616,414,0.28,-1062,-202
25187,26370,1183,0,GE-Phrase,212,23414,26572,3158,1183,1.0,1773,-202
25187,26370,1183,0,GE-Phase,stroke,23890,25250,1360,63,0.053,1297,1120
25187,26370,1183,0,GE-Phase,retraction,25250,26572,1322,1120,0.947,-63,-202
26370,27200,830,0,GE-Phrase,212,23414,26572,3158,202,0.243,2956,628
26370,27200,830,0,GE-Phrase,213,26572,28865,2293,628,0.757,-202,-1665
26370,27200,830,0,GE-Phase,retraction,25250,26572,1322,202,0.243,1120,628
26370,27200,830,0,GE-Phase,preparation,26572,27305,733,628,0.757,-202,-105
27200,28048,848,0,GE-Phrase,213,26572,28865,2293,848,1.0,628,-817
27200,28048,848,0,GE-Phase,preparation,26572,27305,733,105,0.124,628,743
27200,28048,848,0,GE-Phase,stroke,27305,28425,1120,743,0.876,-105,-377
28048,29000,952,0,GE-Phrase,213,26572,28865,2293,817,0.858,1476,135
28048,29000,952,0,GE-Phrase,214,28865,30267,1402,135,0.142,-817,-1267
28048,29000,952,0,GE-Phase,stroke,27305,28425,1120,377,0.396,743,575
28048,29000,952,0,GE-Phase,retraction,28425,28865,440,440,0.462,-377,135
28048,29000,952,0,GE-Phase,preparation,28865,29147,282,135,0.142,-817,-147
69250,70269,1019,0,GE-Phrase,233,69124,70078,954,828,0.813,126,191
69250,70269,1019,0,GE-Phrase,234,70078,71694,1616,191,0.187,-828,-1425
69250,70269,1019,0,GE-Phase,preparation,69124,69404,280,154,0.151,126,865
69250,70269,1019,0,GE-Phase,stroke,69404,70078,674,674,0.661,-154,191
69250,70269,1019,0,GE-Phase,preparation,70078,70626,548,191,0.187,-828,-357
123300,123678,378,0,GE-Phrase,261,123162,126484,3322,378,1.0,138,-2806
123300,123678,378,0,GE-Phase,preparation,123162,123543,381,243,0.643,138,135
123300,123678,378,0,GE-Phase,stroke,123543,125275,1732,135,0.357,-243,-1597
123678,123884,206,0,GE-Phrase,261,123162,126484,3322,206,1.0,516,-2600
123678,123884,206,0,GE-Phase,stroke,123543,125275,1732,206,1.0,135,-1391
123884,124760,876,0,GE-Phrase,261,123162,126484,3322,876,1.0,722,-1724
123884,124760,876,0,GE-Phase,stroke,123543,125275,1732,876,1.0,341,-515
124760,125900,1140,0,GE-Phrase,261,123162,126484,3322,1140,1.0,1598,-584
124760,125900,1140,0,GE-Phase,stroke,123543,125275,1732,515,0.452,1217,625
124760,125900,1140,0,GE-Phase,retraction,125275,126484,1209,625,0.548,-515,-584
125900,127426,1526,0,GE-Phrase,261,123162,126484,3322,584,0.383,2738,942
125900,127426,1526,0,GE-Phase,retraction,125275,126484,1209,584,0.383,625,942
131400,132715,1315,0,GE-Phrase,262,128821,132202,3381,802,0.61,2579,513
131400,132715,1315,0,GE-Phrase,263,132202,134077,1875,513,0.39,-802,-1362
131400,132715,1315,0,GE-Phase,stroke,131270,132202,932,802,0.61,130,513
131400,132715,1315,0,GE-Phase,preparation,132202,132712,510,510,0.388,-802,3
131400,132715,1315,0,GE-Phase,stroke,132712,133300,588,3,0.002,-1312,-585
132715,134762,2047,0,GE-Phrase,263,132202,134077,1875,1362,0.665,513,685
132715,134762,2047,0,GE-Phrase,264,134077,135782,1705,685,0.335,-1362,-1020
132715,134762,2047,0,GE-Phase,stroke,132712,133300,588,585,0.286,3,1462
132715,134762,2047,0,GE-Phase,retraction,133300,134077,777,777,0.38,-585,685
132715,134762,2047,0,GE-Phase,preparation,134077,134927,850,685,0.335,-1362,-165
136371,137155,784,0,GE-Phrase,265,135782,138288,2506,784,1.0,589,-1133
136371,137155,784,0,GE-Phase,preparation,135782,136557,775,186,0.237,589,598
136371,137155,784,0,GE-Phase,stroke,136557,137175,618,598,0.763,-186,-20
137155,137394,239,0,GE-Phrase,265,135782,138288,2506,239,1.0,1373,-894
137155,137394,239,0,GE-Phase,stroke,136557,137175,618,20,0.084,598,219
137155,137394,239,0,GE-Phase,retraction,137175,138288,1113,219,0.916,-20,-894
141050,143026,1976,0,GE-Phrase,266,138288,141167,2879,117,0.059,2762,1859
141050,143026,1976,0,GE-Phrase,267,141167,142467,1300,1300,0.658,-117,559
141050,143026,1976,0,GE-Phrase,268,142467,145380,2913,559,0.283,-1417,-2354
141050,143026,1976,0,GE-Phase,stroke,139895,141167,1272,117,0.059,1155,1859
141050,143026,1976,0,GE-Phase,stroke,141167,142045,878,878,0.444,-117,981
141050,143026,1976,0,GE-Phase,hold,142045,142467,422,422,0.214,-995,559
141050,143026,1976,0,GE-Phase,preparation,142467,143704,1237,559,0.283,-1417,-678
149300,150432,1132,0,GE-Phrase,270,147413,149490,2077,190,0.168,1887,942
149300,150432,1132,0,GE-Phrase,271,149490,151803,2313,942,0.832,-190,-1371
149300,150432,1132,0,GE-Phase,hold,148742,149490,748,190,0.168,558,942
149300,150432,1132,0,GE-Phase,preparation,149490,150125,635,635,0.561,-190,307
149300,150432,1132,0,GE-Phase,stroke,150125,151219,1094,307,0.271,-825,-787
9631,12030,2399,0,GE-Phrase,205,9104,11228,2124,1597,0.666,527,802
9631,12030,2399,0,GE-Phrase,206,11228,13092,1864,802,0.334,-1597,-1062
9631,12030,2399,0,GE-Phase,preparation,9104,10503,1399,872,0.363,527,1527
9631,12030,2399,0,GE-Phase,stroke,10503,10898,395,395,0.165,-872,1132
9631,12030,2399,0,GE-Phase,retraction,10898,11228,330,330,0.138,-1267,802
9631,12030,2399,0,GE-Phase,preparation,11228,11616,388,388,0.162,-1597,414
9631,12030,2399,0,GE-Phase,stroke,11616,12216,600,414,0.173,-1985,-186
12030,13506,1476,0,GE-Phrase,206,11228,13092,1864,1062,0.72,802,414
12030,13506,1476,0,GE-Phrase,207,13092,14908,1816,414,0.28,-1062,-1402
12030,13506,1476,0,GE-Phase,stroke,11616,12216,600,186,0.126,414,1290
12030,13506,1476,0,GE-Phase,retraction,12216,13092,876,876,0.593,-186,414
12030,13506,1476,0,GE-Phase,preparation,13092,13708,616,414,0.28,-1062,-202
25187,26370,1183,0,GE-Phrase,212,23414,26572,3158,1183,1.0,1773,-202
25187,26370,1183,0,GE-Phase,stroke,23890,25250,1360,63,0.053,1297,1120
25187,26370,1183,0,GE-Phase,retraction,25250,26572,1322,1120,0.947,-63,-202
26370,27200,830,0,GE-Phrase,212,23414,26572,3158,202,0.243,2956,628
26370,27200,830,0,GE-Phrase,213,26572,28865,2293,628,0.757,-202,-1665
26370,27200,830,0,GE-Phase,retraction,25250,26572,1322,202,0.243,1120,628
26370,27200,830,0,GE-Phase,preparation,26572,27305,733,628,0.757,-202,-105
27200,28048,848,0,GE-Phrase,213,26572,28865,2293,848,1.0,628,-817
27200,28048,848,0,GE-Phase,preparation,26572,27305,733,105,0.124,628,743
27200,28048,848,0,GE-Phase,stroke,27305,28425,1120,743,0.876,-105,-377
28048,29000,952,0,GE-Phrase,213,26572,28865,2293,817,0.858,1476,135
28048,29000,952,0,GE-Phrase,214,28865,30267,1402,135,0.142,-817,-1267
28048,29000,952,0,GE-Phase,stroke,27305,28425,1120,377,0.396,743,575
28048,29000,952,0,GE-Phase,retraction,28425,28865,440,440,0.462,-377,135
28048,29000,952,0,GE-Phase,preparation,28865,29147,282,135,0.142,-817,-147
69250,70269,1019,0,GE-Phrase,233,69124,70078,954,828,0.813,126,191
69250,70269,1019,0,GE-Phrase,234,70078,71694,1616,191,0.187,-828,-1425
69250,70269,1019,0,GE-Phase,preparation,69124,69404,280,154,0.151,126,865
69250,70269,1019,0,GE-Phase,stroke,69404,70078,674,674,0.661,-154,191
69250,70269,1019,0,GE-Phase,preparation,70078,70626,548,191,0.187,-828,-357
123300,123678,378,0,GE-Phrase,261,123162,126484,3322,378,1.0,138,-2806
123300,123678,378,0,GE-Phase,preparation,123162,123543,381,243,0.643,138,135
123300,123678,378,0,GE-Phase,stroke,123543,125275,1732,135,0.357,-243,-1597
123678,123884,206,0,GE-Phrase,261,123162,126484,3322,206,1.0,516,-2600
123678,123884,206,0,GE-Phase,stroke,123543,125275,1732,206,1.0,135,-1391
123884,124760,876,0,GE-Phrase,261,123162,126484,3322,876,1.0,722,-1724
123884,124760,876,0,GE-Phase,stroke,123543,125275,1732,876,1.0,341,-515
124760,125900,1140,0,GE-Phrase,261,123162,126484,3322,1140,1.0,1598,-584
124760,125900,1140,0,GE-Phase,stroke,123543,125275,1732,515,0.452,1217,625
124760,125900,1140,0,GE-Phase,retraction,125275,126484,1209,625,0.548,-515,-584
125900,127426,1526,0,GE-Phrase,261,123162,126484,3322,584,0.383,2738,942
125900,127426,1526,0,GE-Phase,retraction,125275,126484,1209,584,0.383,625,942
131400,132715,1315,0,GE-Phrase,262,128821,132202,3381,802,0.61,2579,513
131400,132715,1315,0,GE-Phrase,263,132202,134077,1875,513,0.39,-802,-1362
131400,132715,1315,0,GE-Phase,stroke,131270,132202,932,802,0.61,130,513
131400,132715,1315,0,GE-Phase,preparation,132202,132712,510,510,0.388,-802,3
131400,132715,1315,0,GE-Phase,stroke,132712,133300,588,3,0.002,-1312,-585
132715,134762,2047,0,GE-Phrase,263,132202,134077,1875,1362,0.665,513,685
132715,134762,2047,0,GE-Phrase,264,134077,135782,1705,685,0.335,-1362,-1020
132715,134762,2047,0,GE-Phase,stroke,132712,133300,588,585,0.286,3,1462
132715,134762,2047,0,GE-Phase,retraction,133300,134077,777,777,0.38,-585,685
132715,134762,2047,0,GE-Phase,preparation,134077,134927,850,685,0.335,-1362,-165
136371,137155,784,0,GE-Phrase,265,135782,138288,2506,784,1.0,589,-1133
136371,137155,784,0,GE-Phase,preparation,135782,136557,775,186,0.237,589,598
136371,137155,784,0,GE-Phase,stroke,136557,137175,618,598,0.763,-186,-20
137155,137394,239,0,GE-Phrase,265,135782,138288,2506,239,1.0,1373,-894
137155,137394,239,0,GE-Phase,stroke,136557,137175,618,20,0.084,598,219
137155,137394,239,0,GE-Phase,retraction,137175,138288,1113,219,0.916,-20,-894
141050,143026,1976,0,GE-Phrase,266,138288,141167,2879,117,0.059,2762,1859
141050,143026,1976,0,GE-Phrase,267,141167,142467,1300,1300,0.658,-117,559
141050,143026,1976,0,GE-Phrase,268,142467,145380,2913,559,0.283,-1417,-2354
141050,143026,1976,0,GE-Phase,stroke,139895,141167,1272,117,0.059,1155,1859
141050,143026,1976,0,GE-Phase,stroke,141167,142045,878,878,0.444,-117,981
141050,143026,1976,0,GE-Phase,hold,142045,142467,422,422,0.214,-995,559
141050,143026,1976,0,GE-Phase,preparation,142467,143704,1237,559,0.283,-1417,-678
149300,150432,1132,0,GE-Phrase,270,147413,149490,2077,190,0.168,1887,942
149300,150432,1132,0,GE-Phrase,271,149490,151803,2313,942,0.832,-190,-1371
149300,150432,1132,0,GE-Phase,hold,148742,149490,748,190,0.168,558,942
149300,150432,1132,0,GE-Phase,preparation,149490,150125,635,635,0.561,-190,307
149300,150432,1132,0,GE-Phase,stroke,150125,151219,1094,307,0.271,-825,-787
9631,12030,2399,0,GE-Phrase,205,9104,11228,2124,1597,0.666,527,802
9631,12030,2399,0,GE-Phrase,206,11228,13092,1864,802,0.334,-1597,-1062
9631,12030,2399,0,GE-Phase,preparation,9104,10503,1399,872,0.363,527,1527
9631,12030,2399,0,GE-Phase,stroke,10503,10898,395,395,0.165,-872,1132
9631,12030,2399,0,GE-Phase,retraction,10898,11228,330,330,0.138,-1267,802
9631,12030,2399,0,GE-Phase,preparation,11228,11616,388,388,0.162,-1597,414
9631,12030,2399,0,GE-Phase,stroke,11616,12216,600,414,0.173,-1985,-186
12030,13506,1476,0,GE-Phrase,206,11228,13092,1864,1062,0.72,802,414
12030,13506,1476,0,GE-Phrase,207,13092,14908,1816,414,0.28,-1062,-1402
12030,13506,1476,0,GE-Phase,stroke,11616,12216,600,186,0.126,414,1290
12030,13506,1476,0,GE-Phase,retraction,12216,13092,876,876,0.593,-186,414
12030,13506,1476,0,GE-Phase,preparation,13092,13708,616,414,0.28,-1062,-202
25187,26370,1183,0,GE-Phrase,212,23414,26572,3158,1183,1.0,1773,-202
25187,26370,1183,0,GE-Phase,stroke,23890,25250,1360,63,0.053,1297,1120
25187,26370,1183,0,GE-Phase,retraction,25250,26572,1322,1120,0.947,-63,-202
26370,27200,830,0,GE-Phrase,212,23414,26572,3158,202,0.243,2956,628
26370,27200,830,0,GE-Phrase,213,26572,28865,2293,628,0.757,-202,-1665
26370,27200,830,0,GE-Phase,retraction,25250,26572,1322,202,0.243,1120,628
26370,27200,830,0,GE-Phase,preparation,26572,27305,733,628,0.757,-202,-105
27200,28048,848,0,GE-Phrase,213,26572,28865,2293,848,1.0,628,-817
27200,28048,848,0,GE-Phase,preparation,26572,27305,733,105,0.124,628,743
27200,28048,848,0,GE-Phase,stroke,27305,28425,1120,743,0.876,-105,-377
28048,29000,952,0,GE-Phrase,213,26572,28865,2293,817,0.858,1476,135
28048,29000,952,0,GE-Phrase,214,28865,30267,1402,135,0.142,-817,-1267
28048,29000,952,0,GE-Phase,stroke,27305,28425,1120,377,0.396,743,575
28048,29000,952,0,GE-Phase,retraction,28425,28865,440,440,0.462,-377,135
28048,29000,952,0,GE-Phase,preparation,28865,29147,282,135,0.142,-817,-147
69250,70269,1019,0,GE-Phrase,233,69124,70078,954,828,0.813,126,191
69250,70269,1019,0,GE-Phrase,234,70078,71694,1616,191,0.187,-828,-1425
69250,70269,1019,0,GE-Phase,preparation,69124,69404,280,154,0.151,126,865
69250,70269,1019,0,GE-Phase,stroke,69404,70078,674,674,0.661,-154,191
69250,70269,1019,0,GE-Phase,preparation,70078,70626,548,191,0.187,-828,-357
123300,123678,378,0,GE-Phrase,261,123162,126484,3322,378,1.0,138,-2806
123300,123678,378,0,GE-Phase,preparation,123162,123543,381,243,0.643,138,135
123300,123678,378,0,GE-Phase,stroke,123543,125275,1732,135,0.357,-243,-1597
123678,123884,206,0,GE-Phrase,261,123162,126484,3322,206,1.0,516,-2600
123678,123884,206,0,GE-Phase,stroke,123543,125275,1732,206,1.0,135,-1391
123884,124760,876,0,GE-Phrase,261,123162,126484,3322,876,1.0,722,-1724
123884,124760,876,0,GE-Phase,stroke,123543,125275,1732,876,1.0,341,-515
124760,125900,1140,0,GE-Phrase,261,123162,126484,3322,1140,1.0,1598,-584
124760,125900,1140,0,GE-Phase,stroke,123543,125275,1732,515,0.452,1217,625
124760,125900,1140,0,GE-Phase,retraction,125275,126484,1209,625,0.548,-515,-584
125900,127426,1526,0,GE-Phrase,261,123162,126484,3322,584,0.383,2738,942
125900,127426,1526,0,GE-Phase,retraction,125275,126484,1209,584,0.383,625,942
131400,132715,1315,0,GE-Phrase,262,128821,132202,3381,802,0.61,2579,513
131400,132715,1315,0,GE-Phrase,263,132202,134077,1875,513,0.39,-802,-1362
131400,132715,1315,0,GE-Phase,stroke,131270,132202,932,802,0.61,130,513
131400,132715,1315,0,GE-Phase,preparation,132202,132712,510,510,0.388,-802,3
131400,132715,1315,0,GE-Phase,stroke,132712,133300,588,3,0.002,-1312,-585
132715,134762,2047,0,GE-Phrase,263,132202,134077,1875,1362,0.665,513,685
132715,134762,2047,0,GE-Phrase,264,134077,135782,1705,685,0.335,-1362,-1020
132715,134762,2047,0,GE-Phase,stroke,132712,133300,588,585,0.286,3,1462
132715,134762,2047,0,GE-Phase,retraction,133300,134077,777,777,0.38,-585,685
132715,134762,2047,0,GE-Phase,preparation,134077,134927,850,685,0.335,-1362,-165
136371,137155,784,0,GE-Phrase,265,135782,138288,2506,784,1.0,589,-1133
136371,137155,784,0,GE-Phase,preparation,135782,136557,775,186,0.237,589,598
136371,137155,784,0,GE-Phase,stroke,136557,137175,618,598,0.763,-186,-20
137155,137394,239,0,GE-Phrase,265,135782,138288,2506,239,1.0,1373,-894
137155,137394,239,0,GE-Phase,stroke,136557,137175,618,20,0.084,598,219
137155,137394,239,0,GE-Phase,retraction,137175,138288,1113,219,0.916,-20,-894
141050,143026,1976,0,GE-Phrase,266,138288,141167,2879,117,0.059,2762,1859
141050,143026,1976,0,GE-Phrase,267,141167,142467,1300,1300,0.658,-117,559
141050,143026,1976,0,GE-Phrase,268,142467,145380,2913,559,0.283,-1417,-2354
141050,143026,1976,0,GE-Phase,stroke,139895,141167,1272,117,0.059,1155,1859
141050,143026,1976,0,GE-Phase,stroke,141167,142045,878,878,0.444,-117,981
141050,143026,1976,0,GE-Phase,hold,142045,142467,422,422,0.214,-995,559
141050,143026,1976,0,GE-Phase,preparation,142467,143704,1237,559,0.283,-1417,-678
149300,150432,1132,0,GE-Phrase,270,147413,149490,2077,190,0.168,1887,942
149300,150432,1132,0,GE-Phrase,271,149490,151803,2313,942,0.832,-190,-1371
149300,150432,1132,0,GE-Phase,hold,148742,149490,748,190,0.168,558,942
149300,150432,1132,0,GE-Phase,preparation,149490,150125,635,635,0.561,-190,307
149300,150432,1132,0,GE-Phase,stroke,150125,151219,1094,307,0.271,-825,-787
9631,12030,2399,0,GE-Phrase,205,9104,11228,2124,1597,0.666,527,802
9631,12030,2399,0,GE-Phrase,206,11228,13092,1864,802,0.334,-1597,-1062
9631,12030,2399,0,GE-Phase,preparation,9104,10503,1399,872,0.363,527,1527
9631,12030,2399,0,GE-Phase,stroke,10503,10898,395,395,0.165,-872,1132
9631,12030,2399,0,GE-Phase,retraction,10898,11228,330,330,0.138,-1267,802
9631,12030,2399,0,GE-Phase,preparation,11228,11616,388,388,0.162,-1597,414
9631,12030,2399,0,GE-Phase,stroke,11616,12216,600,414,0.173,-1985,-186
12030,13506,1476,0,GE-Phrase,206,11228,13092,1864,1062,0.72,802,414
12030,13506,1476,0,GE-Phrase,207,13092,14908,1816,414,0.28,-1062,-1402
12030,13506,1476,0,GE-Phase,stroke,11616,12216,600,186,0.126,414,1290
12030,13506,1476,0,GE-Phase,retraction,12216,13092,876,876,0.593,-186,414
12030,13506,1476,0,GE-Phase,preparation,13092,13708,616,414,0.28,-1062,-202
25187,26370,1183,0,GE-Phrase,212,23414,26572,3158,1183,1.0,1773,-202
25187,26370,1183,0,GE-Phase,stroke,23890,25250,1360,63,0.053,1297,1120
25187,26370,1183,0,GE-Phase,retraction,25250,26572,1322,1120,0.947,-63,-202
26370,27200,830,0,GE-Phrase,212,23414,26572,3158,202,0.243,2956,628
26370,27200,830,0,GE-Phrase,213,26572,28865,2293,628,0.757,-202,-1665
26370,27200,830,0,GE-Phase,retraction,25250,26572,1322,202,0.243,1120,628
26370,27200,830,0,GE-Phase,preparation,26572,27305,733,628,0.757,-202,-105
27200,28048,848,0,GE-Phrase,213,26572,28865,2293,848,1.0,628,-817
27200,28048,848,0,GE-Phase,preparation,26572,27305,733,105,0.124,628,743
27200,28048,848,0,GE-Phase,stroke,27305,28425,1120,743,0.876,-105,-377
28048,29000,952,0,GE-Phrase,213,26572,28865,2293,817,0.858,1476,135
28048,29000,952,0,GE-Phrase,214,28865,30267,1402,135,0.142,-817,-1267
28048,29000,952,0,GE-Phase,stroke,27305,28425,1120,377,0.396,743,575
28048,29000,952,0,GE-Phase,retraction,28425,28865,440,440,0.462,-377,135
28048,29000,952,0,GE-Phase,preparation,28865,29147,282,135,0.142,-817,-147
69250,70269,1019,0,GE-Phrase,233,69124,70078,954,828,0.813,126,191
69250,70269,1019,0,GE-Phrase,234,70078,71694,1616,191,0.187,-828,-1425
69250,70269,1019,0,GE-Phase,preparation,69124,69404,280,154,0.151,126,865
69250,70269,1019,0,GE-Phase,stroke,69404,70078,674,674,0.661,-154,191
69250,70269,1019,0,GE-Phase,preparation,70078,70626,548,191,0.187,-828,-357
123300,123678,378,0,GE-Phrase,261,123162,126484,3322,378,1.0,138,-2806
123300,123678,378,0,GE-Phase,preparation,123162,123543,381,243,0.643,138,135
123300,123678,378,0,GE-Phase,stroke,123543,125275,1732,135,0.357,-243,-1597
123678,123884,206,0,GE-Phrase,261,123162,126484,3322,206,1.0,516,-2600
123678,123884,206,0,GE-Phase,stroke,123543,125275,1732,206,1.0,135,-1391
123884,124760,876,0,GE-Phrase,261,123162,126484,3322,876,1.0,722,-1724
123884,124760,876,0,GE-Phase,stroke,123543,125275,1732,876,1.0,341,-515
124760,125900,1140,0,GE-Phrase,261,123162,126484,3322,1140,1.0,1598,-584
124760,125900,1140,0,GE-Phase,stroke,123543,125275,1732,515,0.452,1217,625
124760,125900,1140,0,GE-Phase,retraction,125275,126484,1209,625,0.548,-515,-584
125900,127426,1526,0,GE-Phrase,261,123162,126484,3322,584,0.383,2738,942
125900,127426,1526,0,GE-Phase,retraction,125275,126484,1209,584,0.383,625,942
131400,132715,1315,0,GE-Phrase,262,128821,132202,3381,802,0.61,2579,513
131400,132715,1315,0,GE-Phrase,263,132202,134077,1875,513,0.39,-802,-1362
131400,132715,1315,0,GE-Phase,stroke,131270,132202,932,802,0.61,130,513
131400,132715,1315,0,GE-Phase,preparation,132202,132712,510,510,0.388,-802,3
131400,132715,1315,0,GE-Phase,stroke,132712,133300,588,3,0.002,-1312,-585
132715,134762,2047,0,GE-Phrase,263,132202,134077,1875,1362,0.665,513,685
132715,134762,2047,0,GE-Phrase,264,134077,135782,1705,685,0.335,-1362,-1020
132715,134762,2047,0,GE-Phase,stroke,132712,133300,588,585,0.286,3,1462
132715,134762,2047,0,GE-Phase,retraction,133300,134077,777,777,0.38,-585,685
132715,134762,2047,0,GE-Phase,preparation,134077,134927,850,685,0.335,-1362,-165
136371,137155,784,0,GE-Phrase,265,135782,138288,2506,784,1.0,589,-1133
136371,137155,784,0,GE-Phase,preparation,135782,136557,775,186,0.237,589,598
136371,137155,784,0,GE-Phase,stroke,136557,137175,618,598,0.763,-186,-20
137155,137394,239,0,GE-Phrase,265,135782,138288,2506,239,1.0,1373,-894
137155,137394,239,0,GE-Phase,stroke,136557,137175,618,20,0.084,598,219
137155,137394,239,0,GE-Phase,retraction,137175,138288,1113,219,0.916,-20,-894
141050,143026,1976,0,GE-Phrase,266,138288,141167,2879,117,0.059,2762,1859
141050,143026,1976,0,GE-Phrase,267,141167,142467,1300,1300,0.658,-117,559
141050,143026,1976,0,GE-Phrase,268,142467,145380,2913,559,0.283,-1417,-2354
141050,143026,1976,0,GE-Phase,stroke,139895,141167,1272,117,0.059,1155,1859
141050,143026,1976,0,GE-Phase,stroke,141167,142045,878,878,0.444,-117,981
141050,143026,1976,0,GE-Phase,hold,142045,142467,422,422,0.214,-995,559
141050,143026,1976,0,GE-Phase,preparation,142467,143704,1237,559,0.283,-1417,-678
149300,150432,1132,0,GE-Phrase,270,147413,149490,2077,190,0.168,1887,942
149300,150432,1132,0,GE-Phrase,271,149490,151803,2313,942,0.832,-190,-1371
149300,150432,1132,0,GE-Phase,hold,148742,149490,748,190,0.168,558,942
149300,150432,1132,0,GE-Phase,preparation,149490,150125,635,635,0.561,-190,307
149300,150432,1132,0,GE-Phase,stroke,150125,151219,1094,307,0.271,-825,-787
9631,12030,2399,0,GE-Phrase,205,9104,11228,2124,1597,0.666,527,802
9631,12030,2399,0,GE-Phrase,206,11228,13092,1864,802,0.334,-1597,-1062
9631,12030,2399,0,GE-Phase,preparation,9104,10503,1399,872,0.363,527,1527
9631,12030,2399,0,GE-Phase,stroke,10503,10898,395,395,0.165,-872,1132
9631,12030,2399,0,GE-Phase,retraction,10898,11228,330,330,0.138,-1267,802
9631,12030,2399,0,GE-Phase,preparation,11228,11616,388,388,0.162,-1597,414
9631,12030,2399,0,GE-Phase,stroke,11616,12216,600,414,0.173,-1985,-186
12030,13506,1476,0,GE-Phrase,206,11228,13092,1864,1062,0.72,802,414
12030,13506,1476,0,GE-Phrase,207,13092,14908,1816,414,0.28,-1062,-1402
12030,13506,1476,0,GE-Phase,stroke,11616,12216,600,186,0.126,414,1290
12030,13506,1476,0,GE-Phase,retraction,12216,13092,876,876,0.593,-186,414
12030,13506,1476,0,GE-Phase,preparation,13092,13708,616,414,0.28,-1062,-202
25187,26370,1183,0,GE-Phrase,212,23414,26572,3158,1183,1.0,1773,-202
25187,26370,1183,0,GE-Phase,stroke,23890,25250,1360,63,0.053,1297,1120
25187,26370,1183,0,GE-Phase,retraction,25250,26572,1322,1120,0.947,-63,-202
26370,27200,830,0,GE-Phrase,212,23414,26572,3158,202,0.243,2956,628
26370,27200,830,0,GE-Phrase,213,26572,28865,2293,628,0.757,-202,-1665
26370,27200,830,0,GE-Phase,retraction,25250,26572,1322,202,0.243,1120,628
26370,27200,830,0,GE-Phase,preparation,26572,27305,733,628,0.757,-202,-105
27200,28048,848,0,GE-Phrase,213,26572,28865,2293,848,1.0,628,-817
27200,28048,848,0,GE-Phase,preparation,26572,27305,733,105,0.124,628,743
27200,28048,848,0,GE-Phase,stroke,27305,28425,1120,743,0.876,-105,-377
28048,29000,952,0,GE-Phrase,213,26572,28865,2293,817,0.858,1476,135
28048,29000,952,0,GE-Phrase,214,28865,30267,1402,135,0.142,-817,-1267
28048,29000,952,0,GE-Phase,stroke,27305,28425,1120,377,0.396,743,575
28048,29000,952,0,GE-Phase,retraction,28425,28865,440,440,0.462,-377,135
28048,29000,952,0,GE-Phase,preparation,28865,29147,282,135,0.142,-817,-147
69250,70269,1019,0,GE-Phrase,233,69124,70078,954,828,0.813,126,191
69250,70269,1019,0,GE-Phrase,234,70078,71694,1616,191,0.187,-828,-1425
69250,70269,1019,0,GE-Phase,preparation,69124,69404,280,154,0.151,126,865
69250,70269,1019,0,GE-Phase,stroke,69404,70078,674,674,0.661,-154,191
69250,70269,1019,0,GE-Phase,preparation,70078,70626,548,191,0.187,-828,-357
123300,123678,378,0,GE-Phrase,261,123162,126484,3322,378,1.0,138,-2806
123300,123678,378,0,GE-Phase,preparation,123162,123543,381,243,0.643,138,135
123300,123678,378,0,GE-Phase,stroke,123543,125275,1732,135,0.357,-243,-1597
123678,123884,206,0,GE-Phrase,261,123162,126484,3322,206,1.0,516,-2600
123678,123884,206,0,GE-Phase,stroke,123543,125275,1732,206,1.0,135,-1391
123884,124760,876,0,GE-Phrase,261,123162,126484,3322,876,1.0,722,-1724
123884,124760,876,0,GE-Phase,stroke,123543,125275,1732,876,1.0,341,-515
124760,125900,1140,0,GE-Phrase,261,123162,126484,3322,1140,1.0,1598,-584
124760,125900,1140,0,GE-Phase,stroke,123543,125275,1732,515,0.452,1217,625
124760,125900,1140,0,GE-Phase,retraction,125275,126484,1209,625,0.548,-515,-584
125900,127426,1526,0,GE-Phrase,261,123162,126484,3322,584,0.383,2738,942
125900,127426,1526,0,GE-Phase,retraction,125275,126484,1209,584,0.383,625,942
131400,132715,1315,0,GE-Phrase,262,128821,132202,3381,802,0.61,2579,513
131400,132715,1315,0,GE-Phrase,263,132202,134077,1875,513,0.39,-802,-1362
131400,132715,1315,0,GE-Phase,stroke,131270,132202,932,802,0.61,130,513
131400,132715,1315,0,GE-Phase,preparation,132202,132712,510,510,0.388,-802,3
131400,132715,1315,0,GE-Phase,stroke,132712,133300,588,3,0.002,-1312,-585
132715,134762,2047,0,GE-Phrase,263,132202,134077,1875,1362,0.665,513,685
132715,134762,2047,0,GE-Phrase,264,134077,135782,1705,685,0.335,-1362,-1020
132715,134762,2047,0,GE-Phase,stroke,132712,133300,588,585,0.286,3,1462
132715,134762,2047,0,GE-Phase,retraction,133300,134077,777,777,0.38,-585,685
132715,134762,2047,0,GE-Phase,preparation,134077,134927,850,685,0.335,-1362,-165
136371,137155,784,0,GE-Phrase,265,135782,138288,2506,784,1.0,589,-1133
136371,137155,784,0,GE-Phase,preparation,135782,136557,775,186,0.237,589,598
136371,137155,784,0,GE-Phase,stroke,136557,137175,618,598,0.763,-186,-20
137155,137394,239,0,GE-Phrase,265,135782,138288,2506,239,1.0,1373,-894
137155,137394,239,0,GE-Phase,stroke,136557,137175,618,20,0.084,598,219
137155,137394,239,0,GE-Phase,retraction,137175,138288,1113,219,0.916,-20,-894
141050,143026,1976,0,GE-Phrase,266,138288,141167,2879,117,0.059,2762,1859
141050,143026,1976,0,GE-Phrase,267,141167,142467,1300,1300,0.658,-117,559
141050,143026,1976,0,GE-Phrase,268,142467,145380,2913,559,0.283,-1417,-2354
141050,143026,1976,0,GE-Phase,stroke,139895,141167,1272,117,0.059,1155,1859
141050,143026,1976,0,GE-Phase,stroke,141167,142045,878,878,0.444,-117,981
141050,143026,1976,0,GE-Phase,hold,142045,142467,422,422,0.214,-995,559
141050,143026,1976,0,GE-Phase,preparation,142467,143704,1237,559,0.283,-1417,-678
149300,150432,1132,0,GE-Phrase,270,147413,149490,2077,190,0.168,1887,942
149300,150432,1132,0,GE-Phrase,271,149490,151803,2313,942,0.832,-190,-1371
149300,150432,1132,0,GE-Phase,hold,148742,149490,748,190,0.168,558,942
149300,150432,1132,0,GE-Phase,preparation,149490,150125,635,635,0.561,-190,307
149300,150432,1132,0,GE-Phase,stroke,150125,151219,1094,307,0.271,-825,-787
9631,12030,2399,0,GE-Phrase,205,9104,11228,2124,1597,0.666,527,802
9631,12030,2399,0,GE-Phrase,206,11228,13092,1864,802,0.334,-1597,-1062
9631,12030,2399,0,GE-Phase,preparation,9104,10503,1399,872,0.363,527,1527
9631,12030,2399,0,GE-Phase,stroke,10503,10898,395,395,0.165,-872,1132
9631,12030,2399,0,GE-Phase,retraction,10898,11228,330,330,0.138,-1267,802
9631,12030,2399,0,GE-Phase,preparation,11228,11616,388,388,0.162,-1597,414
9631,12030,2399,0,GE-Phase,stroke,11616,12216,600,414,0.173,-1985,-186
12030,13506,1476,0,GE-Phrase,206,11228,13092,1864,1062,0.72,802,414
12030,13506,1476,0,GE-Phrase,207,13092,14908,1816,414,0.28,-1062,-1402
12030,13506,1476,0,GE-Phase,stroke,11616,12216,600,186,0.126,414,1290
12030,13506,1476,0,GE-Phase,retraction,12216,13092,876,876,0.593,-186,414
12030,13506,1476,0,GE-Phase,preparation,13092,13708,616,414,0.28,-1062,-202
25187,26370,1183,0,GE-Phrase,212,23414,26572,3158,1183,1.0,1773,-202
25187,26370,1183,0,GE-Phase,stroke,23890,25250,1360,63,0.053,1297,1120
25187,26370,1183,0,GE-Phase,retraction,25250,26572,1322,1120,0.947,-63,-202
26370,27200,830,0,GE-Phrase,212,23414,26572,3158,202,0.243,2956,628
26370,27200,830,0,GE-Phrase,213,26572,28865,2293,628,0.757,-202,-1665
26370,27200,830,0,GE-Phase,retraction,25250,26572,1322,202,0.243,1120,628
26370,27200,830,0,GE-Phase,preparation,26572,27305,733,628,0.757,-202,-105
27200,28048,848,0,GE-Phrase,213,26572,28865,2293,848,1.0,628,-817
27200,28048,848,0,GE-Phase,preparation,26572,27305,733,105,0.124,628,743
27200,28048,848,0,GE-Phase,stroke,27305,28425,1120,743,0.876,-105,-377
28048,29000,952,0,GE-Phrase,213,26572,28865,2293,817,0.858,1476,135
28048,29000,952,0,GE-Phrase,214,28865,30267,1402,135,0.142,-817,-1267
28048,29000,952,0,GE-Phase,stroke,27305,28425,1120,377,0.396,743,575
28048,29000,952,0,GE-Phase,retraction,28425,28865,440,440,0.462,-377,135
28048,29000,952,0,GE-Phase,preparation,28865,29147,282,135,0.142,-817,-147
69250,70269,1019,0,GE-Phrase,233,69124,70078,954,828,0.813,126,191
69250,70269,1019,0,GE-Phrase,234,70078,71694,1616,191,0.187,-828,-1425
69250,70269,1019,0,GE-Phase,preparation,69124,69404,280,154,0.151,126,865
69250,70269,1019,0,GE-Phase,stroke,69404,70078,674,674,0.661,-154,191
69250,70269,1019,0,GE-Phase,preparation,70078,70626,548,191,0.187,-828,-357
123300,123678,378,0,GE-Phrase,261,123162,126484,3322,378,1.0,138,-2806
123300,123678,378,0,GE-Phase,preparation,123162,123543,381,243,0.643,138,135
123300,123678,378,0,GE-Phase,stroke,123543,125275,1732,135,0.357,-243,-1597
123678,123884,206,0,GE-Phrase,261,123162,126484,3322,206,1.0,516,-2600
123678,123884,206,0,GE-Phase,stroke,123543,125275,1732,206,1.0,135,-1391
123884,124760,876,0,GE-Phrase,261,123162,126484,3322,876,1.0,722,-1724
123884,124760,876,0,GE-Phase,stroke,123543,125275,1732,876,1.0,341,-515
124760,125900,1140,0,GE-Phrase,261,123162,126484,3322,1140,1.0,1598,-584
124760,125900,1140,0,GE-Phase,stroke,123543,125275,1732,515,0.452,1217,625
124760,125900,1140,0,GE-Phase,retraction,125275,126484,1209,625,0.548,-515,-584
125900,127426,1526,0,GE-Phrase,261,123162,126484,3322,584,0.383,2738,942
125900,127426,1526,0,GE-Phase,retraction,125275,126484,1209,584,0.383,625,942
131400,132715,1315,0,GE-Phrase,262,128821,132202,3381,802,0.61,2579,513
131400,132715,1315,0,GE-Phrase,263,132202,134077,1875,513,0.39,-802,-1362
131400,132715,1315,0,GE-Phase,stroke,131270,132202,932,802,0.61,130,513
131400,132715,1315,0,GE-Phase,preparation,132202,132712,510,510,0.388,-802,3
131400,132715,1315,0,GE-Phase,stroke,132712,133300,588,3,0.002,-1312,-585
132715,134762,2047,0,GE-Phrase,263,132202,134077,1875,1362,0.665,513,685
132715,134762,2047,0,GE-Phrase,264,134077,135782,1705,685,0.335,-1362,-1020
132715,134762,2047,0,GE-Phase,stroke,132712,133300,588,585,0.286,3,1462
132715,134762,2047,0,GE-Phase,retraction,133300,134077,777,777,0.38,-585,685
132715,134762,2047,0,GE-Phase,preparation,134077,134927,850,685,0.335,-1362,-165
136371,137155,784,0,GE-Phrase,265,135782,138288,2506,784,1.0,589,-1133
136371,137155,784,0,GE-Phase,preparation,135782,136557,775,186,0.237,589,598
136371,137155,784,0,GE-Phase,stroke,136557,137175,618,598,0.763,-186,-20
137155,137394,239,0,GE-Phrase,265,135782,138288,2506,239,1.0,1373,-894
137155,137394,239,0,GE-Phase,stroke,136557,137175,618,20,0.084,598,219
137155,137394,239,0,GE-Phase,retraction,137175,138288,1113,219,0.916,-20,-894
141050,143026,1976,0,GE-Phrase,266,138288,141167,2879,117,0.059,2762,1859
141050,143026,1976,0,GE-Phrase,267,141167,142467,1300,1300,0.658,-117,559
141050,143026,1976,0,GE-Phrase,268,142467,145380,2913,559,0.283,-1417,-2354
141050,143026,1976,0,GE-Phase,stroke,139895,141167,1272,117,0.059,1155,1859
141050,143026,1976,0,GE-Phase,stroke,141167,142045,878,878,0.444,-117,981
141050,143026,1976,0,GE-Phase,hold,142045,142467,422,422,0.214,-995,559
141050,143026,1976,0,GE-Phase,preparation,142467,143704,1237,559,0.283,-1417,-678
149300,150432,1132,0,GE-Phrase,270,147413,149490,2077,190,0.168,1887,942
149300,150432,1132,0,GE-Phrase,271,149490,151803,2313,942,0.832,-190,-1371
149300,150432,1132,0,GE-Phase,hold,148742,149490,748,190,0.168,558,942
149300,150432,1132,0,GE-Phase,preparation,149490,150125,635,635,0.561,-190,307
149300,150432,1132,0,GE-Phase,stroke,150125,151219,1094,307,0.271,-825,-787
9631,12030,2399,0,GE-Phrase,205,9104,11228,2124,1597,0.666,527,802
9631,12030,2399,0,GE-Phrase,206,11228,13092,1864,802,0.334,-1597,-1062
9631,12030,2399,0,GE-Phase,preparation,9104,10503,1399,872,0.363,527,1527
9631,12030,2399,0,GE-Phase,stroke,10503,10898,395,395,0.165,-872,1132
9631,12030,2399,0,GE-Phase,retraction,10898,11228,330,330,0.138,-1267,802
9631,12030,2399,0,GE-Phase,preparation,11228,11616,388,388,0.162,-1597,414
9631,12030,2399,0,GE-Phase,stroke,11616,12216,600,414,0.173,-1985,-186
12030,13506,1476,0,GE-Phrase,206,11228,13092,1864,1062,0.72,802,414
12030,13506,1476,0,GE-Phrase,207,13092,14908,1816,414,0.28,-1062,-1402
12030,13506,1476,0,GE-Phase,stroke,11616,12216,600,186,0.126,414,1290
12030,13506,1476,0,GE-Phase,retraction,12216,13092,876,876,0.593,-186,414
12030,13506,1476,0,GE-Phase,preparation,13092,13708,616,414,0.28,-1062,-202
25187,26370,1183,0,GE-Phrase,212,23414,26572,3158,1183,1.0,1773,-202
25187,26370,1183,0,GE-Phase,stroke,23890,25250,1360,63,0.053,1297,1120
25187,26370,1183,0,GE-Phase,retraction,25250,26572,1322,1120,0.947,-63,-202
26370,27200,830,0,GE-Phrase,212,23414,26572,3158,202,0.243,2956,628
26370,27200,830,0,GE-Phrase,213,26572,28865,2293,628,0.757,-202,-1665
26370,27200,830,0,GE-Phase,retraction,25250,26572,1322,202,0.243,1120,628
26370,27200,830,0,GE-Phase,preparation,26572,27305,733,628,0.757,-202,-105
27200,28048,848,0,GE-Phrase,213,26572,28865,2293,848,1.0,628,-817
27200,28048,848,0,GE-Phase,preparation,26572,27305,733,105,0.124,628,743
27200,28048,848,0,GE-Phase,stroke,27305,28425,1120,743,0.876,-105,-377
28048,29000,952,0,GE-Phrase,213,26572,28865,2293,817,0.858,1476,135
28048,29000,952,0,GE-Phrase,214,28865,30267,1402,135,0.142,-817,-1267
28048,29000,952,0,GE-Phase,stroke,27305,28425,1120,377,0.396,743,575
28048,29000,952,0,GE-Phase,retraction,28425,28865,440,440,0.462,-377,135
28048,29000,952,0,GE-Phase,preparation,28865,29147,282,135,0.142,-817,-147
69250,70269,1019,0,GE-Phrase,233,69124,70078,954,828,0.813,126,191
69250,70269,1019,0,GE-Phrase,234,70078,71694,1616,191,0.187,-828,-1425
69250,70269,1019,0,GE-Phase,preparation,69124,69404,280,154,0.151,126,865
69250,70269,1019,0,GE-Phase,stroke,69404,70078,674,674,0.661,-154,191
69250,70269,1019,0,GE-Phase,preparation,70078,70626,548,191,0.187,-828,-357
123300,123678,378,0,GE-Phrase,261,123162,126484,3322,378,1.0,138,-2806
123300,123678,378,0,GE-Phase,preparation,123162,123543,381,243,0.643,138,135
123300,123678,378,0,GE-Phase,stroke,123543,125275,1732,135,0.357,-243,-1597
123678,123884,206,0,GE-Phrase,261,123162,126484,3322,206,1.0,516,-2600
123678,123884,206,0,GE-Phase,stroke,123543,125275,1732,206,1.0,135,-1391
123884,124760,876,0,GE-Phrase,261,123162,126484,3322,876,1.0,722,-1724
123884,124760,876,0,GE-Phase,stroke,123543,125275,1732,876,1.0,341,-515
124760,125900,1140,0,GE-Phrase,261,123162,126484,3322,1140,1.0,1598,-584
124760,125900,1140,0,GE-Phase,stroke,123543,125275,1732,515,0.452,1217,625
124760,125900,1140,0,GE-Phase,retraction,125275,126484,1209,625,0.548,-515,-584
125900,127426,1526,0,GE-Phrase,261,123162,126484,3322,584,0.383,2738,942
125900,127426,1526,0,GE-Phase,retraction,125275,126484,1209,584,0.383,625,942
131400,132715,1315,0,GE-Phrase,262,128821,132202,3381,802,0.61,2579,513
131400,132715,1315,0,GE-Phrase,263,132202,134077,1875,513,0.39,-802,-1362
131400,132715,1315,0,GE-Phase,stroke,131270,132202,932,802,0.61,130,513
131400,132715,1315,0,GE-Phase,preparation,132202,132712,510,510,0.388,-802,3
131400,132715,1315,0,GE-Phase,stroke,132712,133300,588,3,0.002,-1312,-585
132715,134762,2047,0,GE-Phrase,263,132202,134077,1875,1362,0.665,513,685
132715,134762,2047,0,GE-Phrase,264,134077,135782,1705,685,0.335,-1362,-1020
132715,134762,2047,0,GE-Phase,stroke,132712,133300,588,585,0.286,3,1462
132715,134762,2047,0,GE-Phase,retraction,133300,134077,777,777,0.38,-585,685
132715,134762,2047,0,GE-Phase,preparation,134077,134927,850,685,0.335,-1362,-165
136371,137155,784,0,GE-Phrase,265,135782,138288,2506,784,1.0,589,-1133
136371,137155,784,0,GE-Phase,preparation,135782,136557,775,186,0.237,589,598
136371,137155,784,0,GE-Phase,stroke,136557,137175,618,598,0.763,-186,-20
137155,137394,239,0,GE-Phrase,265,135782,138288,2506,239,1.0,1373,-894
137155,137394,239,0,GE-Phase,stroke,136557,137175,618,20,0.084,598,219
137155,137394,239,0,GE-Phase,retraction,137175,138288,1113,219,0.916,-20,-894
141050,143026,1976,0,GE-Phrase,266,138288,141167,2879,117,0.059,2762,1859
141050,143026,1976,0,GE-Phrase,267,141167,142467,1300,1300,0.658,-117,559
141050,143026,1976,0,GE-Phrase,268,142467,145380,2913,559,0.283,-1417,-2354
141050,143026,1976,0,GE-Phase,stroke,139895,141167,1272,117,0.059,1155,1859
141050,143026,1976,0,GE-Phase,stroke,141167,142045,878,878,0.444,-117,981
141050,143026,1976,0,GE-Phase,hold,142045,142467,422,422,0.214,-995,559
141050,143026,1976,0,GE-Phase,preparation,142467,143704,1237,559,0.283,-1417,-678
149300,150432,1132,0,GE-Phrase,270,147413,149490,2077,190,0.168,1887,942
149300,150432,1132,0,GE-Phrase,271,149490,151803,2313,942,0.832,-190,-1371
149300,150432,1132,0,GE-Phase,hold,148742,149490,748,190,0.168,558,942
149300,150432,1132,0,GE-Phase,preparation,149490,150125,635,635,0.561,-190,307
149300,150432,1132,0,GE-Phase,stroke,150125,151219,1094,307,0.271,-825,-787
9631,12030,2399,0,GE-Phrase,205,9104,11228,2124,1597,0.666,527,802
9631,12030,2399,0,GE-Phrase,206,11228,13092,1864,802,0.334,-1597,-1062
9631,12030,2399,0,GE-Phase,preparation,9104,10503,1399,872,0.363,527,1527
9631,12030,2399,0,GE-Phase,stroke,10503,10898,395,395,0.165,-872,1132
9631,12030,2399,0,GE-Phase,retraction,10898,11228,330,330,0.138,-1267,802
9631,12030,2399,0,GE-Phase,preparation,11228,11616,388,388,0.162,-1597,414
9631,12030,2399,0,GE-Phase,stroke,11616,12216,600,414,0.173,-1985,-186
12030,13506,1476,0,GE-Phrase,206,11228,13092,1864,1062,0.72,802,414
12030,13506,1476,0,GE-Phrase,207,13092,14908,1816,414,0.28,-1062,-1402
12030,13506,1476,0,GE-Phase,stroke,11616,12216,600,186,0.126,414,1290
12030,13506,1476,0,GE-Phase,retraction,12216,13092,876,876,0.593,-186,414
12030,13506,1476,0,GE-Phase,preparation,13092,13708,616,414,0.28,-1062,-202
25187,26370,1183,0,GE-Phrase,212,23414,26572,3158,1183,1.0,1773,-202
25187,26370,1183,0,GE-Phase,stroke,23890,25250,1360,63,0.053,1297,1120
25187,26370,1183,0,GE-Phase,retraction,25250,26572,1322,1120,0.947,-63,-202
26370,27200,830,0,GE-Phrase,212,23414,26572,3158,202,0.243,2956,628
26370,27200,830,0,GE-Phrase,213,26572,28865,2293,628,0.757,-202,-1665
26370,27200,830,0,GE-Phase,retraction,25250,26572,1322,202,0.243,1120,628
26370,27200,830,0,GE-Phase,preparation,26572,27305,733,628,0.757,-202,-105
27200,28048,848,0,GE-Phrase,213,26572,28865,2293,848,1.0,628,-817
27200,28048,848,0,GE-Phase,preparation,26572,27305,733,105,0.124,628,743
27200,28048,848,0,GE-Phase,stroke,27305,28425,1120,743,0.876,-105,-377
28048,29000,952,0,GE-Phrase,213,26572,28865,2293,817,0.858,1476,135
28048,29000,952,0,GE-Phrase,214,28865,30267,1402,135,0.142,-817,-1267
28048,29000,952,0,GE-Phase,stroke,27305,28425,1120,377,0.396,743,575
28048,29000,952,0,GE-Phase,retraction,28425,28865,440,440,0.462,-377,135
28048,29000,952,0,GE-Phase,preparation,28865,29147,282,135,0.142,-817,-147
69250,70269,1019,0,GE-Phrase,233,69124,70078,954,828,0.813,126,191
69250,70269,1019,0,GE-Phrase,234,70078,71694,1616,191,0.187,-828,-1425
69250,70269,1019,0,GE-Phase,preparation,69124,69404,280,154,0.151,126,865
69250,70269,1019,0,GE-Phase,stroke,69404,70078,674,674,0.661,-154,191
69250,70269,1019,0,GE-Phase,preparation,70078,70626,548,191,0.187,-828,-357
123300,123678,378,0,GE-Phrase,261,123162,126484,3322,378,1.0,138,-2806
123300,123678,378,0,GE-Phase,preparation,123162,123543,381,243,0.643,138,135
123300,123678,378,0,GE-Phase,stroke,123543,125275,1732,135,0.357,-243,-1597
123678,123884,206,0,GE-Phrase,261,123162,126484,3322,206,1.0,516,-2600
123678,123884,206,0,GE-Phase,stroke,123543,125275,1732,206,1.0,135,-1391
123884,124760,876,0,GE-Phrase,261,123162,126484,3322,876,1.0,722,-1724
123884,124760,876,0,GE-Phase,stroke,123543,125275,1732,876,1.0,341,-515
124760,125900,1140,0,GE-Phrase,261,123162,126484,3322,1140,1.0,1598,-584
124760,125900,1140,0,GE-Phase,stroke,123543,125275,1732,515,0.452,1217,625
124760,125900,1140,0,GE-Phase,retraction,125275,126484,1209,625,0.548,-515,-584
125900,127426,1526,0,GE-Phrase,261,123162,126484,3322,584,0.383,2738,942
125900,127426,1526,0,GE-Phase,retraction,125275,126484,1209,584,0.383,625,942
131400,132715,1315,0,GE-Phrase,262,128821,132202,3381,802,0.61,2579,513
131400,132715,1315,0,GE-Phrase,263,132202,134077,1875,513,0.39,-802,-1362
131400,132715,1315,0,GE-Phase,stroke,131270,132202,932,802,0.61,130,513
131400,132715,1315,0,GE-Phase,preparation,132202,132712,510,510,0.388,-802,3
131400,132715,1315,0,GE-Phase,stroke,132712,133300,588,3,0.002,-1312,-585
132715,134762,2047,0,GE-Phrase,263,132202,134077,1875,1362,0.665,513,685
132715,134762,2047,0,GE-Phrase,264,134077,135782,1705,685,0.335,-1362,-1020
132715,134762,2047,0,GE-Phase,stroke,132712,133300,588,585,0.286,3,1462
132715,134762,2047,0,GE-Phase,retraction,133300,134077,777,777,0.38,-585,685
132715,134762,2047,0,GE-Phase,preparation,134077,134927,850,685,0.335,-1362,-165
136371,137155,784,0,GE-Phrase,265,135782,138288,2506,784,1.0,589,-1133
136371,137155,784,0,GE-Phase,preparation,135782,136557,775,186,0.237,589,598
136371,137155,784,0,GE-Phase,stroke,136557,137175,618,598,0.763,-186,-20
137155,137394,239,0,GE-Phrase,265,135782,138288,2506,239,1.0,1373,-894
137155,137394,239,0,GE-Phase,stroke,136557,137175,618,20,0.084,598,219
137155,137394,239,0,GE-Phase,retraction,137175,138288,1113,219,0.916,-20,-894
141050,143026,1976,0,GE-Phrase,266,138288,141167,2879,117,0.059,2762,1859
141050,143026,1976,0,GE-Phrase,267,141167,142467,1300,1300,0.658,-117,559
141050,143026,1976,0,GE-Phrase,268,142467,145380,2913,559,0.283,-1417,-2354
141050,143026,1976,0,GE-Phase,stroke,139895,141167,1272,117,0.059,1155,1859
141050,143026,1976,0,GE-Phase,stroke,141167,142045,878,878,0.444,-117,981
141050,143026,1976,0,GE-Phase,hold,142045,142467,422,422,0.214,-995,559
141050,143026,1976,0,GE-Phase,preparation,142467,143704,1237,559,0.283,-1417,-678
149300,150432,1132,0,GE-Phrase,270,147413,149490,2077,190,0.168,1887,942
149300,150432,1132,0,GE-Phrase,271,149490,151803,2313,942,0.832,-190,-1371
149300,150432,1132,0,GE-Phase,hold,148742,149490,748,190,0.168,558,942
149300,150432,1132,0,GE-Phase,preparation,149490,150125,635,635,0.561,-190,307
149300,150432,1132,0,GE-Phase,stroke,150125,151219,1094,307,0.271,-825,-787
9631,12030,2399,0,GE-Phrase,205,9104,11228,2124,1597,0.666,527,802
9631,12030,2399,0,GE-Phrase,206,11228,13092,1864,802,0.334,-1597,-1062
9631,12030,2399,0,GE-Phase,preparation,9104,10503,1399,872,0.363,527,1527
9631,12030,2399,0,GE-Phase,stroke,10503,10898,395,395,0.165,-872,1132
9631,12030,2399,0,GE-Phase,retraction,10898,11228,330,330,0.138,-1267,802
9631,12030,2399,0,GE-Phase,preparation,11228,11616,388,388,0.162,-1597,414
9631,12030,2399,0,GE-Phase,stroke,11616,12216,600,414,0.173,-1985,-186
12030,13506,1476,0,GE-Phrase,206,11228,13092,1864,1062,0.72,802,414
12030,13506,1476,0,GE-Phrase,207,13092,14908,1816,414,0.28,-1062,-1402
12030,13506,1476,0,GE-Phase,stroke,11616,12216,600,186,0.126,414,1290
12030,13506,1476,0,GE-Phase,retraction,12216,13092,876,876,0.593,-186,414
12030,13506,1476,0,GE-Phase,preparation,13092,13708,616,414,0.28,-1062,-202
25187,26370,1183,0,GE-Phrase,212,23414,26572,3158,1183,1.0,1773,-202
25187,26370,1183,0,GE-Phase,stroke,23890,25250,1360,63,0.053,1297,1120
25187,26370,1183,0,GE-Phase,retraction,25250,26572,1322,1120,0.947,-63,-202
26370,27200,830,0,GE-Phrase,212,23414,26572,3158,202,0.243,2956,628
26370,27200,830,0,GE-Phrase,213,26572,28865,2293,628,0.757,-202,-1665
26370,27200,830,0,GE-Phase,retraction,25250,26572,1322,202,0.243,1120,628
26370,27200,830,0,GE-Phase,preparation,26572,27305,733,628,0.757,-202,-105
27200,28048,848,0,GE-Phrase,213,26572,28865,2293,848,1.0,628,-817
27200,28048,848,0,GE-Phase,preparation,26572,27305,733,105,0.124,628,743
27200,28048,848,0,GE-Phase,stroke,27305,28425,1120,743,0.876,-105,-377
28048,29000,952,0,GE-Phrase,213,26572,28865,2293,817,0.858,1476,135
28048,29000,952,0,GE-Phrase,214,28865,30267,1402,135,0.142,-817,-1267
28048,29000,952,0,GE-Phase,stroke,27305,28425,1120,377,0.396,743,575
28048,29000,952,0,GE-Phase,retraction,28425,28865,440,440,0.462,-377,135
28048,29000,952,0,GE-Phase,preparation,28865,29147,282,135,0.142,-817,-147
69250,70269,1019,0,GE-Phrase,233,69124,70078,954,828,0.813,126,191
69250,70269,1019,0,GE-Phrase,234,70078,71694,1616,191,0.187,-828,-1425
69250,70269,1019,0,GE-Phase,preparation,69124,69404,280,154,0.151,126,865
69250,70269,1019,0,GE-Phase,stroke,69404,70078,674,674,0.661,-154,191
69250,70269,1019,0,GE-Phase,preparation,70078,70626,548,191,0.187,-828,-357
123300,123678,378,0,GE-Phrase,261,123162,126484,3322,378,1.0,138,-2806
123300,123678,378,0,GE-Phase,preparation,123162,123543,381,243,0.643,138,135
123300,123678,378,0,GE-Phase,stroke,123543,125275,1732,135,0.357,-243,-1597
123678,123884,206,0,GE-Phrase,261,123162,126484,3322,206,1.0,516,-2600
123678,123884,206,0,GE-Phase,stroke,123543,125275,1732,206,1.0,135,-1391
123884,124760,876,0,GE-Phrase,261,123162,126484,3322,876,1.0,722,-1724
123884,124760,876,0,GE-Phase,stroke,123543,125275,1732,876,1.0,341,-515
124760,125900,1140,0,GE-Phrase,261,123162,126484,3322,1140,1.0,1598,-584
124760,125900,1140,0,GE-Phase,stroke,123543,125275,1732,515,0.452,1217,625
124760,125900,1140,0,GE-Phase,retraction,125275,126484,1209,625,0.548,-515,-584
125900,127426,1526,0,GE-Phrase,261,123162,126484,3322,584,0.383,2738,942
125900,127426,1526,0,GE-Phase,retraction,125275,126484,1209,584,0.383,625,942
131400,132715,1315,0,GE-Phrase,262,128821,132202,3381,802,0.61,2579,513
131400,132715,1315,0,GE-Phrase,263,132202,134077,1875,513,0.39,-802,-1362
131400,132715,1315,0,GE-Phase,stroke,131270,132202,932,802,0.61,130,513
131400,132715,1315,0,GE-Phase,preparation,132202,132712,510,510,0.388,-802,3
131400,132715,1315,0,GE-Phase,stroke,132712,133300,588,3,0.002,-1312,-585
132715,134762,2047,0,GE-Phrase,263,132202,134077,1875,1362,0.665,513,685
132715,134762,2047,0,GE-Phrase,264,134077,135782,1705,685,0.335,-1362,-1020
132715,134762,2047,0,GE-Phase,stroke,132712,133300,588,585,0.286,3,1462
132715,134762,2047,0,GE-Phase,retraction,133300,134077,777,777,0.38,-585,685
132715,134762,2047,0,GE-Phase,preparation,134077,134927,850,685,0.335,-1362,-165
136371,137155,784,0,GE-Phrase,265,135782,138288,2506,784,1.0,589,-1133
136371,137155,784,0,GE-Phase,preparation,135782,136557,775,186,0.237,589,598
136371,137155,784,0,GE-Phase,stroke,136557,137175,618,598,0.763,-186,-20
137155,137394,239,0,GE-Phrase,265,135782,138288,2506,239,1.0,1373,-894
137155,137394,239,0,GE-Phase,stroke,136557,137175,618,20,0.084,598,219
137155,137394,239,0,GE-Phase,retraction,137175,138288,1113,219,0.916,-20,-894
141050,143026,1976,0,GE-Phrase,266,138288,141167,2879,117,0.059,2762,1859
141050,143026,1976,0,GE-Phrase,267,141167,142467,1300,1300,0.658,-117,559
141050,143026,1976,0,GE-Phrase,268,142467,145380,2913,559,0.283,-1417,-2354
141050,143026,1976,0,GE-Phase,stroke,139895,141167,1272,117,0.059,1155,1859
141050,143026,1976,0,GE-Phase,stroke,141167,142045,878,878,0.444,-117,981
141050,143026,1976,0,GE-Phase,hold,142045,142467,422,422,0.214,-995,559
141050,143026,1976,0,GE-Phase,preparation,142467,143704,1237,559,0.283,-1417,-678
149300,150432,1132,0,GE-Phrase,270,147413,149490,2077,190,0.168,1887,942
149300,150432,1132,0,GE-Phrase,271,149490,151803,2313,942,0.832,-190,-1371
149300,150432,1132,0,GE-Phase,hold,148742,149490,748,190,0.168,558,942
149300,150432,1132,0,GE-Phase,preparation,149490,150125,635,635,0.561,-190,307
149300,150432,1132,0,GE-Phase,stroke,150125,151219,1094,307,0.271,-825,-787
9631,12030,2399,0,GE-Phrase,205,9104,11228,2124,1597,0.666,527,802
9631,12030,2399,0,GE-Phrase,206,11228,13092,1864,802,0.334,-1597,-1062
9631,12030,2399,0,GE-Phase,preparation,9104,10503,1399,872,0.363,527,1527
9631,12030,2399,0,GE-Phase,stroke,10503,10898,395,395,0.165,-872,1132
9631,12030,2399,0,GE-Phase,retraction,10898,11228,330,330,0.138,-1267,802
9631,12030,2399,0,GE-Phase,preparation,11228,11616,388,388,0.162,-1597,414
9631,12030,2399,0,GE-Phase,stroke,11616,12216,600,414,0.173,-1985,-186
12030,13506,1476,0,GE-Phrase,206,11228,13092,1864,1062,0.72,802,414
12030,13506,1476,0,GE-Phrase,207,13092,14908,1816,414,0.28,-1062,-1402
12030,13506,1476,0,GE-Phase,stroke,11616,12216,600,186,0.126,414,1290
12030,13506,1476,0,GE-Phase,retraction,12216,13092,876,876,0.593,-186,414
12030,13506,1476,0,GE-Phase,preparation,13092,13708,616,414,0.28,-1062,-202
25187,26370,1183,0,GE-Phrase,212,23414,26572,3158,1183,1.0,1773,-202
25187,26370,1183,0,GE-Phase,stroke,23890,25250,1360,63,0.053,1297,1120
25187,26370,1183,0,GE-Phase,retraction,25250,26572,1322,1120,0.947,-63,-202
26370,27200,830,0,GE-Phrase,212,23414,26572,3158,202,0.243,2956,628
26370,27200,830,0,GE-Phrase,213,26572,28865,2293,628,0.757,-202,-1665
26370,27200,830,0,GE-Phase,retraction,25250,26572,1322,202,0.243,1120,628
26370,27200,830,0,GE-Phase,preparation,26572,27305,733,628,0.757,-202,-105
27200,28048,848,0,GE-Phrase,213,26572,28865,2293,848,1.0,628,-817
27200,28048,848,0,GE-Phase,preparation,26572,27305,733,105,0.124,628,743
27200,28048,848,0,GE-Phase,stroke,27305,28425,1120,743,0.876,-105,-377
28048,29000,952,0,GE-Phrase,213,26572,28865,2293,817,0.858,1476,135
28048,29000,952,0,GE-Phrase,214,28865,30267,1402,135,0.142,-817,-1267
28048,29000,952,0,GE-Phase,stroke,27305,28425,1120,377,0.396,743,575
28048,29000,952,0,GE-Phase,retraction,28425,28865,440,440,0.462,-377,135
28048,29000,952,0,GE-Phase,preparation,28865,29147,282,135,0.142,-817,-147
69250,70269,1019,0,GE-Phrase,233,69124,70078,954,828,0.813,126,191
69250,70269,1019,0,GE-Phrase,234,70078,71694,1616,191,0.187,-828,-1425
69250,70269,1019,0,GE-Phase,preparation,69124,69404,280,154,0.151,126,865
69250,70269,1019,0,GE-Phase,stroke,69404,70078,674,674,0.661,-154,191
69250,70269,1019,0,GE-Phase,preparation,70078,70626,548,191,0.187,-828,-357
123300,123678,378,0,GE-Phrase,261,123162,126484,3322,378,1.0,138,-2806
123300,123678,378,0,GE-Phase,preparation,123162,123543,381,243,0.643,138,135
123300,123678,378,0,GE-Phase,stroke,123543,125275,1732,135,0.357,-243,-1597
123678,123884,206,0,GE-Phrase,261,123162,126484,3322,206,1.0,516,-2600
123678,123884,206,0,GE-Phase,stroke,123543,125275,1732,206,1.0,135,-1391
123884,124760,876,0,GE-Phrase,261,123162,126484,3322,876,1.0,722,-1724
123884,124760,876,0,GE-Phase,stroke,123543,125275,1732,876,1.0,341,-515
124760,125900,1140,0,GE-Phrase,261,123162,126484,3322,1140,1.0,1598,-584
124760,125900,1140,0,GE-Phase,stroke,123543,125275,1732,515,0.452,1217,625
124760,125900,1140,0,GE-Phase,retraction,125275,126484,1209,625,0.548,-515,-584
125900,127426,1526,0,GE-Phrase,261,123162,126484,3322,584,0.383,2738,942
125900,127426,1526,0,GE-Phase,retraction,125275,126484,1209,584,0.383,625,942
131400,132715,1315,0,GE-Phrase,262,128821,132202,3381,802,0.61,2579,513
131400,132715,1315,0,GE-Phrase,263,132202,134077,1875,513,0.39,-802,-1362
131400,132715,1315,0,GE-Phase,stroke,131270,132202,932,802,0.61,130,513
131400,132715,1315,0,GE-Phase,preparation,132202,132712,510,510,0.388,-802,3
131400,132715,1315,0,GE-Phase,stroke,132712,133300,588,3,0.002,-1312,-585
132715,134762,2047,0,GE-Phrase,263,132202,134077,1875,1362,0.665,513,685
132715,134762,2047,0,GE-Phrase,264,134077,135782,1705,685,0.335,-1362,-1020
132715,134762,2047,0,GE-Phase,stroke,132712,133300,588,585,0.286,3,1462
132715,134762,2047,0,GE-Phase,retraction,133300,134077,777,777,0.38,-585,685
132715,134762,2047,0,GE-Phase,preparation,134077,134927,850,685,0.335,-1362,-165
136371,137155,784,0,GE-Phrase,265,135782,138288,2506,784,1.0,589,-1133
136371,137155,784,0,GE-Phase,preparation,135782,136557,775,186,0.237,589,598
136371,137155,784,0,GE-Phase,stroke,136557,137175,618,598,0.763,-186,-20
137155,137394,239,0,GE-Phrase,265,135782,138288,2506,239,1.0,1373,-894
137155,137394,239,0,GE-Phase,stroke,136557,137175,618,20,0.084,598,219
137155,137394,239,0,GE-Phase,retraction,137175,138288,1113,219,0.916,-20,-894
141050,143026,1976,0,GE-Phrase,266,138288,141167,2879,117,0.059,2762,1859
141050,143026,1976,0,GE-Phrase,267,141167,142467,1300,1300,0.658,-117,559
141050,143026,1976,0,GE-Phrase,268,142467,145380,2913,559,0.283,-1417,-2354
141050,143026,1976,0,GE-Phase,stroke,139895,141167,1272,117,0.059,1155,1859
141050,143026,1976,0,GE-Phase,stroke,141167,142045,878,878,0.444,-117,981
141050,143026,1976,0,GE-Phase,hold,142045,142467,422,422,0.214,-995,559
141050,143026,1976,0,GE-Phase,preparation,142467,143704,1237,559,0.283,-1417,-678
149300,150432,1132,0,GE-Phrase,270,147413,149490,2077,190,0.168,1887,942
149300,150432,1132,0,GE-Phrase,271,149490,151803,2313,942,0.832,-190,-1371
149300,150432,1132,0,GE-Phase,hold,148742,149490,748,190,0.168,558,942
149300,150432,1132,0,GE-Phase,preparation,149490,150125,635,635,0.561,-190,307
149300,150432,1132,0,GE-Phase,stroke,150125,151219,1094,307,0.271,-825,-787
9631,12030,2399,0,GE-Phrase,205,9104,11228,2124,1597,0.666,527,802
9631,12030,2399,0,GE-Phrase,206,11228,13092,1864,802,0.334,-1597,-1062
9631,12030,2399,0,GE-Phase,preparation,9104,10503,1399,872,0.363,527,1527
9631,12030,2399,0,GE-Phase,stroke,10503,10898,395,395,0.165,-872,1132
9631,12030,2399,0,GE-Phase,retraction,10898,11228,330,330,0.138,-1267,802
9631,12030,2399,0,GE-Phase,preparation,11228,11616,388,388,0.162,-1597,414
9631,12030,2399,0,GE-Phase,stroke,11616,12216,600,414,0.173,-1985,-186
12030,13506,1476,0,GE-Phrase,206,11228,13092,1864,1062,0.72,802,414
12030,13506,1476,0,GE-Phrase,207,13092,14908,1816,414,0.28,-1062,-1402
12030,13506,1476,0,GE-Phase,stroke,11616,12216,600,186,0.126,414,1290
12030,13506,1476,0,GE-Phase,retraction,12216,13092,876,876,0.593,-186,414
12030,13506,1476,0,GE-Phase,preparation,13092,13708,616,414,0.28,-1062,-202
25187,26370,1183,0,GE-Phrase,212,23414,26572,3158,1183,1.0,1773,-202
25187,26370,1183,0,GE-Phase,stroke,23890,25250,1360,63,0.053,1297,1120
25187,26370,1183,0,GE-Phase,retraction,25250,26572,1322,1120,0.947,-63,-202
26370,27200,830,0,GE-Phrase,212,23414,26572,3158,202,0.243,2956,628
26370,27200,830,0,GE-Phrase,213,26572,28865,2293,628,0.757,-202,-1665
26370,27200,830,0,GE-Phase,retraction,25250,26572,1322,202,0.243,1120,628
26370,27200,830,0,GE-Phase,preparation,26572,27305,733,628,0.757,-202,-105
27200,28048,848,0,GE-Phrase,213,26572,28865,2293,848,1.0,628,-817
27200,28048,848,0,GE-Phase,preparation,26572,27305,733,105,0.124,628,743
27200,28048,848,0,GE-Phase,stroke,27305,28425,1120,743,0.876,-105,-377
28048,29000,952,0,GE-Phrase,213,26572,28865,2293,817,0.858,1476,135
28048,29000,952,0,GE-Phrase,214,28865,30267,1402,135,0.142,-817,-1267
28048,29000,952,0,GE-Phase,stroke,27305,28425,1120,377,0.396,743,575
28048,29000,952,0,GE-Phase,retraction,28425,28865,440,440,0.462,-377,135
28048,29000,952,0,GE-Phase,preparation,28865,29147,282,135,0.142,-817,-147
69250,70269,1019,0,GE-Phrase,233,69124,70078,954,828,0.813,126,191
69250,70269,1019,0,GE-Phrase,234,70078,71694,1616,191,0.187,-828,-1425
69250,70269,1019,0,GE-Phase,preparation,69124,69404,280,154,0.151,126,865
69250,70269,1019,0,GE-Phase,stroke,69404,70078,674,674,0.661,-154,191
69250,70269,1019,0,GE-Phase,preparation,70078,70626,548,191,0.187,-828,-357
123300,123678,378,0,GE-Phrase,261,123162,126484,3322,378,1.0,138,-2806
123300,123678,378,0,GE-Phase,preparation,123162,123543,381,243,0.643,138,135
123300,123678,378,0,GE-Phase,stroke,123543,125275,1732,135,0.357,-243,-1597
123678,123884,206,0,GE-Phrase,261,123162,126484,3322,206,1.0,516,-2600
123678,123884,206,0,GE-Phase,stroke,123543,125275,1732,206,1.0,135,-1391
123884,124760,876,0,GE-Phrase,261,123162,126484,3322,876,1.0,722,-1724
123884,124760,876,0,GE-Phase,stroke,123543,125275,1732,876,1.0,341,-515
124760,125900,1140,0,GE-Phrase,261,123162,126484,3322,1140,1.0,1598,-584
124760,125900,1140,0,GE-Phase,stroke,123543,125275,1732,515,0.452,1217,625
124760,125900,1140,0,GE-Phase,retraction,125275,126484,1209,625,0.548,-515,-584
125900,127426,1526,0,GE-Phrase,261,123162,126484,3322,584,0.383,2738,942
125900,127426,1526,0,GE-Phase,retraction,125275,126484,1209,584,0.383,625,942
131400,132715,1315,0,GE-Phrase,262,128821,132202,3381,802,0.61,2579,513
131400,132715,1315,0,GE-Phrase,263,132202,134077,1875,513,0.39,-802,-1362
131400,132715,1315,0,GE-Phase,stroke,131270,132202,932,802,0.61,130,513
131400,132715,1315,0,GE-Phase,preparation,132202,132712,510,510,0.388,-802,3
131400,132715,1315,0,GE-Phase,stroke,132712,133300,588,3,0.002,-1312,-585
132715,134762,2047,0,GE-Phrase,263,132202,134077,1875,1362,0.665,513,685
132715,134762,2047,0,GE-Phrase,264,134077,135782,1705,685,0.335,-1362,-1020
132715,134762,2047,0,GE-Phase,stroke,132712,133300,588,585,0.286,3,1462
132715,134762,2047,0,GE-Phase,retraction,133300,134077,777,777,0.38,-585,685
132715,134762,2047,0,GE-Phase,preparation,134077,134927,850,685,0.335,-1362,-165
136371,137155,784,0,GE-Phrase,265,135782,138288,2506,784,1.0,589,-1133
136371,137155,784,0,GE-Phase,preparation,135782,136557,775,186,0.237,589,598
136371,137155,784,0,GE-Phase,stroke,136557,137175,618,598,0.763,-186,-20
137155,137394,239,0,GE-Phrase,265,135782,138288,2506,239,1.0,1373,-894
137155,137394,239,0,GE-Phase,stroke,136557,137175,618,20,0.084,598,219
137155,137394,239,0,GE-Phase,retraction,137175,138288,1113,219,0.916,-20,-894
141050,143026,1976,0,GE-Phrase,266,138288,141167,2879,117,0.059,2762,1859
141050,143026,1976,0,GE-Phrase,267,141167,142467,1300,1300,0.658,-117,559
141050,143026,1976,0,GE-Phrase,268,142467,145380,2913,559,0.283,-1417,-2354
141050,143026,1976,0,GE-Phase,stroke,139895,141167,1272,117,0.059,1155,1859
141050,143026,1976,0,GE-Phase,stroke,141167,142045,878,878,0.444,-117,981
141050,143026,1976,0,GE-Phase,hold,142045,142467,422,422,0.214,-995,559
141050,143026,1976,0,GE-Phase,preparation,142467,143704,1237,559,0.283,-1417,-678
149300,150432,1132,0,GE-Phrase,270,147413,149490,2077,190,0.168,1887,942
149300,150432,1132,0,GE-Phrase,271,149490,151803,2313,942,0.832,-190,-1371
149300,150432,1132,0,GE-Phase,hold,148742,149490,748,190,0.168,558,942
149300,150432,1132,0,GE-Phase,preparation,149490,150125,635,635,0.561,-190,307
149300,150432,1132,0,GE-Phase,stroke,150125,151219,1094,307,0.271,-825,-787
9631,12030,2399,0,GE-Phrase,205,9104,11228,2124,1597,0.666,527,802
9631,12030,2399,0,GE-Phrase,206,11228,13092,1864,802,0.334,-1597,-1062
9631,12030,2399,0,GE-Phase,preparation,9104,10503,1399,872,0.363,527,1527
9631,12030,2399,0,GE-Phase,stroke,10503,10898,395,395,0.165,-872,1132
9631,12030,2399,0,GE-Phase,retraction,10898,11228,330,330,0.138,-1267,802
9631,12030,2399,0,GE-Phase,preparation,11228,11616,388,388,0.162,-1597,414
9631,12030,2399,0,GE-Phase,stroke,11616,12216,600,414,0.173,-1985,-186
12030,13506,1476,0,GE-Phrase,206,11228,13092,1864,1062,0.72,802,414
12030,13506,1476,0,GE-Phrase,207,13092,14908,1816,414,0.28,-1062,-1402
12030,13506,1476,0,GE-Phase,stroke,11616,12216,600,186,0.126,414,1290
12030,13506,1476,0,GE-Phase,retraction,12216,13092,876,876,0.593,-186,414
12030,13506,1476,0,GE-Phase,preparation,13092,13708,616,414,0.28,-1062,-202
25187,26370,1183,0,GE-Phrase,212,23414,26572,3158,1183,1.0,1773,-202
25187,26370,1183,0,GE-Phase,stroke,23890,25250,1360,63,0.053,1297,1120
25187,26370,1183,0,GE-Phase,retraction,25250,26572,1322,1120,0.947,-63,-202
26370,27200,830,0,GE-Phrase,212,23414,26572,3158,202,0.243,2956,628
26370,27200,830,0,GE-Phrase,213,26572,28865,2293,628,0.757,-202,-1665
26370,27200,830,0,GE-Phase,retraction,25250,26572,1322,202,0.243,1120,628
26370,27200,830,0,GE-Phase,preparation,26572,27305,733,628,0.757,-202,-105
27200,28048,848,0,GE-Phrase,213,26572,28865,2293,848,1.0,628,-817
27200,28048,848,0,GE-Phase,preparation,26572,27305,733,105,0.124,628,743
27200,28048,848,0,GE-Phase,stroke,27305,28425,1120,743,0.876,-105,-377
28048,29000,952,0,GE-Phrase,213,26572,28865,2293,817,0.858,1476,135
28048,29000,952,0,GE-Phrase,214,28865,30267,1402,135,0.142,-817,-1267
28048,29000,952,0,GE-Phase,stroke,27305,28425,1120,377,0.396,743,575
28048,29000,952,0,GE-Phase,retraction,28425,28865,440,440,0.462,-377,135
28048,29000,952,0,GE-Phase,preparation,28865,29147,282,135,0.142,-817,-147
69250,70269,1019,0,GE-Phrase,233,69124,70078,954,828,0.813,126,191
69250,70269,1019,0,GE-Phrase,234,70078,71694,1616,191,0.187,-828,-1425
69250,70269,1019,0,GE-Phase,preparation,69124,69404,280,154,0.151,126,865
69250,70269,1019,0,GE-Phase,stroke,69404,70078,674,674,0.661,-154,191
69250,70269,1019,0,GE-Phase,preparation,70078,70626,548,191,0.187,-828,-357
123300,123678,378,0,GE-Phrase,261,123162,126484,3322,378,1.0,138,-2806
123300,123678,378,0,GE-Phase,preparation,123162,123543,381,243,0.643,138,135
123300,123678,378,0,GE-Phase,stroke,123543,125275,1732,135,0.357,-243,-1597
123678,123884,206,0,GE-Phrase,261,123162,126484,3322,206,1.0,516,-2600
123678,123884,206,0,GE-Phase,stroke,123543,125275,1732,206,1.0,135,-1391
123884,124760,876,0,GE-Phrase,261,123162,126484,3322,876,1.0,722,-1724
123884,124760,876,0,GE-Phase,stroke,123543,125275,1732,876,1.0,341,-515
124760,125900,1140,0,GE-Phrase,261,123162,126484,3322,1140,1.0,1598,-584
124760,125900,1140,0,GE-Phase,stroke,123543,125275,1732,515,0.452,1217,625
124760,125900,1140,0,GE-Phase,retraction,125275,126484,1209,625,0.548,-515,-584
125900,127426,1526,0,GE-Phrase,261,123162,126484,3322,584,0.383,2738,942
125900,127426,1526,0,GE-Phase,retraction,125275,126484,1209,584,0.383,625,942
131400,132715,1315,0,GE-Phrase,262,128821,132202,3381,802,0.61,2579,513
131400,132715,1315,0,GE-Phrase,263,132202,134077,1875,513,0.39,-802,-1362
131400,132715,1315,0,GE-Phase,stroke,131270,132202,932,802,0.61,130,513
131400,132715,1315,0,GE-Phase,preparation,132202,132712,510,510,0.388,-802,3
131400,132715,1315,0,GE-Phase,stroke,132712,133300,588,3,0.002,-1312,-585
132715,134762,2047,0,GE-Phrase,263,132202,134077,1875,1362,0.665,513,685
132715,134762,2047,0,GE-Phrase,264,134077,135782,1705,685,0.335,-1362,-1020
132715,134762,2047,0,GE-Phase,stroke,132712,133300,588,585,0.286,3,1462
132715,134762,2047,0,GE-Phase,retraction,133300,134077,777,777,0.38,-585,685
132715,134762,2047,0,GE-Phase,preparation,134077,134927,850,685,0.335,-1362,-165
136371,137155,784,0,GE-Phrase,265,135782,138288,2506,784,1.0,589,-1133
136371,137155,784,0,GE-Phase,preparation,135782,136557,775,186,0.237,589,598
136371,137155,784,0,GE-Phase,stroke,136557,137175,618,598,0.763,-186,-20
137155,137394,239,0,GE-Phrase,265,135782,138288,2506,239,1.0,1373,-894
137155,137394,239,0,GE-Phase,stroke,136557,137175,618,20,0.084,598,219
137155,137394,239,0,GE-Phase,retraction,137175,138288,1113,219,0.916,-20,-894
141050,143026,1976,0,GE-Phrase,266,138288,141167,2879,117,0.059,2762,1859
141050,143026,1976,0,GE-Phrase,267,141167,142467,1300,1300,0.658,-117,559
141050,143026,1976,0,GE-Phrase,268,142467,145380,2913,559,0.283,-1417,-2354
141050,143026,1976,0,GE-Phase,stroke,139895,141167,1272,117,0.059,1155,1859
141050,143026,1976,0,GE-Phase,stroke,141167,142045,878,878,0.444,-117,981
141050,143026,1976,0,GE-Phase,hold,142045,142467,422,422,0.214,-995,559
141050,143026,1976,0,GE-Phase,preparation,142467,143704,1237,559,0.283,-1417,-678
149300,150432,1132,0,GE-Phrase,270,147413,149490,2077,190,0.168,1887,942
149300,150432,1132,0,GE-Phrase,271,149490,151803,2313,942,0.832,-190,-1371
149300,150432,1132,0,GE-Phase,hold,148742,149490,748,190,0.168,558,942
149300,150432,1132,0,GE-Phase,preparation,149490,150125,635,635,0.561,-190,307
149300,150432,1132,0,GE-Phase,stroke,150125,151219,1094,307,0.271,-825,-787
9631,12030,2399,0,GE-Phrase,205,9104,11228,2124,1597,0.666,527,802
9631,12030,2399,0,GE-Phrase,206,11228,13092,1864,802,0.334,-1597,-1062
9631,12030,2399,0,GE-Phase,preparation,9104,10503,1399,872,0.363,527,1527
9631,12030,2399,0,GE-Phase,stroke,10503,10898,395,395,0.165,-872,1132
9631,12030,2399,0,GE-Phase,retraction,10898,11228,330,330,0.138,-1267,802
9631,12030,2399,0,GE-Phase,preparation,11228,11616,388,388,0.162,-1597,414
9631,12030,2399,0,GE-Phase,stroke,11616,12216,600,414,0.173,-1985,-186
12030,13506,1476,0,GE-Phrase,206,11228,13092,1864,1062,0.72,802,414
12030,13506,1476,0,GE-Phrase,207,13092,14908,1816,414,0.28,-1062,-1402
12030,13506,1476,0,GE-Phase,stroke,11616,12216,600,186,0.126,414,1290
12030,13506,1476,0,GE-Phase,retraction,12216,13092,876,876,0.593,-186,414
12030,13506,1476,0,GE-Phase,preparation,13092,13708,616,414,0.28,-1062,-202
25187,26370,1183,0,GE-Phrase,212,23414,26572,3158,1183,1.0,1773,-202
25187,26370,1183,0,GE-Phase,stroke,23890,25250,1360,63,0.053,1297,1120
25187,26370,1183,0,GE-Phase,retraction,25250,26572,1322,1120,0.947,-63,-202
26370,27200,830,0,GE-Phrase,212,23414,26572,3158,202,0.243,2956,628
26370,27200,830,0,GE-Phrase,213,26572,28865,2293,628,0.757,-202,-1665
26370,27200,830,0,GE-Phase,retraction,25250,26572,1322,202,0.243,1120,628
26370,27200,830,0,GE-Phase,preparation,26572,27305,733,628,0.757,-202,-105
27200,28048,848,0,GE-Phrase,213,26572,28865,2293,848,1.0,628,-817
27200,28048,848,0,GE-Phase,preparation,26572,27305,733,105,0.124,628,743
27200,28048,848,0,GE-Phase,stroke,27305,28425,1120,743,0.876,-105,-377
28048,29000,952,0,GE-Phrase,213,26572,28865,2293,817,0.858,1476,135
28048,29000,952,0,GE-Phrase,214,28865,30267,1402,135,0.142,-817,-1267
28048,29000,952,0,GE-Phase,stroke,27305,28425,1120,377,0.396,743,575
28048,29000,952,0,GE-Phase,retraction,28425,28865,440,440,0.462,-377,135
28048,29000,952,0,GE-Phase,preparation,28865,29147,282,135,0.142,-817,-147
69250,70269,1019,0,GE-Phrase,233,69124,70078,954,828,0.813,126,191
69250,70269,1019,0,GE-Phrase,234,70078,71694,1616,191,0.187,-828,-1425
69250,70269,1019,0,GE-Phase,preparation,69124,69404,280,154,0.151,126,865
69250,70269,1019,0,GE-Phase,stroke,69404,70078,674,674,0.661,-154,191
69250,70269,1019,0,GE-Phase,preparation,70078,70626,548,191,0.187,-828,-357
123300,123678,378,0,GE-Phrase,261,123162,126484,3322,378,1.0,138,-2806
123300,123678,378,0,GE-Phase,preparation,123162,123543,381,243,0.643,138,135
123300,123678,378,0,GE-Phase,stroke,123543,125275,1732,135,0.357,-243,-1597
123678,123884,206,0,GE-Phrase,261,123162,126484,3322,206,1.0,516,-2600
123678,123884,206,0,GE-Phase,stroke,123543,125275,1732,206,1.0,135,-1391
123884,124760,876,0,GE-Phrase,261,123162,126484,3322,876,1.0,722,-1724
123884,124760,876,0,GE-Phase,stroke,123543,125275,1732,876,1.0,341,-515
124760,125900,1140,0,GE-Phrase,261,123162,126484,3322,1140,1.0,1598,-584
124760,125900,1140,0,GE-Phase,stroke,123543,125275,1732,515,0.452,1217,625
124760,125900,1140,0,GE-Phase,retraction,125275,126484,1209,625,0.548,-515,-584
125900,127426,1526,0,GE-Phrase,261,123162,126484,3322,584,0.383,2738,942
125900,127426,1526,0,GE-Phase,retraction,125275,126484,1209,584,0.383,625,942
131400,132715,1315,0,GE-Phrase,262,128821,132202,3381,802,0.61,2579,513
131400,132715,1315,0,GE-Phrase,263,132202,134077,1875,513,0.39,-802,-1362
131400,132715,1315,0,GE-Phase,stroke,131270,132202,932,802,0.61,130,513
131400,132715,1315,0,GE-Phase,preparation,132202,132712,510,510,0.388,-802,3
131400,132715,1315,0,GE-Phase,stroke,132712,133300,588,3,0.002,-1312,-585
132715,134762,2047,0,GE-Phrase,263,132202,134077,1875,1362,0.665,513,685
132715,134762,2047,0,GE-Phrase,264,134077,135782,1705,685,0.335,-1362,-1020
132715,134762,2047,0,GE-Phase,stroke,132712,133300,588,585,0.286,3,1462
132715,134762,2047,0,GE-Phase,retraction,133300,134077,777,777,0.38,-585,685
132715,134762,2047,0,GE-Phase,preparation,134077,134927,850,685,0.335,-1362,-165
136371,137155,784,0,GE-Phrase,265,135782,138288,2506,784,1.0,589,-1133
136371,137155,784,0,GE-Phase,preparation,135782,136557,775,186,0.237,589,598
136371,137155,784,0,GE-Phase,stroke,136557,137175,618,598,0.763,-186,-20
137155,137394,239,0,GE-Phrase,265,135782,138288,2506,239,1.0,1373,-894
137155,137394,239,0,GE-Phase,stroke,136557,137175,618,20,0.084,598,219
137155,137394,239,0,GE-Phase,retraction,137175,138288,1113,219,0.916,-20,-894
141050,143026,1976,0,GE-Phrase,266,138288,141167,2879,117,0.059,2762,1859
141050,143026,1976,0,GE-Phrase,267,141167,142467,1300,1300,0.658,-117,559
141050,143026,1976,0,GE-Phrase,268,142467,145380,2913,559,0.283,-1417,-2354
141050,143026,1976,0,GE-Phase,stroke,139895,141167,1272,117,0.059,1155,1859
141050,143026,1976,0,GE-Phase,stroke,141167,142045,878,878,0.444,-117,981
141050,143026,1976,0,GE-Phase,hold,142045,142467,422,422,0.214,-995,559
141050,143026,1976,0,GE-Phase,preparation,142467,143704,1237,559,0.283,-1417,-678
149300,150432,1132,0,GE-Phrase,270,147413,149490,2077,190,0.168,1887,942
149300,150432,1132,0,GE-Phrase,271,149490,151803,2313,942,0.832,-190,-1371
149300,150432,1132,0,GE-Phase,hold,148742,149490,748,190,0.168,558,942
149300,150432,1132,0,GE-Phase,preparation,149490,150125,635,635,0.561,-190,307
149300,150432,1132,0,GE-Phase,stroke,150125,151219,1094,307,0.271,-825,-787
9631,12030,2399,0,GE-Phrase,205,9104,11228,2124,1597,0.666,527,802
9631,12030,2399,0,GE-Phrase,206,11228,13092,1864,802,0.334,-1597,-1062
9631,12030,2399,0,GE-Phase,preparation,9104,10503,1399,872,0.363,527,1527
9631,12030,2399,0,GE-Phase,stroke,10503,10898,395,395,0.165,-872,1132
9631,12030,2399,0,GE-Phase,retraction,10898,11228,330,330,0.138,-1267,802
9631,12030,2399,0,GE-Phase,preparation,11228,11616,388,388,0.162,-1597,414
9631,12030,2399,0,GE-Phase,stroke,11616,12216,600,414,0.173,-1985,-186
12030,13506,1476,0,GE-Phrase,206,11228,13092,1864,1062,0.72,802,414
12030,13506,1476,0,GE-Phrase,207,13092,14908,1816,414,0.28,-1062,-1402
12030,13506,1476,0,GE-Phase,stroke,11616,12216,600,186,0.126,414,1290
12030,13506,1476,0,GE-Phase,retraction,12216,13092,876,876,0.593,-186,414
12030,13506,1476,0,GE-Phase,preparation,13092,13708,616,414,0.28,-1062,-202
25187,26370,1183,0,GE-Phrase,212,23414,26572,3158,1183,1.0,1773,-202
25187,26370,1183,0,GE-Phase,stroke,23890,25250,1360,63,0.053,1297,1120
25187,26370,1183,0,GE-Phase,retraction,25250,26572,1322,1120,0.947,-63,-202
26370,27200,830,0,GE-Phrase,212,23414,26572,3158,202,0.243,2956,628
26370,27200,830,0,GE-Phrase,213,26572,28865,2293,628,0.757,-202,-1665
26370,27200,830,0,GE-Phase,retraction,25250,26572,1322,202,0.243,1120,628
26370,27200,830,0,GE-Phase,preparation,26572,27305,733,628,0.757,-202,-105
27200,28048,848,0,GE-Phrase,213,26572,28865,2293,848,1.0,628,-817
27200,28048,848,0,GE-Phase,preparation,26572,27305,733,105,0.124,628,743
27200,28048,848,0,GE-Phase,stroke,27305,28425,1120,743,0.876,-105,-377
28048,29000,952,0,GE-Phrase,213,26572,28865,2293,817,0.858,1476,135
28048,29000,952,0,GE-Phrase,214,28865,30267,1402,135,0.142,-817,-1267
28048,29000,952,0,GE-Phase,stroke,27305,28425,1120,377,0.396,743,575
28048,29000,952,0,GE-Phase,retraction,28425,28865,440,440,0.462,-377,135
28048,29000,952,0,GE-Phase,preparation,28865,29147,282,135,0.142,-817,-147
69250,70269,1019,0,GE-Phrase,233,69124,70078,954,828,0.813,126,191
69250,70269,1019,0,GE-Phrase,234,70078,71694,1616,191,0.187,-828,-1425
69250,70269,1019,0,GE-Phase,preparation,69124,69404,280,154,0.151,126,865
69250,70269,1019,0,GE-Phase,stroke,69404,70078,674,674,0.661,-154,191
69250,70269,1019,0,GE-Phase,preparation,70078,70626,548,191,0.187,-828,-357
123300,123678,378,0,GE-Phrase,261,123162,126484,3322,378,1.0,138,-2806
123300,123678,378,0,GE-Phase,preparation,123162,123543,381,243,0.643,138,135
123300,123678,378,0,GE-Phase,stroke,123543,125275,1732,135,0.357,-243,-1597
123678,123884,206,0,GE-Phrase,261,123162,126484,3322,206,1.0,516,-2600
123678,123884,206,0,GE-Phase,stroke,123543,125275,1732,206,1.0,135,-1391
123884,124760,876,0,GE-Phrase,261,123162,126484,3322,876,1.0,722,-1724
123884,124760,876,0,GE-Phase,stroke,123543,125275,1732,876,1.0,341,-515
124760,125900,1140,0,GE-Phrase,261,123162,126484,3322,1140,1.0,1598,-584
124760,125900,1140,0,GE-Phase,stroke,123543,125275,1732,515,0.452,1217,625
124760,125900,1140,0,GE-Phase,retraction,125275,126484,1209,625,0.548,-515,-584
125900,127426,1526,0,GE-Phrase,261,123162,126484,3322,584,0.383,2738,942
125900,127426,1526,0,GE-Phase,retraction,125275,126484,1209,584,0.383,625,942
131400,132715,1315,0,GE-Phrase,262,128821,132202,3381,802,0.61,2579,513
131400,132715,1315,0,GE-Phrase,263,132202,134077,1875,513,0.39,-802,-1362
131400,132715,1315,0,GE-Phase,stroke,131270,132202,932,802,0.61,130,513
131400,132715,1315,0,GE-Phase,preparation,132202,132712,510,510,0.388,-802,3
131400,132715,1315,0,GE-Phase,stroke,132712,133300,588,3,0.002,-1312,-585
132715,134762,2047,0,GE-Phrase,263,132202,134077,1875,1362,0.665,513,685
132715,134762,2047,0,GE-Phrase,264,134077,135782,1705,685,0.335,-1362,-1020
132715,134762,2047,0,GE-Phase,stroke,132712,133300,588,585,0.286,3,1462
132715,134762,2047,0,GE-Phase,retraction,133300,134077,777,777,0.38,-585,685
132715,134762,2047,0,GE-Phase,preparation,134077,134927,850,685,0.335,-1362,-165
136371,137155,784,0,GE-Phrase,265,135782,138288,2506,784,1.0,589,-1133
136371,137155,784,0,GE-Phase,preparation,135782,136557,775,186,0.237,589,598
136371,137155,784,0,GE-Phase,stroke,136557,137175,618,598,0.763,-186,-20
137155,137394,239,0,GE-Phrase,265,135782,138288,2506,239,1.0,1373,-894
137155,137394,239,0,GE-Phase,stroke,136557,137175,618,20,0.084,598,219
137155,137394,239,0,GE-Phase,retraction,137175,138288,1113,219,0.916,-20,-894
141050,143026,1976,0,GE-Phrase,266,138288,141167,2879,117,0.059,2762,1859
141050,143026,1976,0,GE-Phrase,267,141167,142467,1300,1300,0.658,-117,559
141050,143026,1976,0,GE-Phrase,268,142467,145380,2913,559,0.283,-1417,-2354
141050,143026,1976,0,GE-Phase,stroke,139895,141167,1272,117,0.059,1155,1859
141050,143026,1976,0,GE-Phase,stroke,141167,142045,878,878,0.444,-117,981
141050,143026,1976,0,GE-Phase,hold,142045,142467,422,422,0.214,-995,559
141050,143026,1976,0,GE-Phase,preparation,142467,143704,1237,559,0.283,-1417,-678
149300,150432,1132,0,GE-Phrase,270,147413,149490,2077,190,0.168,1887,942
149300,150432,1132,0,GE-Phrase,271,149490,151803,2313,942,0.832,-190,-1371
149300,150432,1132,0,GE-Phase,hold,148742,149490,748,190,0.168,558,942
149300,150432,1132,0,GE-Phase,preparation,149490,150125,635,635,0.561,-190,307
149300,150432,1132,0,GE-Phase,stroke,150125,151219,1094,307,0.271,-825,-787
9631,12030,2399,0,GE-Phrase,205,9104,11228,2124,1597,0.666,527,802
9631,12030,2399,0,GE-Phrase,206,11228,13092,1864,802,0.334,-1597,-1062
9631,12030,2399,0,GE-Phase,preparation,9104,10503,1399,872,0.363,527,1527
9631,12030,2399,0,GE-Phase,stroke,10503,10898,395,395,0.165,-872,1132
9631,12030,2399,0,GE-Phase,retraction,10898,11228,330,330,0.138,-1267,802
9631,12030,2399,0,GE-Phase,preparation,11228,11616,388,388,0.162,-1597,414
9631,12030,2399,0,GE-Phase,stroke,11616,12216,600,414,0.173,-1985,-186
12030,13506,1476,0,GE-Phrase,206,11228,13092,1864,1062,0.72,802,414
12030,13506,1476,0,GE-Phrase,207,13092,14908,1816,414,0.28,-1062,-1402
12030,13506,1476,0,GE-Phase,stroke,11616,12216,600,186,0.126,414,1290
12030,13506,1476,0,GE-Phase,retraction,12216,13092,876,876,0.593,-186,414
12030,13506,1476,0,GE-Phase,preparation,13092,13708,616,414,0.28,-1062,-202
25187,26370,1183,0,GE-Phrase,212,23414,26572,3158,1183,1.0,1773,-202
25187,26370,1183,0,GE-Phase,stroke,23890,25250,1360,63,0.053,1297,1120
25187,26370,1183,0,GE-Phase,retraction,25250,26572,1322,1120,0.947,-63,-202
26370,27200,830,0,GE-Phrase,212,23414,26572,3158,202,0.243,2956,628
26370,27200,830,0,GE-Phrase,213,26572,28865,2293,628,0.757,-202,-1665
26370,27200,830,0,GE-Phase,retraction,25250,26572,1322,202,0.243,1120,628
26370,27200,830,0,GE-Phase,preparation,26572,27305,733,628,0.757,-202,-105
27200,28048,848,0,GE-Phrase,213,26572,28865,2293,848,1.0,628,-817
27200,28048,848,0,GE-Phase,preparation,26572,27305,733,105,0.124,628,743
27200,28048,848,0,GE-Phase,stroke,27305,28425,1120,743,0.876,-105,-377
28048,29000,952,0,GE-Phrase,213,26572,28865,2293,817,0.858,1476,135
28048,29000,952,0,GE-Phrase,214,28865,30267,1402,135,0.142,-817,-1267
28048,29000,952,0,GE-Phase,stroke,27305,28425,1120,377,0.396,743,575
28048,29000,952,0,GE-Phase,retraction,28425,28865,440,440,0.462,-377,135
28048,29000,952,0,GE-Phase,preparation,28865,29147,282,135,0.142,-817,-147
69250,70269,1019,0,GE-Phrase,233,69124,70078,954,828,0.813,126,191
69250,70269,1019,0,GE-Phrase,234,70078,71694,1616,191,0.187,-828,-1425
69250,70269,1019,0,GE-Phase,preparation,69124,69404,280,154,0.151,126,865
69250,70269,1019,0,GE-Phase,stroke,69404,70078,674,674,0.661,-154,191
69250,70269,1019,0,GE-Phase,preparation,70078,70626,548,191,0.187,-828,-357
123300,123678,378,0,GE-Phrase,261,123162,126484,3322,378,1.0,138,-2806
123300,123678,378,0,GE-Phase,preparation,123162,123543,381,243,0.643,138,135
123300,123678,378,0,GE-Phase,stroke,123543,125275,1732,135,0.357,-243,-1597
123678,123884,206,0,GE-Phrase,261,123162,126484,3322,206,1.0,516,-2600
123678,123884,206,0,GE-Phase,stroke,123543,125275,1732,206,1.0,135,-1391
123884,124760,876,0,GE-Phrase,261,123162,126484,3322,876,1.0,722,-1724
123884,124760,876,0,GE-Phase,stroke,123543,125275,1732,876,1.0,341,-515
124760,125900,1140,0,GE-Phrase,261,123162,126484,3322,1140,1.0,1598,-584
124760,125900,1140,0,GE-Phase,stroke,123543,125275,1732,515,0.452,1217,625
124760,125900,1140,0,GE-Phase,retraction,125275,126484,1209,625,0.548,-515,-584
125900,127426,1526,0,GE-Phrase,261,123162,126484,3322,584,0.383,2738,942
125900,127426,1526,0,GE-Phase,retraction,125275,126484,1209,584,0.383,625,942
131400,132715,1315,0,GE-Phrase,262,128821,132202,3381,802,0.61,2579,513
131400,132715,1315,0,GE-Phrase,263,132202,134077,1875,513,0.39,-802,-1362
131400,132715,1315,0,GE-Phase,stroke,131270,132202,932,802,0.61,130,513
131400,132715,1315,0,GE-Phase,preparation,132202,132712,510,510,0.388,-802,3
131400,132715,1315,0,GE-Phase,stroke,132712,133300,588,3,0.002,-1312,-585
132715,134762,2047,0,GE-Phrase,263,132202,134077,1875,1362,0.665,513,685
132715,134762,2047,0,GE-Phrase,264,134077,135782,1705,685,0.335,-1362,-1020
132715,134762,2047,0,GE-Phase,stroke,132712,133300,588,585,0.286,3,1462
132715,134762,2047,0,GE-Phase,retraction,133300,134077,777,777,0.38,-585,685
132715,134762,2047,0,GE-Phase,preparation,134077,134927,850,685,0.335,-1362,-165
136371,137155,784,0,GE-Phrase,265,135782,138288,2506,784,1.0,589,-1133
136371,137155,784,0,GE-Phase,preparation,135782,136557,775,186,0.237,589,598
136371,137155,784,0,GE-Phase,stroke,136557,137175,618,598,0.763,-186,-20
137155,137394,239,0,GE-Phrase,265,135782,138288,2506,239,1.0,1373,-894
137155,137394,239,0,GE-Phase,stroke,136557,137175,618,20,0.084,598,219
137155,137394,239,0,GE-Phase,retraction,137175,138288,1113,219,0.916,-20,-894
141050,143026,1976,0,GE-Phrase,266,138288,141167,2879,117,0.059,2762,1859
141050,143026,1976,0,GE-Phrase,267,141167,142467,1300,1300,0.658,-117,559
141050,143026,1976,0,GE-Phrase,268,142467,145380,2913,559,0.283,-1417,-2354
141050,143026,1976,0,GE-Phase,stroke,139895,141167,1272,117,0.059,1155,1859
141050,143026,1976,0,GE-Phase,stroke,141167,142045,878,878,0.444,-117,981
141050,143026,1976,0,GE-Phase,hold,142045,142467,422,422,0.214,-995,559
141050,143026,1976,0,GE-Phase,preparation,142467,143704,1237,559,0.283,-1417,-678
149300,150432,1132,0,GE-Phrase,270,147413,149490,2077,190,0.168,1887,942
149300,150432,1132,0,GE-Phrase,271,149490,151803,2313,942,0.832,-190,-1371
149300,150432,1132,0,GE-Phase,hold,148742,149490,748,190,0.168,558,942
149300,150432,1132,0,GE-Phase,preparation,149490,150125,635,635,0.561,-190,307
149300,150432,1132,0,GE-Phase,stroke,150125,151219,1094,307,0.271,-825,-787
9631,12030,2399,0,GE-Phrase,205,9104,11228,2124,1597,0.666,527,802
9631,12030,2399,0,GE-Phrase,206,11228,13092,1864,802,0.334,-1597,-1062
9631,12030,2399,0,GE-Phase,preparation,9104,10503,1399,872,0.363,527,1527
9631,12030,2399,0,GE-Phase,stroke,10503,10898,395,395,0.165,-872,1132
9631,12030,2399,0,GE-Phase,retraction,10898,11228,330,330,0.138,-1267,802
9631,12030,2399,0,GE-Phase,preparation,11228,11616,388,388,0.162,-1597,414
9631,12030,2399,0,GE-Phase,stroke,11616,12216,600,414,0.173,-1985,-186
12030,13506,1476,0,GE-Phrase,206,11228,13092,1864,1062,0.72,802,414
12030,13506,1476,0,GE-Phrase,207,13092,14908,1816,414,0.28,-1062,-1402
12030,13506,1476,0,GE-Phase,stroke,11616,12216,600,186,0.126,414,1290
12030,13506,1476,0,GE-Phase,retraction,12216,13092,876,876,0.593,-186,414
12030,13506,1476,0,GE-Phase,preparation,13092,13708,616,414,0.28,-1062,-202
25187,26370,1183,0,GE-Phrase,212,23414,26572,3158,1183,1.0,1773,-202
25187,26370,1183,0,GE-Phase,stroke,23890,25250,1360,63,0.053,1297,1120
25187,26370,1183,0,GE-Phase,retraction,25250,26572,1322,1120,0.947,-63,-202
26370,27200,830,0,GE-Phrase,212,23414,26572,3158,202,0.243,2956,628
26370,27200,830,0,GE-Phrase,213,26572,28865,2293,628,0.757,-202,-1665
26370,27200,830,0,GE-Phase,retraction,25250,26572,1322,202,0.243,1120,628
26370,27200,830,0,GE-Phase,preparation,26572,27305,733,628,0.757,-202,-105
27200,28048,848,0,GE-Phrase,213,26572,28865,2293,848,1.0,628,-817
27200,28048,848,0,GE-Phase,preparation,26572,27305,733,105,0.124,628,743
27200,28048,848,0,GE-Phase,stroke,27305,28425,1120,743,0.876,-105,-377
28048,29000,952,0,GE-Phrase,213,26572,28865,2293,817,0.858,1476,135
28048,29000,952,0,GE-Phrase,214,28865,30267,1402,135,0.142,-817,-1267
28048,29000,952,0,GE-Phase,stroke,27305,28425,1120,377,0.396,743,575
28048,29000,952,0,GE-Phase,retraction,28425,28865,440,440,0.462,-377,135
28048,29000,952,0,GE-Phase,preparation,28865,29147,282,135,0.142,-817,-147
69250,70269,1019,0,GE-Phrase,233,69124,70078,954,828,0.813,126,191
69250,70269,1019,0,GE-Phrase,234,70078,71694,1616,191,0.187,-828,-1425
69250,70269,1019,0,GE-Phase,preparation,69124,69404,280,154,0.151,126,865
69250,70269,1019,0,GE-Phase,stroke,69404,70078,674,674,0.661,-154,191
69250,70269,1019,0,GE-Phase,preparation,70078,70626,548,191,0.187,-828,-357
123300,123678,378,0,GE-Phrase,261,123162,126484,3322,378,1.0,138,-2806
123300,123678,378,0,GE-Phase,preparation,123162,123543,381,243,0.643,138,135
123300,123678,378,0,GE-Phase,stroke,123543,125275,1732,135,0.357,-243,-1597
123678,123884,206,0,GE-Phrase,261,123162,126484,3322,206,1.0,516,-2600
123678,123884,206,0,GE-Phase,stroke,123543,125275,1732,206,1.0,135,-1391
123884,124760,876,0,GE-Phrase,261,123162,126484,3322,876,1.0,722,-1724
123884,124760,876,0,GE-Phase,stroke,123543,125275,1732,876,1.0,341,-515
124760,125900,1140,0,GE-Phrase,261,123162,126484,3322,1140,1.0,1598,-584
124760,125900,1140,0,GE-Phase,stroke,123543,125275,1732,515,0.452,1217,625
124760,125900,1140,0,GE-Phase,retraction,125275,126484,1209,625,0.548,-515,-584
125900,127426,1526,0,GE-Phrase,261,123162,126484,3322,584,0.383,2738,942
125900,127426,1526,0,GE-Phase,retraction,125275,126484,1209,584,0.383,625,942
131400,132715,1315,0,GE-Phrase,262,128821,132202,3381,802,0.61,2579,513
131400,132715,1315,0,GE-Phrase,263,132202,134077,1875,513,0.39,-802,-1362
131400,132715,1315,0,GE-Phase,stroke,131270,132202,932,802,0.61,130,513
131400,132715,1315,0,GE-Phase,preparation,132202,132712,510,510,0.388,-802,3
131400,132715,1315,0,GE-Phase,stroke,132712,133300,588,3,0.002,-1312,-585
132715,134762,2047,0,GE-Phrase,263,132202,134077,1875,1362,0.665,513,685
132715,134762,2047,0,GE-Phrase,264,134077,135782,1705,685,0.335,-1362,-1020
132715,134762,2047,0,GE-Phase,stroke,132712,133300,588,585,0.286,3,1462
132715,134762,2047,0,GE-Phase,retraction,133300,134077,777,777,0.38,-585,685
132715,134762,2047,0,GE-Phase,preparation,134077,134927,850,685,0.335,-1362,-165
136371,137155,784,0,GE-Phrase,265,135782,138288,2506,784,1.0,589,-1133
136371,137155,784,0,GE-Phase,preparation,135782,136557,775,186,0.237,589,598
136371,137155,784,0,GE-Phase,stroke,136557,137175,618,598,0.763,-186,-20
137155,137394,239,0,GE-Phrase,265,135782,138288,2506,239,1.0,1373,-894
137155,137394,239,0,GE-Phase,stroke,136557,137175,618,20,0.084,598,219
137155,137394,239,0,GE-Phase,retraction,137175,138288,1113,219,0.916,-20,-894
141050,143026,1976,0,GE-Phrase,266,138288,141167,2879,117,0.059,2762,1859
141050,143026,1976,0,GE-Phrase,267,141167,142467,1300,1300,0.658,-117,559
141050,143026,1976,0,GE-Phrase,268,142467,145380,2913,559,0.283,-1417,-2354
141050,143026,1976,0,GE-Phase,stroke,139895,141167,1272,117,0.059,1155,1859
141050,143026,1976,0,GE-Phase,stroke,141167,142045,878,878,0.444,-117,981
141050,143026,1976,0,GE-Phase,hold,142045,142467,422,422,0.214,-995,559
141050,143026,1976,0,GE-Phase,preparation,142467,143704,1237,559,0.283,-1417,-678
149300,150432,1132,0,GE-Phrase,270,147413,149490,2077,190,0.168,1887,942
149300,150432,1132,0,GE-Phrase,271,149490,151803,2313,942,0.832,-190,-1371
149300,150432,1132,0,GE-Phase,hold,148742,149490,748,190,0.168,558,942
149300,150432,1132,0,GE-Phase,preparation,149490,150125,635,635,0.561,-190,307
149300,150432,1132,0,GE-Phase,stroke,150125,151219,1094,307,0.271,-825,-787
9631,12030,2399,0,GE-Phrase,205,9104,11228,2124,1597,0.666,527,802
9631,12030,2399,0,GE-Phrase,206,11228,13092,1864,802,0.334,-1597,-1062
9631,12030,2399,0,GE-Phase,preparation,9104,10503,1399,872,0.363,527,1527
9631,12030,2399,0,GE-Phase,stroke,10503,10898,395,395,0.165,-872,1132
9631,12030,2399,0,GE-Phase,retraction,10898,11228,330,330,0.138,-1267,802
9631,12030,2399,0,GE-Phase,preparation,11228,11616,388,388,0.162,-1597,414
9631,12030,2399,0,GE-Phase,stroke,11616,12216,600,414,0.173,-1985,-186
12030,13506,1476,0,GE-Phrase,206,11228,13092,1864,1062,0.72,802,414
12030,13506,1476,0,GE-Phrase,207,13092,14908,1816,414,0.28,-1062,-1402
12030,13506,1476,0,GE-Phase,stroke,11616,12216,600,186,0.126,414,1290
12030,13506,1476,0,GE-Phase,retraction,12216,13092,876,876,0.593,-186,414
12030,13506,1476,0,GE-Phase,preparation,13092,13708,616,414,0.28,-1062,-202
25187,26370,1183,0,GE-Phrase,212,23414,26572,3158,1183,1.0,1773,-202
25187,26370,1183,0,GE-Phase,stroke,23890,25250,1360,63,0.053,1297,1120
25187,26370,1183,0,GE-Phase,retraction,25250,26572,1322,1120,0.947,-63,-202
26370,27200,830,0,GE-Phrase,212,23414,26572,3158,202,0.243,2956,628
26370,27200,830,0,GE-Phrase,213,26572,28865,2293,628,0.757,-202,-1665
26370,27200,830,0,GE-Phase,retraction,25250,26572,1322,202,0.243,1120,628
26370,27200,830,0,GE-Phase,preparation,26572,27305,733,628,0.757,-202,-105
27200,28048,848,0,GE-Phrase,213,26572,28865,2293,848,1.0,628,-817
27200,28048,848,0,GE-Phase,preparation,26572,27305,733,105,0.124,628,743
27200,28048,848,0,GE-Phase,stroke,27305,28425,1120,743,0.876,-105,-377
28048,29000,952,0,GE-Phrase,213,26572,28865,2293,817,0.858,1476,135
28048,29000,952,0,GE-Phrase,214,28865,30267,1402,135,0.142,-817,-1267
28048,29000,952,0,GE-Phase,stroke,27305,28425,1120,377,0.396,743,575
28048,29000,952,0,GE-Phase,retraction,28425,28865,440,440,0.462,-377,135
28048,29000,952,0,GE-Phase,preparation,28865,29147,282,135,0.142,-817,-147
69250,70269,1019,0,GE-Phrase,233,69124,70078,954,828,0.813,126,191
69250,70269,1019,0,GE-Phrase,234,70078,71694,1616,191,0.187,-828,-1425
69250,70269,1019,0,GE-Phase,preparation,69124,69404,280,154,0.151,126,865
69250,70269,1019,0,GE-Phase,stroke,69404,70078,674,674,0.661,-154,191
69250,70269,1019,0,GE-Phase,preparation,70078,70626,548,191,0.187,-828,-357
123300,123678,378,0,GE-Phrase,261,123162,126484,3322,378,1.0,138,-2806
123300,123678,378,0,GE-Phase,preparation,123162,123543,381,243,0.643,138,135
123300,123678,378,0,GE-Phase,stroke,123543,125275,1732,135,0.357,-243,-1597
123678,123884,206,0,GE-Phrase,261,123162,126484,3322,206,1.0,516,-2600
123678,123884,206,0,GE-Phase,stroke,123543,125275,1732,206,1.0,135,-1391
123884,124760,876,0,GE-Phrase,261,123162,126484,3322,876,1.0,722,-1724
123884,124760,876,0,GE-Phase,stroke,123543,125275,1732,876,1.0,341,-515
124760,125900,1140,0,GE-Phrase,261,123162,126484,3322,1140,1.0,1598,-584
124760,125900,1140,0,GE-Phase,stroke,123543,125275,1732,515,0.452,1217,625
124760,125900,1140,0,GE-Phase,retraction,125275,126484,1209,625,0.548,-515,-584
125900,127426,1526,0,GE-Phrase,261,123162,126484,3322,584,0.383,2738,942
125900,127426,1526,0,GE-Phase,retraction,125275,126484,1209,584,0.383,625,942
131400,132715,1315,0,GE-Phrase,262,128821,132202,3381,802,0.61,2579,513
131400,132715,1315,0,GE-Phrase,263,132202,134077,1875,513,0.39,-802,-1362
131400,132715,1315,0,GE-Phase,stroke,131270,132202,932,802,0.61,130,513
131400,132715,1315,0,GE-Phase,preparation,132202,132712,510,510,0.388,-802,3
131400,132715,1315,0,GE-Phase,stroke,132712,133300,588,3,0.002,-1312,-585
132715,134762,2047,0,GE-Phrase,263,132202,134077,1875,1362,0.665,513,685
132715,134762,2047,0,GE-Phrase,264,134077,135782,1705,685,0.335,-1362,-1020
132715,134762,2047,0,GE-Phase,stroke,132712,133300,588,585,0.286,3,1462
132715,134762,2047,0,GE-Phase,retraction,133300,134077,777,777,0.38,-585,685
132715,134762,2047,0,GE-Phase,preparation,134077,134927,850,685,0.335,-1362,-165
136371,137155,784,0,GE-Phrase,265,135782,138288,2506,784,1.0,589,-1133
136371,137155,784,0,GE-Phase,preparation,135782,136557,775,186,0.237,589,598
136371,137155,784,0,GE-Phase,stroke,136557,137175,618,598,0.763,-186,-20
137155,137394,239,0,GE-Phrase,265,135782,138288,2506,239,1.0,1373,-894
137155,137394,239,0,GE-Phase,stroke,136557,137175,618,20,0.084,598,219
137155,137394,239,0,GE-Phase,retraction,137175,138288,1113,219,0.916,-20,-894
141050,143026,1976,0,GE-Phrase,266,138288,141167,2879,117,0.059,2762,1859
141050,143026,1976,0,GE-Phrase,267,141167,142467,1300,1300,0.658,-117,559
141050,143026,1976,0,GE-Phrase,268,142467,145380,2913,559,0.283,-1417,-2354
141050,143026,1976,0,GE-Phase,stroke,139895,141167,1272,117,0.059,1155,1859
141050,143026,1976,0,GE-Phase,stroke,141167,142045,878,878,0.444,-117,981
141050,143026,1976,0,GE-Phase,hold,142045,142467,422,422,0.214,-995,559
141050,143026,1976,0,GE-Phase,preparation,142467,143704,1237,559,0.283,-1417,-678
149300,150432,1132,0,GE-Phrase,270,147413,149490,2077,190,0.168,1887,942
149300,150432,1132,0,GE-Phrase,271,149490,151803,2313,942,0.832,-190,-1371
149300,150432,1132,0,GE-Phase,hold,148742,149490,748,190,0.168,558,942
149300,150432,1132,0,GE-Phase,preparation,149490,150125,635,635,0.561,-190,307
149300,150432,1132,0,GE-Phase,stroke,150125,151219,1094,307,0.271,-825,-787
9631,12030,2399,0,GE-Phrase,205,9104,11228,2124,1597,0.666,527,802
9631,12030,2399,0,GE-Phrase,206,11228,13092,1864,802,0.334,-1597,-1062
9631,12030,2399,0,GE-Phase,preparation,9104,10503,1399,872,0.363,527,1527
9631,12030,2399,0,GE-Phase,stroke,10503,10898,395,395,0.165,-872,1132
9631,12030,2399,0,GE-Phase,retraction,10898,11228,330,330,0.138,-1267,802
9631,12030,2399,0,GE-Phase,preparation,11228,11616,388,388,0.162,-1597,414
9631,12030,2399,0,GE-Phase,stroke,11616,12216,600,414,0.173,-1985,-186
12030,13506,1476,0,GE-Phrase,206,11228,13092,1864,1062,0.72,802,414
12030,13506,1476,0,GE-Phrase,207,13092,14908,1816,414,0.28,-1062,-1402
12030,13506,1476,0,GE-Phase,stroke,11616,12216,600,186,0.126,414,1290
12030,13506,1476,0,GE-Phase,retraction,12216,13092,876,876,0.593,-186,414
12030,13506,1476,0,GE-Phase,preparation,13092,13708,616,414,0.28,-1062,-202
25187,26370,1183,0,GE-Phrase,212,23414,26572,3158,1183,1.0,1773,-202
25187,26370,1183,0,GE-Phase,stroke,23890,25250,1360,63,0.053,1297,1120
25187,26370,1183,0,GE-Phase,retraction,25250,26572,1322,1120,0.947,-63,-202
26370,27200,830,0,GE-Phrase,212,23414,26572,3158,202,0.243,2956,628
26370,27200,830,0,GE-Phrase,213,26572,28865,2293,628,0.757,-202,-1665
26370,27200,830,0,GE-Phase,retraction,25250,26572,1322,202,0.243,1120,628
26370,27200,830,0,GE-Phase,preparation,26572,27305,733,628,0.757,-202,-105
27200,28048,848,0,GE-Phrase,213,26572,28865,2293,848,1.0,628,-817
27200,28048,848,0,GE-Phase,preparation,26572,27305,733,105,0.124,628,743
27200,28048,848,0,GE-Phase,stroke,27305,28425,1120,743,0.876,-105,-377
28048,29000,952,0,GE-Phrase,213,26572,28865,2293,817,0.858,1476,135
28048,29000,952,0,GE-Phrase,214,28865,30267,1402,135,0.142,-817,-1267
28048,29000,952,0,GE-Phase,stroke,27305,28425,1120,377,0.396,743,575
28048,29000,952,0,GE-Phase,retraction,28425,28865,440,440,0.462,-377,135
28048,29000,952,0,GE-Phase,preparation,28865,29147,282,135,0.142,-817,-147
69250,70269,1019,0,GE-Phrase,233,69124,70078,954,828,0.813,126,191
69250,70269,1019,0,GE-Phrase,234,70078,71694,1616,191,0.187,-828,-1425
69250,70269,1019,0,GE-Phase,preparation,69124,69404,280,154,0.151,126,865
69250,70269,1019,0,GE-Phase,stroke,69404,70078,674,674,0.661,-154,191
69250,70269,1019,0,GE-Phase,preparation,70078,70626,548,191,0.187,-828,-357
123300,123678,378,0,GE-Phrase,261,123162,126484,3322,378,1.0,138,-2806
123300,123678,378,0,GE-Phase,preparation,123162,123543,381,243,0.643,138,135
123300,123678,378,0,GE-Phase,stroke,123543,125275,1732,135,0.357,-243,-1597
123678,123884,206,0,GE-Phrase,261,123162,126484,3322,206,1.0,516,-2600
123678,123884,206,0,GE-Phase,stroke,123543,125275,1732,206,1.0,135,-1391
123884,124760,876,0,GE-Phrase,261,123162,126484,3322,876,1.0,722,-1724
123884,124760,876,0,GE-Phase,stroke,123543,125275,1732,876,1.0,341,-515
124760,125900,1140,0,GE-Phrase,261,123162,126484,3322,1140,1.0,1598,-584
124760,125900,1140,0,GE-Phase,stroke,123543,125275,1732,515,0.452,1217,625
124760,125900,1140,0,GE-Phase,retraction,125275,126484,1209,625,0.548,-515,-584
125900,127426,1526,0,GE-Phrase,261,123162,126484,3322,584,0.383,2738,942
125900,127426,1526,0,GE-Phase,retraction,125275,126484,1209,584,0.383,625,942
131400,132715,1315,0,GE-Phrase,262,128821,132202,3381,802,0.61,2579,513
131400,132715,1315,0,GE-Phrase,263,132202,134077,1875,513,0.39,-802,-1362
131400,132715,1315,0,GE-Phase,stroke,131270,132202,932,802,0.61,130,513
131400,132715,1315,0,GE-Phase,preparation,132202,132712,510,510,0.388,-802,3
131400,132715,1315,0,GE-Phase,stroke,132712,133300,588,3,0.002,-1312,-585
132715,134762,2047,0,GE-Phrase,263,132202,134077,1875,1362,0.665,513,685
132715,134762,2047,0,GE-Phrase,264,134077,135782,1705,685,0.335,-1362,-1020
132715,134762,2047,0,GE-Phase,stroke,132712,133300,588,585,0.286,3,1462
132715,134762,2047,0,GE-Phase,retraction,133300,134077,777,777,0.38,-585,685
132715,134762,2047,0,GE-Phase,preparation,134077,134927,850,685,0.335,-1362,-165
136371,137155,784,0,GE-Phrase,265,135782,138288,2506,784,1.0,589,-1133
136371,137155,784,0,GE-Phase,preparation,135782,136557,775,186,0.237,589,598
136371,137155,784,0,GE-Phase,stroke,136557,137175,618,598,0.763,-186,-20
137155,137394,239,0,GE-Phrase,265,135782,138288,2506,239,1.0,1373,-894
137155,137394,239,0,GE-Phase,stroke,136557,137175,618,20,0.084,598,219
137155,137394,239,0,GE-Phase,retraction,137175,138288,1113,219,0.916,-20,-894
141050,143026,1976,0,GE-Phrase,266,138288,141167,2879,117,0.059,2762,1859
141050,143026,1976,0,GE-Phrase,267,141167,142467,1300,1300,0.658,-117,559
141050,143026,1976,0,GE-Phrase,268,142467,145380,2913,559,0.283,-1417,-2354
141050,143026,1976,0,GE-Phase,stroke,139895,141167,1272,117,0.059,1155,1859
141050,143026,1976,0,GE-Phase,stroke,141167,142045,878,878,0.444,-117,981
141050,143026,1976,0,GE-Phase,hold,142045,142467,422,422,0.214,-995,559
141050,143026,1976,0,GE-Phase,preparation,142467,143704,1237,559,0.283,-1417,-678
149300,150432,1132,0,GE-Phrase,270,147413,149490,2077,190,0.168,1887,942
149300,150432,1132,0,GE-Phrase,271,149490,151803,2313,942,0.832,-190,-1371
149300,150432,1132,0,GE-Phase,hold,148742,149490,748,190,0.168,558,942
149300,150432,1132,0,GE-Phase,preparation,149490,150125,635,635,0.561,-190,307
149300,150432,1132,0,GE-Phase,stroke,150125,151219,1094,307,0.271,-825,-787
9631,12030,2399,0,GE-Phrase,205,9104,11228,2124,1597,0.666,527,802
9631,12030,2399,0,GE-Phrase,206,11228,13092,1864,802,0.334,-1597,-1062
9631,12030,2399,0,GE-Phase,preparation,9104,10503,1399,872,0.363,527,1527
9631,12030,2399,0,GE-Phase,stroke,10503,10898,395,395,0.165,-872,1132
9631,12030,2399,0,GE-Phase,retraction,10898,11228,330,330,0.138,-1267,802
9631,12030,2399,0,GE-Phase,preparation,11228,11616,388,388,0.162,-1597,414
9631,12030,2399,0,GE-Phase,stroke,11616,12216,600,414,0.173,-1985,-186
12030,13506,1476,0,GE-Phrase,206,11228,13092,1864,1062,0.72,802,414
12030,13506,1476,0,GE-Phrase,207,13092,14908,1816,414,0.28,-1062,-1402
12030,13506,1476,0,GE-Phase,stroke,11616,12216,600,186,0.126,414,1290
12030,13506,1476,0,GE-Phase,retraction,12216,13092,876,876,0.593,-186,414
12030,13506,1476,0,GE-Phase,preparation,13092,13708,616,414,0.28,-1062,-202
25187,26370,1183,0,GE-Phrase,212,23414,26572,3158,1183,1.0,1773,-202
25187,26370,1183,0,GE-Phase,stroke,23890,25250,1360,63,0.053,1297,1120
25187,26370,1183,0,GE-Phase,retraction,25250,26572,1322,1120,0.947,-63,-202
26370,27200,830,0,GE-Phrase,212,23414,26572,3158,202,0.243,2956,628
26370,27200,830,0,GE-Phrase,213,26572,28865,2293,628,0.757,-202,-1665
26370,27200,830,0,GE-Phase,retraction,25250,26572,1322,202,0.243,1120,628
26370,27200,830,0,GE-Phase,preparation,26572,27305,733,628,0.757,-202,-105
27200,28048,848,0,GE-Phrase,213,26572,28865,2293,848,1.0,628,-817
27200,28048,848,0,GE-Phase,preparation,26572,27305,733,105,0.124,628,743
27200,28048,848,0,GE-Phase,stroke,27305,28425,1120,743,0.876,-105,-377
28048,29000,952,0,GE-Phrase,213,26572,28865,2293,817,0.858,1476,135
28048,29000,952,0,GE-Phrase,214,28865,30267,1402,135,0.142,-817,-1267
28048,29000,952,0,GE-Phase,stroke,27305,28425,1120,377,0.396,743,575
28048,29000,952,0,GE-Phase,retraction,28425,28865,440,440,0.462,-377,135
28048,29000,952,0,GE-Phase,preparation,28865,29147,282,135,0.142,-817,-147
69250,70269,1019,0,GE-Phrase,233,69124,70078,954,828,0.813,126,191
69250,70269,1019,0,GE-Phrase,234,70078,71694,1616,191,0.187,-828,-1425
69250,70269,1019,0,GE-Phase,preparation,69124,69404,280,154,0.151,126,865
69250,70269,1019,0,GE-Phase,stroke,69404,70078,674,674,0.661,-154,191
69250,70269,1019,0,GE-Phase,preparation,70078,70626,548,191,0.187,-828,-357
123300,123678,378,0,GE-Phrase,261,123162,126484,3322,378,1.0,138,-2806
123300,123678,378,0,GE-Phase,preparation,123162,123543,381,243,0.643,138,135
123300,123678,378,0,GE-Phase,stroke,123543,125275,1732,135,0.357,-243,-1597
123678,123884,206,0,GE-Phrase,261,123162,126484,3322,206,1.0,516,-2600
123678,123884,206,0,GE-Phase,stroke,123543,125275,1732,206,1.0,135,-1391
123884,124760,876,0,GE-Phrase,261,123162,126484,3322,876,1.0,722,-1724
123884,124760,876,0,GE-Phase,stroke,123543,125275,1732,876,1.0,341,-515
124760,125900,1140,0,GE-Phrase,261,123162,126484,3322,1140,1.0,1598,-584
124760,125900,1140,0,GE-Phase,stroke,123543,125275,1732,515,0.452,1217,625
124760,125900,1140,0,GE-Phase,retraction,125275,126484,1209,625,0.548,-515,-584
125900,127426,1526,0,GE-Phrase,261,123162,126484,3322,584,0.383,2738,942
125900,127426,1526,0,GE-Phase,retraction,125275,126484,1209,584,0.383,625,942
131400,132715,1315,0,GE-Phrase,262,128821,132202,3381,802,0.61,2579,513
131400,132715,1315,0,GE-Phrase,263,132202,134077,1875,513,0.39,-802,-1362
131400,132715,1315,0,GE-Phase,stroke,131270,132202,932,802,0.61,130,513
131400,132715,1315,0,GE-Phase,preparation,132202,132712,510,510,0.388,-802,3
131400,132715,1315,0,GE-Phase,stroke,132712,133300,588,3,0.002,-1312,-585
132715,134762,2047,0,GE-Phrase,263,132202,134077,1875,1362,0.665,513,685
132715,134762,2047,0,GE-Phrase,264,134077,135782,1705,685,0.335,-1362,-1020
132715,134762,2047,0,GE-Phase,stroke,132712,133300,588,585,0.286,3,1462
132715,134762,2047,0,GE-Phase,retraction,133300,134077,777,777,0.38,-585,685
132715,134762,2047,0,GE-Phase,preparation,134077,134927,850,685,0.335,-1362,-165
136371,137155,784,0,GE-Phrase,265,135782,138288,2506,784,1.0,589,-1133
136371,137155,784,0,GE-Phase,preparation,135782,136557,775,186,0.237,589,598
136371,137155,784,0,GE-Phase,stroke,136557,137175,618,598,0.763,-186,-20
137155,137394,239,0,GE-Phrase,265,135782,138288,2506,239,1.0,1373,-894
137155,137394,239,0,GE-Phase,stroke,136557,137175,618,20,0.084,598,219
137155,137394,239,0,GE-Phase,retraction,137175,138288,1113,219,0.916,-20,-894
141050,143026,1976,0,GE-Phrase,266,138288,141167,2879,117,0.059,2762,1859
141050,143026,1976,0,GE-Phrase,267,141167,142467,1300,1300,0.658,-117,559
141050,143026,1976,0,GE-Phrase,268,142467,145380,2913,559,0.283,-1417,-2354
141050,143026,1976,0,GE-Phase,stroke,139895,141167,1272,117,0.059,1155,1859
141050,143026,1976,0,GE-Phase,stroke,141167,142045,878,878,0.444,-117,981
141050,143026,1976,0,GE-Phase,hold,142045,142467,422,422,0.214,-995,559
141050,143026,1976,0,GE-Phase,preparation,142467,143704,1237,559,0.283,-1417,-678
149300,150432,1132,0,GE-Phrase,270,147413,149490,2077,190,0.168,1887,942
149300,150432,1132,0,GE-Phrase,271,149490,151803,2313,942,0.832,-190,-1371
149300,150432,1132,0,GE-Phase,hold,148742,149490,748,190,0.168,558,942
149300,150432,1132,0,GE-Phase,preparation,149490,150125,635,635,0.561,-190,307
149300,150432,1132,0,GE-Phase,stroke,150125,151219,1094,307,0.271,-825,-787
9631,12030,2399,0,GE-Phrase,205,9104,11228,2124,1597,0.666,527,802
9631,12030,2399,0,GE-Phrase,206,11228,13092,1864,802,0.334,-1597,-1062
9631,12030,2399,0,GE-Phase,preparation,9104,10503,1399,872,0.363,527,1527
9631,12030,2399,0,GE-Phase,stroke,10503,10898,395,395,0.165,-872,1132
9631,12030,2399,0,GE-Phase,retraction,10898,11228,330,330,0.138,-1267,802
9631,12030,2399,0,GE-Phase,preparation,11228,11616,388,388,0.162,-1597,414
9631,12030,2399,0,GE-Phase,stroke,11616,12216,600,414,0.173,-1985,-186
12030,13506,1476,0,GE-Phrase,206,11228,13092,1864,1062,0.72,802,414
12030,13506,1476,0,GE-Phrase,207,13092,14908,1816,414,0.28,-1062,-1402
12030,13506,1476,0,GE-Phase,stroke,11616,12216,600,186,0.126,414,1290
12030,13506,1476,0,GE-Phase,retraction,12216,13092,876,876,0.593,-186,414
12030,13506,1476,0,GE-Phase,preparation,13092,13708,616,414,0.28,-1062,-202
25187,26370,1183,0,GE-Phrase,212,23414,26572,3158,1183,1.0,1773,-202
25187,26370,1183,0,GE-Phase,stroke,23890,25250,1360,63,0.053,1297,1120
25187,26370,1183,0,GE-Phase,retraction,25250,26572,1322,1120,0.947,-63,-202
26370,27200,830,0,GE-Phrase,212,23414,26572,3158,202,0.243,2956,628
26370,27200,830,0,GE-Phrase,213,26572,28865,2293,628,0.757,-202,-1665
26370,27200,830,0,GE-Phase,retraction,25250,26572,1322,202,0.243,1120,628
26370,27200,830,0,GE-Phase,preparation,26572,27305,733,628,0.757,-202,-105
27200,28048,848,0,GE-Phrase,213,26572,28865,2293,848,1.0,628,-817
27200,28048,848,0,GE-Phase,preparation,26572,27305,733,105,0.124,628,743
27200,28048,848,0,GE-Phase,stroke,27305,28425,1120,743,0.876,-105,-377
28048,29000,952,0,GE-Phrase,213,26572,28865,2293,817,0.858,1476,135
28048,29000,952,0,GE-Phrase,214,28865,30267,1402,135,0.142,-817,-1267
28048,29000,952,0,GE-Phase,stroke,27305,28425,1120,377,0.396,743,575
28048,29000,952,0,GE-Phase,retraction,28425,28865,440,440,0.462,-377,135
28048,29000,952,0,GE-Phase,preparation,28865,29147,282,135,0.142,-817,-147
69250,70269,1019,0,GE-Phrase,233,69124,70078,954,828,0.813,126,191
69250,70269,1019,0,GE-Phrase,234,70078,71694,1616,191,0.187,-828,-1425
69250,70269,1019,0,GE-Phase,preparation,69124,69404,280,154,0.151,126,865
69250,70269,1019,0,GE-Phase,stroke,69404,70078,674,674,0.661,-154,191
69250,70269,1019,0,GE-Phase,preparation,70078,70626,548,191,0.187,-828,-357
123300,123678,378,0,GE-Phrase,261,123162,126484,3322,378,1.0,138,-2806
123300,123678,378,0,GE-Phase,preparation,123162,123543,381,243,0.643,138,135
123300,123678,378,0,GE-Phase,stroke,123543,125275,1732,135,0.357,-243,-1597
123678,123884,206,0,GE-Phrase,261,123162,126484,3322,206,1.0,516,-2600
123678,123884,206,0,GE-Phase,stroke,123543,125275,1732,206,1.0,135,-1391
123884,124760,876,0,GE-Phrase,261,123162,126484,3322,876,1.0,722,-1724
123884,124760,876,0,GE-Phase,stroke,123543,125275,1732,876,1.0,341,-515
124760,125900,1140,0,GE-Phrase,261,123162,126484,3322,1140,1.0,1598,-584
124760,125900,1140,0,GE-Phase,stroke,123543,125275,1732,515,0.452,1217,625
124760,125900,1140,0,GE-Phase,retraction,125275,126484,1209,625,0.548,-515,-584
125900,127426,1526,0,GE-Phrase,261,123162,126484,3322,584,0.383,2738,942
125900,127426,1526,0,GE-Phase,retraction,125275,126484,1209,584,0.383,625,942
131400,132715,1315,0,GE-Phrase,262,128821,132202,3381,802,0.61,2579,513
131400,132715,1315,0,GE-Phrase,263,132202,134077,1875,513,0.39,-802,-1362
131400,132715,1315,0,GE-Phase,stroke,131270,132202,932,802,0.61,130,513
131400,132715,1315,0,GE-Phase,preparation,132202,132712,510,510,0.388,-802,3
131400,132715,1315,0,GE-Phase,stroke,132712,133300,588,3,0.002,-1312,-585
132715,134762,2047,0,GE-Phrase,263,132202,134077,1875,1362,0.665,513,685
132715,134762,2047,0,GE-Phrase,264,134077,135782,1705,685,0.335,-1362,-1020
132715,134762,2047,0,GE-Phase,stroke,132712,133300,588,585,0.286,3,1462
132715,134762,2047,0,GE-Phase,retraction,133300,134077,777,777,0.38,-585,685
132715,134762,2047,0,GE-Phase,preparation,134077,134927,850,685,0.335,-1362,-165
136371,137155,784,0,GE-Phrase,265,135782,138288,2506,784,1.0,589,-1133
136371,137155,784,0,GE-Phase,preparation,135782,136557,775,186,0.237,589,598
136371,137155,784,0,GE-Phase,stroke,136557,137175,618,598,0.763,-186,-20
137155,137394,239,0,GE-Phrase,265,135782,138288,2506,239,1.0,1373,-894
137155,137394,239,0,GE-Phase,stroke,136557,137175,618,20,0.084,598,219
137155,137394,239,0,GE-Phase,retraction,137175,138288,1113,219,0.916,-20,-894
141050,143026,1976,0,GE-Phrase,266,138288,141167,2879,117,0.059,2762,1859
141050,143026,1976,0,GE-Phrase,267,141167,142467,1300,1300,0.658,-117,559
141050,143026,1976,0,GE-Phrase,268,142467,145380,2913,559,0.283,-1417,-2354
141050,143026,1976,0,GE-Phase,stroke,139895,141167,1272,117,0.059,1155,1859
141050,143026,1976,0,GE-Phase,stroke,141167,142045,878,878,0.444,-117,981
141050,143026,1976,0,GE-Phase,hold,142045,142467,422,422,0.214,-995,559
141050,143026,1976,0,GE-Phase,preparation,142467,143704,1237,559,0.283,-1417,-678
149300,150432,1132,0,GE-Phrase,270,147413,149490,2077,190,0.168,1887,942
149300,150432,1132,0,GE-Phrase,271,149490,151803,2313,942,0.832,-190,-1371
149300,150432,1132,0,GE-Phase,hold,148742,149490,748,190,0.168,558,942
149300,150432,1132,0,GE-Phase,preparation,149490,150125,635,635,0.561,-190,307
149300,150432,1132,0,GE-Phase,stroke,150125,151219,1094,307,0.271,-825,-787
9631,12030,2399,0,GE-Phrase,205,9104,11228,2124,1597,0.666,527,802
9631,12030,2399,0,GE-Phrase,206,11228,13092,1864,802,0.334,-1597,-1062
9631,12030,2399,0,GE-Phase,preparation,9104,10503,1399,872,0.363,527,1527
9631,12030,2399,0,GE-Phase,stroke,10503,10898,395,395,0.165,-872,1132
9631,12030,2399,0,GE-Phase,retraction,10898,11228,330,330,0.138,-1267,802
9631,12030,2399,0,GE-Phase,preparation,11228,11616,388,388,0.162,-1597,414
9631,12030,2399,0,GE-Phase,stroke,11616,12216,600,414,0.173,-1985,-186
12030,13506,1476,0,GE-Phrase,206,11228,13092,1864,1062,0.72,802,414
12030,13506,1476,0,GE-Phrase,207,13092,14908,1816,414,0.28,-1062,-1402
12030,13506,1476,0,GE-Phase,stroke,11616,12216,600,186,0.126,414,1290
12030,13506,1476,0,GE-Phase,retraction,12216,13092,876,876,0.593,-186,414
12030,13506,1476,0,GE-Phase,preparation,13092,13708,616,414,0.28,-1062,-202
25187,26370,1183,0,GE-Phrase,212,23414,26572,3158,1183,1.0,1773,-202
25187,26370,1183,0,GE-Phase,stroke,23890,25250,1360,63,0.053,1297,1120
25187,26370,1183,0,GE-Phase,retraction,25250,26572,1322,1120,0.947,-63,-202
26370,27200,830,0,GE-Phrase,212,23414,26572,3158,202,0.243,2956,628
26370,27200,830,0,GE-Phrase,213,26572,28865,2293,628,0.757,-202,-1665
26370,27200,830,0,GE-Phase,retraction,25250,26572,1322,202,0.243,1120,628
26370,27200,830,0,GE-Phase,preparation,26572,27305,733,628,0.757,-202,-105
27200,28048,848,0,GE-Phrase,213,26572,28865,2293,848,1.0,628,-817
27200,28048,848,0,GE-Phase,preparation,26572,27305,733,105,0.124,628,743
27200,28048,848,0,GE-Phase,stroke,27305,28425,1120,743,0.876,-105,-377
28048,29000,952,0,GE-Phrase,213,26572,28865,2293,817,0.858,1476,135
28048,29000,952,0,GE-Phrase,214,28865,30267,1402,135,0.142,-817,-1267
28048,29000,952,0,GE-Phase,stroke,27305,28425,1120,377,0.396,743,575
28048,29000,952,0,GE-Phase,retraction,28425,28865,440,440,0.462,-377,135
28048,29000,952,0,GE-Phase,preparation,28865,29147,282,135,0.142,-817,-147
69250,70269,1019,0,GE-Phrase,233,69124,70078,954,828,0.813,126,191
69250,70269,1019,0,GE-Phrase,234,70078,71694,1616,191,0.187,-828,-1425
69250,70269,1019,0,GE-Phase,preparation,69124,69404,280,154,0.151,126,865
69250,70269,1019,0,GE-Phase,stroke,69404,70078,674,674,0.661,-154,191
69250,70269,1019,0,GE-Phase,preparation,70078,70626,548,191,0.187,-828,-357
123300,123678,378,0,GE-Phrase,261,123162,126484,3322,378,1.0,138,-2806
123300,123678,378,0,GE-Phase,preparation,123162,123543,381,243,0.643,138,135
123300,123678,378,0,GE-Phase,stroke,123543,125275,1732,135,0.357,-243,-1597
123678,123884,206,0,GE-Phrase,261,123162,126484,3322,206,1.0,516,-2600
123678,123884,206,0,GE-Phase,stroke,123543,125275,1732,206,1.0,135,-1391
123884,124760,876,0,GE-Phrase,261,123162,126484,3322,876,1.0,722,-1724
123884,124760,876,0,GE-Phase,stroke,123543,125275,1732,876,1.0,341,-515
124760,125900,1140,0,GE-Phrase,261,123162,126484,3322,1140,1.0,1598,-584
124760,125900,1140,0,GE-Phase,stroke,123543,125275,1732,515,0.452,1217,625
124760,125900,1140,0,GE-Phase,retraction,125275,126484,1209,625,0.548,-515,-584
125900,127426,1526,0,GE-Phrase,261,123162,126484,3322,584,0.383,2738,942
125900,127426,1526,0,GE-Phase,retraction,125275,126484,1209,584,0.383,625,942
131400,132715,1315,0,GE-Phrase,262,128821,132202,3381,802,0.61,2579,513
131400,132715,1315,0,GE-Phrase,263,132202,134077,1875,513,0.39,-802,-1362
131400,132715,1315,0,GE-Phase,stroke,131270,132202,932,802,0.61,130,513
131400,132715,1315,0,GE-Phase,preparation,132202,132712,510,510,0.388,-802,3
131400,132715,1315,0,GE-Phase,stroke,132712,133300,588,3,0.002,-1312,-585
132715,134762,2047,0,GE-Phrase,263,132202,134077,1875,1362,0.665,513,685
132715,134762,2047,0,GE-Phrase,264,134077,135782,1705,685,0.335,-1362,-1020
132715,134762,2047,0,GE-Phase,stroke,132712,133300,588,585,0.286,3,1462
132715,134762,2047,0,GE-Phase,retraction,133300,134077,777,777,0.38,-585,685
132715,134762,2047,0,GE-Phase,preparation,134077,134927,850,685,0.335,-1362,-165
136371,137155,784,0,GE-Phrase,265,135782,138288,2506,784,1.0,589,-1133
136371,137155,784,0,GE-Phase,preparation,135782,136557,775,186,0.237,589,598
136371,137155,784,0,GE-Phase,stroke,136557,137175,618,598,0.763,-186,-20
137155,137394,239,0,GE-Phrase,265,135782,138288,2506,239,1.0,1373,-894
137155,137394,239,0,GE-Phase,stroke,136557,137175,618,20,0.084,598,219
137155,137394,239,0,GE-Phase,retraction,137175,138288,1113,219,0.916,-20,-894
141050,143026,1976,0,GE-Phrase,266,138288,141167,2879,117,0.059,2762,1859
141050,143026,1976,0,GE-Phrase,267,141167,142467,1300,1300,0.658,-117,559
141050,143026,1976,0,GE-Phrase,268,142467,145380,2913,559,0.283,-1417,-2354
141050,143026,1976,0,GE-Phase,stroke,139895,141167,1272,117,0.059,1155,1859
141050,143026,1976,0,GE-Phase,stroke,141167,142045,878,878,0.444,-117,981
141050,143026,1976,0,GE-Phase,hold,142045,142467,422,422,0.214,-995,559
141050,143026,1976,0,GE-Phase,preparation,142467,143704,1237,559,0.283,-1417,-678
149300,150432,1132,0,GE-Phrase,270,147413,149490,2077,190,0.168,1887,942
149300,150432,1132,0,GE-Phrase,271,149490,151803,2313,942,0.832,-190,-1371
149300,150432,1132,0,GE-Phase,hold,148742,149490,748,190,0.168,558,942
149300,150432,1132,0,GE-Phase,preparation,149490,150125,635,635,0.561,-190,307
149300,150432,1132,0,GE-Phase,stroke,150125,151219,1094,307,0.271,-825,-787
9631,12030,2399,0,GE-Phrase,205,9104,11228,2124,1597,0.666,527,802
9631,12030,2399,0,GE-Phrase,206,11228,13092,1864,802,0.334,-1597,-1062
9631,12030,2399,0,GE-Phase,preparation,9104,10503,1399,872,0.363,527,1527
9631,12030,2399,0,GE-Phase,stroke,10503,10898,395,395,0.165,-872,1132
9631,12030,2399,0,GE-Phase,retraction,10898,11228,330,330,0.138,-1267,802
9631,12030,2399,0,GE-Phase,preparation,11228,11616,388,388,0.162,-1597,414
9631,12030,2399,0,GE-Phase,stroke,11616,12216,600,414,0.173,-1985,-186
12030,13506,1476,0,GE-Phrase,206,11228,13092,1864,1062,0.72,802,414
12030,13506,1476,0,GE-Phrase,207,13092,14908,1816,414,0.28,-1062,-1402
12030,13506,1476,0,GE-Phase,stroke,11616,12216,600,186,0.126,414,1290
12030,13506,1476,0,GE-Phase,retraction,12216,13092,876,876,0.593,-186,414
12030,13506,1476,0,GE-Phase,preparation,13092,13708,616,414,0.28,-1062,-202
25187,26370,1183,0,GE-Phrase,212,23414,26572,3158,1183,1.0,1773,-202
25187,26370,1183,0,GE-Phase,stroke,23890,25250,1360,63,0.053,1297,1120
25187,26370,1183,0,GE-Phase,retraction,25250,26572,1322,1120,0.947,-63,-202
26370,27200,830,0,GE-Phrase,212,23414,26572,3158,202,0.243,2956,628
26370,27200,830,0,GE-Phrase,213,26572,28865,2293,628,0.757,-202,-1665
26370,27200,830,0,GE-Phase,retraction,25250,26572,1322,202,0.243,1120,628
26370,27200,830,0,GE-Phase,preparation,26572,27305,733,628,0.757,-202,-105
27200,28048,848,0,GE-Phrase,213,26572,28865,2293,848,1.0,628,-817
27200,28048,848,0,GE-Phase,preparation,26572,27305,733,105,0.124,628,743
27200,28048,848,0,GE-Phase,stroke,27305,28425,1120,743,0.876,-105,-377
28048,29000,952,0,GE-Phrase,213,26572,28865,2293,817,0.858,1476,135
28048,29000,952,0,GE-Phrase,214,28865,30267,1402,135,0.142,-817,-1267
28048,29000,952,0,GE-Phase,stroke,27305,28425,1120,377,0.396,743,575
28048,29000,952,0,GE-Phase,retraction,28425,28865,440,440,0.462,-377,135
28048,29000,952,0,GE-Phase,preparation,28865,29147,282,135,0.142,-817,-147
69250,70269,1019,0,GE-Phrase,233,69124,70078,954,828,0.813,126,191
69250,70269,1019,0,GE-Phrase,234,70078,71694,1616,191,0.187,-828,-1425
69250,70269,1019,0,GE-Phase,preparation,69124,69404,280,154,0.151,126,865
69250,70269,1019,0,GE-Phase,stroke,69404,70078,674,674,0.661,-154,191
69250,70269,1019,0,GE-Phase,preparation,70078,70626,548,191,0.187,-828,-357
123300,123678,378,0,GE-Phrase,261,123162,126484,3322,378,1.0,138,-2806
123300,123678,378,0,GE-Phase,preparation,123162,123543,381,243,0.643,138,135
123300,123678,378,0,GE-Phase,stroke,123543,125275,1732,135,0.357,-243,-1597
123678,123884,206,0,GE-Phrase,261,123162,126484,3322,206,1.0,516,-2600
123678,123884,206,0,GE-Phase,stroke,123543,125275,1732,206,1.0,135,-1391
123884,124760,876,0,GE-Phrase,261,123162,126484,3322,876,1.0,722,-1724
123884,124760,876,0,GE-Phase,stroke,123543,125275,1732,876,1.0,341,-515
124760,125900,1140,0,GE-Phrase,261,123162,126484,3322,1140,1.0,1598,-584
124760,125900,1140,0,GE-Phase,stroke,123543,125275,1732,515,0.452,1217,625
124760,125900,1140,0,GE-Phase,retraction,125275,126484,1209,625,0.548,-515,-584
125900,127426,1526,0,GE-Phrase,261,123162,126484,3322,584,0.383,2738,942
125900,127426,1526,0,GE-Phase,retraction,125275,126484,1209,584,0.383,625,942
131400,132715,1315,0,GE-Phrase,262,128821,132202,3381,802,0.61,2579,513
131400,132715,1315,0,GE-Phrase,263,132202,134077,1875,513,0.39,-802,-1362
131400,132715,1315,0,GE-Phase,stroke,131270,132202,932,802,0.61,130,513
131400,132715,1315,0,GE-Phase,preparation,132202,132712,510,510,0.388,-802,3
131400,132715,1315,0,GE-Phase,stroke,132712,133300,588,3,0.002,-1312,-585
132715,134762,2047,0,GE-Phrase,263,132202,134077,1875,1362,0.665,513,685
132715,134762,2047,0,GE-Phrase,264,134077,135782,1705,685,0.335,-1362,-1020
132715,134762,2047,0,GE-Phase,stroke,132712,133300,588,585,0.286,3,1462
132715,134762,2047,0,GE-Phase,retraction,133300,134077,777,777,0.38,-585,685
132715,134762,2047,0,GE-Phase,preparation,134077,134927,850,685,0.335,-1362,-165
136371,137155,784,0,GE-Phrase,265,135782,138288,2506,784,1.0,589,-1133
136371,137155,784,0,GE-Phase,preparation,135782,136557,775,186,0.237,589,598
136371,137155,784,0,GE-Phase,stroke,136557,137175,618,598,0.763,-186,-20
137155,137394,239,0,GE-Phrase,265,135782,138288,2506,239,1.0,1373,-894
137155,137394,239,0,GE-Phase,stroke,136557,137175,618,20,0.084,598,219
137155,137394,239,0,GE-Phase,retraction,137175,138288,1113,219,0.916,-20,-894
141050,143026,1976,0,GE-Phrase,266,138288,141167,2879,117,0.059,2762,1859
141050,143026,1976,0,GE-Phrase,267,141167,142467,1300,1300,0.658,-117,559
141050,143026,1976,0,GE-Phrase,268,142467,145380,2913,559,0.283,-1417,-2354
141050,143026,1976,0,GE-Phase,stroke,139895,141167,1272,117,0.059,1155,1859
141050,143026,1976,0,GE-Phase,stroke,141167,142045,878,878,0.444,-117,981
141050,143026,1976,0,GE-Phase,hold,142045,142467,422,422,0.214,-995,559
141050,143026,1976,0,GE-Phase,preparation,142467,143704,1237,559,0.283,-1417,-678
149300,150432,1132,0,GE-Phrase,270,147413,149490,2077,190,0.168,1887,942
149300,150432,1132,0,GE-Phrase,271,149490,151803,2313,942,0.832,-190,-1371
149300,150432,1132,0,GE-Phase,hold,148742,149490,748,190,0.168,558,942
149300,150432,1132,0,GE-Phase,preparation,149490,150125,635,635,0.561,-190,307
149300,150432,1132,0,GE-Phase,stroke,150125,151219,1094,307,0.271,-825,-787
9631,12030,2399,0,GE-Phrase,205,9104,11228,2124,1597,0.666,527,802
9631,12030,2399,0,GE-Phrase,206,11228,13092,1864,802,0.334,-1597,-1062
9631,12030,2399,0,GE-Phase,preparation,9104,10503,1399,872,0.363,527,1527
9631,12030,2399,0,GE-Phase,stroke,10503,10898,395,395,0.165,-872,1132
9631,12030,2399,0,GE-Phase,retraction,10898,11228,330,330,0.138,-1267,802
9631,12030,2399,0,GE-Phase,preparation,11228,11616,388,388,0.162,-1597,414
9631,12030,2399,0,GE-Phase,stroke,11616,12216,600,414,0.173,-1985,-186
12030,13506,1476,0,GE-Phrase,206,11228,13092,1864,1062,0.72,802,414
12030,13506,1476,0,GE-Phrase,207,13092,14908,1816,414,0.28,-1062,-1402
12030,13506,1476,0,GE-Phase,stroke,11616,12216,600,186,0.126,414,1290
12030,13506,1476,0,GE-Phase,retraction,12216,13092,876,876,0.593,-186,414
12030,13506,1476,0,GE-Phase,preparation,13092,13708,616,414,0.28,-1062,-202
25187,26370,1183,0,GE-Phrase,212,23414,26572,3158,1183,1.0,1773,-202
25187,26370,1183,0,GE-Phase,stroke,23890,25250,1360,63,0.053,1297,1120
25187,26370,1183,0,GE-Phase,retraction,25250,26572,1322,1120,0.947,-63,-202
26370,27200,830,0,GE-Phrase,212,23414,26572,3158,202,0.243,2956,628
26370,27200,830,0,GE-Phrase,213,26572,28865,2293,628,0.757,-202,-1665
26370,27200,830,0,GE-Phase,retraction,25250,26572,1322,202,0.243,1120,628
26370,27200,830,0,GE-Phase,preparation,26572,27305,733,628,0.757,-202,-105
27200,28048,848,0,GE-Phrase,213,26572,28865,2293,848,1.0,628,-817
27200,28048,848,0,GE-Phase,preparation,26572,27305,733,105,0.124,628,743
27200,28048,848,0,GE-Phase,stroke,27305,28425,1120,743,0.876,-105,-377
28048,29000,952,0,GE-Phrase,213,26572,28865,2293,817,0.858,1476,135
28048,29000,952,0,GE-Phrase,214,28865,30267,1402,135,0.142,-817,-1267
28048,29000,952,0,GE-Phase,stroke,27305,28425,1120,377,0.396,743,575
28048,29000,952,0,GE-Phase,retraction,28425,28865,440,440,0.462,-377,135
28048,29000,952,0,GE-Phase,preparation,28865,29147,282,135,0.142,-817,-147
69250,70269,1019,0,GE-Phrase,233,69124,70078,954,828,0.813,126,191
69250,70269,1019,0,GE-Phrase,234,70078,71694,1616,191,0.187,-828,-1425
69250,70269,1019,0,GE-Phase,preparation,69124,69404,280,154,0.151,126,865
69250,70269,1019,0,GE-Phase,stroke,69404,70078,674,674,0.661,-154,191
69250,70269,1019,0,GE-Phase,preparation,70078,70626,548,191,0.187,-828,-357
123300,123678,378,0,GE-Phrase,261,123162,126484,3322,378,1.0,138,-2806
123300,123678,378,0,GE-Phase,preparation,123162,123543,381,243,0.643,138,135
123300,123678,378,0,GE-Phase,stroke,123543,125275,1732,135,0.357,-243,-1597
123678,123884,206,0,GE-Phrase,261,123162,126484,3322,206,1.0,516,-2600
123678,123884,206,0,GE-Phase,stroke,123543,125275,1732,206,1.0,135,-1391
123884,124760,876,0,GE-Phrase,261,123162,126484,3322,876,1.0,722,-1724
123884,124760,876,0,GE-Phase,stroke,123543,125275,1732,876,1.0,341,-515
124760,125900,1140,0,GE-Phrase,261,123162,126484,3322,1140,1.0,1598,-584
124760,125900,1140,0,GE-Phase,stroke,123543,125275,1732,515,0.452,1217,625
124760,125900,1140,0,GE-Phase,retraction,125275,126484,1209,625,0.548,-515,-584
125900,127426,1526,0,GE-Phrase,261,123162,126484,3322,584,0.383,2738,942
125900,127426,1526,0,GE-Phase,retraction,125275,126484,1209,584,0.383,625,942
131400,132715,1315,0,GE-Phrase,262,128821,132202,3381,802,0.61,2579,513
131400,132715,1315,0,GE-Phrase,263,132202,134077,1875,513,0.39,-802,-1362
131400,132715,1315,0,GE-Phase,stroke,131270,132202,932,802,0.61,130,513
131400,132715,1315,0,GE-Phase,preparation,132202,132712,510,510,0.388,-802,3
131400,132715,1315,0,GE-Phase,stroke,132712,133300,588,3,0.002,-1312,-585
132715,134762,2047,0,GE-Phrase,263,132202,134077,1875,1362,0.665,513,685
132715,134762,2047,0,GE-Phrase,264,134077,135782,1705,685,0.335,-1362,-1020
132715,134762,2047,0,GE-Phase,stroke,132712,133300,588,585,0.286,3,1462
132715,134762,2047,0,GE-Phase,retraction,133300,134077,777,777,0.38,-585,685
132715,134762,2047,0,GE-Phase,preparation,134077,134927,850,685,0.335,-1362,-165
136371,137155,784,0,GE-Phrase,265,135782,138288,2506,784,1.0,589,-1133
136371,137155,784,0,GE-Phase,preparation,135782,136557,775,186,0.237,589,598
136371,137155,784,0,GE-Phase,stroke,136557,137175,618,598,0.763,-186,-20
137155,137394,239,0,GE-Phrase,265,135782,138288,2506,239,1.0,1373,-894
137155,137394,239,0,GE-Phase,stroke,136557,137175,618,20,0.084,598,219
137155,137394,239,0,GE-Phase,retraction,137175,138288,1113,219,0.916,-20,-894
141050,143026,1976,0,GE-Phrase,266,138288,141167,2879,117,0.059,2762,1859
141050,143026,1976,0,GE-Phrase,267,141167,142467,1300,1300,0.658,-117,559
141050,143026,1976,0,GE-Phrase,268,142467,145380,2913,559,0.283,-1417,-2354
141050,143026,1976,0,GE-Phase,stroke,139895,141167,1272,117,0.059,1155,1859
141050,143026,1976,0,GE-Phase,stroke,141167,142045,878,878,0.444,-117,981
141050,143026,1976,0,GE-Phase,hold,142045,142467,422,422,0.214,-995,559
141050,143026,1976,0,GE-Phase,preparation,142467,143704,1237,559,0.283,-1417,-678
149300,150432,1132,0,GE-Phrase,270,147413,149490,2077,190,0.168,1887,942
149300,150432,1132,0,GE-Phrase,271,149490,151803,2313,942,0.832,-190,-1371
149300,150432,1132,0,GE-Phase,hold,148742,149490,748,190,0.168,558,942
149300,150432,1132,0,GE-Phase,preparation,149490,150125,635,635,0.561,-190,307
149300,150432,1132,0,GE-Phase,stroke,150125,151219,1094,307,0.271,-825,-787
9631,12030,2399,0,GE-Phrase,205,9104,11228,2124,1597,0.666,527,802
9631,12030,2399,0,GE-Phrase,206,11228,13092,1864,802,0.334,-1597,-1062
9631,12030,2399,0,GE-Phase,preparation,9104,10503,1399,872,0.363,527,1527
9631,12030,2399,0,GE-Phase,stroke,10503,10898,395,395,0.165,-872,1132
9631,12030,2399,0,GE-Phase,retraction,10898,11228,330,330,0.138,-1267,802
9631,12030,2399,0,GE-Phase,preparation,11228,11616,388,388,0.162,-1597,414
9631,12030,2399,0,GE-Phase,stroke,11616,12216,600,414,0.173,-1985,-186
12030,13506,1476,0,GE-Phrase,206,11228,13092,1864,1062,0.72,802,414
12030,13506,1476,0,GE-Phrase,207,13092,14908,1816,414,0.28,-1062,-1402
12030,13506,1476,0,GE-Phase,stroke,11616,12216,600,186,0.126,414,1290
12030,13506,1476,0,GE-Phase,retraction,12216,13092,876,876,0.593,-186,414
12030,13506,1476,0,GE-Phase,preparation,13092,13708,616,414,0.28,-1062,-202
25187,26370,1183,0,GE-Phrase,212,23414,26572,3158,1183,1.0,1773,-202
25187,26370,1183,0,GE-Phase,stroke,23890,25250,1360,63,0.053,1297,1120
25187,26370,1183,0,GE-Phase,retraction,25250,26572,1322,1120,0.947,-63,-202
26370,27200,830,0,GE-Phrase,212,23414,26572,3158,202,0.243,2956,628
26370,27200,830,0,GE-Phrase,213,26572,28865,2293,628,0.757,-202,-1665
26370,27200,830,0,GE-Phase,retraction,25250,26572,1322,202,0.243,1120,628
26370,27200,830,0,GE-Phase,preparation,26572,27305,733,628,0.757,-202,-105
27200,28048,848,0,GE-Phrase,213,26572,28865,2293,848,1.0,628,-817
27200,28048,848,0,GE-Phase,preparation,26572,27305,733,105,0.124,628,743
27200,28048,848,0,GE-Phase,stroke,27305,28425,1120,743,0.876,-105,-377
28048,29000,952,0,GE-Phrase,213,26572,28865,2293,817,0.858,1476,135
28048,29000,952,0,GE-Phrase,214,28865,30267,1402,135,0.142,-817,-1267
28048,29000,952,0,GE-Phase,stroke,27305,28425,1120,377,0.396,743,575
28048,29000,952,0,GE-Phase,retraction,28425,28865,440,440,0.462,-377,135
28048,29000,952,0,GE-Phase,preparation,28865,29147,282,135,0.142,-817,-147
69250,70269,1019,0,GE-Phrase,233,69124,70078,954,828,0.813,126,191
69250,70269,1019,0,GE-Phrase,234,70078,71694,1616,191,0.187,-828,-1425
69250,70269,1019,0,GE-Phase,preparation,69124,69404,280,154,0.151,126,865
69250,70269,1019,0,GE-Phase,stroke,69404,70078,674,674,0.661,-154,191
69250,70269,1019,0,GE-Phase,preparation,70078,70626,548,191,0.187,-828,-357
123300,123678,378,0,GE-Phrase,261,123162,126484,3322,378,1.0,138,-2806
123300,123678,378,0,GE-Phase,preparation,123162,123543,381,243,0.643,138,135
123300,123678,378,0,GE-Phase,stroke,123543,125275,1732,135,0.357,-243,-1597
123678,123884,206,0,GE-Phrase,261,123162,126484,3322,206,1.0,516,-2600
123678,123884,206,0,GE-Phase,stroke,123543,125275,1732,206,1.0,135,-1391
123884,124760,876,0,GE-Phrase,261,123162,126484,3322,876,1.0,722,-1724
123884,124760,876,0,GE-Phase,stroke,123543,125275,1732,876,1.0,341,-515
124760,125900,1140,0,GE-Phrase,261,123162,126484,3322,1140,1.0,1598,-584
124760,125900,1140,0,GE-Phase,stroke,123543,125275,1732,515,0.452,1217,625
124760,125900,1140,0,GE-Phase,retraction,125275,126484,1209,625,0.548,-515,-584
125900,127426,1526,0,GE-Phrase,261,123162,126484,3322,584,0.383,2738,942
125900,127426,1526,0,GE-Phase,retraction,125275,126484,1209,584,0.383,625,942
131400,132715,1315,0,GE-Phrase,262,128821,132202,3381,802,0.61,2579,513
131400,132715,1315,0,GE-Phrase,263,132202,134077,1875,513,0.39,-802,-1362
131400,132715,1315,0,GE-Phase,stroke,131270,132202,932,802,0.61,130,513
131400,132715,1315,0,GE-Phase,preparation,132202,132712,510,510,0.388,-802,3
131400,132715,1315,0,GE-Phase,stroke,132712,133300,588,3,0.002,-1312,-585
132715,134762,2047,0,GE-Phrase,263,132202,134077,1875,1362,0.665,513,685
132715,134762,2047,0,GE-Phrase,264,134077,135782,1705,685,0.335,-1362,-1020
132715,134762,2047,0,GE-Phase,stroke,132712,133300,588,585,0.286,3,1462
132715,134762,2047,0,GE-Phase,retraction,133300,134077,777,777,0.38,-585,685
132715,134762,2047,0,GE-Phase,preparation,134077,134927,850,685,0.335,-1362,-165
136371,137155,784,0,GE-Phrase,265,135782,138288,2506,784,1.0,589,-1133
136371,137155,784,0,GE-Phase,preparation,135782,136557,775,186,0.237,589,598
136371,137155,784,0,GE-Phase,stroke,136557,137175,618,598,0.763,-186,-20
137155,137394,239,0,GE-Phrase,265,135782,138288,2506,239,1.0,1373,-894
137155,137394,239,0,GE-Phase,stroke,136557,137175,618,20,0.084,598,219
137155,137394,239,0,GE-Phase,retraction,137175,138288,1113,219,0.916,-20,-894
141050,143026,1976,0,GE-Phrase,266,138288,141167,2879,117,0.059,2762,1859
141050,143026,1976,0,GE-Phrase,267,141167,142467,1300,1300,0.658,-117,559
141050,143026,1976,0,GE-Phrase,268,142467,145380,2913,559,0.283,-1417,-2354
141050,143026,1976,0,GE-Phase,stroke,139895,141167,1272,117,0.059,1155,1859
141050,143026,1976,0,GE-Phase,stroke,141167,142045,878,878,0.444,-117,981
141050,143026,1976,0,GE-Phase,hold,142045,142467,422,422,0.214,-995,559
141050,143026,1976,0,GE-Phase,preparation,142467,143704,1237,559,0.283,-1417,-678
149300,150432,1132,0,GE-Phrase,270,147413,149490,2077,190,0.168,1887,942
149300,150432,1132,0,GE-Phrase,271,149490,151803,2313,942,0.832,-190,-1371
149300,150432,1132,0,GE-Phase,hold,148742,149490,748,190,0.168,558,942
149300,150432,1132,0,GE-Phase,preparation,149490,150125,635,635,0.561,-190,307
149300,150432,1132,0,GE-Phase,stroke,150125,151219,1094,307,0.271,-825,-787
9631,12030,2399,0,GE-Phrase,205,9104,11228,2124,1597,0.666,527,802
9631,12030,2399,0,GE-Phrase,206,11228,13092,1864,802,0.334,-1597,-1062
9631,12030,2399,0,GE-Phase,preparation,9104,10503,1399,872,0.363,527,1527
9631,12030,2399,0,GE-Phase,stroke,10503,10898,395,395,0.165,-872,1132
9631,12030,2399,0,GE-Phase,retraction,10898,11228,330,330,0.138,-1267,802
9631,12030,2399,0,GE-Phase,preparation,11228,11616,388,388,0.162,-1597,414
9631,12030,2399,0,GE-Phase,stroke,11616,12216,600,414,0.173,-1985,-186
12030,13506,1476,0,GE-Phrase,206,11228,13092,1864,1062,0.72,802,414
12030,13506,1476,0,GE-Phrase,207,13092,14908,1816,414,0.28,-1062,-1402
12030,13506,1476,0,GE-Phase,stroke,11616,12216,600,186,0.126,414,1290
12030,13506,1476,0,GE-Phase,retraction,12216,13092,876,876,0.593,-186,414
12030,13506,1476,0,GE-Phase,preparation,13092,13708,616,414,0.28,-1062,-202
25187,26370,1183,0,GE-Phrase,212,23414,26572,3158,1183,1.0,1773,-202
25187,26370,1183,0,GE-Phase,stroke,23890,25250,1360,63,0.053,1297,1120
25187,26370,1183,0,GE-Phase,retraction,25250,26572,1322,1120,0.947,-63,-202
26370,27200,830,0,GE-Phrase,212,23414,26572,3158,202,0.243,2956,628
26370,27200,830,0,GE-Phrase,213,26572,28865,2293,628,0.757,-202,-1665
26370,27200,830,0,GE-Phase,retraction,25250,26572,1322,202,0.243,1120,628
26370,27200,830,0,GE-Phase,preparation,26572,27305,733,628,0.757,-202,-105
27200,28048,848,0,GE-Phrase,213,26572,28865,2293,848,1.0,628,-817
27200,28048,848,0,GE-Phase,preparation,26572,27305,733,105,0.124,628,743
27200,28048,848,0,GE-Phase,stroke,27305,28425,1120,743,0.876,-105,-377
28048,29000,952,0,GE-Phrase,213,26572,28865,2293,817,0.858,1476,135
28048,29000,952,0,GE-Phrase,214,28865,30267,1402,135,0.142,-817,-1267
28048,29000,952,0,GE-Phase,stroke,27305,28425,1120,377,0.396,743,575
28048,29000,952,0,GE-Phase,retraction,28425,28865,440,440,0.462,-377,135
28048,29000,952,0,GE-Phase,preparation,28865,29147,282,135,0.142,-817,-147
69250,70269,1019,0,GE-Phrase,233,69124,70078,954,828,0.813,126,191
69250,70269,1019,0,GE-Phrase,234,70078,71694,1616,191,0.187,-828,-1425
69250,70269,1019,0,GE-Phase,preparation,69124,69404,280,154,0.151,126,865
69250,70269,1019,0,GE-Phase,stroke,69404,70078,674,674,0.661,-154,191
69250,70269,1019,0,GE-Phase,preparation,70078,70626,548,191,0.187,-828,-357
123300,123678,378,0,GE-Phrase,261,123162,126484,3322,378,1.0,138,-2806
123300,123678,378,0,GE-Phase,preparation,123162,123543,381,243,0.643,138,135
123300,123678,378,0,GE-Phase,stroke,123543,125275,1732,135,0.357,-243,-1597
123678,123884,206,0,GE-Phrase,261,123162,126484,3322,206,1.0,516,-2600
123678,123884,206,0,GE-Phase,stroke,123543,125275,1732,206,1.0,135,-1391
123884,124760,876,0,GE-Phrase,261,123162,126484,3322,876,1.0,722,-1724
123884,124760,876,0,GE-Phase,stroke,123543,125275,1732,876,1.0,341,-515
124760,125900,1140,0,GE-Phrase,261,123162,126484,3322,1140,1.0,1598,-584
124760,125900,1140,0,GE-Phase,stroke,123543,125275,1732,515,0.452,1217,625
124760,125900,1140,0,GE-Phase,retraction,125275,126484,1209,625,0.548,-515,-584
125900,127426,1526,0,GE-Phrase,261,123162,126484,3322,584,0.383,2738,942
125900,127426,1526,0,GE-Phase,retraction,125275,126484,1209,584,0.383,625,942
131400,132715,1315,0,GE-Phrase,262,128821,132202,3381,802,0.61,2579,513
131400,132715,1315,0,GE-Phrase,263,132202,134077,1875,513,0.39,-802,-1362
131400,132715,1315,0,GE-Phase,stroke,131270,132202,932,802,0.61,130,513
131400,132715,1315,0,GE-Phase,preparation,132202,132712,510,510,0.388,-802,3
131400,132715,1315,0,GE-Phase,stroke,132712,133300,588,3,0.002,-1312,-585
132715,134762,2047,0,GE-Phrase,263,132202,134077,1875,1362,0.665,513,685
132715,134762,2047,0,GE-Phrase,264,134077,135782,1705,685,0.335,-1362,-1020
132715,134762,2047,0,GE-Phase,stroke,132712,133300,588,585,0.286,3,1462
132715,134762,2047,0,GE-Phase,retraction,133300,134077,777,777,0.38,-585,685
132715,134762,2047,0,GE-Phase,preparation,134077,134927,850,685,0.335,-1362,-165
136371,137155,784,0,GE-Phrase,265,135782,138288,2506,784,1.0,589,-1133
136371,137155,784,0,GE-Phase,preparation,135782,136557,775,186,0.237,589,598
136371,137155,784,0,GE-Phase,stroke,136557,137175,618,598,0.763,-186,-20
137155,137394,239,0,GE-Phrase,265,135782,138288,2506,239,1.0,1373,-894
137155,137394,239,0,GE-Phase,stroke,136557,137175,618,20,0.084,598,219
137155,137394,239,0,GE-Phase,retraction,137175,138288,1113,219,0.916,-20,-894
141050,143026,1976,0,GE-Phrase,266,138288,141167,2879,117,0.059,2762,1859
141050,143026,1976,0,GE-Phrase,267,141167,142467,1300,1300,0.658,-117,559
141050,143026,1976,0,GE-Phrase,268,142467,145380,2913,559,0.283,-1417,-2354
141050,143026,1976,0,GE-Phase,stroke,139895,141167,1272,117,0.059,1155,1859
141050,143026,1976,0,GE-Phase,stroke,141167,142045,878,878,0.444,-117,981
141050,143026,1976,0,GE-Phase,hold,142045,142467,422,422,0.214,-995,559
141050,143026,1976,0,GE-Phase,preparation,142467,143704,1237,559,0.283,-1417,-678
149300,150432,1132,0,GE-Phrase,270,147413,149490,2077,190,0.168,1887,942
149300,150432,1132,0,GE-Phrase,271,149490,151803,2313,942,0.832,-190,-1371
149300,150432,1132,0,GE-Phase,hold,148742,149490,748,190,0.168,558,942
149300,150432,1132,0,GE-Phase,preparation,149490,150125,635,635,0.561,-190,307
149300,150432,1132,0,GE-Phase,stroke,150125,151219,1094,307,0.271,-825,-787
9631,12030,2399,0,GE-Phrase,205,9104,11228,2124,1597,0.666,527,802
9631,12030,2399,0,GE-Phrase,206,11228,13092,1864,802,0.334,-1597,-1062
9631,12030,2399,0,GE-Phase,preparation,9104,10503,1399,872,0.363,527,1527
9631,12030,2399,0,GE-Phase,stroke,10503,10898,395,395,0.165,-872,1132
9631,12030,2399,0,GE-Phase,retraction,10898,11228,330,330,0.138,-1267,802
9631,12030,2399,0,GE-Phase,preparation,11228,11616,388,388,0.162,-1597,414
9631,12030,2399,0,GE-Phase,stroke,11616,12216,600,414,0.173,-1985,-186
12030,13506,1476,0,GE-Phrase,206,11228,13092,1864,1062,0.72,802,414
12030,13506,1476,0,GE-Phrase,207,13092,14908,1816,414,0.28,-1062,-1402
12030,13506,1476,0,GE-Phase,stroke,11616,12216,600,186,0.126,414,1290
12030,13506,1476,0,GE-Phase,retraction,12216,13092,876,876,0.593,-186,414
12030,13506,1476,0,GE-Phase,preparation,13092,13708,616,414,0.28,-1062,-202
25187,26370,1183,0,GE-Phrase,212,23414,26572,3158,1183,1.0,1773,-202
25187,26370,1183,0,GE-Phase,stroke,23890,25250,1360,63,0.053,1297,1120
25187,26370,1183,0,GE-Phase,retraction,25250,26572,1322,1120,0.947,-63,-202
26370,27200,830,0,GE-Phrase,212,23414,26572,3158,202,0.243,2956,628
26370,27200,830,0,GE-Phrase,213,26572,28865,2293,628,0.757,-202,-1665
26370,27200,830,0,GE-Phase,retraction,25250,26572,1322,202,0.243,1120,628
26370,27200,830,0,GE-Phase,preparation,26572,27305,733,628,0.757,-202,-105
27200,28048,848,0,GE-Phrase,213,26572,28865,2293,848,1.0,628,-817
27200,28048,848,0,GE-Phase,preparation,26572,27305,733,105,0.124,628,743
27200,28048,848,0,GE-Phase,stroke,27305,28425,1120,743,0.876,-105,-377
28048,29000,952,0,GE-Phrase,213,26572,28865,2293,817,0.858,1476,135
28048,29000,952,0,GE-Phrase,214,28865,30267,1402,135,0.142,-817,-1267
28048,29000,952,0,GE-Phase,stroke,27305,28425,1120,377,0.396,743,575
28048,29000,952,0,GE-Phase,retraction,28425,28865,440,440,0.462,-377,135
28048,29000,952,0,GE-Phase,preparation,28865,29147,282,135,0.142,-817,-147
69250,70269,1019,0,GE-Phrase,233,69124,70078,954,828,0.813,126,191
69250,70269,1019,0,GE-Phrase,234,70078,71694,1616,191,0.187,-828,-1425
69250,70269,1019,0,GE-Phase,preparation,69124,69404,280,154,0.151,126,865
69250,70269,1019,0,GE-Phase,stroke,69404,70078,674,674,0.661,-154,191
69250,70269,1019,0,GE-Phase,preparation,70078,70626,548,191,0.187,-828,-357
123300,123678,378,0,GE-Phrase,261,123162,126484,3322,378,1.0,138,-2806
123300,123678,378,0,GE-Phase,preparation,123162,123543,381,243,0.643,138,135
123300,123678,378,0,GE-Phase,stroke,123543,125275,1732,135,0.357,-243,-1597
123678,123884,206,0,GE-Phrase,261,123162,126484,3322,206,1.0,516,-2600
123678,123884,206,0,GE-Phase,stroke,123543,125275,1732,206,1.0,135,-1391
123884,124760,876,0,GE-Phrase,261,123162,126484,3322,876,1.0,722,-1724
123884,124760,876,0,GE-Phase,stroke,123543,125275,1732,876,1.0,341,-515
124760,125900,1140,0,GE-Phrase,261,123162,126484,3322,1140,1.0,1598,-584
124760,125900,1140,0,GE-Phase,stroke,123543,125275,1732,515,0.452,1217,625
124760,125900,1140,0,GE-Phase,retraction,125275,126484,1209,625,0.548,-515,-584
125900,127426,1526,0,GE-Phrase,261,123162,126484,3322,584,0.383,2738,942
125900,127426,1526,0,GE-Phase,retraction,125275,126484,1209,584,0.383,625,942
131400,132715,1315,0,GE-Phrase,262,128821,132202,3381,802,0.61,2579,513
131400,132715,1315,0,GE-Phrase,263,132202,134077,1875,513,0.39,-802,-1362
131400,132715,1315,0,GE-Phase,stroke,131270,132202,932,802,0.61,130,513
131400,132715,1315,0,GE-Phase,preparation,132202,132712,510,510,0.388,-802,3
131400,132715,1315,0,GE-Phase,stroke,132712,133300,588,3,0.002,-1312,-585
132715,134762,2047,0,GE-Phrase,263,132202,134077,1875,1362,0.665,513,685
132715,134762,2047,0,GE-Phrase,264,134077,135782,1705,685,0.335,-1362,-1020
132715,134762,2047,0,GE-Phase,stroke,132712,133300,588,585,0.286,3,1462
132715,134762,2047,0,GE-Phase,retraction,133300,134077,777,777,0.38,-585,685
132715,134762,2047,0,GE-Phase,preparation,134077,134927,850,685,0.335,-1362,-165
136371,137155,784,0,GE-Phrase,265,135782,138288,2506,784,1.0,589,-1133
136371,137155,784,0,GE-Phase,preparation,135782,136557,775,186,0.237,589,598
136371,137155,784,0,GE-Phase,stroke,136557,137175,618,598,0.763,-186,-20
137155,137394,239,0,GE-Phrase,265,135782,138288,2506,239,1.0,1373,-894
137155,137394,239,0,GE-Phase,stroke,136557,137175,618,20,0.084,598,219
137155,137394,239,0,GE-Phase,retraction,137175,138288,1113,219,0.916,-20,-894
141050,143026,1976,0,GE-Phrase,266,138288,141167,2879,117,0.059,2762,1859
141050,143026,1976,0,GE-Phrase,267,141167,142467,1300,1300,0.658,-117,559
141050,143026,1976,0,GE-Phrase,268,142467,145380,2913,559,0.283,-1417,-2354
141050,143026,1976,0,GE-Phase,stroke,139895,141167,1272,117,0.059,1155,1859
141050,143026,1976,0,GE-Phase,stroke,141167,142045,878,878,0.444,-117,981
141050,143026,1976,0,GE-Phase,hold,142045,142467,422,422,0.214,-995,559
141050,143026,1976,0,GE-Phase,preparation,142467,143704,1237,559,0.283,-1417,-678
149300,150432,1132,0,GE-Phrase,270,147413,149490,2077,190,0.168,1887,942
149300,150432,1132,0,GE-Phrase,271,149490,151803,2313,942,0.832,-190,-1371
149300,150432,1132,0,GE-Phase,hold,148742,149490,748,190,0.168,558,942
149300,150432,1132,0,GE-Phase,preparation,149490,150125,635,635,0.561,-190,307
149300,150432,1132,0,GE-Phase,stroke,150125,151219,1094,307,0.271,-825,-787
9631,12030,2399,0,GE-Phrase,205,9104,11228,2124,1597,0.666,527,802
9631,12030,2399,0,GE-Phrase,206,11228,13092,1864,802,0.334,-1597,-1062
9631,12030,2399,0,GE-Phase,preparation,9104,10503,1399,872,0.363,527,1527
9631,12030,2399,0,GE-Phase,stroke,10503,10898,395,395,0.165,-872,1132
9631,12030,2399,0,GE-Phase,retraction,10898,11228,330,330,0.138,-1267,802
9631,12030,2399,0,GE-Phase,preparation,11228,11616,388,388,0.162,-1597,414
9631,12030,2399,0,GE-Phase,stroke,11616,12216,600,414,0.173,-1985,-186
12030,13506,1476,0,GE-Phrase,206,11228,13092,1864,1062,0.72,802,414
12030,13506,1476,0,GE-Phrase,207,13092,14908,1816,414,0.28,-1062,-1402
12030,13506,1476,0,GE-Phase,stroke,11616,12216,600,186,0.126,414,1290
12030,13506,1476,0,GE-Phase,retraction,12216,13092,876,876,0.593,-186,414
12030,13506,1476,0,GE-Phase,preparation,13092,13708,616,414,0.28,-1062,-202
25187,26370,1183,0,GE-Phrase,212,23414,26572,3158,1183,1.0,1773,-202
25187,26370,1183,0,GE-Phase,stroke,23890,25250,1360,63,0.053,1297,1120
25187,26370,1183,0,GE-Phase,retraction,25250,26572,1322,1120,0.947,-63,-202
26370,27200,830,0,GE-Phrase,212,23414,26572,3158,202,0.243,2956,628
26370,27200,830,0,GE-Phrase,213,26572,28865,2293,628,0.757,-202,-1665
26370,27200,830,0,GE-Phase,retraction,25250,26572,1322,202,0.243,1120,628
26370,27200,830,0,GE-Phase,preparation,26572,27305,733,628,0.757,-202,-105
27200,28048,848,0,GE-Phrase,213,26572,28865,2293,848,1.0,628,-817
27200,28048,848,0,GE-Phase,preparation,26572,27305,733,105,0.124,628,743
27200,28048,848,0,GE-Phase,stroke,27305,28425,1120,743,0.876,-105,-377
28048,29000,952,0,GE-Phrase,213,26572,28865,2293,817,0.858,1476,135
28048,29000,952,0,GE-Phrase,214,28865,30267,1402,135,0.142,-817,-1267
28048,29000,952,0,GE-Phase,stroke,27305,28425,1120,377,0.396,743,575
28048,29000,952,0,GE-Phase,retraction,28425,28865,440,440,0.462,-377,135
28048,29000,952,0,GE-Phase,preparation,28865,29147,282,135,0.142,-817,-147
69250,70269,1019,0,GE-Phrase,233,69124,70078,954,828,0.813,126,191
69250,70269,1019,0,GE-Phrase,234,70078,71694,1616,191,0.187,-828,-1425
69250,70269,1019,0,GE-Phase,preparation,69124,69404,280,154,0.151,126,865
69250,70269,1019,0,GE-Phase,stroke,69404,70078,674,674,0.661,-154,191
69250,70269,1019,0,GE-Phase,preparation,70078,70626,548,191,0.187,-828,-357
123300,123678,378,0,GE-Phrase,261,123162,126484,3322,378,1.0,138,-2806
123300,123678,378,0,GE-Phase,preparation,123162,123543,381,243,0.643,138,135
123300,123678,378,0,GE-Phase,stroke,123543,125275,1732,135,0.357,-243,-1597
123678,123884,206,0,GE-Phrase,261,123162,126484,3322,206,1.0,516,-2600
123678,123884,206,0,GE-Phase,stroke,123543,125275,1732,206,1.0,135,-1391
123884,124760,876,0,GE-Phrase,261,123162,126484,3322,876,1.0,722,-1724
123884,124760,876,0,GE-Phase,stroke,123543,125275,1732,876,1.0,341,-515
124760,125900,1140,0,GE-Phrase,261,123162,126484,3322,1140,1.0,1598,-584
124760,125900,1140,0,GE-Phase,stroke,123543,125275,1732,515,0.452,1217,625
124760,125900,1140,0,GE-Phase,retraction,125275,126484,1209,625,0.548,-515,-584
125900,127426,1526,0,GE-Phrase,261,123162,126484,3322,584,0.383,2738,942
125900,127426,1526,0,GE-Phase,retraction,125275,126484,1209,584,0.383,625,942
131400,132715,1315,0,GE-Phrase,262,128821,132202,3381,802,0.61,2579,513
131400,132715,1315,0,GE-Phrase,263,132202,134077,1875,513,0.39,-802,-1362
131400,132715,1315,0,GE-Phase,stroke,131270,132202,932,802,0.61,130,513
131400,132715,1315,0,GE-Phase,preparation,132202,132712,510,510,0.388,-802,3
131400,132715,1315,0,GE-Phase,stroke,132712,133300,588,3,0.002,-1312,-585
132715,134762,2047,0,GE-Phrase,263,132202,134077,1875,1362,0.665,513,685
132715,134762,2047,0,GE-Phrase,264,134077,135782,1705,685,0.335,-1362,-1020
132715,134762,2047,0,GE-Phase,stroke,132712,133300,588,585,0.286,3,1462
132715,134762,2047,0,GE-Phase,retraction,133300,134077,777,777,0.38,-585,685
132715,134762,2047,0,GE-Phase,preparation,134077,134927,850,685,0.335,-1362,-165
136371,137155,784,0,GE-Phrase,265,135782,138288,2506,784,1.0,589,-1133
136371,137155,784,0,GE-Phase,preparation,135782,136557,775,186,0.237,589,598
136371,137155,784,0,GE-Phase,stroke,136557,137175,618,598,0.763,-186,-20
137155,137394,239,0,GE-Phrase,265,135782,138288,2506,239,1.0,1373,-894
137155,137394,239,0,GE-Phase,stroke,136557,137175,618,20,0.084,598,219
137155,137394,239,0,GE-Phase,retraction,137175,138288,1113,219,0.916,-20,-894
141050,143026,1976,0,GE-Phrase,266,138288,141167,2879,117,0.059,2762,1859
141050,143026,1976,0,GE-Phrase,267,141167,142467,1300,1300,0.658,-117,559
141050,143026,1976,0,GE-Phrase,268,142467,145380,2913,559,0.283,-1417,-2354
141050,143026,1976,0,GE-Phase,stroke,139895,141167,1272,117,0.059,1155,1859
141050,143026,1976,0,GE-Phase,stroke,141167,142045,878,878,0.444,-117,981
141050,143026,1976,0,GE-Phase,hold,142045,142467,422,422,0.214,-995,559
141050,143026,1976,0,GE-Phase,preparation,142467,143704,1237,559,0.283,-1417,-678
149300,150432,1132,0,GE-Phrase,270,147413,149490,2077,190,0.168,1887,942
149300,150432,1132,0,GE-Phrase,271,149490,151803,2313,942,0.832,-190,-1371
149300,150432,1132,0,GE-Phase,hold,148742,149490,748,190,0.168,558,942
149300,150432,1132,0,GE-Phase,preparation,149490,150125,635,635,0.561,-190,307
149300,150432,1132,0,GE-Phase,stroke,150125,151219,1094,307,0.271,-825,-787
9631,12030,2399,0,GE-Phrase,205,9104,11228,2124,1597,0.666,527,802
9631,12030,2399,0,GE-Phrase,206,11228,13092,1864,802,0.334,-1597,-1062
9631,12030,2399,0,GE-Phase,preparation,9104,10503,1399,872,0.363,527,1527
9631,12030,2399,0,GE-Phase,stroke,10503,10898,395,395,0.165,-872,1132
9631,12030,2399,0,GE-Phase,retraction,10898,11228,330,330,0.138,-1267,802
9631,12030,2399,0,GE-Phase,preparation,11228,11616,388,388,0.162,-1597,414
9631,12030,2399,0,GE-Phase,stroke,11616,12216,600,414,0.173,-1985,-186
12030,13506,1476,0,GE-Phrase,206,11228,13092,1864,1062,0.72,802,414
12030,13506,1476,0,GE-Phrase,207,13092,14908,1816,414,0.28,-1062,-1402
12030,13506,1476,0,GE-Phase,stroke,11616,12216,600,186,0.126,414,1290
12030,13506,1476,0,GE-Phase,retraction,12216,13092,876,876,0.593,-186,414
12030,13506,1476,0,GE-Phase,preparation,13092,13708,616,414,0.28,-1062,-202
25187,26370,1183,0,GE-Phrase,212,23414,26572,3158,1183,1.0,1773,-202
25187,26370,1183,0,GE-Phase,stroke,23890,25250,1360,63,0.053,1297,1120
25187,26370,1183,0,GE-Phase,retraction,25250,26572,1322,1120,0.947,-63,-202
26370,27200,830,0,GE-Phrase,212,23414,26572,3158,202,0.243,2956,628
26370,27200,830,0,GE-Phrase,213,26572,28865,2293,628,0.757,-202,-1665
26370,27200,830,0,GE-Phase,retraction,25250,26572,1322,202,0.243,1120,628
26370,27200,830,0,GE-Phase,preparation,26572,27305,733,628,0.757,-202,-105
27200,28048,848,0,GE-Phrase,213,26572,28865,2293,848,1.0,628,-817
27200,28048,848,0,GE-Phase,preparation,26572,27305,733,105,0.124,628,743
27200,28048,848,0,GE-Phase,stroke,27305,28425,1120,743,0.876,-105,-377
28048,29000,952,0,GE-Phrase,213,26572,28865,2293,817,0.858,1476,135
28048,29000,952,0,GE-Phrase,214,28865,30267,1402,135,0.142,-817,-1267
28048,29000,952,0,GE-Phase,stroke,27305,28425,1120,377,0.396,743,575
28048,29000,952,0,GE-Phase,retraction,28425,28865,440,440,0.462,-377,135
28048,29000,952,0,GE-Phase,preparation,28865,29147,282,135,0.142,-817,-147
69250,70269,1019,0,GE-Phrase,233,69124,70078,954,828,0.813,126,191
69250,70269,1019,0,GE-Phrase,234,70078,71694,1616,191,0.187,-828,-1425
69250,70269,1019,0,GE-Phase,preparation,69124,69404,280,154,0.151,126,865
69250,70269,1019,0,GE-Phase,stroke,69404,70078,674,674,0.661,-154,191
69250,70269,1019,0,GE-Phase,preparation,70078,70626,548,191,0.187,-828,-357
123300,123678,378,0,GE-Phrase,261,123162,126484,3322,378,1.0,138,-2806
123300,123678,378,0,GE-Phase,preparation,123162,123543,381,243,0.643,138,135
123300,123678,378,0,GE-Phase,stroke,123543,125275,1732,135,0.357,-243,-1597
123678,123884,206,0,GE-Phrase,261,123162,126484,3322,206,1.0,516,-2600
123678,123884,206,0,GE-Phase,stroke,123543,125275,1732,206,1.0,135,-1391
123884,124760,876,0,GE-Phrase,261,123162,126484,3322,876,1.0,722,-1724
123884,124760,876,0,GE-Phase,stroke,123543,125275,1732,876,1.0,341,-515
124760,125900,1140,0,GE-Phrase,261,123162,126484,3322,1140,1.0,1598,-584
124760,125900,1140,0,GE-Phase,stroke,123543,125275,1732,515,0.452,1217,625
124760,125900,1140,0,GE-Phase,retraction,125275,126484,1209,625,0.548,-515,-584
125900,127426,1526,0,GE-Phrase,261,123162,126484,3322,584,0.383,2738,942
125900,127426,1526,0,GE-Phase,retraction,125275,126484,1209,584,0.383,625,942
131400,132715,1315,0,GE-Phrase,262,128821,132202,3381,802,0.61,2579,513
131400,132715,1315,0,GE-Phrase,263,132202,134077,1875,513,0.39,-802,-1362
131400,132715,1315,0,GE-Phase,stroke,131270,132202,932,802,0.61,130,513
131400,132715,1315,0,GE-Phase,preparation,132202,132712,510,510,0.388,-802,3
131400,132715,1315,0,GE-Phase,stroke,132712,133300,588,3,0.002,-1312,-585
132715,134762,2047,0,GE-Phrase,263,132202,134077,1875,1362,0.665,513,685
132715,134762,2047,0,GE-Phrase,264,134077,135782,1705,685,0.335,-1362,-1020
132715,134762,2047,0,GE-Phase,stroke,132712,133300,588,585,0.286,3,1462
132715,134762,2047,0,GE-Phase,retraction,133300,134077,777,777,0.38,-585,685
132715,134762,2047,0,GE-Phase,preparation,134077,134927,850,685,0.335,-1362,-165
136371,137155,784,0,GE-Phrase,265,135782,138288,2506,784,1.0,589,-1133
136371,137155,784,0,GE-Phase,preparation,135782,136557,775,186,0.237,589,598
136371,137155,784,0,GE-Phase,stroke,136557,137175,618,598,0.763,-186,-20
137155,137394,239,0,GE-Phrase,265,135782,138288,2506,239,1.0,1373,-894
137155,137394,239,0,GE-Phase,stroke,136557,137175,618,20,0.084,598,219
137155,137394,239,0,GE-Phase,retraction,137175,138288,1113,219,0.916,-20,-894
141050,143026,1976,0,GE-Phrase,266,138288,141167,2879,117,0.059,2762,1859
141050,143026,1976,0,GE-Phrase,267,141167,142467,1300,1300,0.658,-117,559
141050,143026,1976,0,GE-Phrase,268,142467,145380,2913,559,0.283,-1417,-2354
141050,143026,1976,0,GE-Phase,stroke,139895,141167,1272,117,0.059,1155,1859
141050,143026,1976,0,GE-Phase,stroke,141167,142045,878,878,0.444,-117,981
141050,143026,1976,0,GE-Phase,hold,142045,142467,422,422,0.214,-995,559
141050,143026,1976,0,GE-Phase,preparation,142467,143704,1237,559,0.283,-1417,-678
149300,150432,1132,0,GE-Phrase,270,147413,149490,2077,190,0.168,1887,942
149300,150432,1132,0,GE-Phrase,271,149490,151803,2313,942,0.832,-190,-1371
149300,150432,1132,0,GE-Phase,hold,148742,149490,748,190,0.168,558,942
149300,150432,1132,0,GE-Phase,preparation,149490,150125,635,635,0.561,-190,307
149300,150432,1132,0,GE-Phase,stroke,150125,151219,1094,307,0.271,-825,-787
9631,12030,2399,0,GE-Phrase,205,9104,11228,2124,1597,0.666,527,802
9631,12030,2399,0,GE-Phrase,206,11228,13092,1864,802,0.334,-1597,-1062
9631,12030,2399,0,GE-Phase,preparation,9104,10503,1399,872,0.363,527,1527
9631,12030,2399,0,GE-Phase,stroke,10503,10898,395,395,0.165,-872,1132
9631,12030,2399,0,GE-Phase,retraction,10898,11228,330,330,0.138,-1267,802
9631,12030,2399,0,GE-Phase,preparation,11228,11616,388,388,0.162,-1597,414
9631,12030,2399,0,GE-Phase,stroke,11616,12216,600,414,0.173,-1985,-186
12030,13506,1476,0,GE-Phrase,206,11228,13092,1864,1062,0.72,802,414
12030,13506,1476,0,GE-Phrase,207,13092,14908,1816,414,0.28,-1062,-1402
12030,13506,1476,0,GE-Phase,stroke,11616,12216,600,186,0.126,414,1290
12030,13506,1476,0,GE-Phase,retraction,12216,13092,876,876,0.593,-186,414
12030,13506,1476,0,GE-Phase,preparation,13092,13708,616,414,0.28,-1062,-202
25187,26370,1183,0,GE-Phrase,212,23414,26572,3158,1183,1.0,1773,-202
25187,26370,1183,0,GE-Phase,stroke,23890,25250,1360,63,0.053,1297,1120
25187,26370,1183,0,GE-Phase,retraction,25250,26572,1322,1120,0.947,-63,-202
26370,27200,830,0,GE-Phrase,212,23414,26572,3158,202,0.243,2956,628
26370,27200,830,0,GE-Phrase,213,26572,28865,2293,628,0.757,-202,-1665
26370,27200,830,0,GE-Phase,retraction,25250,26572,1322,202,0.243,1120,628
26370,27200,830,0,GE-Phase,preparation,26572,27305,733,628,0.757,-202,-105
27200,28048,848,0,GE-Phrase,213,26572,28865,2293,848,1.0,628,-817
27200,28048,848,0,GE-Phase,preparation,26572,27305,733,105,0.124,628,743
27200,28048,848,0,GE-Phase,stroke,27305,28425,1120,743,0.876,-105,-377
28048,29000,952,0,GE-Phrase,213,26572,28865,2293,817,0.858,1476,135
28048,29000,952,0,GE-Phrase,214,28865,30267,1402,135,0.142,-817,-1267
28048,29000,952,0,GE-Phase,stroke,27305,28425,1120,377,0.396,743,575
28048,29000,952,0,GE-Phase,retraction,28425,28865,440,440,0.462,-377,135
28048,29000,952,0,GE-Phase,preparation,28865,29147,282,135,0.142,-817,-147
69250,70269,1019,0,GE-Phrase,233,69124,70078,954,828,0.813,126,191
69250,70269,1019,0,GE-Phrase,234,70078,71694,1616,191,0.187,-828,-1425
69250,70269,1019,0,GE-Phase,preparation,69124,69404,280,154,0.151,126,865
69250,70269,1019,0,GE-Phase,stroke,69404,70078,674,674,0.661,-154,191
69250,70269,1019,0,GE-Phase,preparation,70078,70626,548,191,0.187,-828,-357
123300,123678,378,0,GE-Phrase,261,123162,126484,3322,378,1.0,138,-2806
123300,123678,378,0,GE-Phase,preparation,123162,123543,381,243,0.643,138,135
123300,123678,378,0,GE-Phase,stroke,123543,125275,1732,135,0.357,-243,-1597
123678,123884,206,0,GE-Phrase,261,123162,126484,3322,206,1.0,516,-2600
123678,123884,206,0,GE-Phase,stroke,123543,125275,1732,206,1.0,135,-1391
123884,124760,876,0,GE-Phrase,261,123162,126484,3322,876,1.0,722,-1724
123884,124760,876,0,GE-Phase,stroke,123543,125275,1732,876,1.0,341,-515
124760,125900,1140,0,GE-Phrase,261,123162,126484,3322,1140,1.0,1598,-584
124760,125900,1140,0,GE-Phase,stroke,123543,125275,1732,515,0.452,1217,625
124760,125900,1140,0,GE-Phase,retraction,125275,126484,1209,625,0.548,-515,-584
125900,127426,1526,0,GE-Phrase,261,123162,126484,3322,584,0.383,2738,942
125900,127426,1526,0,GE-Phase,retraction,125275,126484,1209,584,0.383,625,942
131400,132715,1315,0,GE-Phrase,262,128821,132202,3381,802,0.61,2579,513
131400,132715,1315,0,GE-Phrase,263,132202,134077,1875,513,0.39,-802,-1362
131400,132715,1315,0,GE-Phase,stroke,131270,132202,932,802,0.61,130,513
131400,132715,1315,0,GE-Phase,preparation,132202,132712,510,510,0.388,-802,3
131400,132715,1315,0,GE-Phase,stroke,132712,133300,588,3,0.002,-1312,-585
132715,134762,2047,0,GE-Phrase,263,132202,134077,1875,1362,0.665,513,685
132715,134762,2047,0,GE-Phrase,264,134077,135782,1705,685,0.335,-1362,-1020
132715,134762,2047,0,GE-Phase,stroke,132712,133300,588,585,0.286,3,1462
132715,134762,2047,0,GE-Phase,retraction,133300,134077,777,777,0.38,-585,685
132715,134762,2047,0,GE-Phase,preparation,134077,134927,850,685,0.335,-1362,-165
136371,137155,784,0,GE-Phrase,265,135782,138288,2506,784,1.0,589,-1133
136371,137155,784,0,GE-Phase,preparation,135782,136557,775,186,0.237,589,598
136371,137155,784,0,GE-Phase,stroke,136557,137175,618,598,0.763,-186,-20
137155,137394,239,0,GE-Phrase,265,135782,138288,2506,239,1.0,1373,-894
137155,137394,239,0,GE-Phase,stroke,136557,137175,618,20,0.084,598,219
137155,137394,239,0,GE-Phase,retraction,137175,138288,1113,219,0.916,-20,-894
141050,143026,1976,0,GE-Phrase,266,138288,141167,2879,117,0.059,2762,1859
141050,143026,1976,0,GE-Phrase,267,141167,142467,1300,1300,0.658,-117,559
141050,143026,1976,0,GE-Phrase,268,142467,145380,2913,559,0.283,-1417,-2354
141050,143026,1976,0,GE-Phase,stroke,139895,141167,1272,117,0.059,1155,1859
141050,143026,1976,0,GE-Phase,stroke,141167,142045,878,878,0.444,-117,981
141050,143026,1976,0,GE-Phase,hold,142045,142467,422,422,0.214,-995,559
141050,143026,1976,0,GE-Phase,preparation,142467,143704,1237,559,0.283,-1417,-678
149300,150432,1132,0,GE-Phrase,270,147413,149490,2077,190,0.168,1887,942
149300,150432,1132,0,GE-Phrase,271,149490,151803,2313,942,0.832,-190,-1371
149300,150432,1132,0,GE-Phase,hold,148742,149490,748,190,0.168,558,942
149300,150432,1132,0,GE-Phase,preparation,149490,150125,635,635,0.561,-190,307
149300,150432,1132,0,GE-Phase,stroke,150125,151219,1094,307,0.271,-825,-787
81434,82665,1231,0,GE-Phrase,212,80290,82836,2546,1231,1.0,1144,-171
81434,82665,1231,0,GE-Phase,preparation,80290,81436,1146,2,0.002,1144,1229
81434,82665,1231,0,GE-Phase,stroke,81436,82836,1400,1229,0.998,-2,-171
83403,84702,1299,0,GE-Phrase,213,82836,85414,2578,1299,1.0,567,-712
83403,84702,1299,0,GE-Phase,stroke,82836,84829,1993,1299,1.0,567,-127
84702,85886,1184,0,GE-Phrase,213,82836,85414,2578,712,0.601,1866,472
84702,85886,1184,0,GE-Phrase,214,85414,86507,1093,472,0.399,-712,-621
84702,85886,1184,0,GE-Phase,stroke,82836,84829,1993,127,0.107,1866,1057
84702,85886,1184,0,GE-Phase,retraction,84829,85414,585,585,0.494,-127,472
84702,85886,1184,0,GE-Phase,stroke,85414,86507,1093,472,0.399,-712,-621
81434,82665,1231,0,GE-Phrase,212,80290,82836,2546,1231,1.0,1144,-171
81434,82665,1231,0,GE-Phase,preparation,80290,81436,1146,2,0.002,1144,1229
81434,82665,1231,0,GE-Phase,stroke,81436,82836,1400,1229,0.998,-2,-171
83403,84702,1299,0,GE-Phrase,213,82836,85414,2578,1299,1.0,567,-712
83403,84702,1299,0,GE-Phase,stroke,82836,84829,1993,1299,1.0,567,-127
84702,85886,1184,0,GE-Phrase,213,82836,85414,2578,712,0.601,1866,472
84702,85886,1184,0,GE-Phrase,214,85414,86507,1093,472,0.399,-712,-621
84702,85886,1184,0,GE-Phase,stroke,82836,84829,1993,127,0.107,1866,1057
84702,85886,1184,0,GE-Phase,retraction,84829,85414,585,585,0.494,-127,472
84702,85886,1184,0,GE-Phase,stroke,85414,86507,1093,472,0.399,-712,-621
81434,82665,1231,0,GE-Phrase,212,80290,82836,2546,1231,1.0,1144,-171
81434,82665,1231,0,GE-Phase,preparation,80290,81436,1146,2,0.002,1144,1229
81434,82665,1231,0,GE-Phase,stroke,81436,82836,1400,1229,0.998,-2,-171
83403,84702,1299,0,GE-Phrase,213,82836,85414,2578,1299,1.0,567,-712
83403,84702,1299,0,GE-Phase,stroke,82836,84829,1993,1299,1.0,567,-127
84702,85886,1184,0,GE-Phrase,213,82836,85414,2578,712,0.601,1866,472
84702,85886,1184,0,GE-Phrase,214,85414,86507,1093,472,0.399,-712,-621
84702,85886,1184,0,GE-Phase,stroke,82836,84829,1993,127,0.107,1866,1057
84702,85886,1184,0,GE-Phase,retraction,84829,85414,585,585,0.494,-127,472
84702,85886,1184,0,GE-Phase,stroke,85414,86507,1093,472,0.399,-712,-621
81434,82665,1231,0,GE-Phrase,212,80290,82836,2546,1231,1.0,1144,-171
81434,82665,1231,0,GE-Phase,preparation,80290,81436,1146,2,0.002,1144,1229
81434,82665,1231,0,GE-Phase,stroke,81436,82836,1400,1229,0.998,-2,-171
83403,84702,1299,0,GE-Phrase,213,82836,85414,2578,1299,1.0,567,-712
83403,84702,1299,0,GE-Phase,stroke,82836,84829,1993,1299,1.0,567,-127
84702,85886,1184,0,GE-Phrase,213,82836,85414,2578,712,0.601,1866,472
84702,85886,1184,0,GE-Phrase,214,85414,86507,1093,472,0.399,-712,-621
84702,85886,1184,0,GE-Phase,stroke,82836,84829,1993,127,0.107,1866,1057
84702,85886,1184,0,GE-Phase,retraction,84829,85414,585,585,0.494,-127,472
84702,85886,1184,0,GE-Phase,stroke,85414,86507,1093,472,0.399,-712,-621
81434,82665,1231,0,GE-Phrase,212,80290,82836,2546,1231,1.0,1144,-171
81434,82665,1231,0,GE-Phase,preparation,80290,81436,1146,2,0.002,1144,1229
81434,82665,1231,0,GE-Phase,stroke,81436,82836,1400,1229,0.998,-2,-171
83403,84702,1299,0,GE-Phrase,213,82836,85414,2578,1299,1.0,567,-712
83403,84702,1299,0,GE-Phase,stroke,82836,84829,1993,1299,1.0,567,-127
84702,85886,1184,0,GE-Phrase,213,82836,85414,2578,712,0.601,1866,472
84702,85886,1184,0,GE-Phrase,214,85414,86507,1093,472,0.399,-712,-621
84702,85886,1184,0,GE-Phase,stroke,82836,84829,1993,127,0.107,1866,1057
84702,85886,1184,0,GE-Phase,retraction,84829,85414,585,585,0.494,-127,472
84702,85886,1184,0,GE-Phase,stroke,85414,86507,1093,472,0.399,-712,-621
81434,82665,1231,0,GE-Phrase,212,80290,82836,2546,1231,1.0,1144,-171
81434,82665,1231,0,GE-Phase,preparation,80290,81436,1146,2,0.002,1144,1229
81434,82665,1231,0,GE-Phase,stroke,81436,82836,1400,1229,0.998,-2,-171
83403,84702,1299,0,GE-Phrase,213,82836,85414,2578,1299,1.0,567,-712
83403,84702,1299,0,GE-Phase,stroke,82836,84829,1993,1299,1.0,567,-127
84702,85886,1184,0,GE-Phrase,213,82836,85414,2578,712,0.601,1866,472
84702,85886,1184,0,GE-Phrase,214,85414,86507,1093,472,0.399,-712,-621
84702,85886,1184,0,GE-Phase,stroke,82836,84829,1993,127,0.107,1866,1057
84702,85886,1184,0,GE-Phase,retraction,84829,85414,585,585,0.494,-127,472
84702,85886,1184,0,GE-Phase,stroke,85414,86507,1093,472,0.399,-712,-621
81434,82665,1231,0,GE-Phrase,212,80290,82836,2546,1231,1.0,1144,-171
81434,82665,1231,0,GE-Phase,preparation,80290,81436,1146,2,0.002,1144,1229
81434,82665,1231,0,GE-Phase,stroke,81436,82836,1400,1229,0.998,-2,-171
83403,84702,1299,0,GE-Phrase,213,82836,85414,2578,1299,1.0,567,-712
83403,84702,1299,0,GE-Phase,stroke,82836,84829,1993,1299,1.0,567,-127
84702,85886,1184,0,GE-Phrase,213,82836,85414,2578,712,0.601,1866,472
84702,85886,1184,0,GE-Phrase,214,85414,86507,1093,472,0.399,-712,-621
84702,85886,1184,0,GE-Phase,stroke,82836,84829,1993,127,0.107,1866,1057
84702,85886,1184,0,GE-Phase,retraction,84829,85414,585,585,0.494,-127,472
84702,85886,1184,0,GE-Phase,stroke,85414,86507,1093,472,0.399,-712,-621
81434,82665,1231,0,GE-Phrase,212,80290,82836,2546,1231,1.0,1144,-171
81434,82665,1231,0,GE-Phase,preparation,80290,81436,1146,2,0.002,1144,1229
81434,82665,1231,0,GE-Phase,stroke,81436,82836,1400,1229,0.998,-2,-171
83403,84702,1299,0,GE-Phrase,213,82836,85414,2578,1299,1.0,567,-712
83403,84702,1299,0,GE-Phase,stroke,82836,84829,1993,1299,1.0,567,-127
84702,85886,1184,0,GE-Phrase,213,82836,85414,2578,712,0.601,1866,472
84702,85886,1184,0,GE-Phrase,214,85414,86507,1093,472,0.399,-712,-621
84702,85886,1184,0,GE-Phase,stroke,82836,84829,1993,127,0.107,1866,1057
84702,85886,1184,0,GE-Phase,retraction,84829,85414,585,585,0.494,-127,472
84702,85886,1184,0,GE-Phase,stroke,85414,86507,1093,472,0.399,-712,-621
81434,82665,1231,0,GE-Phrase,212,80290,82836,2546,1231,1.0,1144,-171
81434,82665,1231,0,GE-Phase,preparation,80290,81436,1146,2,0.002,1144,1229
81434,82665,1231,0,GE-Phase,stroke,81436,82836,1400,1229,0.998,-2,-171
83403,84702,1299,0,GE-Phrase,213,82836,85414,2578,1299,1.0,567,-712
83403,84702,1299,0,GE-Phase,stroke,82836,84829,1993,1299,1.0,567,-127
84702,85886,1184,0,GE-Phrase,213,82836,85414,2578,712,0.601,1866,472
84702,85886,1184,0,GE-Phrase,214,85414,86507,1093,472,0.399,-712,-621
84702,85886,1184,0,GE-Phase,stroke,82836,84829,1993,127,0.107,1866,1057
84702,85886,1184,0,GE-Phase,retraction,84829,85414,585,585,0.494,-127,472
84702,85886,1184,0,GE-Phase,stroke,85414,86507,1093,472,0.399,-712,-621
81434,82665,1231,0,GE-Phrase,212,80290,82836,2546,1231,1.0,1144,-171
81434,82665,1231,0,GE-Phase,preparation,80290,81436,1146,2,0.002,1144,1229
81434,82665,1231,0,GE-Phase,stroke,81436,82836,1400,1229,0.998,-2,-171
83403,84702,1299,0,GE-Phrase,213,82836,85414,2578,1299,1.0,567,-712
83403,84702,1299,0,GE-Phase,stroke,82836,84829,1993,1299,1.0,567,-127
84702,85886,1184,0,GE-Phrase,213,82836,85414,2578,712,0.601,1866,472
84702,85886,1184,0,GE-Phrase,214,85414,86507,1093,472,0.399,-712,-621
84702,85886,1184,0,GE-Phase,stroke,82836,84829,1993,127,0.107,1866,1057
84702,85886,1184,0,GE-Phase,retraction,84829,85414,585,585,0.494,-127,472
84702,85886,1184,0,GE-Phase,stroke,85414,86507,1093,472,0.399,-712,-621
81434,82665,1231,0,GE-Phrase,212,80290,82836,2546,1231,1.0,1144,-171
81434,82665,1231,0,GE-Phase,preparation,80290,81436,1146,2,0.002,1144,1229
81434,82665,1231,0,GE-Phase,stroke,81436,82836,1400,1229,0.998,-2,-171
83403,84702,1299,0,GE-Phrase,213,82836,85414,2578,1299,1.0,567,-712
83403,84702,1299,0,GE-Phase,stroke,82836,84829,1993,1299,1.0,567,-127
84702,85886,1184,0,GE-Phrase,213,82836,85414,2578,712,0.601,1866,472
84702,85886,1184,0,GE-Phrase,214,85414,86507,1093,472,0.399,-712,-621
84702,85886,1184,0,GE-Phase,stroke,82836,84829,1993,127,0.107,1866,1057
84702,85886,1184,0,GE-Phase,retraction,84829,85414,585,585,0.494,-127,472
84702,85886,1184,0,GE-Phase,stroke,85414,86507,1093,472,0.399,-712,-621
81434,82665,1231,0,GE-Phrase,212,80290,82836,2546,1231,1.0,1144,-171
81434,82665,1231,0,GE-Phase,preparation,80290,81436,1146,2,0.002,1144,1229
81434,82665,1231,0,GE-Phase,stroke,81436,82836,1400,1229,0.998,-2,-171
83403,84702,1299,0,GE-Phrase,213,82836,85414,2578,1299,1.0,567,-712
83403,84702,1299,0,GE-Phase,stroke,82836,84829,1993,1299,1.0,567,-127
84702,85886,1184,0,GE-Phrase,213,82836,85414,2578,712,0.601,1866,472
84702,85886,1184,0,GE-Phrase,214,85414,86507,1093,472,0.399,-712,-621
84702,85886,1184,0,GE-Phase,stroke,82836,84829,1993,127,0.107,1866,1057
84702,85886,1184,0,GE-Phase,retraction,84829,85414,585,585,0.494,-127,472
84702,85886,1184,0,GE-Phase,stroke,85414,86507,1093,472,0.399,-712,-621
81434,82665,1231,0,GE-Phrase,212,80290,82836,2546,1231,1.0,1144,-171
81434,82665,1231,0,GE-Phase,preparation,80290,81436,1146,2,0.002,1144,1229
81434,82665,1231,0,GE-Phase,stroke,81436,82836,1400,1229,0.998,-2,-171
83403,84702,1299,0,GE-Phrase,213,82836,85414,2578,1299,1.0,567,-712
83403,84702,1299,0,GE-Phase,stroke,82836,84829,1993,1299,1.0,567,-127
84702,85886,1184,0,GE-Phrase,213,82836,85414,2578,712,0.601,1866,472
84702,85886,1184,0,GE-Phrase,214,85414,86507,1093,472,0.399,-712,-621
84702,85886,1184,0,GE-Phase,stroke,82836,84829,1993,127,0.107,1866,1057
84702,85886,1184,0,GE-Phase,retraction,84829,85414,585,585,0.494,-127,472
84702,85886,1184,0,GE-Phase,stroke,85414,86507,1093,472,0.399,-712,-621
81434,82665,1231,0,GE-Phrase,212,80290,82836,2546,1231,1.0,1144,-171
81434,82665,1231,0,GE-Phase,preparation,80290,81436,1146,2,0.002,1144,1229
81434,82665,1231,0,GE-Phase,stroke,81436,82836,1400,1229,0.998,-2,-171
83403,84702,1299,0,GE-Phrase,213,82836,85414,2578,1299,1.0,567,-712
83403,84702,1299,0,GE-Phase,stroke,82836,84829,1993,1299,1.0,567,-127
84702,85886,1184,0,GE-Phrase,213,82836,85414,2578,712,0.601,1866,472
84702,85886,1184,0,GE-Phrase,214,85414,86507,1093,472,0.399,-712,-621
84702,85886,1184,0,GE-Phase,stroke,82836,84829,1993,127,0.107,1866,1057
84702,85886,1184,0,GE-Phase,retraction,84829,85414,585,585,0.494,-127,472
84702,85886,1184,0,GE-Phase,stroke,85414,86507,1093,472,0.399,-712,-621
81434,82665,1231,0,GE-Phrase,212,80290,82836,2546,1231,1.0,1144,-171
81434,82665,1231,0,GE-Phase,preparation,80290,81436,1146,2,0.002,1144,1229
81434,82665,1231,0,GE-Phase,stroke,81436,82836,1400,1229,0.998,-2,-171
83403,84702,1299,0,GE-Phrase,213,82836,85414,2578,1299,1.0,567,-712
83403,84702,1299,0,GE-Phase,stroke,82836,84829,1993,1299,1.0,567,-127
84702,85886,1184,0,GE-Phrase,213,82836,85414,2578,712,0.601,1866,472
84702,85886,1184,0,GE-Phrase,214,85414,86507,1093,472,0.399,-712,-621
84702,85886,1184,0,GE-Phase,stroke,82836,84829,1993,127,0.107,1866,1057
84702,85886,1184,0,GE-Phase,retraction,84829,85414,585,585,0.494,-127,472
84702,85886,1184,0,GE-Phase,stroke,85414,86507,1093,472,0.399,-712,-621
81434,82665,1231,0,GE-Phrase,212,80290,82836,2546,1231,1.0,1144,-171
81434,82665,1231,0,GE-Phase,preparation,80290,81436,1146,2,0.002,1144,1229
81434,82665,1231,0,GE-Phase,stroke,81436,82836,1400,1229,0.998,-2,-171
83403,84702,1299,0,GE-Phrase,213,82836,85414,2578,1299,1.0,567,-712
83403,84702,1299,0,GE-Phase,stroke,82836,84829,1993,1299,1.0,567,-127
84702,85886,1184,0,GE-Phrase,213,82836,85414,2578,712,0.601,1866,472
84702,85886,1184,0,GE-Phrase,214,85414,86507,1093,472,0.399,-712,-621
84702,85886,1184,0,GE-Phase,stroke,82836,84829,1993,127,0.107,1866,1057
84702,85886,1184,0,GE-Phase,retraction,84829,85414,585,585,0.494,-127,472
84702,85886,1184,0,GE-Phase,stroke,85414,86507,1093,472,0.399,-712,-621
81434,82665,1231,0,GE-Phrase,212,80290,82836,2546,1231,1.0,1144,-171
81434,82665,1231,0,GE-Phase,preparation,80290,81436,1146,2,0.002,1144,1229
81434,82665,1231,0,GE-Phase,stroke,81436,82836,1400,1229,0.998,-2,-171
83403,84702,1299,0,GE-Phrase,213,82836,85414,2578,1299,1.0,567,-712
83403,84702,1299,0,GE-Phase,stroke,82836,84829,1993,1299,1.0,567,-127
84702,85886,1184,0,GE-Phrase,213,82836,85414,2578,712,0.601,1866,472
84702,85886,1184,0,GE-Phrase,214,85414,86507,1093,472,0.399,-712,-621
84702,85886,1184,0,GE-Phase,stroke,82836,84829,1993,127,0.107,1866,1057
84702,85886,1184,0,GE-Phase,retraction,84829,85414,585,585,0.494,-127,472
84702,85886,1184,0,GE-Phase,stroke,85414,86507,1093,472,0.399,-712,-621
81434,82665,1231,0,GE-Phrase,212,80290,82836,2546,1231,1.0,1144,-171
81434,82665,1231,0,GE-Phase,preparation,80290,81436,1146,2,0.002,1144,1229
81434,82665,1231,0,GE-Phase,stroke,81436,82836,1400,1229,0.998,-2,-171
83403,84702,1299,0,GE-Phrase,213,82836,85414,2578,1299,1.0,567,-712
83403,84702,1299,0,GE-Phase,stroke,82836,84829,1993,1299,1.0,567,-127
84702,85886,1184,0,GE-Phrase,213,82836,85414,2578,712,0.601,1866,472
84702,85886,1184,0,GE-Phrase,214,85414,86507,1093,472,0.399,-712,-621
84702,85886,1184,0,GE-Phase,stroke,82836,84829,1993,127,0.107,1866,1057
84702,85886,1184,0,GE-Phase,retraction,84829,85414,585,585,0.494,-127,472
84702,85886,1184,0,GE-Phase,stroke,85414,86507,1093,472,0.399,-712,-621
81434,82665,1231,0,GE-Phrase,212,80290,82836,2546,1231,1.0,1144,-171
81434,82665,1231,0,GE-Phase,preparation,80290,81436,1146,2,0.002,1144,1229
81434,82665,1231,0,GE-Phase,stroke,81436,82836,1400,1229,0.998,-2,-171
83403,84702,1299,0,GE-Phrase,213,82836,85414,2578,1299,1.0,567,-712
83403,84702,1299,0,GE-Phase,stroke,82836,84829,1993,1299,1.0,567,-127
84702,85886,1184,0,GE-Phrase,213,82836,85414,2578,712,0.601,1866,472
84702,85886,1184,0,GE-Phrase,214,85414,86507,1093,472,0.399,-712,-621
84702,85886,1184,0,GE-Phase,stroke,82836,84829,1993,127,0.107,1866,1057
84702,85886,1184,0,GE-Phase,retraction,84829,85414,585,585,0.494,-127,472
84702,85886,1184,0,GE-Phase,stroke,85414,86507,1093,472,0.399,-712,-621
81434,82665,1231,0,GE-Phrase,212,80290,82836,2546,1231,1.0,1144,-171
81434,82665,1231,0,GE-Phase,preparation,80290,81436,1146,2,0.002,1144,1229
81434,82665,1231,0,GE-Phase,stroke,81436,82836,1400,1229,0.998,-2,-171
83403,84702,1299,0,GE-Phrase,213,82836,85414,2578,1299,1.0,567,-712
83403,84702,1299,0,GE-Phase,stroke,82836,84829,1993,1299,1.0,567,-127
84702,85886,1184,0,GE-Phrase,213,82836,85414,2578,712,0.601,1866,472
84702,85886,1184,0,GE-Phrase,214,85414,86507,1093,472,0.399,-712,-621
84702,85886,1184,0,GE-Phase,stroke,82836,84829,1993,127,0.107,1866,1057
84702,85886,1184,0,GE-Phase,retraction,84829,85414,585,585,0.494,-127,472
84702,85886,1184,0,GE-Phase,stroke,85414,86507,1093,472,0.399,-712,-621
81434,82665,1231,0,GE-Phrase,212,80290,82836,2546,1231,1.0,1144,-171
81434,82665,1231,0,GE-Phase,preparation,80290,81436,1146,2,0.002,1144,1229
81434,82665,1231,0,GE-Phase,stroke,81436,82836,1400,1229,0.998,-2,-171
83403,84702,1299,0,GE-Phrase,213,82836,85414,2578,1299,1.0,567,-712
83403,84702,1299,0,GE-Phase,stroke,82836,84829,1993,1299,1.0,567,-127
84702,85886,1184,0,GE-Phrase,213,82836,85414,2578,712,0.601,1866,472
84702,85886,1184,0,GE-Phrase,214,85414,86507,1093,472,0.399,-712,-621
84702,85886,1184,0,GE-Phase,stroke,82836,84829,1993,127,0.107,1866,1057
84702,85886,1184,0,GE-Phase,retraction,84829,85414,585,585,0.494,-127,472
84702,85886,1184,0,GE-Phase,stroke,85414,86507,1093,472,0.399,-712,-621
81434,82665,1231,0,GE-Phrase,212,80290,82836,2546,1231,1.0,1144,-171
81434,82665,1231,0,GE-Phase,preparation,80290,81436,1146,2,0.002,1144,1229
81434,82665,1231,0,GE-Phase,stroke,81436,82836,1400,1229,0.998,-2,-171
83403,84702,1299,0,GE-Phrase,213,82836,85414,2578,1299,1.0,567,-712
83403,84702,1299,0,GE-Phase,stroke,82836,84829,1993,1299,1.0,567,-127
84702,85886,1184,0,GE-Phrase,213,82836,85414,2578,712,0.601,1866,472
84702,85886,1184,0,GE-Phrase,214,85414,86507,1093,472,0.399,-712,-621
84702,85886,1184,0,GE-Phase,stroke,82836,84829,1993,127,0.107,1866,1057
84702,85886,1184,0,GE-Phase,retraction,84829,85414,585,585,0.494,-127,472
84702,85886,1184,0,GE-Phase,stroke,85414,86507,1093,472,0.399,-712,-621
81434,82665,1231,0,GE-Phrase,212,80290,82836,2546,1231,1.0,1144,-171
81434,82665,1231,0,GE-Phase,preparation,80290,81436,1146,2,0.002,1144,1229
81434,82665,1231,0,GE-Phase,stroke,81436,82836,1400,1229,0.998,-2,-171
83403,84702,1299,0,GE-Phrase,213,82836,85414,2578,1299,1.0,567,-712
83403,84702,1299,0,GE-Phase,stroke,82836,84829,1993,1299,1.0,567,-127
84702,85886,1184,0,GE-Phrase,213,82836,85414,2578,712,0.601,1866,472
84702,85886,1184,0,GE-Phrase,214,85414,86507,1093,472,0.399,-712,-621
84702,85886,1184,0,GE-Phase,stroke,82836,84829,1993,127,0.107,1866,1057
84702,85886,1184,0,GE-Phase,retraction,84829,85414,585,585,0.494,-127,472
84702,85886,1184,0,GE-Phase,stroke,85414,86507,1093,472,0.399,-712,-621
81434,82665,1231,0,GE-Phrase,212,80290,82836,2546,1231,1.0,1144,-171
81434,82665,1231,0,GE-Phase,preparation,80290,81436,1146,2,0.002,1144,1229
81434,82665,1231,0,GE-Phase,stroke,81436,82836,1400,1229,0.998,-2,-171
83403,84702,1299,0,GE-Phrase,213,82836,85414,2578,1299,1.0,567,-712
83403,84702,1299,0,GE-Phase,stroke,82836,84829,1993,1299,1.0,567,-127
84702,85886,1184,0,GE-Phrase,213,82836,85414,2578,712,0.601,1866,472
84702,85886,1184,0,GE-Phrase,214,85414,86507,1093,472,0.399,-712,-621
84702,85886,1184,0,GE-Phase,stroke,82836,84829,1993,127,0.107,1866,1057
84702,85886,1184,0,GE-Phase,retraction,84829,85414,585,585,0.494,-127,472
84702,85886,1184,0,GE-Phase,stroke,85414,86507,1093,472,0.399,-712,-621
81434,82665,1231,0,GE-Phrase,212,80290,82836,2546,1231,1.0,1144,-171
81434,82665,1231,0,GE-Phase,preparation,80290,81436,1146,2,0.002,1144,1229
81434,82665,1231,0,GE-Phase,stroke,81436,82836,1400,1229,0.998,-2,-171
83403,84702,1299,0,GE-Phrase,213,82836,85414,2578,1299,1.0,567,-712
83403,84702,1299,0,GE-Phase,stroke,82836,84829,1993,1299,1.0,567,-127
84702,85886,1184,0,GE-Phrase,213,82836,85414,2578,712,0.601,1866,472
84702,85886,1184,0,GE-Phrase,214,85414,86507,1093,472,0.399,-712,-621
84702,85886,1184,0,GE-Phase,stroke,82836,84829,1993,127,0.107,1866,1057
84702,85886,1184,0,GE-Phase,retraction,84829,85414,585,585,0.494,-127,472
84702,85886,1184,0,GE-Phase,stroke,85414,86507,1093,472,0.399,-712,-621
81434,82665,1231,0,GE-Phrase,212,80290,82836,2546,1231,1.0,1144,-171
81434,82665,1231,0,GE-Phase,preparation,80290,81436,1146,2,0.002,1144,1229
81434,82665,1231,0,GE-Phase,stroke,81436,82836,1400,1229,0.998,-2,-171
83403,84702,1299,0,GE-Phrase,213,82836,85414,2578,1299,1.0,567,-712
83403,84702,1299,0,GE-Phase,stroke,82836,84829,1993,1299,1.0,567,-127
84702,85886,1184,0,GE-Phrase,213,82836,85414,2578,712,0.601,1866,472
84702,85886,1184,0,GE-Phrase,214,85414,86507,1093,472,0.399,-712,-621
84702,85886,1184,0,GE-Phase,stroke,82836,84829,1993,127,0.107,1866,1057
84702,85886,1184,0,GE-Phase,retraction,84829,85414,585,585,0.494,-127,472
84702,85886,1184,0,GE-Phase,stroke,85414,86507,1093,472,0.399,-712,-621
81434,82665,1231,0,GE-Phrase,212,80290,82836,2546,1231,1.0,1144,-171
81434,82665,1231,0,GE-Phase,preparation,80290,81436,1146,2,0.002,1144,1229
81434,82665,1231,0,GE-Phase,stroke,81436,82836,1400,1229,0.998,-2,-171
83403,84702,1299,0,GE-Phrase,213,82836,85414,2578,1299,1.0,567,-712
83403,84702,1299,0,GE-Phase,stroke,82836,84829,1993,1299,1.0,567,-127
84702,85886,1184,0,GE-Phrase,213,82836,85414,2578,712,0.601,1866,472
84702,85886,1184,0,GE-Phrase,214,85414,86507,1093,472,0.399,-712,-621
84702,85886,1184,0,GE-Phase,stroke,82836,84829,1993,127,0.107,1866,1057
84702,85886,1184,0,GE-Phase,retraction,84829,85414,585,585,0.494,-127,472
84702,85886,1184,0,GE-Phase,stroke,85414,86507,1093,472,0.399,-712,-621
81434,82665,1231,0,GE-Phrase,212,80290,82836,2546,1231,1.0,1144,-171
81434,82665,1231,0,GE-Phase,preparation,80290,81436,1146,2,0.002,1144,1229
81434,82665,1231,0,GE-Phase,stroke,81436,82836,1400,1229,0.998,-2,-171
83403,84702,1299,0,GE-Phrase,213,82836,85414,2578,1299,1.0,567,-712
83403,84702,1299,0,GE-Phase,stroke,82836,84829,1993,1299,1.0,567,-127
84702,85886,1184,0,GE-Phrase,213,82836,85414,2578,712,0.601,1866,472
84702,85886,1184,0,GE-Phrase,214,85414,86507,1093,472,0.399,-712,-621
84702,85886,1184,0,GE-Phase,stroke,82836,84829,1993,127,0.107,1866,1057
84702,85886,1184,0,GE-Phase,retraction,84829,85414,585,585,0.494,-127,472
84702,85886,1184,0,GE-Phase,stroke,85414,86507,1093,472,0.399,-712,-621
81434,82665,1231,0,GE-Phrase,212,80290,82836,2546,1231,1.0,1144,-171
81434,82665,1231,0,GE-Phase,preparation,80290,81436,1146,2,0.002,1144,1229
81434,82665,1231,0,GE-Phase,stroke,81436,82836,1400,1229,0.998,-2,-171
83403,84702,1299,0,GE-Phrase,213,82836,85414,2578,1299,1.0,567,-712
83403,84702,1299,0,GE-Phase,stroke,82836,84829,1993,1299,1.0,567,-127
84702,85886,1184,0,GE-Phrase,213,82836,85414,2578,712,0.601,1866,472
84702,85886,1184,0,GE-Phrase,214,85414,86507,1093,472,0.399,-712,-621
84702,85886,1184,0,GE-Phase,stroke,82836,84829,1993,127,0.107,1866,1057
84702,85886,1184,0,GE-Phase,retraction,84829,85414,585,585,0.494,-127,472
84702,85886,1184,0,GE-Phase,stroke,85414,86507,1093,472,0.399,-712,-621
81434,82665,1231,0,GE-Phrase,212,80290,82836,2546,1231,1.0,1144,-171
81434,82665,1231,0,GE-Phase,preparation,80290,81436,1146,2,0.002,1144,1229
81434,82665,1231,0,GE-Phase,stroke,81436,82836,1400,1229,0.998,-2,-171
83403,84702,1299,0,GE-Phrase,213,82836,85414,2578,1299,1.0,567,-712
83403,84702,1299,0,GE-Phase,stroke,82836,84829,1993,1299,1.0,567,-127
84702,85886,1184,0,GE-Phrase,213,82836,85414,2578,712,0.601,1866,472
84702,85886,1184,0,GE-Phrase,214,85414,86507,1093,472,0.399,-712,-621
84702,85886,1184,0,GE-Phase,stroke,82836,84829,1993,127,0.107,1866,1057
84702,85886,1184,0,GE-Phase,retraction,84829,85414,585,585,0.494,-127,472
84702,85886,1184,0,GE-Phase,stroke,85414,86507,1093,472,0.399,-712,-621
81434,82665,1231,0,GE-Phrase,212,80290,82836,2546,1231,1.0,1144,-171
81434,82665,1231,0,GE-Phase,preparation,80290,81436,1146,2,0.002,1144,1229
81434,82665,1231,0,GE-Phase,stroke,81436,82836,1400,1229,0.998,-2,-171
83403,84702,1299,0,GE-Phrase,213,82836,85414,2578,1299,1.0,567,-712
83403,84702,1299,0,GE-Phase,stroke,82836,84829,1993,1299,1.0,567,-127
84702,85886,1184,0,GE-Phrase,213,82836,85414,2578,712,0.601,1866,472
84702,85886,1184,0,GE-Phrase,214,85414,86507,1093,472,0.399,-712,-621
84702,85886,1184,0,GE-Phase,stroke,82836,84829,1993,127,0.107,1866,1057
84702,85886,1184,0,GE-Phase,retraction,84829,85414,585,585,0.494,-127,472
84702,85886,1184,0,GE-Phase,stroke,85414,86507,1093,472,0.399,-712,-621
81434,82665,1231,0,GE-Phrase,212,80290,82836,2546,1231,1.0,1144,-171
81434,82665,1231,0,GE-Phase,preparation,80290,81436,1146,2,0.002,1144,1229
81434,82665,1231,0,GE-Phase,stroke,81436,82836,1400,1229,0.998,-2,-171
83403,84702,1299,0,GE-Phrase,213,82836,85414,2578,1299,1.0,567,-712
83403,84702,1299,0,GE-Phase,stroke,82836,84829,1993,1299,1.0,567,-127
84702,85886,1184,0,GE-Phrase,213,82836,85414,2578,712,0.601,1866,472
84702,85886,1184,0,GE-Phrase,214,85414,86507,1093,472,0.399,-712,-621
84702,85886,1184,0,GE-Phase,stroke,82836,84829,1993,127,0.107,1866,1057
84702,85886,1184,0,GE-Phase,retraction,84829,85414,585,585,0.494,-127,472
84702,85886,1184,0,GE-Phase,stroke,85414,86507,1093,472,0.399,-712,-621
81434,82665,1231,0,GE-Phrase,212,80290,82836,2546,1231,1.0,1144,-171
81434,82665,1231,0,GE-Phase,preparation,80290,81436,1146,2,0.002,1144,1229
81434,82665,1231,0,GE-Phase,stroke,81436,82836,1400,1229,0.998,-2,-171
83403,84702,1299,0,GE-Phrase,213,82836,85414,2578,1299,1.0,567,-712
83403,84702,1299,0,GE-Phase,stroke,82836,84829,1993,1299,1.0,567,-127
84702,85886,1184,0,GE-Phrase,213,82836,85414,2578,712,0.601,1866,472
84702,85886,1184,0,GE-Phrase,214,85414,86507,1093,472,0.399,-712,-621
84702,85886,1184,0,GE-Phase,stroke,82836,84829,1993,127,0.107,1866,1057
84702,85886,1184,0,GE-Phase,retraction,84829,85414,585,585,0.494,-127,472
84702,85886,1184,0,GE-Phase,stroke,85414,86507,1093,472,0.399,-712,-621
81434,82665,1231,0,GE-Phrase,212,80290,82836,2546,1231,1.0,1144,-171
81434,82665,1231,0,GE-Phase,preparation,80290,81436,1146,2,0.002,1144,1229
81434,82665,1231,0,GE-Phase,stroke,81436,82836,1400,1229,0.998,-2,-171
83403,84702,1299,0,GE-Phrase,213,82836,85414,2578,1299,1.0,567,-712
83403,84702,1299,0,GE-Phase,stroke,82836,84829,1993,1299,1.0,567,-127
84702,85886,1184,0,GE-Phrase,213,82836,85414,2578,712,0.601,1866,472
84702,85886,1184,0,GE-Phrase,214,85414,86507,1093,472,0.399,-712,-621
84702,85886,1184,0,GE-Phase,stroke,82836,84829,1993,127,0.107,1866,1057
84702,85886,1184,0,GE-Phase,retraction,84829,85414,585,585,0.494,-127,472
84702,85886,1184,0,GE-Phase,stroke,85414,86507,1093,472,0.399,-712,-621
81434,82665,1231,0,GE-Phrase,212,80290,82836,2546,1231,1.0,1144,-171
81434,82665,1231,0,GE-Phase,preparation,80290,81436,1146,2,0.002,1144,1229
81434,82665,1231,0,GE-Phase,stroke,81436,82836,1400,1229,0.998,-2,-171
83403,84702,1299,0,GE-Phrase,213,82836,85414,2578,1299,1.0,567,-712
83403,84702,1299,0,GE-Phase,stroke,82836,84829,1993,1299,1.0,567,-127
84702,85886,1184,0,GE-Phrase,213,82836,85414,2578,712,0.601,1866,472
84702,85886,1184,0,GE-Phrase,214,85414,86507,1093,472,0.399,-712,-621
84702,85886,1184,0,GE-Phase,stroke,82836,84829,1993,127,0.107,1866,1057
84702,85886,1184,0,GE-Phase,retraction,84829,85414,585,585,0.494,-127,472
84702,85886,1184,0,GE-Phase,stroke,85414,86507,1093,472,0.399,-712,-621
81434,82665,1231,0,GE-Phrase,212,80290,82836,2546,1231,1.0,1144,-171
81434,82665,1231,0,GE-Phase,preparation,80290,81436,1146,2,0.002,1144,1229
81434,82665,1231,0,GE-Phase,stroke,81436,82836,1400,1229,0.998,-2,-171
83403,84702,1299,0,GE-Phrase,213,82836,85414,2578,1299,1.0,567,-712
83403,84702,1299,0,GE-Phase,stroke,82836,84829,1993,1299,1.0,567,-127
84702,85886,1184,0,GE-Phrase,213,82836,85414,2578,712,0.601,1866,472
84702,85886,1184,0,GE-Phrase,214,85414,86507,1093,472,0.399,-712,-621
84702,85886,1184,0,GE-Phase,stroke,82836,84829,1993,127,0.107,1866,1057
84702,85886,1184,0,GE-Phase,retraction,84829,85414,585,585,0.494,-127,472
84702,85886,1184,0,GE-Phase,stroke,85414,86507,1093,472,0.399,-712,-621
81434,82665,1231,0,GE-Phrase,212,80290,82836,2546,1231,1.0,1144,-171
81434,82665,1231,0,GE-Phase,preparation,80290,81436,1146,2,0.002,1144,1229
81434,82665,1231,0,GE-Phase,stroke,81436,82836,1400,1229,0.998,-2,-171
83403,84702,1299,0,GE-Phrase,213,82836,85414,2578,1299,1.0,567,-712
83403,84702,1299,0,GE-Phase,stroke,82836,84829,1993,1299,1.0,567,-127
84702,85886,1184,0,GE-Phrase,213,82836,85414,2578,712,0.601,1866,472
84702,85886,1184,0,GE-Phrase,214,85414,86507,1093,472,0.399,-712,-621
84702,85886,1184,0,GE-Phase,stroke,82836,84829,1993,127,0.107,1866,1057
84702,85886,1184,0,GE-Phase,retraction,84829,85414,585,585,0.494,-127,472
84702,85886,1184,0,GE-Phase,stroke,85414,86507,1093,472,0.399,-712,-621
81434,82665,1231,0,GE-Phrase,212,80290,82836,2546,1231,1.0,1144,-171
81434,82665,1231,0,GE-Phase,preparation,80290,81436,1146,2,0.002,1144,1229
81434,82665,1231,0,GE-Phase,stroke,81436,82836,1400,1229,0.998,-2,-171
83403,84702,1299,0,GE-Phrase,213,82836,85414,2578,1299,1.0,567,-712
83403,84702,1299,0,GE-Phase,stroke,82836,84829,1993,1299,1.0,567,-127
84702,85886,1184,0,GE-Phrase,213,82836,85414,2578,712,0.601,1866,472
84702,85886,1184,0,GE-Phrase,214,85414,86507,1093,472,0.399,-712,-621
84702,85886,1184,0,GE-Phase,stroke,82836,84829,1993,127,0.107,1866,1057
84702,85886,1184,0,GE-Phase,retraction,84829,85414,585,585,0.494,-127,472
84702,85886,1184,0,GE-Phase,stroke,85414,86507,1093,472,0.399,-712,-621
81434,82665,1231,0,GE-Phrase,212,80290,82836,2546,1231,1.0,1144,-171
81434,82665,1231,0,GE-Phase,preparation,80290,81436,1146,2,0.002,1144,1229
81434,82665,1231,0,GE-Phase,stroke,81436,82836,1400,1229,0.998,-2,-171
83403,84702,1299,0,GE-Phrase,213,82836,85414,2578,1299,1.0,567,-712
83403,84702,1299,0,GE-Phase,stroke,82836,84829,1993,1299,1.0,567,-127
84702,85886,1184,0,GE-Phrase,213,82836,85414,2578,712,0.601,1866,472
84702,85886,1184,0,GE-Phrase,214,85414,86507,1093,472,0.399,-712,-621
84702,85886,1184,0,GE-Phase,stroke,82836,84829,1993,127,0.107,1866,1057
84702,85886,1184,0,GE-Phase,retraction,84829,85414,585,585,0.494,-127,472
84702,85886,1184,0,GE-Phase,stroke,85414,86507,1093,472,0.399,-712,-621
81434,82665,1231,0,GE-Phrase,212,80290,82836,2546,1231,1.0,1144,-171
81434,82665,1231,0,GE-Phase,preparation,80290,81436,1146,2,0.002,1144,1229
81434,82665,1231,0,GE-Phase,stroke,81436,82836,1400,1229,0.998,-2,-171
83403,84702,1299,0,GE-Phrase,213,82836,85414,2578,1299,1.0,567,-712
83403,84702,1299,0,GE-Phase,stroke,82836,84829,1993,1299,1.0,567,-127
84702,85886,1184,0,GE-Phrase,213,82836,85414,2578,712,0.601,1866,472
84702,85886,1184,0,GE-Phrase,214,85414,86507,1093,472,0.399,-712,-621
84702,85886,1184,0,GE-Phase,stroke,82836,84829,1993,127,0.107,1866,1057
84702,85886,1184,0,GE-Phase,retraction,84829,85414,585,585,0.494,-127,472
84702,85886,1184,0,GE-Phase,stroke,85414,86507,1093,472,0.399,-712,-621
81434,82665,1231,0,GE-Phrase,212,80290,82836,2546,1231,1.0,1144,-171
81434,82665,1231,0,GE-Phase,preparation,80290,81436,1146,2,0.002,1144,1229
81434,82665,1231,0,GE-Phase,stroke,81436,82836,1400,1229,0.998,-2,-171
83403,84702,1299,0,GE-Phrase,213,82836,85414,2578,1299,1.0,567,-712
83403,84702,1299,0,GE-Phase,stroke,82836,84829,1993,1299,1.0,567,-127
84702,85886,1184,0,GE-Phrase,213,82836,85414,2578,712,0.601,1866,472
84702,85886,1184,0,GE-Phrase,214,85414,86507,1093,472,0.399,-712,-621
84702,85886,1184,0,GE-Phase,stroke,82836,84829,1993,127,0.107,1866,1057
84702,85886,1184,0,GE-Phase,retraction,84829,85414,585,585,0.494,-127,472
84702,85886,1184,0,GE-Phase,stroke,85414,86507,1093,472,0.399,-712,-621
81434,82665,1231,0,GE-Phrase,212,80290,82836,2546,1231,1.0,1144,-171
81434,82665,1231,0,GE-Phase,preparation,80290,81436,1146,2,0.002,1144,1229
81434,82665,1231,0,GE-Phase,stroke,81436,82836,1400,1229,0.998,-2,-171
83403,84702,1299,0,GE-Phrase,213,82836,85414,2578,1299,1.0,567,-712
83403,84702,1299,0,GE-Phase,stroke,82836,84829,1993,1299,1.0,567,-127
84702,85886,1184,0,GE-Phrase,213,82836,85414,2578,712,0.601,1866,472
84702,85886,1184,0,GE-Phrase,214,85414,86507,1093,472,0.399,-712,-621
84702,85886,1184,0,GE-Phase,stroke,82836,84829,1993,127,0.107,1866,1057
84702,85886,1184,0,GE-Phase,retraction,84829,85414,585,585,0.494,-127,472
84702,85886,1184,0,GE-Phase,stroke,85414,86507,1093,472,0.399,-712,-621
81434,82665,1231,0,GE-Phrase,212,80290,82836,2546,1231,1.0,1144,-171
81434,82665,1231,0,GE-Phase,preparation,80290,81436,1146,2,0.002,1144,1229
81434,82665,1231,0,GE-Phase,stroke,81436,82836,1400,1229,0.998,-2,-171
83403,84702,1299,0,GE-Phrase,213,82836,85414,2578,1299,1.0,567,-712
83403,84702,1299,0,GE-Phase,stroke,82836,84829,1993,1299,1.0,567,-127
84702,85886,1184,0,GE-Phrase,213,82836,85414,2578,712,0.601,1866,472
84702,85886,1184,0,GE-Phrase,214,85414,86507,1093,472,0.399,-712,-621
84702,85886,1184,0,GE-Phase,stroke,82836,84829,1993,127,0.107,1866,1057
84702,85886,1184,0,GE-Phase,retraction,84829,85414,585,585,0.494,-127,472
84702,85886,1184,0,GE-Phase,stroke,85414,86507,1093,472,0.399,-712,-621
81434,82665,1231,0,GE-Phrase,212,80290,82836,2546,1231,1.0,1144,-171
81434,82665,1231,0,GE-Phase,preparation,80290,81436,1146,2,0.002,1144,1229
81434,82665,1231,0,GE-Phase,stroke,81436,82836,1400,1229,0.998,-2,-171
83403,84702,1299,0,GE-Phrase,213,82836,85414,2578,1299,1.0,567,-712
83403,84702,1299,0,GE-Phase,stroke,82836,84829,1993,1299,1.0,567,-127
84702,85886,1184,0,GE-Phrase,213,82836,85414,2578,712,0.601,1866,472
84702,85886,1184,0,GE-Phrase,214,85414,86507,1093,472,0.399,-712,-621
84702,85886,1184,0,GE-Phase,stroke,82836,84829,1993,127,0.107,1866,1057
84702,85886,1184,0,GE-Phase,retraction,84829,85414,585,585,0.494,-127,472
84702,85886,1184,0,GE-Phase,stroke,85414,86507,1093,472,0.399,-712,-621
81434,82665,1231,0,GE-Phrase,212,80290,82836,2546,1231,1.0,1144,-171
81434,82665,1231,0,GE-Phase,preparation,80290,81436,1146,2,0.002,1144,1229
81434,82665,1231,0,GE-Phase,stroke,81436,82836,1400,1229,0.998,-2,-171
83403,84702,1299,0,GE-Phrase,213,82836,85414,2578,1299,1.0,567,-712
83403,84702,1299,0,GE-Phase,stroke,82836,84829,1993,1299,1.0,567,-127
84702,85886,1184,0,GE-Phrase,213,82836,85414,2578,712,0.601,1866,472
84702,85886,1184,0,GE-Phrase,214,85414,86507,1093,472,0.399,-712,-621
84702,85886,1184,0,GE-Phase,stroke,82836,84829,1993,127,0.107,1866,1057
84702,85886,1184,0,GE-Phase,retraction,84829,85414,585,585,0.494,-127,472
84702,85886,1184,0,GE-Phase,stroke,85414,86507,1093,472,0.399,-712,-621
81434,82665,1231,0,GE-Phrase,212,80290,82836,2546,1231,1.0,1144,-171
81434,82665,1231,0,GE-Phase,preparation,80290,81436,1146,2,0.002,1144,1229
81434,82665,1231,0,GE-Phase,stroke,81436,82836,1400,1229,0.998,-2,-171
83403,84702,1299,0,GE-Phrase,213,82836,85414,2578,1299,1.0,567,-712
83403,84702,1299,0,GE-Phase,stroke,82836,84829,1993,1299,1.0,567,-127
84702,85886,1184,0,GE-Phrase,213,82836,85414,2578,712,0.601,1866,472
84702,85886,1184,0,GE-Phrase,214,85414,86507,1093,472,0.399,-712,-621
84702,85886,1184,0,GE-Phase,stroke,82836,84829,1993,127,0.107,1866,1057
84702,85886,1184,0,GE-Phase,retraction,84829,85414,585,585,0.494,-127,472
84702,85886,1184,0,GE-Phase,stroke,85414,86507,1093,472,0.399,-712,-621
81434,82665,1231,0,GE-Phrase,212,80290,82836,2546,1231,1.0,1144,-171
81434,82665,1231,0,GE-Phase,preparation,80290,81436,1146,2,0.002,1144,1229
81434,82665,1231,0,GE-Phase,stroke,81436,82836,1400,1229,0.998,-2,-171
83403,84702,1299,0,GE-Phrase,213,82836,85414,2578,1299,1.0,567,-712
83403,84702,1299,0,GE-Phase,stroke,82836,84829,1993,1299,1.0,567,-127
84702,85886,1184,0,GE-Phrase,213,82836,85414,2578,712,0.601,1866,472
84702,85886,1184,0,GE-Phrase,214,85414,86507,1093,472,0.399,-712,-621
84702,85886,1184,0,GE-Phase,stroke,82836,84829,1993,127,0.107,1866,1057
84702,85886,1184,0,GE-Phase,retraction,84829,85414,585,585,0.494,-127,472
84702,85886,1184,0,GE-Phase,stroke,85414,86507,1093,472,0.399,-712,-621
81434,82665,1231,0,GE-Phrase,212,80290,82836,2546,1231,1.0,1144,-171
81434,82665,1231,0,GE-Phase,preparation,80290,81436,1146,2,0.002,1144,1229
81434,82665,1231,0,GE-Phase,stroke,81436,82836,1400,1229,0.998,-2,-171
83403,84702,1299,0,GE-Phrase,213,82836,85414,2578,1299,1.0,567,-712
83403,84702,1299,0,GE-Phase,stroke,82836,84829,1993,1299,1.0,567,-127
84702,85886,1184,0,GE-Phrase,213,82836,85414,2578,712,0.601,1866,472
84702,85886,1184,0,GE-Phrase,214,85414,86507,1093,472,0.399,-712,-621
84702,85886,1184,0,GE-Phase,stroke,82836,84829,1993,127,0.107,1866,1057
84702,85886,1184,0,GE-Phase,retraction,84829,85414,585,585,0.494,-127,472
84702,85886,1184,0,GE-Phase,stroke,85414,86507,1093,472,0.399,-712,-621
81434,82665,1231,0,GE-Phrase,212,80290,82836,2546,1231,1.0,1144,-171
81434,82665,1231,0,GE-Phase,preparation,80290,81436,1146,2,0.002,1144,1229
81434,82665,1231,0,GE-Phase,stroke,81436,82836,1400,1229,0.998,-2,-171
83403,84702,1299,0,GE-Phrase,213,82836,85414,2578,1299,1.0,567,-712
83403,84702,1299,0,GE-Phase,stroke,82836,84829,1993,1299,1.0,567,-127
84702,85886,1184,0,GE-Phrase,213,82836,85414,2578,712,0.601,1866,472
84702,85886,1184,0,GE-Phrase,214,85414,86507,1093,472,0.399,-712,-621
84702,85886,1184,0,GE-Phase,stroke,82836,84829,1993,127,0.107,1866,1057
84702,85886,1184,0,GE-Phase,retraction,84829,85414,585,585,0.494,-127,472
84702,85886,1184,0,GE-Phase,stroke,85414,86507,1093,472,0.399,-712,-621
81434,82665,1231,0,GE-Phrase,212,80290,82836,2546,1231,1.0,1144,-171
81434,82665,1231,0,GE-Phase,preparation,80290,81436,1146,2,0.002,1144,1229
81434,82665,1231,0,GE-Phase,stroke,81436,82836,1400,1229,0.998,-2,-171
83403,84702,1299,0,GE-Phrase,213,82836,85414,2578,1299,1.0,567,-712
83403,84702,1299,0,GE-Phase,stroke,82836,84829,1993,1299,1.0,567,-127
84702,85886,1184,0,GE-Phrase,213,82836,85414,2578,712,0.601,1866,472
84702,85886,1184,0,GE-Phrase,214,85414,86507,1093,472,0.399,-712,-621
84702,85886,1184,0,GE-Phase,stroke,82836,84829,1993,127,0.107,1866,1057
84702,85886,1184,0,GE-Phase,retraction,84829,85414,585,585,0.494,-127,472
84702,85886,1184,0,GE-Phase,stroke,85414,86507,1093,472,0.399,-712,-621
81434,82665,1231,0,GE-Phrase,212,80290,82836,2546,1231,1.0,1144,-171
81434,82665,1231,0,GE-Phase,preparation,80290,81436,1146,2,0.002,1144,1229
81434,82665,1231,0,GE-Phase,stroke,81436,82836,1400,1229,0.998,-2,-171
83403,84702,1299,0,GE-Phrase,213,82836,85414,2578,1299,1.0,567,-712
83403,84702,1299,0,GE-Phase,stroke,82836,84829,1993,1299,1.0,567,-127
84702,85886,1184,0,GE-Phrase,213,82836,85414,2578,712,0.601,1866,472
84702,85886,1184,0,GE-Phrase,214,85414,86507,1093,472,0.399,-712,-621
84702,85886,1184,0,GE-Phase,stroke,82836,84829,1993,127,0.107,1866,1057
84702,85886,1184,0,GE-Phase,retraction,84829,85414,585,585,0.494,-127,472
84702,85886,1184,0,GE-Phase,stroke,85414,86507,1093,472,0.399,-712,-621
81434,82665,1231,0,GE-Phrase,212,80290,82836,2546,1231,1.0,1144,-171
81434,82665,1231,0,GE-Phase,preparation,80290,81436,1146,2,0.002,1144,1229
81434,82665,1231,0,GE-Phase,stroke,81436,82836,1400,1229,0.998,-2,-171
83403,84702,1299,0,GE-Phrase,213,82836,85414,2578,1299,1.0,567,-712
83403,84702,1299,0,GE-Phase,stroke,82836,84829,1993,1299,1.0,567,-127
84702,85886,1184,0,GE-Phrase,213,82836,85414,2578,712,0.601,1866,472
84702,85886,1184,0,GE-Phrase,214,85414,86507,1093,472,0.399,-712,-621
84702,85886,1184,0,GE-Phase,stroke,82836,84829,1993,127,0.107,1866,1057
84702,85886,1184,0,GE-Phase,retraction,84829,85414,585,585,0.494,-127,472
84702,85886,1184,0,GE-Phase,stroke,85414,86507,1093,472,0.399,-712,-621
81434,82665,1231,0,GE-Phrase,212,80290,82836,2546,1231,1.0,1144,-171
81434,82665,1231,0,GE-Phase,preparation,80290,81436,1146,2,0.002,1144,1229
81434,82665,1231,0,GE-Phase,stroke,81436,82836,1400,1229,0.998,-2,-171
83403,84702,1299,0,GE-Phrase,213,82836,85414,2578,1299,1.0,567,-712
83403,84702,1299,0,GE-Phase,stroke,82836,84829,1993,1299,1.0,567,-127
84702,85886,1184,0,GE-Phrase,213,82836,85414,2578,712,0.601,1866,472
84702,85886,1184,0,GE-Phrase,214,85414,86507,1093,472,0.399,-712,-621
84702,85886,1184,0,GE-Phase,stroke,82836,84829,1993,127,0.107,1866,1057
84702,85886,1184,0,GE-Phase,retraction,84829,85414,585,585,0.494,-127,472
84702,85886,1184,0,GE-Phase,stroke,85414,86507,1093,472,0.399,-712,-621
81434,82665,1231,0,GE-Phrase,212,80290,82836,2546,1231,1.0,1144,-171
81434,82665,1231,0,GE-Phase,preparation,80290,81436,1146,2,0.002,1144,1229
81434,82665,1231,0,GE-Phase,stroke,81436,82836,1400,1229,0.998,-2,-171
83403,84702,1299,0,GE-Phrase,213,82836,85414,2578,1299,1.0,567,-712
83403,84702,1299,0,GE-Phase,stroke,82836,84829,1993,1299,1.0,567,-127
84702,85886,1184,0,GE-Phrase,213,82836,85414,2578,712,0.601,1866,472
84702,85886,1184,0,GE-Phrase,214,85414,86507,1093,472,0.399,-712,-621
84702,85886,1184,0,GE-Phase,stroke,82836,84829,1993,127,0.107,1866,1057
84702,85886,1184,0,GE-Phase,retraction,84829,85414,585,585,0.494,-127,472
84702,85886,1184,0,GE-Phase,stroke,85414,86507,1093,472,0.399,-712,-621
81434,82665,1231,0,GE-Phrase,212,80290,82836,2546,1231,1.0,1144,-171
81434,82665,1231,0,GE-Phase,preparation,80290,81436,1146,2,0.002,1144,1229
81434,82665,1231,0,GE-Phase,stroke,81436,82836,1400,1229,0.998,-2,-171
83403,84702,1299,0,GE-Phrase,213,82836,85414,2578,1299,1.0,567,-712
83403,84702,1299,0,GE-Phase,stroke,82836,84829,1993,1299,1.0,567,-127
84702,85886,1184,0,GE-Phrase,213,82836,85414,2578,712,0.601,1866,472
84702,85886,1184,0,GE-Phrase,214,85414,86507,1093,472,0.399,-712,-621
84702,85886,1184,0,GE-Phase,stroke,82836,84829,1993,127,0.107,1866,1057
84702,85886,1184,0,GE-Phase,retraction,84829,85414,585,585,0.494,-127,472
84702,85886,1184,0,GE-Phase,stroke,85414,86507,1093,472,0.399,-712,-621
81434,82665,1231,0,GE-Phrase,212,80290,82836,2546,1231,1.0,1144,-171
81434,82665,1231,0,GE-Phase,preparation,80290,81436,1146,2,0.002,1144,1229
81434,82665,1231,0,GE-Phase,stroke,81436,82836,1400,1229,0.998,-2,-171
83403,84702,1299,0,GE-Phrase,213,82836,85414,2578,1299,1.0,567,-712
83403,84702,1299,0,GE-Phase,stroke,82836,84829,1993,1299,1.0,567,-127
84702,85886,1184,0,GE-Phrase,213,82836,85414,2578,712,0.601,1866,472
84702,85886,1184,0,GE-Phrase,214,85414,86507,1093,472,0.399,-712,-621
84702,85886,1184,0,GE-Phase,stroke,82836,84829,1993,127,0.107,1866,1057
84702,85886,1184,0,GE-Phase,retraction,84829,85414,585,585,0.494,-127,472
84702,85886,1184,0,GE-Phase,stroke,85414,86507,1093,472,0.399,-712,-621
81434,82665,1231,0,GE-Phrase,212,80290,82836,2546,1231,1.0,1144,-171
81434,82665,1231,0,GE-Phase,preparation,80290,81436,1146,2,0.002,1144,1229
81434,82665,1231,0,GE-Phase,stroke,81436,82836,1400,1229,0.998,-2,-171
83403,84702,1299,0,GE-Phrase,213,82836,85414,2578,1299,1.0,567,-712
83403,84702,1299,0,GE-Phase,stroke,82836,84829,1993,1299,1.0,567,-127
84702,85886,1184,0,GE-Phrase,213,82836,85414,2578,712,0.601,1866,472
84702,85886,1184,0,GE-Phrase,214,85414,86507,1093,472,0.399,-712,-621
84702,85886,1184,0,GE-Phase,stroke,82836,84829,1993,127,0.107,1866,1057
84702,85886,1184,0,GE-Phase,retraction,84829,85414,585,585,0.494,-127,472
84702,85886,1184,0,GE-Phase,stroke,85414,86507,1093,472,0.399,-712,-621
81434,82665,1231,0,GE-Phrase,212,80290,82836,2546,1231,1.0,1144,-171
81434,82665,1231,0,GE-Phase,preparation,80290,81436,1146,2,0.002,1144,1229
81434,82665,1231,0,GE-Phase,stroke,81436,82836,1400,1229,0.998,-2,-171
83403,84702,1299,0,GE-Phrase,213,82836,85414,2578,1299,1.0,567,-712
83403,84702,1299,0,GE-Phase,stroke,82836,84829,1993,1299,1.0,567,-127
84702,85886,1184,0,GE-Phrase,213,82836,85414,2578,712,0.601,1866,472
84702,85886,1184,0,GE-Phrase,214,85414,86507,1093,472,0.399,-712,-621
84702,85886,1184,0,GE-Phase,stroke,82836,84829,1993,127,0.107,1866,1057
84702,85886,1184,0,GE-Phase,retraction,84829,85414,585,585,0.494,-127,472
84702,85886,1184,0,GE-Phase,stroke,85414,86507,1093,472,0.399,-712,-621
81434,82665,1231,0,GE-Phrase,212,80290,82836,2546,1231,1.0,1144,-171
81434,82665,1231,0,GE-Phase,preparation,80290,81436,1146,2,0.002,1144,1229
81434,82665,1231,0,GE-Phase,stroke,81436,82836,1400,1229,0.998,-2,-171
83403,84702,1299,0,GE-Phrase,213,82836,85414,2578,1299,1.0,567,-712
83403,84702,1299,0,GE-Phase,stroke,82836,84829,1993,1299,1.0,567,-127
84702,85886,1184,0,GE-Phrase,213,82836,85414,2578,712,0.601,1866,472
84702,85886,1184,0,GE-Phrase,214,85414,86507,1093,472,0.399,-712,-621
84702,85886,1184,0,GE-Phase,stroke,82836,84829,1993,127,0.107,1866,1057
84702,85886,1184,0,GE-Phase,retraction,84829,85414,585,585,0.494,-127,472
84702,85886,1184,0,GE-Phase,stroke,85414,86507,1093,472,0.399,-712,-621
81434,82665,1231,0,GE-Phrase,212,80290,82836,2546,1231,1.0,1144,-171
81434,82665,1231,0,GE-Phase,preparation,80290,81436,1146,2,0.002,1144,1229
81434,82665,1231,0,GE-Phase,stroke,81436,82836,1400,1229,0.998,-2,-171
83403,84702,1299,0,GE-Phrase,213,82836,85414,2578,1299,1.0,567,-712
83403,84702,1299,0,GE-Phase,stroke,82836,84829,1993,1299,1.0,567,-127
84702,85886,1184,0,GE-Phrase,213,82836,85414,2578,712,0.601,1866,472
84702,85886,1184,0,GE-Phrase,214,85414,86507,1093,472,0.399,-712,-621
84702,85886,1184,0,GE-Phase,stroke,82836,84829,1993,127,0.107,1866,1057
84702,85886,1184,0,GE-Phase,retraction,84829,85414,585,585,0.494,-127,472
84702,85886,1184,0,GE-Phase,stroke,85414,86507,1093,472,0.399,-712,-621
81434,82665,1231,0,GE-Phrase,212,80290,82836,2546,1231,1.0,1144,-171
81434,82665,1231,0,GE-Phase,preparation,80290,81436,1146,2,0.002,1144,1229
81434,82665,1231,0,GE-Phase,stroke,81436,82836,1400,1229,0.998,-2,-171
83403,84702,1299,0,GE-Phrase,213,82836,85414,2578,1299,1.0,567,-712
83403,84702,1299,0,GE-Phase,stroke,82836,84829,1993,1299,1.0,567,-127
84702,85886,1184,0,GE-Phrase,213,82836,85414,2578,712,0.601,1866,472
84702,85886,1184,0,GE-Phrase,214,85414,86507,1093,472,0.399,-712,-621
84702,85886,1184,0,GE-Phase,stroke,82836,84829,1993,127,0.107,1866,1057
84702,85886,1184,0,GE-Phase,retraction,84829,85414,585,585,0.494,-127,472
84702,85886,1184,0,GE-Phase,stroke,85414,86507,1093,472,0.399,-712,-621
81434,82665,1231,0,GE-Phrase,212,80290,82836,2546,1231,1.0,1144,-171
81434,82665,1231,0,GE-Phase,preparation,80290,81436,1146,2,0.002,1144,1229
81434,82665,1231,0,GE-Phase,stroke,81436,82836,1400,1229,0.998,-2,-171
83403,84702,1299,0,GE-Phrase,213,82836,85414,2578,1299,1.0,567,-712
83403,84702,1299,0,GE-Phase,stroke,82836,84829,1993,1299,1.0,567,-127
84702,85886,1184,0,GE-Phrase,213,82836,85414,2578,712,0.601,1866,472
84702,85886,1184,0,GE-Phrase,214,85414,86507,1093,472,0.399,-712,-621
84702,85886,1184,0,GE-Phase,stroke,82836,84829,1993,127,0.107,1866,1057
84702,85886,1184,0,GE-Phase,retraction,84829,85414,585,585,0.494,-127,472
84702,85886,1184,0,GE-Phase,stroke,85414,86507,1093,472,0.399,-712,-621
81434,82665,1231,0,GE-Phrase,212,80290,82836,2546,1231,1.0,1144,-171
81434,82665,1231,0,GE-Phase,preparation,80290,81436,1146,2,0.002,1144,1229
81434,82665,1231,0,GE-Phase,stroke,81436,82836,1400,1229,0.998,-2,-171
83403,84702,1299,0,GE-Phrase,213,82836,85414,2578,1299,1.0,567,-712
83403,84702,1299,0,GE-Phase,stroke,82836,84829,1993,1299,1.0,567,-127
84702,85886,1184,0,GE-Phrase,213,82836,85414,2578,712,0.601,1866,472
84702,85886,1184,0,GE-Phrase,214,85414,86507,1093,472,0.399,-712,-621
84702,85886,1184,0,GE-Phase,stroke,82836,84829,1993,127,0.107,1866,1057
84702,85886,1184,0,GE-Phase,retraction,84829,85414,585,585,0.494,-127,472
84702,85886,1184,0,GE-Phase,stroke,85414,86507,1093,472,0.399,-712,-621
81434,82665,1231,0,GE-Phrase,212,80290,82836,2546,1231,1.0,1144,-171
81434,82665,1231,0,GE-Phase,preparation,80290,81436,1146,2,0.002,1144,1229
81434,82665,1231,0,GE-Phase,stroke,81436,82836,1400,1229,0.998,-2,-171
83403,84702,1299,0,GE-Phrase,213,82836,85414,2578,1299,1.0,567,-712
83403,84702,1299,0,GE-Phase,stroke,82836,84829,1993,1299,1.0,567,-127
84702,85886,1184,0,GE-Phrase,213,82836,85414,2578,712,0.601,1866,472
84702,85886,1184,0,GE-Phrase,214,85414,86507,1093,472,0.399,-712,-621
84702,85886,1184,0,GE-Phase,stroke,82836,84829,1993,127,0.107,1866,1057
84702,85886,1184,0,GE-Phase,retraction,84829,85414,585,585,0.494,-127,472
84702,85886,1184,0,GE-Phase,stroke,85414,86507,1093,472,0.399,-712,-621
81434,82665,1231,0,GE-Phrase,212,80290,82836,2546,1231,1.0,1144,-171
81434,82665,1231,0,GE-Phase,preparation,80290,81436,1146,2,0.002,1144,1229
81434,82665,1231,0,GE-Phase,stroke,81436,82836,1400,1229,0.998,-2,-171
83403,84702,1299,0,GE-Phrase,213,82836,85414,2578,1299,1.0,567,-712
83403,84702,1299,0,GE-Phase,stroke,82836,84829,1993,1299,1.0,567,-127
84702,85886,1184,0,GE-Phrase,213,82836,85414,2578,712,0.601,1866,472
84702,85886,1184,0,GE-Phrase,214,85414,86507,1093,472,0.399,-712,-621
84702,85886,1184,0,GE-Phase,stroke,82836,84829,1993,127,0.107,1866,1057
84702,85886,1184,0,GE-Phase,retraction,84829,85414,585,585,0.494,-127,472
84702,85886,1184,0,GE-Phase,stroke,85414,86507,1093,472,0.399,-712,-621
81434,82665,1231,0,GE-Phrase,212,80290,82836,2546,1231,1.0,1144,-171
81434,82665,1231,0,GE-Phase,preparation,80290,81436,1146,2,0.002,1144,1229
81434,82665,1231,0,GE-Phase,stroke,81436,82836,1400,1229,0.998,-2,-171
83403,84702,1299,0,GE-Phrase,213,82836,85414,2578,1299,1.0,567,-712
83403,84702,1299,0,GE-Phase,stroke,82836,84829,1993,1299,1.0,567,-127
84702,85886,1184,0,GE-Phrase,213,82836,85414,2578,712,0.601,1866,472
84702,85886,1184,0,GE-Phrase,214,85414,86507,1093,472,0.399,-712,-621
84702,85886,1184,0,GE-Phase,stroke,82836,84829,1993,127,0.107,1866,1057
84702,85886,1184,0,GE-Phase,retraction,84829,85414,585,585,0.494,-127,472
84702,85886,1184,0,GE-Phase,stroke,85414,86507,1093,472,0.399,-712,-621
81434,82665,1231,0,GE-Phrase,212,80290,82836,2546,1231,1.0,1144,-171
81434,82665,1231,0,GE-Phase,preparation,80290,81436,1146,2,0.002,1144,1229
81434,82665,1231,0,GE-Phase,stroke,81436,82836,1400,1229,0.998,-2,-171
83403,84702,1299,0,GE-Phrase,213,82836,85414,2578,1299,1.0,567,-712
83403,84702,1299,0,GE-Phase,stroke,82836,84829,1993,1299,1.0,567,-127
84702,85886,1184,0,GE-Phrase,213,82836,85414,2578,712,0.601,1866,472
84702,85886,1184,0,GE-Phrase,214,85414,86507,1093,472,0.399,-712,-621
84702,85886,1184,0,GE-Phase,stroke,82836,84829,1993,127,0.107,1866,1057
84702,85886,1184,0,GE-Phase,retraction,84829,85414,585,585,0.494,-127,472
84702,85886,1184,0,GE-Phase,stroke,85414,86507,1093,472,0.399,-712,-621
81434,82665,1231,0,GE-Phrase,212,80290,82836,2546,1231,1.0,1144,-171
81434,82665,1231,0,GE-Phase,preparation,80290,81436,1146,2,0.002,1144,1229
81434,82665,1231,0,GE-Phase,stroke,81436,82836,1400,1229,0.998,-2,-171
83403,84702,1299,0,GE-Phrase,213,82836,85414,2578,1299,1.0,567,-712
83403,84702,1299,0,GE-Phase,stroke,82836,84829,1993,1299,1.0,567,-127
84702,85886,1184,0,GE-Phrase,213,82836,85414,2578,712,0.601,1866,472
84702,85886,1184,0,GE-Phrase,214,85414,86507,1093,472,0.399,-712,-621
84702,85886,1184,0,GE-Phase,stroke,82836,84829,1993,127,0.107,1866,1057
84702,85886,1184,0,GE-Phase,retraction,84829,85414,585,585,0.494,-127,472
84702,85886,1184,0,GE-Phase,stroke,85414,86507,1093,472,0.399,-712,-621
81434,82665,1231,0,GE-Phrase,212,80290,82836,2546,1231,1.0,1144,-171
81434,82665,1231,0,GE-Phase,preparation,80290,81436,1146,2,0.002,1144,1229
81434,82665,1231,0,GE-Phase,stroke,81436,82836,1400,1229,0.998,-2,-171
83403,84702,1299,0,GE-Phrase,213,82836,85414,2578,1299,1.0,567,-712
83403,84702,1299,0,GE-Phase,stroke,82836,84829,1993,1299,1.0,567,-127
84702,85886,1184,0,GE-Phrase,213,82836,85414,2578,712,0.601,1866,472
84702,85886,1184,0,GE-Phrase,214,85414,86507,1093,472,0.399,-712,-621
84702,85886,1184,0,GE-Phase,stroke,82836,84829,1993,127,0.107,1866,1057
84702,85886,1184,0,GE-Phase,retraction,84829,85414,585,585,0.494,-127,472
84702,85886,1184,0,GE-Phase,stroke,85414,86507,1093,472,0.399,-712,-621
81434,82665,1231,0,GE-Phrase,212,80290,82836,2546,1231,1.0,1144,-171
81434,82665,1231,0,GE-Phase,preparation,80290,81436,1146,2,0.002,1144,1229
81434,82665,1231,0,GE-Phase,stroke,81436,82836,1400,1229,0.998,-2,-171
83403,84702,1299,0,GE-Phrase,213,82836,85414,2578,1299,1.0,567,-712
83403,84702,1299,0,GE-Phase,stroke,82836,84829,1993,1299,1.0,567,-127
84702,85886,1184,0,GE-Phrase,213,82836,85414,2578,712,0.601,1866,472
84702,85886,1184,0,GE-Phrase,214,85414,86507,1093,472,0.399,-712,-621
84702,85886,1184,0,GE-Phase,stroke,82836,84829,1993,127,0.107,1866,1057
84702,85886,1184,0,GE-Phase,retraction,84829,85414,585,585,0.494,-127,472
84702,85886,1184,0,GE-Phase,stroke,85414,86507,1093,472,0.399,-712,-621
81434,82665,1231,0,GE-Phrase,212,80290,82836,2546,1231,1.0,1144,-171
81434,82665,1231,0,GE-Phase,preparation,80290,81436,1146,2,0.002,1144,1229
81434,82665,1231,0,GE-Phase,stroke,81436,82836,1400,1229,0.998,-2,-171
83403,84702,1299,0,GE-Phrase,213,82836,85414,2578,1299,1.0,567,-712
83403,84702,1299,0,GE-Phase,stroke,82836,84829,1993,1299,1.0,567,-127
84702,85886,1184,0,GE-Phrase,213,82836,85414,2578,712,0.601,1866,472
84702,85886,1184,0,GE-Phrase,214,85414,86507,1093,472,0.399,-712,-621
84702,85886,1184,0,GE-Phase,stroke,82836,84829,1993,127,0.107,1866,1057
84702,85886,1184,0,GE-Phase,retraction,84829,85414,585,585,0.494,-127,472
84702,85886,1184,0,GE-Phase,stroke,85414,86507,1093,472,0.399,-712,-621
81434,82665,1231,0,GE-Phrase,212,80290,82836,2546,1231,1.0,1144,-171
81434,82665,1231,0,GE-Phase,preparation,80290,81436,1146,2,0.002,1144,1229
81434,82665,1231,0,GE-Phase,stroke,81436,82836,1400,1229,0.998,-2,-171
83403,84702,1299,0,GE-Phrase,213,82836,85414,2578,1299,1.0,567,-712
83403,84702,1299,0,GE-Phase,stroke,82836,84829,1993,1299,1.0,567,-127
84702,85886,1184,0,GE-Phrase,213,82836,85414,2578,712,0.601,1866,472
84702,85886,1184,0,GE-Phrase,214,85414,86507,1093,472,0.399,-712,-621
84702,85886,1184,0,GE-Phase,stroke,82836,84829,1993,127,0.107,1866,1057
84702,85886,1184,0,GE-Phase,retraction,84829,85414,585,585,0.494,-127,472
84702,85886,1184,0,GE-Phase,stroke,85414,86507,1093,472,0.399,-712,-621
81434,82665,1231,0,GE-Phrase,212,80290,82836,2546,1231,1.0,1144,-171
81434,82665,1231,0,GE-Phase,preparation,80290,81436,1146,2,0.002,1144,1229
81434,82665,1231,0,GE-Phase,stroke,81436,82836,1400,1229,0.998,-2,-171
83403,84702,1299,0,GE-Phrase,213,82836,85414,2578,1299,1.0,567,-712
83403,84702,1299,0,GE-Phase,stroke,82836,84829,1993,1299,1.0,567,-127
84702,85886,1184,0,GE-Phrase,213,82836,85414,2578,712,0.601,1866,472
84702,85886,1184,0,GE-Phrase,214,85414,86507,1093,472,0.399,-712,-621
84702,85886,1184,0,GE-Phase,stroke,82836,84829,1993,127,0.107,1866,1057
84702,85886,1184,0,GE-Phase,retraction,84829,85414,585,585,0.494,-127,472
84702,85886,1184,0,GE-Phase,stroke,85414,86507,1093,472,0.399,-712,-621
81434,82665,1231,0,GE-Phrase,212,80290,82836,2546,1231,1.0,1144,-171
81434,82665,1231,0,GE-Phase,preparation,80290,81436,1146,2,0.002,1144,1229
81434,82665,1231,0,GE-Phase,stroke,81436,82836,1400,1229,0.998,-2,-171
83403,84702,1299,0,GE-Phrase,213,82836,85414,2578,1299,1.0,567,-712
83403,84702,1299,0,GE-Phase,stroke,82836,84829,1993,1299,1.0,567,-127
84702,85886,1184,0,GE-Phrase,213,82836,85414,2578,712,0.601,1866,472
84702,85886,1184,0,GE-Phrase,214,85414,86507,1093,472,0.399,-712,-621
84702,85886,1184,0,GE-Phase,stroke,82836,84829,1993,127,0.107,1866,1057
84702,85886,1184,0,GE-Phase,retraction,84829,85414,585,585,0.494,-127,472
84702,85886,1184,0,GE-Phase,stroke,85414,86507,1093,472,0.399,-712,-621
81434,82665,1231,0,GE-Phrase,212,80290,82836,2546,1231,1.0,1144,-171
81434,82665,1231,0,GE-Phase,preparation,80290,81436,1146,2,0.002,1144,1229
81434,82665,1231,0,GE-Phase,stroke,81436,82836,1400,1229,0.998,-2,-171
83403,84702,1299,0,GE-Phrase,213,82836,85414,2578,1299,1.0,567,-712
83403,84702,1299,0,GE-Phase,stroke,82836,84829,1993,1299,1.0,567,-127
84702,85886,1184,0,GE-Phrase,213,82836,85414,2578,712,0.601,1866,472
84702,85886,1184,0,GE-Phrase,214,85414,86507,1093,472,0.399,-712,-621
84702,85886,1184,0,GE-Phase,stroke,82836,84829,1993,127,0.107,1866,1057
84702,85886,1184,0,GE-Phase,retraction,84829,85414,585,585,0.494,-127,472
84702,85886,1184,0,GE-Phase,stroke,85414,86507,1093,472,0.399,-712,-621
81434,82665,1231,0,GE-Phrase,212,80290,82836,2546,1231,1.0,1144,-171
81434,82665,1231,0,GE-Phase,preparation,80290,81436,1146,2,0.002,1144,1229
81434,82665,1231,0,GE-Phase,stroke,81436,82836,1400,1229,0.998,-2,-171
83403,84702,1299,0,GE-Phrase,213,82836,85414,2578,1299,1.0,567,-712
83403,84702,1299,0,GE-Phase,stroke,82836,84829,1993,1299,1.0,567,-127
84702,85886,1184,0,GE-Phrase,213,82836,85414,2578,712,0.601,1866,472
84702,85886,1184,0,GE-Phrase,214,85414,86507,1093,472,0.399,-712,-621
84702,85886,1184,0,GE-Phase,stroke,82836,84829,1993,127,0.107,1866,1057
84702,85886,1184,0,GE-Phase,retraction,84829,85414,585,585,0.494,-127,472
84702,85886,1184,0,GE-Phase,stroke,85414,86507,1093,472,0.399,-712,-621
81434,82665,1231,0,GE-Phrase,212,80290,82836,2546,1231,1.0,1144,-171
81434,82665,1231,0,GE-Phase,preparation,80290,81436,1146,2,0.002,1144,1229
81434,82665,1231,0,GE-Phase,stroke,81436,82836,1400,1229,0.998,-2,-171
83403,84702,1299,0,GE-Phrase,213,82836,85414,2578,1299,1.0,567,-712
83403,84702,1299,0,GE-Phase,stroke,82836,84829,1993,1299,1.0,567,-127
84702,85886,1184,0,GE-Phrase,213,82836,85414,2578,712,0.601,1866,472
84702,85886,1184,0,GE-Phrase,214,85414,86507,1093,472,0.399,-712,-621
84702,85886,1184,0,GE-Phase,stroke,82836,84829,1993,127,0.107,1866,1057
84702,85886,1184,0,GE-Phase,retraction,84829,85414,585,585,0.494,-127,472
84702,85886,1184,0,GE-Phase,stroke,85414,86507,1093,472,0.399,-712,-621
81434,82665,1231,0,GE-Phrase,212,80290,82836,2546,1231,1.0,1144,-171
81434,82665,1231,0,GE-Phase,preparation,80290,81436,1146,2,0.002,1144,1229
81434,82665,1231,0,GE-Phase,stroke,81436,82836,1400,1229,0.998,-2,-171
83403,84702,1299,0,GE-Phrase,213,82836,85414,2578,1299,1.0,567,-712
83403,84702,1299,0,GE-Phase,stroke,82836,84829,1993,1299,1.0,567,-127
84702,85886,1184,0,GE-Phrase,213,82836,85414,2578,712,0.601,1866,472
84702,85886,1184,0,GE-Phrase,214,85414,86507,1093,472,0.399,-712,-621
84702,85886,1184,0,GE-Phase,stroke,82836,84829,1993,127,0.107,1866,1057
84702,85886,1184,0,GE-Phase,retraction,84829,85414,585,585,0.494,-127,472
84702,85886,1184,0,GE-Phase,stroke,85414,86507,1093,472,0.399,-712,-621
81434,82665,1231,0,GE-Phrase,212,80290,82836,2546,1231,1.0,1144,-171
81434,82665,1231,0,GE-Phase,preparation,80290,81436,1146,2,0.002,1144,1229
81434,82665,1231,0,GE-Phase,stroke,81436,82836,1400,1229,0.998,-2,-171
83403,84702,1299,0,GE-Phrase,213,82836,85414,2578,1299,1.0,567,-712
83403,84702,1299,0,GE-Phase,stroke,82836,84829,1993,1299,1.0,567,-127
84702,85886,1184,0,GE-Phrase,213,82836,85414,2578,712,0.601,1866,472
84702,85886,1184,0,GE-Phrase,214,85414,86507,1093,472,0.399,-712,-621
84702,85886,1184,0,GE-Phase,stroke,82836,84829,1993,127,0.107,1866,1057
84702,85886,1184,0,GE-Phase,retraction,84829,85414,585,585,0.494,-127,472
84702,85886,1184,0,GE-Phase,stroke,85414,86507,1093,472,0.399,-712,-621
81434,82665,1231,0,GE-Phrase,212,80290,82836,2546,1231,1.0,1144,-171
81434,82665,1231,0,GE-Phase,preparation,80290,81436,1146,2,0.002,1144,1229
81434,82665,1231,0,GE-Phase,stroke,81436,82836,1400,1229,0.998,-2,-171
83403,84702,1299,0,GE-Phrase,213,82836,85414,2578,1299,1.0,567,-712
83403,84702,1299,0,GE-Phase,stroke,82836,84829,1993,1299,1.0,567,-127
84702,85886,1184,0,GE-Phrase,213,82836,85414,2578,712,0.601,1866,472
84702,85886,1184,0,GE-Phrase,214,85414,86507,1093,472,0.399,-712,-621
84702,85886,1184,0,GE-Phase,stroke,82836,84829,1993,127,0.107,1866,1057
84702,85886,1184,0,GE-Phase,retraction,84829,85414,585,585,0.494,-127,472
84702,85886,1184,0,GE-Phase,stroke,85414,86507,1093,472,0.399,-712,-621
81434,82665,1231,0,GE-Phrase,212,80290,82836,2546,1231,1.0,1144,-171
81434,82665,1231,0,GE-Phase,preparation,80290,81436,1146,2,0.002,1144,1229
81434,82665,1231,0,GE-Phase,stroke,81436,82836,1400,1229,0.998,-2,-171
83403,84702,1299,0,GE-Phrase,213,82836,85414,2578,1299,1.0,567,-712
83403,84702,1299,0,GE-Phase,stroke,82836,84829,1993,1299,1.0,567,-127
84702,85886,1184,0,GE-Phrase,213,82836,85414,2578,712,0.601,1866,472
84702,85886,1184,0,GE-Phrase,214,85414,86507,1093,472,0.399,-712,-621
84702,85886,1184,0,GE-Phase,stroke,82836,84829,1993,127,0.107,1866,1057
84702,85886,1184,0,GE-Phase,retraction,84829,85414,585,585,0.494,-127,472
84702,85886,1184,0,GE-Phase,stroke,85414,86507,1093,472,0.399,-712,-621
81434,82665,1231,0,GE-Phrase,212,80290,82836,2546,1231,1.0,1144,-171
81434,82665,1231,0,GE-Phase,preparation,80290,81436,1146,2,0.002,1144,1229
81434,82665,1231,0,GE-Phase,stroke,81436,82836,1400,1229,0.998,-2,-171
83403,84702,1299,0,GE-Phrase,213,82836,85414,2578,1299,1.0,567,-712
83403,84702,1299,0,GE-Phase,stroke,82836,84829,1993,1299,1.0,567,-127
84702,85886,1184,0,GE-Phrase,213,82836,85414,2578,712,0.601,1866,472
84702,85886,1184,0,GE-Phrase,214,85414,86507,1093,472,0.399,-712,-621
84702,85886,1184,0,GE-Phase,stroke,82836,84829,1993,127,0.107,1866,1057
84702,85886,1184,0,GE-Phase,retraction,84829,85414,585,585,0.494,-127,472
84702,85886,1184,0,GE-Phase,stroke,85414,86507,1093,472,0.399,-712,-621
81434,82665,1231,0,GE-Phrase,212,80290,82836,2546,1231,1.0,1144,-171
81434,82665,1231,0,GE-Phase,preparation,80290,81436,1146,2,0.002,1144,1229
81434,82665,1231,0,GE-Phase,stroke,81436,82836,1400,1229,0.998,-2,-171
83403,84702,1299,0,GE-Phrase,213,82836,85414,2578,1299,1.0,567,-712
83403,84702,1299,0,GE-Phase,stroke,82836,84829,1993,1299,1.0,567,-127
84702,85886,1184,0,GE-Phrase,213,82836,85414,2578,712,0.601,1866,472
84702,85886,1184,0,GE-Phrase,214,85414,86507,1093,472,0.399,-712,-621
84702,85886,1184,0,GE-Phase,stroke,82836,84829,1993,127,0.107,1866,1057
84702,85886,1184,0,GE-Phase,retraction,84829,85414,585,585,0.494,-127,472
84702,85886,1184,0,GE-Phase,stroke,85414,86507,1093,472,0.399,-712,-621
81434,82665,1231,0,GE-Phrase,212,80290,82836,2546,1231,1.0,1144,-171
81434,82665,1231,0,GE-Phase,preparation,80290,81436,1146,2,0.002,1144,1229
81434,82665,1231,0,GE-Phase,stroke,81436,82836,1400,1229,0.998,-2,-171
83403,84702,1299,0,GE-Phrase,213,82836,85414,2578,1299,1.0,567,-712
83403,84702,1299,0,GE-Phase,stroke,82836,84829,1993,1299,1.0,567,-127
84702,85886,1184,0,GE-Phrase,213,82836,85414,2578,712,0.601,1866,472
84702,85886,1184,0,GE-Phrase,214,85414,86507,1093,472,0.399,-712,-621
84702,85886,1184,0,GE-Phase,stroke,82836,84829,1993,127,0.107,1866,1057
84702,85886,1184,0,GE-Phase,retraction,84829,85414,585,585,0.494,-127,472
84702,85886,1184,0,GE-Phase,stroke,85414,86507,1093,472,0.399,-712,-621
81434,82665,1231,0,GE-Phrase,212,80290,82836,2546,1231,1.0,1144,-171
81434,82665,1231,0,GE-Phase,preparation,80290,81436,1146,2,0.002,1144,1229
81434,82665,1231,0,GE-Phase,stroke,81436,82836,1400,1229,0.998,-2,-171
83403,84702,1299,0,GE-Phrase,213,82836,85414,2578,1299,1.0,567,-712
83403,84702,1299,0,GE-Phase,stroke,82836,84829,1993,1299,1.0,567,-127
84702,85886,1184,0,GE-Phrase,213,82836,85414,2578,712,0.601,1866,472
84702,85886,1184,0,GE-Phrase,214,85414,86507,1093,472,0.399,-712,-621
84702,85886,1184,0,GE-Phase,stroke,82836,84829,1993,127,0.107,1866,1057
84702,85886,1184,0,GE-Phase,retraction,84829,85414,585,585,0.494,-127,472
84702,85886,1184,0,GE-Phase,stroke,85414,86507,1093,472,0.399,-712,-621
81434,82665,1231,0,GE-Phrase,212,80290,82836,2546,1231,1.0,1144,-171
81434,82665,1231,0,GE-Phase,preparation,80290,81436,1146,2,0.002,1144,1229
81434,82665,1231,0,GE-Phase,stroke,81436,82836,1400,1229,0.998,-2,-171
83403,84702,1299,0,GE-Phrase,213,82836,85414,2578,1299,1.0,567,-712
83403,84702,1299,0,GE-Phase,stroke,82836,84829,1993,1299,1.0,567,-127
84702,85886,1184,0,GE-Phrase,213,82836,85414,2578,712,0.601,1866,472
84702,85886,1184,0,GE-Phrase,214,85414,86507,1093,472,0.399,-712,-621
84702,85886,1184,0,GE-Phase,stroke,82836,84829,1993,127,0.107,1866,1057
84702,85886,1184,0,GE-Phase,retraction,84829,85414,585,585,0.494,-127,472
84702,85886,1184,0,GE-Phase,stroke,85414,86507,1093,472,0.399,-712,-621
81434,82665,1231,0,GE-Phrase,212,80290,82836,2546,1231,1.0,1144,-171
81434,82665,1231,0,GE-Phase,preparation,80290,81436,1146,2,0.002,1144,1229
81434,82665,1231,0,GE-Phase,stroke,81436,82836,1400,1229,0.998,-2,-171
83403,84702,1299,0,GE-Phrase,213,82836,85414,2578,1299,1.0,567,-712
83403,84702,1299,0,GE-Phase,stroke,82836,84829,1993,1299,1.0,567,-127
84702,85886,1184,0,GE-Phrase,213,82836,85414,2578,712,0.601,1866,472
84702,85886,1184,0,GE-Phrase,214,85414,86507,1093,472,0.399,-712,-621
84702,85886,1184,0,GE-Phase,stroke,82836,84829,1993,127,0.107,1866,1057
84702,85886,1184,0,GE-Phase,retraction,84829,85414,585,585,0.494,-127,472
84702,85886,1184,0,GE-Phase,stroke,85414,86507,1093,472,0.399,-712,-621
81434,82665,1231,0,GE-Phrase,212,80290,82836,2546,1231,1.0,1144,-171
81434,82665,1231,0,GE-Phase,preparation,80290,81436,1146,2,0.002,1144,1229
81434,82665,1231,0,GE-Phase,stroke,81436,82836,1400,1229,0.998,-2,-171
83403,84702,1299,0,GE-Phrase,213,82836,85414,2578,1299,1.0,567,-712
83403,84702,1299,0,GE-Phase,stroke,82836,84829,1993,1299,1.0,567,-127
84702,85886,1184,0,GE-Phrase,213,82836,85414,2578,712,0.601,1866,472
84702,85886,1184,0,GE-Phrase,214,85414,86507,1093,472,0.399,-712,-621
84702,85886,1184,0,GE-Phase,stroke,82836,84829,1993,127,0.107,1866,1057
84702,85886,1184,0,GE-Phase,retraction,84829,85414,585,585,0.494,-127,472
84702,85886,1184,0,GE-Phase,stroke,85414,86507,1093,472,0.399,-712,-621
81434,82665,1231,0,GE-Phrase,212,80290,82836,2546,1231,1.0,1144,-171
81434,82665,1231,0,GE-Phase,preparation,80290,81436,1146,2,0.002,1144,1229
81434,82665,1231,0,GE-Phase,stroke,81436,82836,1400,1229,0.998,-2,-171
83403,84702,1299,0,GE-Phrase,213,82836,85414,2578,1299,1.0,567,-712
83403,84702,1299,0,GE-Phase,stroke,82836,84829,1993,1299,1.0,567,-127
84702,85886,1184,0,GE-Phrase,213,82836,85414,2578,712,0.601,1866,472
84702,85886,1184,0,GE-Phrase,214,85414,86507,1093,472,0.399,-712,-621
84702,85886,1184,0,GE-Phase,stroke,82836,84829,1993,127,0.107,1866,1057
84702,85886,1184,0,GE-Phase,retraction,84829,85414,585,585,0.494,-127,472
84702,85886,1184,0,GE-Phase,stroke,85414,86507,1093,472,0.399,-712,-621
81434,82665,1231,0,GE-Phrase,212,80290,82836,2546,1231,1.0,1144,-171
81434,82665,1231,0,GE-Phase,preparation,80290,81436,1146,2,0.002,1144,1229
81434,82665,1231,0,GE-Phase,stroke,81436,82836,1400,1229,0.998,-2,-171
83403,84702,1299,0,GE-Phrase,213,82836,85414,2578,1299,1.0,567,-712
83403,84702,1299,0,GE-Phase,stroke,82836,84829,1993,1299,1.0,567,-127
84702,85886,1184,0,GE-Phrase,213,82836,85414,2578,712,0.601,1866,472
84702,85886,1184,0,GE-Phrase,214,85414,86507,1093,472,0.399,-712,-621
84702,85886,1184,0,GE-Phase,stroke,82836,84829,1993,127,0.107,1866,1057
84702,85886,1184,0,GE-Phase,retraction,84829,85414,585,585,0.494,-127,472
84702,85886,1184,0,GE-Phase,stroke,85414,86507,1093,472,0.399,-712,-621
81434,82665,1231,0,GE-Phrase,212,80290,82836,2546,1231,1.0,1144,-171
81434,82665,1231,0,GE-Phase,preparation,80290,81436,1146,2,0.002,1144,1229
81434,82665,1231,0,GE-Phase,stroke,81436,82836,1400,1229,0.998,-2,-171
83403,84702,1299,0,GE-Phrase,213,82836,85414,2578,1299,1.0,567,-712
83403,84702,1299,0,GE-Phase,stroke,82836,84829,1993,1299,1.0,567,-127
84702,85886,1184,0,GE-Phrase,213,82836,85414,2578,712,0.601,1866,472
84702,85886,1184,0,GE-Phrase,214,85414,86507,1093,472,0.399,-712,-621
84702,85886,1184,0,GE-Phase,stroke,82836,84829,1993,127,0.107,1866,1057
84702,85886,1184,0,GE-Phase,retraction,84829,85414,585,585,0.494,-127,472
84702,85886,1184,0,GE-Phase,stroke,85414,86507,1093,472,0.399,-712,-621
81434,82665,1231,0,GE-Phrase,212,80290,82836,2546,1231,1.0,1144,-171
81434,82665,1231,0,GE-Phase,preparation,80290,81436,1146,2,0.002,1144,1229
81434,82665,1231,0,GE-Phase,stroke,81436,82836,1400,1229,0.998,-2,-171
83403,84702,1299,0,GE-Phrase,213,82836,85414,2578,1299,1.0,567,-712
83403,84702,1299,0,GE-Phase,stroke,82836,84829,1993,1299,1.0,567,-127
84702,85886,1184,0,GE-Phrase,213,82836,85414,2578,712,0.601,1866,472
84702,85886,1184,0,GE-Phrase,214,85414,86507,1093,472,0.399,-712,-621
84702,85886,1184,0,GE-Phase,stroke,82836,84829,1993,127,0.107,1866,1057
84702,85886,1184,0,GE-Phase,retraction,84829,85414,585,585,0.494,-127,472
84702,85886,1184,0,GE-Phase,stroke,85414,86507,1093,472,0.399,-712,-621
81434,82665,1231,0,GE-Phrase,212,80290,82836,2546,1231,1.0,1144,-171
81434,82665,1231,0,GE-Phase,preparation,80290,81436,1146,2,0.002,1144,1229
81434,82665,1231,0,GE-Phase,stroke,81436,82836,1400,1229,0.998,-2,-171
83403,84702,1299,0,GE-Phrase,213,82836,85414,2578,1299,1.0,567,-712
83403,84702,1299,0,GE-Phase,stroke,82836,84829,1993,1299,1.0,567,-127
84702,85886,1184,0,GE-Phrase,213,82836,85414,2578,712,0.601,1866,472
84702,85886,1184,0,GE-Phrase,214,85414,86507,1093,472,0.399,-712,-621
84702,85886,1184,0,GE-Phase,stroke,82836,84829,1993,127,0.107,1866,1057
84702,85886,1184,0,GE-Phase,retraction,84829,85414,585,585,0.494,-127,472
84702,85886,1184,0,GE-Phase,stroke,85414,86507,1093,472,0.399,-712,-621
81434,82665,1231,0,GE-Phrase,212,80290,82836,2546,1231,1.0,1144,-171
81434,82665,1231,0,GE-Phase,preparation,80290,81436,1146,2,0.002,1144,1229
81434,82665,1231,0,GE-Phase,stroke,81436,82836,1400,1229,0.998,-2,-171
83403,84702,1299,0,GE-Phrase,213,82836,85414,2578,1299,1.0,567,-712
83403,84702,1299,0,GE-Phase,stroke,82836,84829,1993,1299,1.0,567,-127
84702,85886,1184,0,GE-Phrase,213,82836,85414,2578,712,0.601,1866,472
84702,85886,1184,0,GE-Phrase,214,85414,86507,1093,472,0.399,-712,-621
84702,85886,1184,0,GE-Phase,stroke,82836,84829,1993,127,0.107,1866,1057
84702,85886,1184,0,GE-Phase,retraction,84829,85414,585,585,0.494,-127,472
84702,85886,1184,0,GE-Phase,stroke,85414,86507,1093,472,0.399,-712,-621
81434,82665,1231,0,GE-Phrase,212,80290,82836,2546,1231,1.0,1144,-171
81434,82665,1231,0,GE-Phase,preparation,80290,81436,1146,2,0.002,1144,1229
81434,82665,1231,0,GE-Phase,stroke,81436,82836,1400,1229,0.998,-2,-171
83403,84702,1299,0,GE-Phrase,213,82836,85414,2578,1299,1.0,567,-712
83403,84702,1299,0,GE-Phase,stroke,82836,84829,1993,1299,1.0,567,-127
84702,85886,1184,0,GE-Phrase,213,82836,85414,2578,712,0.601,1866,472
84702,85886,1184,0,GE-Phrase,214,85414,86507,1093,472,0.399,-712,-621
84702,85886,1184,0,GE-Phase,stroke,82836,84829,1993,127,0.107,1866,1057
84702,85886,1184,0,GE-Phase,retraction,84829,85414,585,585,0.494,-127,472
84702,85886,1184,0,GE-Phase,stroke,85414,86507,1093,472,0.399,-712,-621
81434,82665,1231,0,GE-Phrase,212,80290,82836,2546,1231,1.0,1144,-171
81434,82665,1231,0,GE-Phase,preparation,80290,81436,1146,2,0.002,1144,1229
81434,82665,1231,0,GE-Phase,stroke,81436,82836,1400,1229,0.998,-2,-171
83403,84702,1299,0,GE-Phrase,213,82836,85414,2578,1299,1.0,567,-712
83403,84702,1299,0,GE-Phase,stroke,82836,84829,1993,1299,1.0,567,-127
84702,85886,1184,0,GE-Phrase,213,82836,85414,2578,712,0.601,1866,472
84702,85886,1184,0,GE-Phrase,214,85414,86507,1093,472,0.399,-712,-621
84702,85886,1184,0,GE-Phase,stroke,82836,84829,1993,127,0.107,1866,1057
84702,85886,1184,0,GE-Phase,retraction,84829,85414,585,585,0.494,-127,472
84702,85886,1184,0,GE-Phase,stroke,85414,86507,1093,472,0.399,-712,-621
81434,82665,1231,0,GE-Phrase,212,80290,82836,2546,1231,1.0,1144,-171
81434,82665,1231,0,GE-Phase,preparation,80290,81436,1146,2,0.002,1144,1229
81434,82665,1231,0,GE-Phase,stroke,81436,82836,1400,1229,0.998,-2,-171
83403,84702,1299,0,GE-Phrase,213,82836,85414,2578,1299,1.0,567,-712
83403,84702,1299,0,GE-Phase,stroke,82836,84829,1993,1299,1.0,567,-127
84702,85886,1184,0,GE-Phrase,213,82836,85414,2578,712,0.601,1866,472
84702,85886,1184,0,GE-Phrase,214,85414,86507,1093,472,0.399,-712,-621
84702,85886,1184,0,GE-Phase,stroke,82836,84829,1993,127,0.107,1866,1057
84702,85886,1184,0,GE-Phase,retraction,84829,85414,585,585,0.494,-127,472
84702,85886,1184,0,GE-Phase,stroke,85414,86507,1093,472,0.399,-712,-621
81434,82665,1231,0,GE-Phrase,212,80290,82836,2546,1231,1.0,1144,-171
81434,82665,1231,0,GE-Phase,preparation,80290,81436,1146,2,0.002,1144,1229
81434,82665,1231,0,GE-Phase,stroke,81436,82836,1400,1229,0.998,-2,-171
83403,84702,1299,0,GE-Phrase,213,82836,85414,2578,1299,1.0,567,-712
83403,84702,1299,0,GE-Phase,stroke,82836,84829,1993,1299,1.0,567,-127
84702,85886,1184,0,GE-Phrase,213,82836,85414,2578,712,0.601,1866,472
84702,85886,1184,0,GE-Phrase,214,85414,86507,1093,472,0.399,-712,-621
84702,85886,1184,0,GE-Phase,stroke,82836,84829,1993,127,0.107,1866,1057
84702,85886,1184,0,GE-Phase,retraction,84829,85414,585,585,0.494,-127,472
84702,85886,1184,0,GE-Phase,stroke,85414,86507,1093,472,0.399,-712,-621
81434,82665,1231,0,GE-Phrase,212,80290,82836,2546,1231,1.0,1144,-171
81434,82665,1231,0,GE-Phase,preparation,80290,81436,1146,2,0.002,1144,1229
81434,82665,1231,0,GE-Phase,stroke,81436,82836,1400,1229,0.998,-2,-171
83403,84702,1299,0,GE-Phrase,213,82836,85414,2578,1299,1.0,567,-712
83403,84702,1299,0,GE-Phase,stroke,82836,84829,1993,1299,1.0,567,-127
84702,85886,1184,0,GE-Phrase,213,82836,85414,2578,712,0.601,1866,472
84702,85886,1184,0,GE-Phrase,214,85414,86507,1093,472,0.399,-712,-621
84702,85886,1184,0,GE-Phase,stroke,82836,84829,1993,127,0.107,1866,1057
84702,85886,1184,0,GE-Phase,retraction,84829,85414,585,585,0.494,-127,472
84702,85886,1184,0,GE-Phase,stroke,85414,86507,1093,472,0.399,-712,-621
81434,82665,1231,0,GE-Phrase,212,80290,82836,2546,1231,1.0,1144,-171
81434,82665,1231,0,GE-Phase,preparation,80290,81436,1146,2,0.002,1144,1229
81434,82665,1231,0,GE-Phase,stroke,81436,82836,1400,1229,0.998,-2,-171
83403,84702,1299,0,GE-Phrase,213,82836,85414,2578,1299,1.0,567,-712
83403,84702,1299,0,GE-Phase,stroke,82836,84829,1993,1299,1.0,567,-127
84702,85886,1184,0,GE-Phrase,213,82836,85414,2578,712,0.601,1866,472
84702,85886,1184,0,GE-Phrase,214,85414,86507,1093,472,0.399,-712,-621
84702,85886,1184,0,GE-Phase,stroke,82836,84829,1993,127,0.107,1866,1057
84702,85886,1184,0,GE-Phase,retraction,84829,85414,585,585,0.494,-127,472
84702,85886,1184,0,GE-Phase,stroke,85414,86507,1093,472,0.399,-712,-621
81434,82665,1231,0,GE-Phrase,212,80290,82836,2546,1231,1.0,1144,-171
81434,82665,1231,0,GE-Phase,preparation,80290,81436,1146,2,0.002,1144,1229
81434,82665,1231,0,GE-Phase,stroke,81436,82836,1400,1229,0.998,-2,-171
83403,84702,1299,0,GE-Phrase,213,82836,85414,2578,1299,1.0,567,-712
83403,84702,1299,0,GE-Phase,stroke,82836,84829,1993,1299,1.0,567,-127
84702,85886,1184,0,GE-Phrase,213,82836,85414,2578,712,0.601,1866,472
84702,85886,1184,0,GE-Phrase,214,85414,86507,1093,472,0.399,-712,-621
84702,85886,1184,0,GE-Phase,stroke,82836,84829,1993,127,0.107,1866,1057
84702,85886,1184,0,GE-Phase,retraction,84829,85414,585,585,0.494,-127,472
84702,85886,1184,0,GE-Phase,stroke,85414,86507,1093,472,0.399,-712,-621
81434,82665,1231,0,GE-Phrase,212,80290,82836,2546,1231,1.0,1144,-171
81434,82665,1231,0,GE-Phase,preparation,80290,81436,1146,2,0.002,1144,1229
81434,82665,1231,0,GE-Phase,stroke,81436,82836,1400,1229,0.998,-2,-171
83403,84702,1299,0,GE-Phrase,213,82836,85414,2578,1299,1.0,567,-712
83403,84702,1299,0,GE-Phase,stroke,82836,84829,1993,1299,1.0,567,-127
84702,85886,1184,0,GE-Phrase,213,82836,85414,2578,712,0.601,1866,472
84702,85886,1184,0,GE-Phrase,214,85414,86507,1093,472,0.399,-712,-621
84702,85886,1184,0,GE-Phase,stroke,82836,84829,1993,127,0.107,1866,1057
84702,85886,1184,0,GE-Phase,retraction,84829,85414,585,585,0.494,-127,472
84702,85886,1184,0,GE-Phase,stroke,85414,86507,1093,472,0.399,-712,-621
81434,82665,1231,0,GE-Phrase,212,80290,82836,2546,1231,1.0,1144,-171
81434,82665,1231,0,GE-Phase,preparation,80290,81436,1146,2,0.002,1144,1229
81434,82665,1231,0,GE-Phase,stroke,81436,82836,1400,1229,0.998,-2,-171
83403,84702,1299,0,GE-Phrase,213,82836,85414,2578,1299,1.0,567,-712
83403,84702,1299,0,GE-Phase,stroke,82836,84829,1993,1299,1.0,567,-127
84702,85886,1184,0,GE-Phrase,213,82836,85414,2578,712,0.601,1866,472
84702,85886,1184,0,GE-Phrase,214,85414,86507,1093,472,0.399,-712,-621
84702,85886,1184,0,GE-Phase,stroke,82836,84829,1993,127,0.107,1866,1057
84702,85886,1184,0,GE-Phase,retraction,84829,85414,585,585,0.494,-127,472
84702,85886,1184,0,GE-Phase,stroke,85414,86507,1093,472,0.399,-712,-621
81434,82665,1231,0,GE-Phrase,212,80290,82836,2546,1231,1.0,1144,-171
81434,82665,1231,0,GE-Phase,preparation,80290,81436,1146,2,0.002,1144,1229
81434,82665,1231,0,GE-Phase,stroke,81436,82836,1400,1229,0.998,-2,-171
83403,84702,1299,0,GE-Phrase,213,82836,85414,2578,1299,1.0,567,-712
83403,84702,1299,0,GE-Phase,stroke,82836,84829,1993,1299,1.0,567,-127
84702,85886,1184,0,GE-Phrase,213,82836,85414,2578,712,0.601,1866,472
84702,85886,1184,0,GE-Phrase,214,85414,86507,1093,472,0.399,-712,-621
84702,85886,1184,0,GE-Phase,stroke,82836,84829,1993,127,0.107,1866,1057
84702,85886,1184,0,GE-Phase,retraction,84829,85414,585,585,0.494,-127,472
84702,85886,1184,0,GE-Phase,stroke,85414,86507,1093,472,0.399,-712,-621
81434,82665,1231,0,GE-Phrase,212,80290,82836,2546,1231,1.0,1144,-171
81434,82665,1231,0,GE-Phase,preparation,80290,81436,1146,2,0.002,1144,1229
81434,82665,1231,0,GE-Phase,stroke,81436,82836,1400,1229,0.998,-2,-171
83403,84702,1299,0,GE-Phrase,213,82836,85414,2578,1299,1.0,567,-712
83403,84702,1299,0,GE-Phase,stroke,82836,84829,1993,1299,1.0,567,-127
84702,85886,1184,0,GE-Phrase,213,82836,85414,2578,712,0.601,1866,472
84702,85886,1184,0,GE-Phrase,214,85414,86507,1093,472,0.399,-712,-621
84702,85886,1184,0,GE-Phase,stroke,82836,84829,1993,127,0.107,1866,1057
84702,85886,1184,0,GE-Phase,retraction,84829,85414,585,585,0.494,-127,472
84702,85886,1184,0,GE-Phase,stroke,85414,86507,1093,472,0.399,-712,-621
81434,82665,1231,0,GE-Phrase,212,80290,82836,2546,1231,1.0,1144,-171
81434,82665,1231,0,GE-Phase,preparation,80290,81436,1146,2,0.002,1144,1229
81434,82665,1231,0,GE-Phase,stroke,81436,82836,1400,1229,0.998,-2,-171
83403,84702,1299,0,GE-Phrase,213,82836,85414,2578,1299,1.0,567,-712
83403,84702,1299,0,GE-Phase,stroke,82836,84829,1993,1299,1.0,567,-127
84702,85886,1184,0,GE-Phrase,213,82836,85414,2578,712,0.601,1866,472
84702,85886,1184,0,GE-Phrase,214,85414,86507,1093,472,0.399,-712,-621
84702,85886,1184,0,GE-Phase,stroke,82836,84829,1993,127,0.107,1866,1057
84702,85886,1184,0,GE-Phase,retraction,84829,85414,585,585,0.494,-127,472
84702,85886,1184,0,GE-Phase,stroke,85414,86507,1093,472,0.399,-712,-621
81434,82665,1231,0,GE-Phrase,212,80290,82836,2546,1231,1.0,1144,-171
81434,82665,1231,0,GE-Phase,preparation,80290,81436,1146,2,0.002,1144,1229
81434,82665,1231,0,GE-Phase,stroke,81436,82836,1400,1229,0.998,-2,-171
83403,84702,1299,0,GE-Phrase,213,82836,85414,2578,1299,1.0,567,-712
83403,84702,1299,0,GE-Phase,stroke,82836,84829,1993,1299,1.0,567,-127
84702,85886,1184,0,GE-Phrase,213,82836,85414,2578,712,0.601,1866,472
84702,85886,1184,0,GE-Phrase,214,85414,86507,1093,472,0.399,-712,-621
84702,85886,1184,0,GE-Phase,stroke,82836,84829,1993,127,0.107,1866,1057
84702,85886,1184,0,GE-Phase,retraction,84829,85414,585,585,0.494,-127,472
84702,85886,1184,0,GE-Phase,stroke,85414,86507,1093,472,0.399,-712,-621
81434,82665,1231,0,GE-Phrase,212,80290,82836,2546,1231,1.0,1144,-171
81434,82665,1231,0,GE-Phase,preparation,80290,81436,1146,2,0.002,1144,1229
81434,82665,1231,0,GE-Phase,stroke,81436,82836,1400,1229,0.998,-2,-171
83403,84702,1299,0,GE-Phrase,213,82836,85414,2578,1299,1.0,567,-712
83403,84702,1299,0,GE-Phase,stroke,82836,84829,1993,1299,1.0,567,-127
84702,85886,1184,0,GE-Phrase,213,82836,85414,2578,712,0.601,1866,472
84702,85886,1184,0,GE-Phrase,214,85414,86507,1093,472,0.399,-712,-621
84702,85886,1184,0,GE-Phase,stroke,82836,84829,1993,127,0.107,1866,1057
84702,85886,1184,0,GE-Phase,retraction,84829,85414,585,585,0.494,-127,472
84702,85886,1184,0,GE-Phase,stroke,85414,86507,1093,472,0.399,-712,-621
81434,82665,1231,0,GE-Phrase,212,80290,82836,2546,1231,1.0,1144,-171
81434,82665,1231,0,GE-Phase,preparation,80290,81436,1146,2,0.002,1144,1229
81434,82665,1231,0,GE-Phase,stroke,81436,82836,1400,1229,0.998,-2,-171
83403,84702,1299,0,GE-Phrase,213,82836,85414,2578,1299,1.0,567,-712
83403,84702,1299,0,GE-Phase,stroke,82836,84829,1993,1299,1.0,567,-127
84702,85886,1184,0,GE-Phrase,213,82836,85414,2578,712,0.601,1866,472
84702,85886,1184,0,GE-Phrase,214,85414,86507,1093,472,0.399,-712,-621
84702,85886,1184,0,GE-Phase,stroke,82836,84829,1993,127,0.107,1866,1057
84702,85886,1184,0,GE-Phase,retraction,84829,85414,585,585,0.494,-127,472
84702,85886,1184,0,GE-Phase,stroke,85414,86507,1093,472,0.399,-712,-621
81434,82665,1231,0,GE-Phrase,212,80290,82836,2546,1231,1.0,1144,-171
81434,82665,1231,0,GE-Phase,preparation,80290,81436,1146,2,0.002,1144,1229
81434,82665,1231,0,GE-Phase,stroke,81436,82836,1400,1229,0.998,-2,-171
83403,84702,1299,0,GE-Phrase,213,82836,85414,2578,1299,1.0,567,-712
83403,84702,1299,0,GE-Phase,stroke,82836,84829,1993,1299,1.0,567,-127
84702,85886,1184,0,GE-Phrase,213,82836,85414,2578,712,0.601,1866,472
84702,85886,1184,0,GE-Phrase,214,85414,86507,1093,472,0.399,-712,-621
84702,85886,1184,0,GE-Phase,stroke,82836,84829,1993,127,0.107,1866,1057
84702,85886,1184,0,GE-Phase,retraction,84829,85414,585,585,0.494,-127,472
84702,85886,1184,0,GE-Phase,stroke,85414,86507,1093,472,0.399,-712,-621
81434,82665,1231,0,GE-Phrase,212,80290,82836,2546,1231,1.0,1144,-171
81434,82665,1231,0,GE-Phase,preparation,80290,81436,1146,2,0.002,1144,1229
81434,82665,1231,0,GE-Phase,stroke,81436,82836,1400,1229,0.998,-2,-171
83403,84702,1299,0,GE-Phrase,213,82836,85414,2578,1299,1.0,567,-712
83403,84702,1299,0,GE-Phase,stroke,82836,84829,1993,1299,1.0,567,-127
84702,85886,1184,0,GE-Phrase,213,82836,85414,2578,712,0.601,1866,472
84702,85886,1184,0,GE-Phrase,214,85414,86507,1093,472,0.399,-712,-621
84702,85886,1184,0,GE-Phase,stroke,82836,84829,1993,127,0.107,1866,1057
84702,85886,1184,0,GE-Phase,retraction,84829,85414,585,585,0.494,-127,472
84702,85886,1184,0,GE-Phase,stroke,85414,86507,1093,472,0.399,-712,-621
81434,82665,1231,0,GE-Phrase,212,80290,82836,2546,1231,1.0,1144,-171
81434,82665,1231,0,GE-Phase,preparation,80290,81436,1146,2,0.002,1144,1229
81434,82665,1231,0,GE-Phase,stroke,81436,82836,1400,1229,0.998,-2,-171
83403,84702,1299,0,GE-Phrase,213,82836,85414,2578,1299,1.0,567,-712
83403,84702,1299,0,GE-Phase,stroke,82836,84829,1993,1299,1.0,567,-127
84702,85886,1184,0,GE-Phrase,213,82836,85414,2578,712,0.601,1866,472
84702,85886,1184,0,GE-Phrase,214,85414,86507,1093,472,0.399,-712,-621
84702,85886,1184,0,GE-Phase,stroke,82836,84829,1993,127,0.107,1866,1057
84702,85886,1184,0,GE-Phase,retraction,84829,85414,585,585,0.494,-127,472
84702,85886,1184,0,GE-Phase,stroke,85414,86507,1093,472,0.399,-712,-621
81434,82665,1231,0,GE-Phrase,212,80290,82836,2546,1231,1.0,1144,-171
81434,82665,1231,0,GE-Phase,preparation,80290,81436,1146,2,0.002,1144,1229
81434,82665,1231,0,GE-Phase,stroke,81436,82836,1400,1229,0.998,-2,-171
83403,84702,1299,0,GE-Phrase,213,82836,85414,2578,1299,1.0,567,-712
83403,84702,1299,0,GE-Phase,stroke,82836,84829,1993,1299,1.0,567,-127
84702,85886,1184,0,GE-Phrase,213,82836,85414,2578,712,0.601,1866,472
84702,85886,1184,0,GE-Phrase,214,85414,86507,1093,472,0.399,-712,-621
84702,85886,1184,0,GE-Phase,stroke,82836,84829,1993,127,0.107,1866,1057
84702,85886,1184,0,GE-Phase,retraction,84829,85414,585,585,0.494,-127,472
84702,85886,1184,0,GE-Phase,stroke,85414,86507,1093,472,0.399,-712,-621
81434,82665,1231,0,GE-Phrase,212,80290,82836,2546,1231,1.0,1144,-171
81434,82665,1231,0,GE-Phase,preparation,80290,81436,1146,2,0.002,1144,1229
81434,82665,1231,0,GE-Phase,stroke,81436,82836,1400,1229,0.998,-2,-171
83403,84702,1299,0,GE-Phrase,213,82836,85414,2578,1299,1.0,567,-712
83403,84702,1299,0,GE-Phase,stroke,82836,84829,1993,1299,1.0,567,-127
84702,85886,1184,0,GE-Phrase,213,82836,85414,2578,712,0.601,1866,472
84702,85886,1184,0,GE-Phrase,214,85414,86507,1093,472,0.399,-712,-621
84702,85886,1184,0,GE-Phase,stroke,82836,84829,1993,127,0.107,1866,1057
84702,85886,1184,0,GE-Phase,retraction,84829,85414,585,585,0.494,-127,472
84702,85886,1184,0,GE-Phase,stroke,85414,86507,1093,472,0.399,-712,-621
81434,82665,1231,0,GE-Phrase,212,80290,82836,2546,1231,1.0,1144,-171
81434,82665,1231,0,GE-Phase,preparation,80290,81436,1146,2,0.002,1144,1229
81434,82665,1231,0,GE-Phase,stroke,81436,82836,1400,1229,0.998,-2,-171
83403,84702,1299,0,GE-Phrase,213,82836,85414,2578,1299,1.0,567,-712
83403,84702,1299,0,GE-Phase,stroke,82836,84829,1993,1299,1.0,567,-127
84702,85886,1184,0,GE-Phrase,213,82836,85414,2578,712,0.601,1866,472
84702,85886,1184,0,GE-Phrase,214,85414,86507,1093,472,0.399,-712,-621
84702,85886,1184,0,GE-Phase,stroke,82836,84829,1993,127,0.107,1866,1057
84702,85886,1184,0,GE-Phase,retraction,84829,85414,585,585,0.494,-127,472
84702,85886,1184,0,GE-Phase,stroke,85414,86507,1093,472,0.399,-712,-621
81434,82665,1231,0,GE-Phrase,212,80290,82836,2546,1231,1.0,1144,-171
81434,82665,1231,0,GE-Phase,preparation,80290,81436,1146,2,0.002,1144,1229
81434,82665,1231,0,GE-Phase,stroke,81436,82836,1400,1229,0.998,-2,-171
83403,84702,1299,0,GE-Phrase,213,82836,85414,2578,1299,1.0,567,-712
83403,84702,1299,0,GE-Phase,stroke,82836,84829,1993,1299,1.0,567,-127
84702,85886,1184,0,GE-Phrase,213,82836,85414,2578,712,0.601,1866,472
84702,85886,1184,0,GE-Phrase,214,85414,86507,1093,472,0.399,-712,-621
84702,85886,1184,0,GE-Phase,stroke,82836,84829,1993,127,0.107,1866,1057
84702,85886,1184,0,GE-Phase,retraction,84829,85414,585,585,0.494,-127,472
84702,85886,1184,0,GE-Phase,stroke,85414,86507,1093,472,0.399,-712,-621
